#!ascii label  , from subject 3301 vox2ras=TkReg
916
48411  -12.260  -36.604  63.374 0.0000000000
59733  -41.310  -26.646  63.967 0.0000000000
72027  -43.297  -16.761  59.199 0.0000000000
72176  -48.696  -16.905  50.609 0.0000000000
55303  -37.001  -30.387  64.671 0.0000000000
73342  -46.667  -14.825  55.218 0.0000000000
78094  -48.242  -10.896  46.759 0.0000000000
82771  -51.781  -6.827  45.558 0.0000000000
57529  -43.799  -28.829  61.171 0.0000000000
63434  -44.999  -23.705  59.431 0.0000000000
66915  -42.243  -21.114  62.171 0.0000000000
51951  -12.939  -33.324  65.611 0.0000000000
54184  -14.765  -30.619  66.014 0.0000000000
146756  -16.838  -30.184  69.745 0.0000000000
51854  -20.360  -33.380  71.704 0.0000000000
50688  -27.359  -34.770  70.279 0.0000000000
50737  -33.790  -34.296  67.625 0.0000000000
51990  -40.002  -33.356  63.722 0.0000000000
68214  -46.576  -19.361  58.259 0.0000000000
83923  -53.502  -6.225  44.817 0.0000000000
58607  -42.384  -27.225  63.854 0.0000000000
62148  -43.577  -25.113  62.924 0.0000000000
62147  -41.971  -24.157  62.652 0.0000000000
53120  -12.516  -32.140  64.398 0.0000000000
54201  -13.053  -31.421  66.355 0.0000000000
51900  -29.394  -33.358  68.604 0.0000000000
50719  -30.479  -34.492  69.022 0.0000000000
53067  -33.174  -32.551  67.451 0.0000000000
57502  -39.793  -28.690  64.488 0.0000000000
55288  -38.656  -30.462  65.288 0.0000000000
55306  -41.025  -29.838  64.336 0.0000000000
54272  -41.884  -31.503  62.392 0.0000000000
68172  -44.482  -19.437  60.665 0.0000000000
65807  -46.814  -21.564  58.738 0.0000000000
70756  -46.441  -17.170  59.933 0.0000000000
73398  -47.408  -15.806  52.902 0.0000000000
72115  -48.583  -16.108  54.825 0.0000000000
70873  -48.555  -17.275  52.801 0.0000000000
69579  -50.189  -18.605  51.340 0.0000000000
79217  -50.811  -10.805  49.440 0.0000000000
76932  -49.900  -12.103  48.319 0.0000000000
53136  -34.616  -31.917  64.698 0.0000000000
72190  -45.545  -17.256  49.799 0.0000000000
81638  -49.897  -8.476  46.507 0.0000000000
80450  -51.257  -9.222  47.660 0.0000000000
81674  -52.814  -7.668  44.111 0.0000000000
55416  -44.606  -30.120  58.437 0.0000000000
60952  -43.912  -25.840  60.446 0.0000000000
65766  -43.779  -21.867  61.792 0.0000000000
49540  -13.280  -34.501  65.721 0.0000000000
54205  -17.551  -30.755  65.554 0.0000000000
55256  -16.147  -29.883  66.999 0.0000000000
146766  -18.574  -31.286  67.851 0.0000000000
51873  -18.520  -33.073  70.571 0.0000000000
50659  -18.445  -34.640  72.745 0.0000000000
48259  -20.391  -36.360  73.118 0.0000000000
50672  -23.357  -35.207  71.434 0.0000000000
46199  -28.219  -38.047  69.315 0.0000000000
54178  -35.685  -32.277  66.485 0.0000000000
50760  -37.213  -34.340  65.431 0.0000000000
49605  -37.439  -35.357  62.698 0.0000000000
52044  -40.278  -33.974  61.506 0.0000000000
54345  -42.089  -31.709  59.914 0.0000000000
73288  -47.350  -15.849  58.034 0.0000000000
73469  -49.055  -14.421  47.847 0.0000000000
72194  -49.885  -16.491  49.681 0.0000000000
48375  -12.263  -36.554  64.655 0.0000000000
58606  -41.887  -27.061  64.280 0.0000000000
60889  -42.060  -25.673  63.982 0.0000000000
60918  -41.633  -25.131  62.719 0.0000000000
51942  -30.523  -33.293  66.826 0.0000000000
53047  -31.539  -32.798  68.302 0.0000000000
53086  -31.761  -32.760  66.987 0.0000000000
57503  -40.503  -28.453  63.886 0.0000000000
57477  -40.087  -28.792  65.209 0.0000000000
57490  -40.628  -28.462  64.282 0.0000000000
57491  -41.472  -28.105  63.803 0.0000000000
69465  -45.665  -18.305  60.176 0.0000000000
72017  -44.806  -16.848  60.287 0.0000000000
72158  -47.407  -15.977  51.954 0.0000000000
72146  -47.915  -16.224  52.970 0.0000000000
70891  -49.260  -17.556  52.062 0.0000000000
69565  -49.655  -18.494  51.972 0.0000000000
72160  -49.411  -17.376  51.324 0.0000000000
79235  -51.863  -10.932  48.859 0.0000000000
78033  -51.534  -11.508  49.483 0.0000000000
76935  -52.882  -12.736  48.539 0.0000000000
81663  -49.811  -8.347  44.125 0.0000000000
82760  -50.389  -7.768  46.137 0.0000000000
81627  -50.346  -8.633  47.223 0.0000000000
82755  -51.241  -8.030  47.086 0.0000000000
80464  -51.818  -8.713  46.483 0.0000000000
82763  -52.186  -7.494  45.846 0.0000000000
82786  -53.551  -6.705  44.900 0.0000000000
56421  -44.157  -29.703  60.106 0.0000000000
57555  -44.653  -28.740  59.454 0.0000000000
58668  -43.789  -27.564  60.790 0.0000000000
64559  -42.874  -22.663  63.143 0.0000000000
64584  -43.739  -23.118  62.010 0.0000000000
66906  -43.034  -21.650  62.771 0.0000000000
66931  -43.605  -20.400  62.007 0.0000000000
68135  -42.906  -20.130  62.009 0.0000000000
49559  -13.348  -34.453  64.965 0.0000000000
51952  -13.703  -33.142  65.257 0.0000000000
54182  -13.543  -30.865  66.607 0.0000000000
56320  -17.214  -29.595  67.789 0.0000000000
55257  -17.183  -30.196  68.283 0.0000000000
146771  -17.822  -30.673  67.553 0.0000000000
146755  -18.072  -31.459  69.151 0.0000000000
53027  -18.544  -32.465  69.723 0.0000000000
146750  -17.520  -30.891  70.301 0.0000000000
51843  -19.106  -33.552  73.315 0.0000000000
48257  -18.825  -36.317  73.296 0.0000000000
50658  -20.062  -34.984  73.303 0.0000000000
51879  -26.881  -34.278  69.740 0.0000000000
50704  -25.541  -34.338  69.963 0.0000000000
50674  -25.518  -35.461  71.043 0.0000000000
49445  -24.629  -36.282  72.157 0.0000000000
48276  -25.758  -36.600  71.538 0.0000000000
47226  -26.715  -37.590  70.636 0.0000000000
48302  -27.679  -36.416  69.804 0.0000000000
49492  -31.936  -34.310  68.379 0.0000000000
49508  -30.125  -34.900  67.749 0.0000000000
49510  -32.503  -34.850  67.687 0.0000000000
49531  -34.263  -35.056  66.205 0.0000000000
54212  -35.307  -31.423  65.729 0.0000000000
55286  -36.535  -30.721  65.687 0.0000000000
54237  -39.580  -31.585  64.627 0.0000000000
53113  -38.010  -32.596  65.457 0.0000000000
51988  -38.414  -33.739  64.681 0.0000000000
50768  -37.960  -34.623  64.755 0.0000000000
50770  -39.356  -34.201  63.733 0.0000000000
52029  -40.575  -33.386  62.701 0.0000000000
55344  -42.859  -30.296  61.593 0.0000000000
54321  -42.650  -31.628  60.728 0.0000000000
55363  -43.415  -30.556  60.535 0.0000000000
55414  -43.288  -31.015  59.243 0.0000000000
51973  -12.324  -33.978  64.965 0.0000000000
51931  -12.617  -33.663  66.908 0.0000000000
50746  -12.785  -34.536  67.201 0.0000000000
60976  -45.455  -25.523  58.709 0.0000000000
60999  -46.505  -24.781  57.880 0.0000000000
66987  -47.117  -20.504  58.023 0.0000000000
74597  -45.931  -14.830  56.341 0.0000000000
74565  -46.437  -14.669  57.665 0.0000000000
74582  -47.295  -14.324  57.157 0.0000000000
70840  -47.680  -16.940  54.629 0.0000000000
72095  -47.602  -16.601  55.542 0.0000000000
74698  -51.525  -13.543  49.234 0.0000000000
74715  -49.182  -13.579  47.790 0.0000000000
73452  -50.532  -15.252  48.762 0.0000000000
72214  -50.114  -16.073  48.891 0.0000000000
73436  -51.099  -15.718  49.472 0.0000000000
70912  -50.967  -17.702  50.308 0.0000000000
83930  -51.474  -6.497  44.064 0.0000000000
83910  -52.573  -6.161  45.207 0.0000000000
84984  -52.744  -5.558  43.885 0.0000000000
84993  -53.017  -5.306  43.171 0.0000000000
58638  -43.192  -28.201  62.496 0.0000000000
59751  -43.187  -27.002  61.980 0.0000000000
60904  -43.143  -25.750  63.190 0.0000000000
62134  -42.552  -24.288  63.398 0.0000000000
63363  -41.995  -22.743  63.180 0.0000000000
51974  -12.491  -32.924  64.653 0.0000000000
53098  -13.430  -32.280  65.865 0.0000000000
55263  -13.829  -30.590  66.203 0.0000000000
51866  -28.394  -34.066  69.829 0.0000000000
49465  -28.277  -34.870  69.649 0.0000000000
51868  -29.836  -33.831  69.596 0.0000000000
51902  -31.848  -33.444  68.610 0.0000000000
51904  -33.875  -33.270  68.295 0.0000000000
56373  -38.311  -29.707  63.773 0.0000000000
55287  -37.561  -30.671  65.622 0.0000000000
56344  -39.293  -29.425  65.239 0.0000000000
55289  -39.630  -30.356  65.080 0.0000000000
54238  -40.317  -31.698  64.234 0.0000000000
53166  -40.917  -32.074  63.262 0.0000000000
55317  -41.443  -30.443  63.600 0.0000000000
56393  -42.486  -29.338  62.750 0.0000000000
65780  -45.151  -21.524  60.218 0.0000000000
63436  -46.412  -22.937  58.804 0.0000000000
66961  -46.129  -20.541  59.775 0.0000000000
68190  -46.773  -19.338  59.314 0.0000000000
69488  -47.282  -18.214  58.894 0.0000000000
73360  -47.346  -15.089  54.277 0.0000000000
74617  -47.784  -14.673  55.513 0.0000000000
73381  -48.033  -15.376  53.847 0.0000000000
70858  -48.371  -16.878  53.613 0.0000000000
79254  -49.158  -10.282  47.853 0.0000000000
78048  -48.277  -11.652  48.183 0.0000000000
78050  -50.415  -11.208  49.075 0.0000000000
75814  -51.481  -12.753  49.343 0.0000000000
58637  -41.461  -26.690  62.717 0.0000000000
57515  -40.658  -28.718  62.478 0.0000000000
73284  -44.246  -16.000  58.124 0.0000000000
73378  -45.559  -15.858  53.293 0.0000000000
72144  -45.861  -16.073  52.299 0.0000000000
72157  -46.308  -16.013  51.733 0.0000000000
72175  -47.608  -16.644  50.705 0.0000000000
80475  -48.745  -9.722  46.176 0.0000000000
80448  -49.594  -9.726  47.516 0.0000000000
79255  -50.907  -9.937  47.801 0.0000000000
79257  -52.403  -10.774  47.971 0.0000000000
81653  -53.383  -7.046  45.828 0.0000000000
81665  -52.308  -8.251  44.814 0.0000000000
56489  -45.346  -29.353  57.267 0.0000000000
58682  -45.216  -27.197  58.893 0.0000000000
60975  -44.657  -25.639  59.476 0.0000000000
60935  -43.944  -25.449  61.397 0.0000000000
63389  -44.074  -23.862  61.168 0.0000000000
63408  -44.278  -23.628  60.187 0.0000000000
65779  -44.381  -21.551  60.848 0.0000000000
68156  -43.482  -19.584  61.222 0.0000000000
62163  -41.654  -24.404  61.866 0.0000000000
64593  -42.266  -22.884  60.950 0.0000000000
65778  -42.570  -21.080  60.870 0.0000000000
48376  -12.699  -35.976  64.466 0.0000000000
49577  -13.506  -34.988  63.805 0.0000000000
54229  -18.108  -31.509  65.218 0.0000000000
56352  -14.640  -30.513  64.718 0.0000000000
56328  -15.191  -30.348  65.680 0.0000000000
55265  -15.462  -30.104  65.871 0.0000000000
54186  -18.200  -31.042  66.884 0.0000000000
50680  -19.670  -34.556  70.495 0.0000000000
48275  -18.972  -35.957  71.471 0.0000000000
51862  -21.735  -33.098  70.549 0.0000000000
50702  -23.148  -34.114  69.694 0.0000000000
50670  -21.169  -34.523  71.481 0.0000000000
49436  -22.374  -35.810  72.529 0.0000000000
48269  -22.441  -36.546  72.492 0.0000000000
48319  -28.513  -36.042  68.580 0.0000000000
53088  -33.842  -31.889  66.509 0.0000000000
53089  -34.323  -32.160  66.863 0.0000000000
51906  -34.683  -33.357  67.248 0.0000000000
55273  -37.110  -31.393  65.971 0.0000000000
53090  -36.401  -32.602  66.043 0.0000000000
50750  -35.781  -34.232  66.419 0.0000000000
49533  -35.784  -34.940  65.955 0.0000000000
49569  -36.303  -35.096  64.444 0.0000000000
52078  -39.659  -33.849  60.061 0.0000000000
53220  -41.187  -32.971  61.833 0.0000000000
53242  -41.518  -32.572  60.923 0.0000000000
53272  -40.391  -32.679  58.839 0.0000000000
54364  -41.744  -31.810  58.825 0.0000000000
49539  -13.163  -35.128  66.228 0.0000000000
73269  -45.629  -15.842  58.910 0.0000000000
73271  -46.857  -16.216  58.812 0.0000000000
70785  -46.709  -17.572  58.278 0.0000000000
73325  -48.258  -15.290  56.448 0.0000000000
72059  -46.560  -16.543  57.162 0.0000000000
70797  -45.744  -17.946  57.216 0.0000000000
72210  -45.830  -16.996  48.612 0.0000000000
72192  -47.844  -16.933  49.524 0.0000000000
76950  -48.517  -12.391  48.005 0.0000000000
75831  -47.637  -13.282  47.471 0.0000000000
73450  -48.470  -15.801  47.878 0.0000000000
72213  -49.178  -16.341  48.659 0.0000000000
72177  -49.682  -16.991  50.470 0.0000000000
72161  -50.072  -17.579  50.922 0.0000000000
59717  -41.472  -26.475  64.057 0.0000000000
59718  -41.800  -26.182  64.151 0.0000000000
59734  -41.545  -26.123  63.626 0.0000000000
51963  -30.684  -33.768  65.714 0.0000000000
53085  -31.145  -32.877  67.025 0.0000000000
51944  -32.175  -33.290  66.323 0.0000000000
58621  -41.228  -27.121  63.674 0.0000000000
58605  -41.353  -27.063  64.117 0.0000000000
70769  -43.568  -17.213  59.761 0.0000000000
70753  -44.035  -17.408  60.611 0.0000000000
72028  -44.167  -16.589  59.431 0.0000000000
72159  -48.352  -17.016  51.824 0.0000000000
79236  -52.451  -11.188  48.476 0.0000000000
78052  -52.567  -11.744  48.885 0.0000000000
82784  -51.337  -6.858  44.910 0.0000000000
82761  -50.945  -7.490  46.326 0.0000000000
82762  -51.606  -7.698  46.303 0.0000000000
57539  -43.996  -29.299  60.565 0.0000000000
57540  -44.205  -28.863  60.349 0.0000000000
57530  -44.042  -28.467  60.897 0.0000000000
65735  -42.358  -21.885  62.899 0.0000000000
65736  -42.856  -22.121  62.926 0.0000000000
66905  -43.025  -21.472  62.934 0.0000000000
66916  -42.608  -20.854  62.422 0.0000000000
50756  -13.105  -34.101  66.328 0.0000000000
54183  -14.294  -30.825  66.276 0.0000000000
146759  -17.018  -29.873  69.307 0.0000000000
146763  -17.232  -29.828  68.606 0.0000000000
53008  -19.807  -32.760  71.983 0.0000000000
53000  -19.067  -32.899  73.264 0.0000000000
51845  -19.509  -33.392  73.000 0.0000000000
50660  -19.444  -34.008  72.993 0.0000000000
50661  -20.243  -34.483  72.623 0.0000000000
50687  -26.663  -34.733  70.442 0.0000000000
50705  -26.238  -34.453  70.204 0.0000000000
49462  -26.196  -35.269  70.687 0.0000000000
49453  -25.740  -35.752  71.135 0.0000000000
49454  -26.238  -35.676  70.751 0.0000000000
48277  -26.407  -36.378  70.955 0.0000000000
49464  -27.623  -35.386  70.102 0.0000000000
49494  -33.035  -34.691  68.095 0.0000000000
49511  -33.293  -34.841  67.502 0.0000000000
49530  -33.506  -35.225  66.542 0.0000000000
49512  -34.015  -34.605  66.933 0.0000000000
55302  -36.015  -30.632  65.180 0.0000000000
53140  -39.876  -32.652  64.231 0.0000000000
53139  -38.842  -32.583  64.765 0.0000000000
51989  -39.364  -33.631  64.169 0.0000000000
50769  -38.831  -34.406  64.221 0.0000000000
52009  -39.726  -33.856  63.565 0.0000000000
50786  -39.637  -34.306  63.136 0.0000000000
52010  -40.199  -33.680  63.239 0.0000000000
56408  -43.434  -29.635  61.385 0.0000000000
56420  -43.775  -29.723  60.613 0.0000000000
55364  -43.963  -30.296  60.097 0.0000000000
51950  -12.231  -33.668  66.350 0.0000000000
62213  -45.626  -24.489  58.717 0.0000000000
60998  -46.160  -25.326  57.941 0.0000000000
62238  -46.380  -24.391  58.301 0.0000000000
68215  -46.924  -19.752  58.398 0.0000000000
65823  -46.876  -21.450  57.282 0.0000000000
66986  -46.484  -20.499  57.488 0.0000000000
68213  -45.917  -19.933  57.556 0.0000000000
73341  -45.895  -15.211  55.417 0.0000000000
74581  -46.336  -14.272  57.073 0.0000000000
74598  -47.023  -14.761  56.196 0.0000000000
74684  -51.651  -14.375  49.815 0.0000000000
74697  -51.086  -14.135  48.576 0.0000000000
58623  -43.057  -27.594  63.073 0.0000000000
58624  -43.331  -27.311  62.620 0.0000000000
59735  -42.792  -26.528  63.545 0.0000000000
60902  -42.017  -25.097  63.452 0.0000000000
60903  -42.425  -25.565  63.603 0.0000000000
62133  -42.218  -23.720  63.071 0.0000000000
63364  -42.481  -23.190  63.352 0.0000000000
63375  -41.863  -23.106  62.743 0.0000000000
55278  -13.498  -30.534  65.787 0.0000000000
51921  -29.523  -33.334  67.967 0.0000000000
51920  -28.728  -33.507  68.146 0.0000000000
51898  -28.004  -33.619  68.852 0.0000000000
51881  -28.629  -33.673  69.381 0.0000000000
51867  -29.159  -33.856  69.757 0.0000000000
53033  -30.049  -33.233  68.830 0.0000000000
53066  -32.140  -32.635  67.598 0.0000000000
53048  -32.550  -32.824  68.208 0.0000000000
51903  -32.928  -33.343  68.409 0.0000000000
53049  -33.509  -32.795  68.130 0.0000000000
56358  -39.020  -29.144  64.815 0.0000000000
57488  -39.445  -28.891  65.225 0.0000000000
57478  -40.369  -28.882  64.966 0.0000000000
56345  -39.882  -29.333  65.398 0.0000000000
55290  -40.166  -29.830  65.221 0.0000000000
55304  -39.969  -30.964  64.506 0.0000000000
55305  -40.533  -30.419  64.443 0.0000000000
55316  -40.919  -30.989  63.690 0.0000000000
57492  -42.057  -27.658  63.851 0.0000000000
57504  -41.877  -28.733  63.670 0.0000000000
57505  -42.297  -28.304  63.481 0.0000000000
57517  -42.841  -28.575  62.642 0.0000000000
66947  -44.666  -20.892  60.413 0.0000000000
65794  -45.795  -21.450  59.806 0.0000000000
68188  -45.337  -19.798  59.998 0.0000000000
69477  -45.931  -17.970  59.831 0.0000000000
69466  -45.942  -18.749  59.924 0.0000000000
69478  -46.278  -18.416  59.656 0.0000000000
69479  -46.966  -18.341  59.083 0.0000000000
70771  -46.599  -17.528  59.569 0.0000000000
73380  -47.184  -15.362  53.714 0.0000000000
74647  -47.684  -15.121  54.202 0.0000000000
72133  -48.401  -16.204  53.910 0.0000000000
69564  -48.712  -18.085  52.591 0.0000000000
79233  -49.697  -10.420  48.301 0.0000000000
75798  -51.894  -13.649  49.848 0.0000000000
58636  -41.099  -27.636  62.718 0.0000000000
73396  -45.838  -15.770  52.848 0.0000000000
70926  -45.184  -17.264  50.362 0.0000000000
72174  -46.504  -16.458  50.751 0.0000000000
81649  -50.029  -8.330  45.378 0.0000000000
80476  -49.289  -9.077  45.792 0.0000000000
80492  -48.826  -9.742  45.310 0.0000000000
80462  -49.354  -9.268  46.694 0.0000000000
81626  -49.830  -9.012  47.003 0.0000000000
81628  -51.007  -8.454  47.508 0.0000000000
80449  -50.587  -9.489  47.718 0.0000000000
79256  -51.497  -10.317  47.743 0.0000000000
79275  -52.151  -10.653  47.386 0.0000000000
80463  -51.611  -9.432  46.997 0.0000000000
80478  -52.096  -8.399  46.008 0.0000000000
84964  -52.982  -5.847  45.178 0.0000000000
82772  -52.801  -6.952  45.747 0.0000000000
82773  -53.495  -6.797  45.527 0.0000000000
82785  -53.370  -7.092  44.326 0.0000000000
81666  -53.179  -7.350  45.000 0.0000000000
56487  -44.182  -29.921  57.355 0.0000000000
56488  -44.642  -29.714  57.216 0.0000000000
55417  -45.169  -29.953  57.797 0.0000000000
59787  -44.085  -27.031  60.040 0.0000000000
58681  -44.884  -27.800  59.157 0.0000000000
59807  -44.694  -26.684  59.461 0.0000000000
60919  -43.489  -25.960  62.514 0.0000000000
60934  -43.604  -26.137  61.481 0.0000000000
62164  -43.808  -25.101  62.102 0.0000000000
63388  -43.789  -24.196  61.863 0.0000000000
64585  -44.194  -22.756  61.035 0.0000000000
68136  -43.282  -20.208  62.067 0.0000000000
49558  -12.833  -35.097  64.937 0.0000000000
49576  -13.083  -35.603  64.221 0.0000000000
50765  -13.733  -33.937  64.626 0.0000000000
54227  -16.475  -31.030  64.352 0.0000000000
54228  -17.437  -31.364  64.798 0.0000000000
56338  -14.884  -30.094  65.270 0.0000000000
55266  -16.495  -30.246  66.787 0.0000000000
55267  -17.353  -30.490  67.080 0.0000000000
53055  -19.156  -32.571  67.670 0.0000000000
53028  -19.199  -32.927  69.046 0.0000000000
51874  -19.215  -33.556  69.886 0.0000000000
50699  -19.825  -34.621  69.478 0.0000000000
51861  -19.050  -33.746  71.169 0.0000000000
51844  -18.375  -33.626  72.766 0.0000000000
51852  -18.561  -33.774  72.123 0.0000000000
50667  -18.779  -34.722  72.192 0.0000000000
50668  -19.290  -34.648  71.521 0.0000000000
49448  -18.836  -35.492  71.819 0.0000000000
49447  -18.499  -35.570  72.479 0.0000000000
48258  -19.448  -36.250  73.411 0.0000000000
47194  -18.695  -37.005  73.130 0.0000000000
47203  -19.961  -37.115  72.822 0.0000000000
46150  -19.744  -37.688  72.381 0.0000000000
48267  -20.658  -36.885  72.679 0.0000000000
50684  -23.653  -34.880  70.693 0.0000000000
50703  -24.346  -34.382  69.588 0.0000000000
50683  -22.218  -34.172  70.361 0.0000000000
50671  -22.622  -34.912  71.333 0.0000000000
49442  -21.762  -35.379  72.262 0.0000000000
49450  -23.065  -35.460  71.884 0.0000000000
47198  -24.644  -36.995  72.640 0.0000000000
48270  -23.246  -36.271  72.485 0.0000000000
47206  -23.501  -37.120  72.406 0.0000000000
47205  -22.499  -37.427  72.203 0.0000000000
46185  -27.412  -37.852  70.238 0.0000000000
46197  -26.779  -38.355  69.969 0.0000000000
46198  -27.607  -38.148  69.779 0.0000000000
49467  -29.681  -34.419  69.527 0.0000000000
49478  -28.300  -35.205  68.936 0.0000000000
49490  -29.316  -34.780  68.611 0.0000000000
53108  -33.321  -32.738  65.736 0.0000000000
53110  -34.357  -31.705  65.175 0.0000000000
54192  -35.585  -31.758  66.239 0.0000000000
54191  -34.702  -31.766  66.408 0.0000000000
54176  -35.069  -32.066  66.674 0.0000000000
53069  -34.707  -32.552  67.019 0.0000000000
53070  -35.306  -32.585  66.701 0.0000000000
54214  -38.163  -31.465  65.454 0.0000000000
51968  -37.386  -33.461  65.525 0.0000000000
53112  -37.007  -32.704  65.714 0.0000000000
51967  -36.795  -33.261  65.750 0.0000000000
51945  -35.808  -33.520  66.496 0.0000000000
50751  -36.670  -34.309  66.002 0.0000000000
49514  -35.255  -34.568  66.238 0.0000000000
49552  -36.809  -34.711  65.690 0.0000000000
49589  -37.243  -35.066  64.094 0.0000000000
50820  -39.763  -34.399  61.523 0.0000000000
52062  -40.014  -34.008  60.889 0.0000000000
54271  -41.482  -31.492  62.850 0.0000000000
53195  -41.134  -32.396  62.690 0.0000000000
53221  -41.791  -32.247  61.921 0.0000000000
54320  -42.030  -32.086  60.519 0.0000000000
53258  -41.343  -32.198  59.748 0.0000000000
53257  -40.780  -32.912  60.101 0.0000000000
54363  -40.959  -32.089  58.644 0.0000000000
55415  -43.602  -30.642  58.681 0.0000000000
54366  -43.176  -30.868  57.906 0.0000000000
54383  -43.056  -30.706  57.564 0.0000000000
48361  -12.609  -35.926  65.349 0.0000000000
64613  -46.611  -22.417  58.814 0.0000000000
63462  -46.787  -23.393  58.321 0.0000000000
64629  -46.935  -22.498  58.181 0.0000000000
73268  -44.865  -15.796  58.958 0.0000000000
74566  -47.257  -15.012  57.819 0.0000000000
73286  -46.274  -15.402  58.245 0.0000000000
73272  -46.924  -16.436  58.395 0.0000000000
72032  -47.268  -16.877  58.831 0.0000000000
72047  -46.872  -16.639  58.373 0.0000000000
73343  -48.426  -15.370  55.671 0.0000000000
74600  -48.320  -14.884  56.355 0.0000000000
72076  -46.681  -16.916  56.126 0.0000000000
72075  -46.117  -17.322  56.300 0.0000000000
72058  -45.962  -17.164  56.834 0.0000000000
70812  -45.749  -17.808  56.320 0.0000000000
72211  -46.987  -16.902  48.500 0.0000000000
76931  -48.734  -11.982  48.384 0.0000000000
78047  -47.860  -11.892  48.109 0.0000000000
76951  -49.056  -12.250  48.174 0.0000000000
75832  -48.481  -13.008  47.596 0.0000000000
74714  -48.389  -13.908  47.548 0.0000000000
74713  -47.619  -14.272  47.202 0.0000000000
73467  -47.644  -15.502  47.231 0.0000000000
73468  -48.484  -14.919  47.497 0.0000000000
72193  -48.937  -16.919  49.499 0.0000000000
72178  -50.727  -16.938  50.223 0.0000000000
59719  -42.237  -26.375  64.140 0.0000000000
60890  -42.108  -25.907  64.136 0.0000000000
51922  -30.194  -33.115  67.590 0.0000000000
53064  -30.271  -32.946  68.095 0.0000000000
53065  -30.990  -32.637  67.668 0.0000000000
57489  -39.753  -28.638  64.887 0.0000000000
56361  -41.237  -29.195  64.285 0.0000000000
69450  -44.418  -18.460  61.077 0.0000000000
68173  -45.480  -19.042  60.368 0.0000000000
70742  -44.695  -18.059  60.919 0.0000000000
70754  -45.050  -17.588  60.674 0.0000000000
72018  -45.636  -16.833  60.267 0.0000000000
73414  -47.288  -15.800  52.354 0.0000000000
73399  -47.800  -15.771  53.315 0.0000000000
70874  -49.412  -17.886  52.309 0.0000000000
70892  -49.957  -17.950  51.683 0.0000000000
79218  -51.179  -10.823  49.469 0.0000000000
78032  -50.958  -11.135  49.718 0.0000000000
78051  -52.064  -11.483  49.286 0.0000000000
78034  -52.138  -11.931  49.459 0.0000000000
81639  -50.477  -7.962  46.738 0.0000000000
82754  -50.912  -7.874  47.048 0.0000000000
81640  -51.507  -8.442  46.997 0.0000000000
81641  -51.962  -8.042  46.197 0.0000000000
83931  -53.657  -6.018  43.878 0.0000000000
81687  -52.509  -7.742  43.198 0.0000000000
56440  -44.476  -29.547  59.435 0.0000000000
56461  -44.842  -29.388  58.805 0.0000000000
58669  -44.176  -27.940  60.291 0.0000000000
63365  -43.071  -23.586  63.382 0.0000000000
63376  -43.438  -24.091  62.669 0.0000000000
64573  -43.268  -22.921  62.788 0.0000000000
65765  -43.482  -22.263  62.406 0.0000000000
65752  -43.459  -21.579  62.417 0.0000000000
66918  -43.656  -21.070  62.211 0.0000000000
66917  -43.190  -20.935  62.567 0.0000000000
68155  -42.839  -19.385  60.997 0.0000000000
50757  -13.346  -33.889  65.513 0.0000000000
55280  -16.438  -30.370  65.628 0.0000000000
53038  -18.852  -32.251  68.614 0.0000000000
54152  -18.074  -31.725  70.015 0.0000000000
53022  -18.134  -32.181  70.833 0.0000000000
50656  -18.626  -34.571  73.192 0.0000000000
49440  -18.550  -35.520  73.071 0.0000000000
50657  -19.329  -34.519  73.357 0.0000000000
49433  -19.815  -35.524  73.424 0.0000000000
49434  -20.648  -35.544  72.911 0.0000000000
51896  -26.012  -34.358  68.847 0.0000000000
51878  -26.187  -34.318  69.771 0.0000000000
50685  -24.952  -34.885  70.637 0.0000000000
49460  -24.586  -35.298  71.093 0.0000000000
49451  -24.000  -35.596  71.589 0.0000000000
48273  -25.268  -37.225  72.071 0.0000000000
47227  -27.147  -37.318  70.465 0.0000000000
47242  -27.836  -37.429  69.707 0.0000000000
50720  -31.291  -34.150  68.922 0.0000000000
50734  -30.345  -34.619  68.589 0.0000000000
49509  -31.480  -34.629  67.955 0.0000000000
49527  -30.762  -35.268  67.026 0.0000000000
49549  -34.468  -35.536  65.388 0.0000000000
54234  -35.373  -31.315  64.912 0.0000000000
54233  -34.691  -31.594  65.083 0.0000000000
55301  -35.627  -31.004  65.422 0.0000000000
55285  -35.871  -31.038  65.765 0.0000000000
55271  -36.200  -31.356  66.037 0.0000000000
54215  -38.886  -31.371  65.089 0.0000000000
53114  -38.452  -31.980  65.169 0.0000000000
53138  -38.343  -33.116  65.063 0.0000000000
51987  -37.669  -33.967  64.960 0.0000000000
50784  -38.082  -34.638  63.763 0.0000000000
50803  -38.800  -34.538  62.587 0.0000000000
50804  -39.681  -34.486  62.367 0.0000000000
50805  -40.294  -34.094  62.231 0.0000000000
55343  -42.592  -31.009  61.492 0.0000000000
54295  -42.324  -31.595  61.743 0.0000000000
55362  -42.886  -30.948  60.889 0.0000000000
54322  -43.177  -31.276  60.353 0.0000000000
54346  -42.896  -31.418  59.635 0.0000000000
55389  -43.461  -31.209  59.629 0.0000000000
55391  -44.119  -30.215  59.406 0.0000000000
65808  -47.236  -21.582  58.132 0.0000000000
64630  -47.208  -22.600  57.572 0.0000000000
65824  -47.110  -21.913  57.508 0.0000000000
74596  -45.104  -15.158  56.562 0.0000000000
73285  -45.444  -15.208  58.018 0.0000000000
74564  -45.952  -14.637  57.500 0.0000000000
74567  -47.719  -15.211  57.544 0.0000000000
72114  -48.297  -16.460  55.094 0.0000000000
72096  -48.182  -15.817  55.747 0.0000000000
75813  -50.994  -12.895  48.608 0.0000000000
75833  -49.235  -12.683  47.837 0.0000000000
75812  -50.088  -13.254  48.098 0.0000000000
74696  -49.838  -14.326  48.259 0.0000000000
73451  -49.412  -15.363  48.171 0.0000000000
72215  -50.599  -15.846  49.189 0.0000000000
72195  -50.601  -16.244  49.583 0.0000000000
83909  -52.102  -6.231  45.166 0.0000000000
83921  -51.835  -6.177  44.884 0.0000000000
84974  -52.354  -5.719  44.718 0.0000000000
84985  -53.481  -5.641  43.723 0.0000000000
57518  -43.428  -28.801  62.091 0.0000000000
58652  -43.863  -27.888  61.199 0.0000000000
59736  -43.403  -26.703  62.968 0.0000000000
62135  -43.122  -24.709  63.348 0.0000000000
64572  -41.909  -22.273  62.765 0.0000000000
53097  -12.707  -31.965  65.497 0.0000000000
53017  -20.449  -32.471  71.438 0.0000000000
51897  -27.121  -33.747  68.716 0.0000000000
51880  -27.821  -33.946  69.450 0.0000000000
51865  -27.639  -34.365  69.907 0.0000000000
50689  -28.006  -34.573  69.850 0.0000000000
50690  -28.796  -34.306  69.835 0.0000000000
50691  -29.536  -34.194  69.749 0.0000000000
50706  -30.327  -34.182  69.475 0.0000000000
53046  -30.613  -33.049  68.468 0.0000000000
51884  -31.135  -33.717  69.055 0.0000000000
50721  -32.301  -33.990  68.407 0.0000000000
50722  -33.251  -34.086  68.141 0.0000000000
56372  -37.623  -29.985  64.207 0.0000000000
56357  -37.923  -29.803  64.749 0.0000000000
56343  -38.487  -29.819  65.200 0.0000000000
57476  -39.670  -28.888  65.347 0.0000000000
53165  -40.595  -32.690  63.441 0.0000000000
54252  -40.780  -31.602  63.735 0.0000000000
54253  -41.147  -31.535  63.304 0.0000000000
55329  -41.761  -31.007  62.840 0.0000000000
56376  -41.688  -29.282  63.760 0.0000000000
55318  -41.919  -29.920  63.387 0.0000000000
55330  -42.220  -30.470  62.561 0.0000000000
55331  -42.616  -29.901  62.258 0.0000000000
56394  -43.069  -29.487  62.217 0.0000000000
64595  -45.027  -22.571  60.063 0.0000000000
63435  -46.019  -23.496  58.734 0.0000000000
64612  -45.962  -22.428  59.351 0.0000000000
65795  -46.390  -21.550  59.330 0.0000000000
66973  -46.626  -20.839  59.236 0.0000000000
66962  -46.642  -20.109  59.470 0.0000000000
66974  -46.998  -20.459  58.828 0.0000000000
68202  -46.906  -19.332  58.743 0.0000000000
68201  -46.927  -18.744  58.792 0.0000000000
73359  -46.691  -15.095  54.495 0.0000000000
74616  -47.175  -14.744  55.331 0.0000000000
74633  -47.511  -14.868  54.712 0.0000000000
74634  -48.041  -14.990  54.815 0.0000000000
73361  -48.412  -15.441  54.830 0.0000000000
70841  -48.271  -16.604  54.403 0.0000000000
79253  -48.710  -10.297  47.354 0.0000000000
78072  -48.322  -11.295  47.354 0.0000000000
79232  -48.781  -10.798  48.064 0.0000000000
78049  -49.238  -11.333  48.507 0.0000000000
76917  -51.108  -11.749  49.635 0.0000000000
76933  -50.927  -12.073  49.163 0.0000000000
58622  -41.470  -26.430  63.323 0.0000000000
59750  -41.537  -25.916  62.721 0.0000000000
59766  -41.572  -26.082  61.771 0.0000000000
55314  -37.517  -30.412  63.734 0.0000000000
56374  -39.628  -29.140  63.942 0.0000000000
56375  -40.321  -28.962  63.317 0.0000000000
72045  -42.689  -16.483  58.432 0.0000000000
72046  -43.494  -16.359  58.643 0.0000000000
73302  -43.476  -15.600  57.180 0.0000000000
74615  -45.264  -15.228  56.017 0.0000000000
73358  -45.527  -15.794  54.352 0.0000000000
73379  -46.231  -15.569  53.556 0.0000000000
73397  -46.562  -15.696  52.733 0.0000000000
73413  -47.042  -15.697  52.273 0.0000000000
79273  -48.400  -10.311  46.534 0.0000000000
80447  -48.959  -9.848  47.344 0.0000000000
80434  -49.761  -9.966  48.065 0.0000000000
80435  -50.068  -9.934  48.134 0.0000000000
79234  -50.764  -10.434  48.581 0.0000000000
78073  -52.776  -11.474  47.983 0.0000000000
81652  -52.617  -7.534  45.587 0.0000000000
81667  -53.517  -7.055  45.615 0.0000000000
57569  -45.062  -28.766  58.624 0.0000000000
58693  -45.290  -28.268  58.429 0.0000000000
58694  -45.700  -27.670  58.092 0.0000000000
59808  -45.307  -26.548  58.743 0.0000000000
62212  -44.801  -24.582  59.503 0.0000000000
59767  -43.419  -27.102  61.066 0.0000000000
60951  -43.647  -26.664  60.685 0.0000000000
62165  -44.173  -24.855  61.316 0.0000000000
62185  -44.131  -24.657  60.271 0.0000000000
62184  -44.178  -24.211  59.800 0.0000000000
66946  -44.167  -20.441  60.857 0.0000000000
66932  -43.945  -20.871  61.627 0.0000000000
68171  -43.835  -19.924  60.958 0.0000000000
68157  -44.050  -18.877  61.186 0.0000000000
70752  -43.418  -17.710  60.173 0.0000000000
63387  -42.090  -23.504  61.911 0.0000000000
64583  -42.161  -22.560  62.006 0.0000000000
65763  -41.847  -21.680  61.980 0.0000000000
65764  -42.244  -21.198  61.673 0.0000000000
66930  -42.476  -20.542  61.645 0.0000000000
70768  -42.866  -17.391  59.436 0.0000000000
56337  -14.040  -30.556  65.551 0.0000000000
56327  -14.192  -30.494  65.834 0.0000000000
55264  -14.511  -30.556  66.020 0.0000000000
55281  -17.128  -30.423  66.305 0.0000000000
54185  -17.871  -30.546  66.331 0.0000000000
54206  -18.370  -31.261  65.943 0.0000000000
53021  -17.679  -31.633  71.483 0.0000000000
51860  -18.289  -33.129  71.380 0.0000000000
48266  -18.565  -36.412  72.762 0.0000000000
47201  -18.648  -37.350  72.372 0.0000000000
53018  -21.136  -32.450  70.912 0.0000000000
51855  -20.884  -33.305  70.980 0.0000000000
51877  -24.241  -33.851  68.969 0.0000000000
50701  -22.664  -33.693  69.887 0.0000000000
50682  -21.338  -33.852  70.639 0.0000000000
50669  -20.498  -33.871  72.139 0.0000000000
50662  -21.050  -35.010  72.178 0.0000000000
49441  -21.050  -35.354  72.455 0.0000000000
48260  -21.496  -36.093  72.745 0.0000000000
49444  -23.551  -35.938  72.307 0.0000000000
48261  -22.372  -35.994  72.625 0.0000000000
48268  -21.405  -36.754  72.559 0.0000000000
47204  -21.014  -37.423  72.286 0.0000000000
49477  -27.944  -35.678  69.449 0.0000000000
48303  -28.399  -36.695  69.143 0.0000000000
49507  -29.296  -35.221  68.055 0.0000000000
48335  -28.745  -35.868  68.104 0.0000000000
48304  -29.039  -37.480  69.016 0.0000000000
53087  -32.895  -32.596  66.501 0.0000000000
54190  -34.164  -31.423  66.141 0.0000000000
53068  -33.982  -32.462  67.388 0.0000000000
53050  -34.227  -32.770  67.962 0.0000000000
51905  -34.507  -33.174  67.762 0.0000000000
50724  -34.487  -33.546  67.565 0.0000000000
55272  -36.750  -31.273  66.068 0.0000000000
54193  -36.070  -32.019  66.185 0.0000000000
54213  -37.330  -31.859  65.743 0.0000000000
53091  -36.854  -32.273  65.899 0.0000000000
53071  -35.925  -32.660  66.371 0.0000000000
51924  -35.305  -33.194  66.720 0.0000000000
50749  -35.372  -33.705  66.636 0.0000000000
50738  -34.610  -33.862  66.927 0.0000000000
49513  -34.693  -34.535  66.480 0.0000000000
49532  -34.957  -34.840  65.816 0.0000000000
49550  -35.395  -35.350  64.958 0.0000000000
49570  -37.046  -34.769  65.061 0.0000000000
53194  -40.744  -32.837  62.837 0.0000000000
52046  -40.868  -33.043  62.393 0.0000000000
53219  -40.754  -33.255  61.568 0.0000000000
53243  -42.239  -32.176  61.201 0.0000000000
53241  -40.765  -33.034  61.067 0.0000000000
54381  -41.761  -31.482  57.569 0.0000000000
54365  -42.776  -31.240  58.445 0.0000000000
63461  -46.635  -23.932  58.416 0.0000000000
72029  -45.187  -16.427  59.574 0.0000000000
72030  -46.020  -16.437  59.603 0.0000000000
73270  -46.068  -15.983  58.992 0.0000000000
72031  -46.864  -16.788  59.438 0.0000000000
70772  -47.387  -17.514  59.138 0.0000000000
70786  -47.215  -17.416  58.719 0.0000000000
69487  -46.906  -18.218  58.645 0.0000000000
74599  -47.992  -14.430  56.377 0.0000000000
74583  -48.039  -14.789  57.090 0.0000000000
73304  -47.935  -15.418  57.165 0.0000000000
72077  -47.497  -15.903  56.511 0.0000000000
72060  -47.199  -16.103  57.624 0.0000000000
70799  -46.513  -17.065  57.811 0.0000000000
70798  -46.267  -17.331  57.625 0.0000000000
69497  -45.827  -18.937  57.490 0.0000000000
72191  -46.719  -16.789  49.635 0.0000000000
78071  -47.594  -11.990  47.570 0.0000000000
78070  -47.001  -12.138  47.362 0.0000000000
76949  -47.856  -12.523  47.691 0.0000000000
76948  -47.020  -12.542  47.408 0.0000000000
72233  -47.734  -16.090  47.678 0.0000000000
72212  -48.005  -16.342  48.434 0.0000000000
70893  -50.458  -18.000  50.904 0.0000000000
69580  -50.644  -18.562  50.722 0.0000000000
46144  -24.017  -37.677  72.312 0.0000000000
46146  -24.932  -37.299  72.748 0.0000000000
46147  -25.087  -37.188  72.962 0.0000000000
46151  -20.251  -37.531  72.411 0.0000000000
46156  -25.201  -37.348  72.681 0.0000000000
46183  -26.175  -37.882  70.713 0.0000000000
46184  -27.047  -37.928  70.330 0.0000000000
47195  -19.201  -36.920  73.356 0.0000000000
47196  -19.694  -36.674  73.245 0.0000000000
47197  -24.117  -37.222  72.501 0.0000000000
47199  -24.976  -36.928  72.890 0.0000000000
47200  -25.184  -37.184  72.604 0.0000000000
47207  -24.007  -36.776  72.476 0.0000000000
47208  -25.356  -37.289  72.007 0.0000000000
47209  -25.218  -37.354  72.302 0.0000000000
47216  -26.775  -36.969  70.935 0.0000000000
47228  -27.582  -37.747  70.110 0.0000000000
47241  -27.458  -36.904  70.137 0.0000000000
47243  -28.704  -37.766  69.219 0.0000000000
47257  -29.022  -37.972  68.642 0.0000000000
48262  -22.711  -36.068  72.648 0.0000000000
48263  -24.846  -36.732  72.532 0.0000000000
48264  -25.154  -36.910  72.497 0.0000000000
48265  -25.230  -37.105  72.282 0.0000000000
48271  -24.231  -36.484  72.421 0.0000000000
48272  -25.226  -36.941  72.021 0.0000000000
48278  -26.840  -36.782  70.728 0.0000000000
48283  -19.112  -36.294  70.915 0.0000000000
48286  -26.523  -35.903  70.605 0.0000000000
48287  -27.037  -36.309  70.429 0.0000000000
48320  -28.986  -36.989  68.437 0.0000000000
49432  -19.006  -35.474  73.447 0.0000000000
49435  -21.661  -35.729  72.600 0.0000000000
49437  -22.882  -35.936  72.526 0.0000000000
49443  -22.638  -35.663  72.331 0.0000000000
49449  -22.181  -35.269  71.804 0.0000000000
49461  -25.052  -35.279  71.084 0.0000000000
49463  -26.797  -35.375  70.539 0.0000000000
49466  -29.018  -34.498  69.530 0.0000000000
49479  -29.151  -34.590  69.054 0.0000000000
49480  -29.917  -34.602  69.212 0.0000000000
49489  -28.710  -35.220  68.542 0.0000000000
49491  -29.947  -34.741  68.638 0.0000000000
49493  -32.505  -34.501  68.175 0.0000000000
49506  -28.934  -35.224  68.307 0.0000000000
49534  -36.404  -34.766  66.022 0.0000000000
49551  -36.358  -34.862  65.442 0.0000000000
50673  -25.336  -35.301  70.976 0.0000000000
50681  -19.871  -34.897  70.284 0.0000000000
50686  -25.800  -35.004  70.668 0.0000000000
50700  -19.992  -34.924  70.015 0.0000000000
50707  -30.908  -33.913  69.418 0.0000000000
50723  -34.184  -33.740  67.879 0.0000000000
50735  -30.770  -34.514  68.551 0.0000000000
50736  -33.313  -34.555  67.940 0.0000000000
50739  -35.053  -34.298  66.494 0.0000000000
50785  -38.869  -34.443  63.436 0.0000000000
50787  -40.224  -34.124  62.795 0.0000000000
50821  -40.297  -34.067  61.832 0.0000000000
51846  -19.913  -33.362  72.393 0.0000000000
51864  -27.165  -34.502  70.165 0.0000000000
51882  -29.510  -33.455  69.166 0.0000000000
51883  -30.456  -33.577  69.166 0.0000000000
51899  -28.674  -33.493  68.730 0.0000000000
51901  -31.108  -33.326  68.715 0.0000000000
51923  -34.841  -32.995  67.066 0.0000000000
51925  -36.080  -33.173  66.340 0.0000000000
51946  -36.420  -33.458  66.165 0.0000000000
51947  -36.887  -33.776  65.781 0.0000000000
51969  -37.966  -33.401  65.150 0.0000000000
52030  -40.801  -32.910  62.608 0.0000000000
52045  -40.587  -33.532  61.956 0.0000000000
52063  -40.459  -33.547  61.267 0.0000000000
53032  -29.760  -33.263  68.796 0.0000000000
53045  -29.968  -33.173  68.505 0.0000000000
53109  -33.760  -31.965  65.407 0.0000000000
53111  -36.561  -32.974  65.837 0.0000000000
53196  -41.561  -31.927  62.431 0.0000000000
53273  -41.169  -32.262  58.974 0.0000000000
54177  -35.361  -32.174  66.611 0.0000000000
54194  -36.758  -31.904  66.026 0.0000000000
54210  -33.931  -31.367  65.923 0.0000000000
54211  -34.503  -31.496  65.593 0.0000000000
54347  -43.573  -31.311  59.988 0.0000000000
55390  -43.800  -30.896  59.655 0.0000000000
55440  -44.667  -30.089  57.642 0.0000000000
55441  -45.044  -29.824  57.520 0.0000000000
56346  -40.295  -29.346  65.140 0.0000000000
56359  -39.517  -28.783  64.644 0.0000000000
56360  -40.638  -29.301  64.622 0.0000000000
56377  -42.127  -29.359  63.362 0.0000000000
56462  -45.236  -29.504  58.164 0.0000000000
57570  -45.527  -28.746  58.012 0.0000000000
58639  -43.471  -27.941  62.146 0.0000000000
58653  -44.119  -28.290  60.722 0.0000000000
59786  -43.765  -27.264  60.561 0.0000000000
61021  -46.643  -25.213  57.427 0.0000000000
62211  -44.424  -24.229  59.665 0.0000000000
63407  -44.373  -23.960  59.682 0.0000000000
63433  -44.620  -24.119  59.553 0.0000000000
64557  -42.021  -22.081  63.103 0.0000000000
64558  -42.394  -22.407  63.156 0.0000000000
64596  -45.527  -21.995  59.874 0.0000000000
64611  -45.473  -23.003  59.314 0.0000000000
65734  -42.113  -21.891  62.952 0.0000000000
65749  -42.159  -21.792  62.677 0.0000000000
65750  -42.426  -21.448  62.576 0.0000000000
65751  -43.159  -21.975  62.777 0.0000000000
66929  -42.181  -21.063  61.928 0.0000000000
66945  -43.771  -20.215  61.405 0.0000000000
66959  -44.608  -20.266  60.321 0.0000000000
66960  -45.220  -20.632  60.046 0.0000000000
66985  -46.036  -20.360  57.365 0.0000000000
68174  -45.794  -18.879  60.089 0.0000000000
68187  -44.829  -19.999  60.087 0.0000000000
68189  -46.103  -19.359  59.841 0.0000000000
69464  -44.990  -18.458  60.723 0.0000000000
69498  -46.399  -18.216  57.946 0.0000000000
70755  -46.001  -17.453  60.112 0.0000000000
70770  -46.156  -17.818  59.741 0.0000000000
72019  -46.389  -16.891  60.053 0.0000000000
72020  -46.655  -17.051  59.843 0.0000000000
72145  -47.574  -15.984  52.618 0.0000000000
72173  -45.468  -16.529  50.801 0.0000000000
73287  -46.790  -15.761  58.265 0.0000000000
73305  -48.241  -15.080  56.913 0.0000000000
73322  -46.472  -14.975  55.772 0.0000000000
73323  -46.839  -14.861  55.621 0.0000000000
73324  -48.035  -15.506  56.630 0.0000000000
73449  -47.997  -15.982  47.738 0.0000000000
74580  -45.575  -14.789  57.161 0.0000000000
74584  -48.305  -14.961  56.713 0.0000000000
74618  -48.288  -14.870  55.622 0.0000000000
74632  -47.013  -14.714  54.887 0.0000000000
74648  -47.879  -15.038  54.371 0.0000000000
76930  -47.972  -12.124  48.306 0.0000000000
80461  -48.820  -9.736  47.011 0.0000000000
82769  -50.466  -7.777  45.684 0.0000000000
83911  -53.182  -6.266  45.267 0.0000000000
83922  -52.216  -6.003  45.004 0.0000000000
84963  -52.795  -5.741  45.059 0.0000000000
84975  -53.118  -5.676  44.830 0.0000000000
84994  -53.447  -5.157  43.311 0.0000000000
86038  -53.671  -5.032  43.396 0.0000000000
