#!ascii label  , from subject 3301 vox2ras=TkReg
354
25837  46.204  -53.198  9.647 0.0000000000
18490  43.955  -59.901  9.891 0.0000000000
19537  48.539  -58.182  15.206 0.0000000000
24539  50.843  -54.622  10.387 0.0000000000
15173  45.955  -61.886  12.017 0.0000000000
17278  47.569  -60.839  14.555 0.0000000000
12150  44.555  -65.964  14.044 0.0000000000
20779  47.254  -57.458  10.664 0.0000000000
24588  47.956  -54.103  8.196 0.0000000000
24495  48.012  -54.891  12.038 0.0000000000
23243  50.850  -56.191  12.657 0.0000000000
18460  49.183  -58.920  11.094 0.0000000000
16242  46.676  -61.237  9.610 0.0000000000
14231  43.810  -64.134  8.606 0.0000000000
25840  43.394  -53.183  9.641 0.0000000000
23271  44.479  -55.780  12.264 0.0000000000
21935  45.717  -57.077  15.894 0.0000000000
27115  51.328  -52.307  7.645 0.0000000000
13121  45.431  -63.990  15.194 0.0000000000
20781  45.173  -57.757  10.426 0.0000000000
23316  45.953  -56.057  10.349 0.0000000000
21967  48.856  -56.547  13.705 0.0000000000
21947  49.926  -57.223  14.300 0.0000000000
15154  46.220  -62.511  13.380 0.0000000000
17314  48.070  -60.092  12.744 0.0000000000
17335  47.647  -60.619  11.340 0.0000000000
17378  48.105  -59.780  9.909 0.0000000000
16214  45.949  -61.480  10.715 0.0000000000
14242  45.543  -63.391  7.575 0.0000000000
21953  44.135  -56.470  14.428 0.0000000000
21970  45.621  -56.835  13.801 0.0000000000
23212  44.400  -56.106  15.818 0.0000000000
25804  51.734  -53.622  10.682 0.0000000000
25856  50.965  -53.402  8.596 0.0000000000
24628  47.897  -53.781  6.368 0.0000000000
24656  50.084  -53.551  5.432 0.0000000000
18373  48.274  -59.726  16.568 0.0000000000
18382  48.938  -59.370  15.027 0.0000000000
16145  47.483  -61.862  15.879 0.0000000000
14133  46.119  -63.159  14.400 0.0000000000
14160  45.091  -64.316  13.239 0.0000000000
22028  48.716  -56.404  10.689 0.0000000000
24568  49.369  -54.289  9.542 0.0000000000
23329  48.065  -54.775  9.745 0.0000000000
23342  46.413  -54.585  8.537 0.0000000000
17406  43.014  -60.830  8.447 0.0000000000
25808  47.835  -53.571  10.584 0.0000000000
24512  51.440  -54.018  11.662 0.0000000000
23310  51.730  -55.085  11.029 0.0000000000
19534  50.216  -58.061  13.383 0.0000000000
20739  50.337  -57.521  12.168 0.0000000000
20776  49.932  -57.038  11.140 0.0000000000
20796  48.832  -57.939  10.156 0.0000000000
19623  47.001  -58.997  9.778 0.0000000000
18489  45.066  -59.845  9.674 0.0000000000
15203  44.236  -62.714  10.623 0.0000000000
15202  45.174  -62.183  9.925 0.0000000000
17403  45.674  -61.591  8.744 0.0000000000
17405  44.109  -60.899  8.488 0.0000000000
27095  44.357  -52.329  8.611 0.0000000000
25838  45.184  -53.280  9.564 0.0000000000
24519  44.116  -54.734  11.038 0.0000000000
24542  45.797  -54.283  10.635 0.0000000000
23294  46.235  -55.335  11.831 0.0000000000
21969  46.614  -56.820  13.764 0.0000000000
20704  46.881  -58.184  15.029 0.0000000000
20679  46.412  -57.541  17.088 0.0000000000
19499  47.284  -59.199  17.029 0.0000000000
24604  50.383  -53.613  8.030 0.0000000000
27073  45.821  -52.768  9.099 0.0000000000
28328  46.956  -51.716  8.274 0.0000000000
27072  46.893  -52.556  9.251 0.0000000000
19605  45.069  -58.974  10.160 0.0000000000
20782  44.185  -57.857  10.361 0.0000000000
20703  48.200  -57.860  14.766 0.0000000000
20702  49.195  -57.727  14.911 0.0000000000
15174  45.478  -63.106  12.713 0.0000000000
17316  46.978  -61.027  12.362 0.0000000000
16213  46.452  -61.271  11.076 0.0000000000
15190  45.872  -61.554  11.258 0.0000000000
13260  45.447  -64.288  7.041 0.0000000000
23230  44.093  -56.141  15.114 0.0000000000
24538  51.493  -54.561  10.597 0.0000000000
25833  51.418  -53.369  9.455 0.0000000000
24566  51.149  -53.990  9.819 0.0000000000
24658  48.264  -54.123  5.526 0.0000000000
17249  47.984  -61.218  16.627 0.0000000000
15101  47.336  -62.231  16.432 0.0000000000
13138  45.334  -64.441  14.582 0.0000000000
14134  45.905  -63.757  14.931 0.0000000000
13150  45.329  -64.864  13.945 0.0000000000
14144  45.588  -63.780  13.957 0.0000000000
13159  45.058  -65.039  13.487 0.0000000000
22029  47.521  -56.506  10.715 0.0000000000
23314  47.788  -55.530  10.358 0.0000000000
23331  45.532  -55.514  9.640 0.0000000000
23343  45.811  -54.787  8.633 0.0000000000
24590  46.099  -54.248  7.960 0.0000000000
24516  47.307  -54.650  11.465 0.0000000000
25786  48.047  -54.077  11.230 0.0000000000
24515  48.385  -54.338  11.576 0.0000000000
24511  51.896  -54.157  11.446 0.0000000000
23290  51.435  -55.320  11.641 0.0000000000
18383  48.553  -59.878  14.970 0.0000000000
19535  49.751  -58.592  14.151 0.0000000000
18399  49.086  -59.127  14.110 0.0000000000
18443  49.293  -58.843  11.836 0.0000000000
19570  49.659  -58.076  12.217 0.0000000000
20760  49.878  -57.666  11.675 0.0000000000
20759  50.371  -57.059  11.552 0.0000000000
20777  49.465  -57.586  10.774 0.0000000000
19620  49.074  -58.531  10.267 0.0000000000
16241  47.198  -60.972  9.638 0.0000000000
18486  47.843  -59.373  9.713 0.0000000000
18487  46.996  -59.801  9.405 0.0000000000
18488  46.114  -60.035  9.417 0.0000000000
10375  42.820  -67.355  7.433 0.0000000000
13240  43.256  -64.922  8.330 0.0000000000
12229  42.335  -65.512  8.759 0.0000000000
13220  42.426  -64.476  9.395 0.0000000000
14218  43.544  -63.433  9.446 0.0000000000
15215  43.929  -62.855  9.937 0.0000000000
14217  44.819  -63.076  8.931 0.0000000000
15234  45.593  -62.627  7.465 0.0000000000
15224  45.570  -62.640  8.275 0.0000000000
16251  45.578  -61.956  8.018 0.0000000000
17404  45.132  -61.276  8.495 0.0000000000
16252  45.091  -61.607  7.966 0.0000000000
27096  43.328  -52.299  8.757 0.0000000000
27075  43.820  -52.700  9.248 0.0000000000
27074  44.790  -52.903  9.006 0.0000000000
25839  44.217  -53.244  9.583 0.0000000000
23272  43.569  -55.703  12.188 0.0000000000
23297  43.394  -55.148  11.583 0.0000000000
23296  44.318  -55.296  11.595 0.0000000000
24543  44.816  -54.217  10.597 0.0000000000
23295  45.269  -55.305  11.725 0.0000000000
24517  46.068  -54.732  11.292 0.0000000000
23270  45.403  -55.781  12.400 0.0000000000
21951  45.711  -57.294  14.760 0.0000000000
21950  46.818  -57.407  14.382 0.0000000000
20705  46.192  -57.623  15.204 0.0000000000
19511  45.625  -58.863  17.331 0.0000000000
19501  46.074  -58.662  17.739 0.0000000000
19510  46.761  -58.294  16.797 0.0000000000
24587  48.928  -53.907  8.448 0.0000000000
24586  49.874  -53.762  8.744 0.0000000000
24605  49.500  -53.782  7.611 0.0000000000
25907  50.855  -53.081  5.980 0.0000000000
20780  46.213  -57.589  10.627 0.0000000000
22030  46.466  -56.638  10.621 0.0000000000
23267  48.435  -55.286  12.541 0.0000000000
24494  49.185  -54.400  12.013 0.0000000000
23246  48.695  -55.842  13.137 0.0000000000
23244  50.514  -55.980  12.951 0.0000000000
17293  47.296  -60.734  13.419 0.0000000000
18415  48.728  -59.407  13.374 0.0000000000
17315  47.316  -60.737  12.139 0.0000000000
17334  48.261  -60.124  11.440 0.0000000000
18461  48.679  -59.423  10.796 0.0000000000
17358  47.764  -60.605  10.660 0.0000000000
16228  47.245  -61.190  10.166 0.0000000000
16229  46.481  -61.499  10.056 0.0000000000
14230  44.665  -63.707  8.410 0.0000000000
14243  44.988  -64.149  7.650 0.0000000000
21995  44.597  -56.401  12.871 0.0000000000
21971  44.711  -56.704  13.720 0.0000000000
21952  44.770  -56.698  14.788 0.0000000000
21936  45.138  -56.632  15.764 0.0000000000
27090  51.309  -52.596  8.839 0.0000000000
25855  51.187  -52.980  8.271 0.0000000000
24606  48.441  -53.803  7.379 0.0000000000
24627  48.949  -53.819  6.509 0.0000000000
24657  49.248  -53.827  5.543 0.0000000000
19508  48.416  -59.071  15.926 0.0000000000
19507  48.958  -58.914  15.631 0.0000000000
17247  48.753  -59.984  16.151 0.0000000000
17262  48.588  -60.181  15.643 0.0000000000
16160  47.197  -61.623  15.039 0.0000000000
15141  47.147  -62.216  15.522 0.0000000000
16161  46.936  -61.741  14.388 0.0000000000
14143  45.877  -63.147  13.867 0.0000000000
15155  45.785  -63.153  13.506 0.0000000000
23313  49.102  -55.141  10.465 0.0000000000
24540  50.035  -54.613  10.296 0.0000000000
23328  48.734  -54.575  9.780 0.0000000000
24570  47.605  -54.394  8.988 0.0000000000
23315  46.641  -55.767  10.366 0.0000000000
23330  46.818  -54.912  9.375 0.0000000000
24589  46.970  -54.347  8.157 0.0000000000
24607  47.353  -53.700  7.190 0.0000000000
25893  46.528  -53.730  6.621 0.0000000000
17383  43.414  -60.449  9.368 0.0000000000
25809  46.552  -53.676  10.258 0.0000000000
25836  47.244  -53.159  9.797 0.0000000000
24537  51.956  -54.391  10.897 0.0000000000
23311  51.201  -55.235  10.827 0.0000000000
20720  50.573  -57.397  12.981 0.0000000000
19556  49.779  -58.366  13.112 0.0000000000
19555  50.101  -57.827  12.695 0.0000000000
20738  50.833  -56.901  12.189 0.0000000000
22014  51.058  -56.018  11.894 0.0000000000
22015  50.601  -56.252  11.500 0.0000000000
23312  50.389  -55.381  10.800 0.0000000000
22027  49.880  -56.284  11.127 0.0000000000
19602  47.882  -58.046  10.184 0.0000000000
18485  48.609  -59.282  10.055 0.0000000000
19622  47.686  -58.629  9.847 0.0000000000
19603  47.059  -58.330  10.439 0.0000000000
19604  46.119  -58.548  10.263 0.0000000000
19625  45.615  -59.567  9.727 0.0000000000
13178  44.506  -64.923  12.428 0.0000000000
11253  42.721  -66.460  8.138 0.0000000000
14182  43.674  -63.910  11.605 0.0000000000
15192  44.556  -63.034  11.904 0.0000000000
15191  45.272  -62.033  11.200 0.0000000000
16230  45.768  -61.686  10.154 0.0000000000
16243  45.870  -61.845  9.194 0.0000000000
14216  45.281  -63.002  8.816 0.0000000000
17381  45.806  -60.948  9.224 0.0000000000
17382  44.600  -60.545  9.176 0.0000000000
28359  44.527  -51.534  7.308 0.0000000000
28331  43.852  -51.686  8.179 0.0000000000
28330  44.968  -51.962  7.988 0.0000000000
27094  45.399  -52.422  8.522 0.0000000000
23298  42.666  -54.862  11.587 0.0000000000
25812  43.604  -53.666  10.038 0.0000000000
25811  44.537  -53.717  10.059 0.0000000000
25810  45.510  -53.704  10.130 0.0000000000
24541  46.729  -54.231  10.793 0.0000000000
24496  47.416  -55.154  11.999 0.0000000000
21994  45.526  -56.435  12.955 0.0000000000
21993  46.462  -56.409  13.016 0.0000000000
23268  47.326  -55.572  12.586 0.0000000000
21968  47.736  -56.598  13.605 0.0000000000
21949  47.943  -57.270  14.298 0.0000000000
19538  47.708  -58.365  15.202 0.0000000000
20690  46.497  -57.908  16.301 0.0000000000
19522  47.169  -58.467  15.872 0.0000000000
19521  48.025  -58.682  15.628 0.0000000000
24585  50.644  -53.632  9.049 0.0000000000
25873  51.155  -52.901  7.504 0.0000000000
24626  50.178  -53.616  6.686 0.0000000000
25891  50.988  -53.121  6.904 0.0000000000
10374  43.225  -67.208  7.098 0.0000000000
11274  43.033  -66.852  7.656 0.0000000000
12131  44.939  -65.281  14.365 0.0000000000
12149  44.927  -65.448  13.772 0.0000000000
12157  44.781  -65.286  13.371 0.0000000000
12171  44.161  -65.272  12.351 0.0000000000
13160  44.823  -64.991  13.008 0.0000000000
13199  43.318  -64.294  11.349 0.0000000000
13219  43.227  -64.192  8.906 0.0000000000
13241  42.575  -64.901  8.720 0.0000000000
13281  45.466  -64.341  6.334 0.0000000000
14161  44.752  -64.440  12.664 0.0000000000
14200  43.968  -63.357  11.444 0.0000000000
14201  43.365  -63.489  10.712 0.0000000000
14219  42.849  -63.810  9.615 0.0000000000
14229  45.333  -63.124  8.514 0.0000000000
15102  46.956  -62.492  16.348 0.0000000000
15121  47.354  -62.316  16.131 0.0000000000
15142  46.717  -62.368  14.683 0.0000000000
15204  43.725  -63.057  10.180 0.0000000000
15213  45.411  -62.738  9.041 0.0000000000
15214  44.460  -62.690  9.594 0.0000000000
16127  48.147  -61.295  16.958 0.0000000000
16128  47.588  -61.770  16.694 0.0000000000
16176  47.143  -61.317  14.198 0.0000000000
16177  46.796  -61.562  13.590 0.0000000000
16196  47.073  -61.009  11.870 0.0000000000
16197  46.722  -61.302  12.264 0.0000000000
16212  47.143  -60.901  11.305 0.0000000000
17238  47.967  -60.223  17.139 0.0000000000
17248  48.270  -60.621  16.612 0.0000000000
17261  48.772  -59.726  15.701 0.0000000000
17263  47.749  -60.996  15.815 0.0000000000
17277  48.239  -60.326  14.881 0.0000000000
17292  47.960  -60.058  13.918 0.0000000000
17294  46.932  -61.017  12.748 0.0000000000
17357  48.231  -59.983  10.370 0.0000000000
17379  47.624  -60.378  9.770 0.0000000000
17380  46.821  -60.641  9.444 0.0000000000
17384  42.264  -60.340  9.288 0.0000000000
17423  44.580  -61.413  8.005 0.0000000000
18372  48.812  -59.372  15.763 0.0000000000
18400  48.539  -59.628  14.402 0.0000000000
18414  49.386  -58.873  13.493 0.0000000000
18428  49.321  -58.842  12.704 0.0000000000
18429  48.744  -59.417  12.247 0.0000000000
18444  48.817  -59.325  11.467 0.0000000000
18462  44.863  -59.426  10.017 0.0000000000
18463  44.420  -59.367  10.102 0.0000000000
18464  43.599  -59.252  10.267 0.0000000000
18484  49.072  -58.979  10.501 0.0000000000
19500  46.857  -58.921  17.230 0.0000000000
19509  47.533  -59.090  16.561 0.0000000000
19519  49.321  -58.724  15.165 0.0000000000
19520  48.945  -58.491  15.423 0.0000000000
19536  49.060  -58.043  15.283 0.0000000000
19569  49.889  -57.766  12.254 0.0000000000
19584  49.569  -58.279  11.348 0.0000000000
19600  49.367  -58.496  10.740 0.0000000000
19601  48.417  -57.981  10.120 0.0000000000
19621  48.490  -58.510  9.937 0.0000000000
19624  46.166  -59.330  9.723 0.0000000000
20666  46.348  -57.954  17.505 0.0000000000
20688  49.420  -58.321  15.126 0.0000000000
20689  49.337  -58.088  15.135 0.0000000000
20719  50.790  -57.052  12.562 0.0000000000
20740  49.840  -57.732  12.021 0.0000000000
20758  50.746  -56.629  11.784 0.0000000000
20778  48.327  -57.418  10.468 0.0000000000
20795  49.038  -58.165  10.173 0.0000000000
21948  49.032  -57.168  14.318 0.0000000000
21964  50.817  -56.776  12.636 0.0000000000
21965  50.529  -56.795  13.381 0.0000000000
21966  49.834  -56.565  13.711 0.0000000000
21972  43.793  -56.504  13.685 0.0000000000
21991  51.010  -56.090  12.195 0.0000000000
21992  47.222  -56.293  13.150 0.0000000000
21996  43.724  -56.329  12.735 0.0000000000
22016  50.434  -55.880  11.260 0.0000000000
22026  50.282  -56.687  11.348 0.0000000000
22031  45.296  -56.513  10.354 0.0000000000
23247  47.873  -55.847  13.062 0.0000000000
23264  51.308  -55.268  12.190 0.0000000000
23269  46.321  -55.804  12.468 0.0000000000
23289  51.799  -54.769  11.653 0.0000000000
23291  51.154  -55.582  11.363 0.0000000000
23292  50.806  -55.663  11.196 0.0000000000
23293  46.937  -55.336  12.042 0.0000000000
23309  51.916  -54.821  11.277 0.0000000000
24514  48.978  -54.056  11.599 0.0000000000
24518  45.060  -54.684  11.219 0.0000000000
24536  51.990  -54.419  11.302 0.0000000000
24544  43.877  -54.231  10.472 0.0000000000
24565  51.572  -53.976  10.363 0.0000000000
24567  50.373  -54.136  9.649 0.0000000000
24569  48.425  -54.270  9.159 0.0000000000
24608  46.504  -53.803  7.133 0.0000000000
24629  46.973  -53.814  6.228 0.0000000000
25785  48.679  -53.839  11.227 0.0000000000
25803  52.020  -54.070  11.139 0.0000000000
25834  51.095  -53.577  9.232 0.0000000000
25835  47.781  -53.000  10.043 0.0000000000
25874  50.803  -53.255  7.651 0.0000000000
25875  46.811  -53.681  6.687 0.0000000000
25876  46.618  -53.675  6.844 0.0000000000
25890  51.339  -52.736  7.096 0.0000000000
25892  46.641  -53.753  6.403 0.0000000000
27050  48.064  -52.910  10.155 0.0000000000
27114  51.440  -51.856  7.310 0.0000000000
28305  47.142  -52.119  8.744 0.0000000000
