#!ascii label  , from subject 3361 vox2ras=TkReg
1832
70020  -30.401  -15.283  43.319 0.0000000000
87970  -44.775  -0.439  32.846 0.0000000000
86657  -33.873  -2.661  40.488 0.0000000000
66141  -3.051  -19.468  48.358 0.0000000000
67366  -18.795  -17.660  49.292 0.0000000000
77350  -7.923  -10.490  54.472 0.0000000000
78411  -6.872  -10.325  60.451 0.0000000000
83111  -40.134  -4.076  37.252 0.0000000000
76258  -8.683  -11.282  45.552 0.0000000000
61270  -3.084  -23.542  56.862 0.0000000000
72822  -32.026  -13.638  37.862 0.0000000000
70038  -26.203  -14.895  43.551 0.0000000000
71382  -25.415  -13.946  46.566 0.0000000000
89139  -48.397  1.093  30.670 0.0000000000
85429  -37.188  -3.219  39.400 0.0000000000
62563  -15.847  -21.049  46.446 0.0000000000
79664  -2.960  -7.665  49.283 0.0000000000
73886  -4.879  -15.434  52.335 0.0000000000
72689  -7.662  -16.063  49.476 0.0000000000
68629  -2.661  -18.694  45.481 0.0000000000
64821  -10.912  -19.133  58.832 0.0000000000
66008  -8.017  -19.089  60.628 0.0000000000
83065  -34.176  -6.461  41.367 0.0000000000
72660  -25.020  -13.445  50.501 0.0000000000
71424  -19.032  -14.730  45.830 0.0000000000
78441  -6.587  -10.261  57.639 0.0000000000
73846  -3.454  -14.907  55.013 0.0000000000
85489  -42.483  -3.024  34.917 0.0000000000
64876  -12.610  -18.487  54.847 0.0000000000
64933  -14.322  -19.262  50.035 0.0000000000
77413  -9.103  -10.536  49.896 0.0000000000
71421  -9.773  -16.809  45.269 0.0000000000
73804  -10.396  -13.498  60.277 0.0000000000
69893  -6.312  -16.930  58.168 0.0000000000
63699  -3.695  -21.449  52.704 0.0000000000
71473  -32.841  -15.128  42.019 0.0000000000
68678  -29.983  -15.383  41.664 0.0000000000
70075  -31.990  -15.475  40.979 0.0000000000
70041  -28.647  -15.473  43.427 0.0000000000
68717  -27.676  -15.691  41.288 0.0000000000
69972  -28.365  -14.747  45.419 0.0000000000
89133  -46.929  0.486  32.001 0.0000000000
86727  -42.623  -0.991  32.129 0.0000000000
86756  -44.454  -0.364  29.744 0.0000000000
86770  -46.515  -0.006  28.699 0.0000000000
86659  -35.804  -2.602  39.857 0.0000000000
84255  -32.461  -4.331  38.456 0.0000000000
85457  -32.852  -3.238  37.047 0.0000000000
84290  -34.490  -3.403  36.076 0.0000000000
71352  -3.084  -16.783  50.679 0.0000000000
71360  -3.768  -17.004  48.816 0.0000000000
67380  -2.560  -18.916  47.231 0.0000000000
62601  -3.317  -21.531  43.925 0.0000000000
61347  -3.958  -22.446  45.935 0.0000000000
63678  -8.815  -20.189  56.174 0.0000000000
62480  -7.972  -21.222  58.555 0.0000000000
80819  -34.472  -7.815  40.800 0.0000000000
75216  -33.345  -11.792  38.786 0.0000000000
75246  -32.237  -11.752  37.164 0.0000000000
78665  -34.120  -9.659  38.791 0.0000000000
80847  -33.377  -8.126  38.753 0.0000000000
73898  -27.478  -12.827  50.755 0.0000000000
72729  -23.136  -13.550  44.766 0.0000000000
73933  -22.268  -13.395  46.338 0.0000000000
89173  -50.283  1.419  26.645 0.0000000000
91547  -52.107  2.624  25.121 0.0000000000
79565  -6.414  -9.583  59.311 0.0000000000
76186  -4.904  -12.636  56.897 0.0000000000
76164  -4.920  -12.617  58.376 0.0000000000
84295  -41.660  -4.144  36.196 0.0000000000
83152  -37.703  -5.265  34.753 0.0000000000
83154  -39.377  -4.818  34.295 0.0000000000
83176  -39.923  -4.142  33.490 0.0000000000
64837  -15.195  -19.321  57.513 0.0000000000
64864  -15.821  -19.270  55.427 0.0000000000
79614  -5.077  -8.884  53.395 0.0000000000
78534  -5.251  -9.584  51.518 0.0000000000
76225  -9.090  -11.316  52.481 0.0000000000
69985  -6.014  -18.469  45.813 0.0000000000
71377  -9.140  -16.427  47.638 0.0000000000
68632  -6.587  -18.672  44.194 0.0000000000
72557  -12.638  -15.561  59.951 0.0000000000
63651  -5.308  -21.397  59.423 0.0000000000
68529  -7.329  -18.266  59.306 0.0000000000
66049  -5.145  -20.328  57.764 0.0000000000
66065  -4.868  -19.028  55.370 0.0000000000
62490  -3.020  -22.719  54.632 0.0000000000
72798  -33.140  -13.532  39.475 0.0000000000
72699  -27.293  -13.442  48.241 0.0000000000
71385  -27.618  -14.164  46.717 0.0000000000
71428  -25.927  -14.568  45.098 0.0000000000
90340  -49.982  1.369  29.349 0.0000000000
88018  -48.381  0.648  27.414 0.0000000000
83096  -38.935  -4.240  38.034 0.0000000000
83133  -36.241  -4.044  35.693 0.0000000000
63790  -19.412  -20.372  46.250 0.0000000000
62567  -19.047  -20.638  47.631 0.0000000000
78587  -6.271  -9.486  47.723 0.0000000000
73869  -7.271  -13.898  53.781 0.0000000000
73881  -8.644  -14.138  52.665 0.0000000000
72652  -6.390  -15.604  51.305 0.0000000000
71395  -4.330  -17.305  47.274 0.0000000000
68664  -3.560  -18.774  43.368 0.0000000000
66022  -13.439  -18.287  60.318 0.0000000000
68518  -11.368  -17.295  61.765 0.0000000000
64801  -9.305  -19.624  60.231 0.0000000000
61253  -6.550  -22.042  59.904 0.0000000000
84227  -33.629  -4.605  41.177 0.0000000000
83093  -32.707  -6.079  39.055 0.0000000000
71354  -21.467  -14.126  51.305 0.0000000000
72697  -25.677  -13.236  48.386 0.0000000000
73913  -21.535  -13.268  48.432 0.0000000000
69948  -19.042  -16.430  47.997 0.0000000000
79594  -5.286  -8.115  54.422 0.0000000000
80673  -6.213  -7.857  56.379 0.0000000000
77325  -7.344  -10.498  56.058 0.0000000000
75037  -5.985  -13.000  55.630 0.0000000000
73856  -4.219  -14.771  54.056 0.0000000000
69935  -2.998  -17.047  51.777 0.0000000000
87963  -43.425  -1.503  34.190 0.0000000000
85505  -40.672  -2.770  32.859 0.0000000000
64815  -14.487  -18.923  59.127 0.0000000000
64847  -12.255  -18.485  56.951 0.0000000000
64899  -9.576  -19.706  53.915 0.0000000000
62537  -17.924  -21.136  49.244 0.0000000000
63721  -17.452  -21.046  51.400 0.0000000000
63684  -16.775  -20.012  53.535 0.0000000000
64902  -13.071  -18.658  52.628 0.0000000000
64914  -10.876  -19.726  52.123 0.0000000000
80722  -3.179  -7.383  50.367 0.0000000000
77399  -5.902  -9.409  49.995 0.0000000000
76243  -9.406  -10.728  47.902 0.0000000000
73901  -10.192  -13.625  50.397 0.0000000000
73919  -11.036  -13.468  48.252 0.0000000000
73937  -11.341  -13.504  45.871 0.0000000000
76140  -8.205  -11.653  60.260 0.0000000000
71279  -9.352  -15.987  61.406 0.0000000000
72552  -7.445  -14.665  60.202 0.0000000000
74987  -5.123  -13.048  60.140 0.0000000000
71322  -4.612  -15.346  56.724 0.0000000000
68564  -3.613  -17.506  54.103 0.0000000000
64930  -3.543  -20.000  50.767 0.0000000000
59026  -1.931  -25.242  55.158 0.0000000000
60138  -2.546  -24.738  52.425 0.0000000000
62560  -3.864  -22.978  48.269 0.0000000000
70022  -31.858  -15.176  42.502 0.0000000000
71448  -31.090  -14.974  43.307 0.0000000000
70044  -30.635  -15.409  42.627 0.0000000000
68656  -31.406  -15.553  41.724 0.0000000000
70042  -29.201  -15.469  43.285 0.0000000000
68653  -29.228  -15.568  42.557 0.0000000000
69996  -30.264  -15.097  44.022 0.0000000000
69995  -29.727  -15.236  44.642 0.0000000000
89135  -45.723  0.267  31.911 0.0000000000
87975  -43.465  -0.669  32.674 0.0000000000
86742  -43.680  -0.456  30.978 0.0000000000
87987  -44.518  -0.256  31.476 0.0000000000
87988  -45.331  0.104  31.043 0.0000000000
86658  -34.763  -2.570  40.211 0.0000000000
86625  -36.307  -2.062  41.787 0.0000000000
86624  -35.206  -2.331  41.752 0.0000000000
85442  -32.859  -3.389  38.068 0.0000000000
86671  -34.095  -2.677  39.680 0.0000000000
86672  -34.853  -2.711  39.318 0.0000000000
68595  -2.942  -18.029  49.069 0.0000000000
69946  -3.106  -17.676  48.712 0.0000000000
66158  -2.660  -19.583  47.517 0.0000000000
63783  -2.860  -20.769  46.508 0.0000000000
63770  -3.068  -20.694  47.453 0.0000000000
62491  -7.902  -21.848  54.703 0.0000000000
61275  -7.544  -22.028  56.252 0.0000000000
76318  -34.693  -10.826  39.619 0.0000000000
76327  -33.571  -10.933  38.605 0.0000000000
78656  -34.397  -9.731  39.287 0.0000000000
79800  -34.384  -9.092  39.388 0.0000000000
90354  -50.785  1.735  26.812 0.0000000000
90365  -51.119  1.906  25.437 0.0000000000
92535  -52.390  3.700  25.570 0.0000000000
79556  -6.099  -9.906  60.073 0.0000000000
77300  -5.473  -11.889  58.738 0.0000000000
77281  -5.490  -11.078  59.969 0.0000000000
83127  -41.209  -4.357  36.507 0.0000000000
84276  -41.754  -4.168  37.347 0.0000000000
83125  -39.320  -4.854  36.435 0.0000000000
83153  -38.600  -5.275  34.625 0.0000000000
83136  -39.393  -4.801  35.375 0.0000000000
83137  -40.370  -4.491  35.149 0.0000000000
64840  -17.715  -19.114  57.284 0.0000000000
64853  -18.101  -19.460  56.418 0.0000000000
69936  -20.266  -15.535  51.780 0.0000000000
66115  -19.196  -18.225  50.170 0.0000000000
76257  -7.555  -10.771  45.573 0.0000000000
78501  -6.537  -9.653  53.370 0.0000000000
78519  -7.133  -9.979  52.899 0.0000000000
77363  -7.915  -10.335  53.340 0.0000000000
68644  -4.794  -18.723  43.570 0.0000000000
70008  -6.393  -18.489  44.865 0.0000000000
68667  -5.499  -18.980  42.899 0.0000000000
72564  -13.625  -15.892  59.035 0.0000000000
71283  -13.295  -16.485  60.288 0.0000000000
62472  -3.926  -22.402  58.315 0.0000000000
66026  -5.112  -20.821  58.703 0.0000000000
63665  -3.586  -22.091  57.321 0.0000000000
64856  -3.566  -21.388  56.113 0.0000000000
62486  -3.196  -22.878  56.315 0.0000000000
71496  -33.092  -14.381  40.747 0.0000000000
70104  -32.250  -14.714  40.214 0.0000000000
71510  -33.439  -13.869  40.497 0.0000000000
74034  -34.101  -12.648  40.334 0.0000000000
70015  -27.046  -14.870  44.303 0.0000000000
69991  -26.923  -14.590  45.193 0.0000000000
71460  -25.519  -14.692  43.632 0.0000000000
71446  -25.164  -14.480  44.154 0.0000000000
90331  -49.272  1.213  29.831 0.0000000000
88005  -47.551  0.550  29.453 0.0000000000
88011  -47.573  0.376  28.624 0.0000000000
88006  -48.113  0.643  29.044 0.0000000000
89155  -49.596  1.161  28.727 0.0000000000
85448  -38.325  -3.543  39.296 0.0000000000
85432  -39.364  -3.649  40.118 0.0000000000
85411  -38.364  -3.194  40.359 0.0000000000
85461  -36.268  -3.282  37.991 0.0000000000
84309  -35.757  -3.678  36.095 0.0000000000
84293  -36.856  -3.961  37.198 0.0000000000
83108  -37.706  -4.205  37.642 0.0000000000
79665  -3.677  -7.841  48.630 0.0000000000
78585  -4.971  -9.067  47.409 0.0000000000
78568  -4.932  -8.847  48.445 0.0000000000
73878  -5.834  -14.859  53.055 0.0000000000
73889  -6.526  -15.095  52.397 0.0000000000
73887  -5.498  -15.301  52.186 0.0000000000
71370  -3.081  -17.700  47.293 0.0000000000
71372  -4.054  -17.128  47.944 0.0000000000
71417  -3.350  -17.799  46.409 0.0000000000
69983  -4.193  -17.755  46.127 0.0000000000
68642  -2.915  -18.894  44.558 0.0000000000
66194  -2.780  -19.985  44.250 0.0000000000
66041  -12.039  -18.575  59.661 0.0000000000
66019  -11.011  -18.930  60.427 0.0000000000
64810  -9.887  -19.608  59.833 0.0000000000
61268  -6.244  -22.564  58.327 0.0000000000
61258  -6.785  -21.950  59.182 0.0000000000
60116  -5.520  -23.155  58.531 0.0000000000
60111  -5.377  -22.960  59.000 0.0000000000
84228  -33.835  -5.391  41.422 0.0000000000
81946  -33.381  -7.137  39.993 0.0000000000
81978  -32.873  -7.725  38.495 0.0000000000
83083  -33.408  -6.348  40.169 0.0000000000
83082  -33.033  -5.458  39.748 0.0000000000
72644  -24.318  -13.469  51.702 0.0000000000
72643  -23.102  -13.895  52.078 0.0000000000
72658  -22.365  -13.714  51.101 0.0000000000
72709  -26.311  -13.775  47.437 0.0000000000
72698  -26.557  -13.398  48.175 0.0000000000
72708  -25.471  -13.746  47.413 0.0000000000
73939  -20.204  -13.457  46.093 0.0000000000
73923  -21.900  -13.176  47.420 0.0000000000
73920  -19.531  -13.803  47.600 0.0000000000
72693  -19.650  -14.040  48.611 0.0000000000
71403  -18.866  -15.407  46.897 0.0000000000
68613  -18.876  -17.122  46.293 0.0000000000
80657  -6.536  -8.519  58.062 0.0000000000
80665  -6.442  -8.231  57.465 0.0000000000
78459  -6.642  -8.945  56.472 0.0000000000
77324  -7.044  -10.550  56.717 0.0000000000
76198  -6.919  -11.674  56.109 0.0000000000
76188  -5.978  -12.016  56.794 0.0000000000
75021  -4.305  -13.294  56.201 0.0000000000
75035  -4.699  -13.779  55.466 0.0000000000
73847  -3.665  -14.722  54.669 0.0000000000
72623  -3.480  -16.202  52.633 0.0000000000
72618  -3.443  -16.039  53.524 0.0000000000
86707  -42.873  -2.070  34.363 0.0000000000
86699  -43.988  -1.741  34.972 0.0000000000
86694  -43.456  -2.891  36.288 0.0000000000
84325  -41.319  -3.672  34.192 0.0000000000
84337  -40.246  -3.662  33.252 0.0000000000
85496  -41.922  -2.727  34.081 0.0000000000
86706  -42.383  -2.188  34.027 0.0000000000
64806  -15.926  -18.825  58.997 0.0000000000
64849  -14.524  -18.961  56.656 0.0000000000
64848  -13.468  -18.542  56.817 0.0000000000
64861  -12.420  -18.476  55.938 0.0000000000
64874  -10.001  -19.535  55.545 0.0000000000
64889  -10.397  -19.400  54.443 0.0000000000
61341  -17.751  -21.310  46.846 0.0000000000
62552  -18.244  -20.911  48.552 0.0000000000
62549  -16.673  -21.227  47.861 0.0000000000
64948  -14.959  -19.693  49.506 0.0000000000
63736  -15.994  -20.691  50.069 0.0000000000
64919  -16.035  -20.108  51.340 0.0000000000
63694  -17.151  -20.493  52.833 0.0000000000
64904  -15.229  -19.527  52.266 0.0000000000
64893  -15.218  -19.550  53.320 0.0000000000
64916  -13.279  -18.909  51.676 0.0000000000
64931  -10.829  -19.754  50.782 0.0000000000
80714  -3.817  -7.463  51.117 0.0000000000
77388  -6.807  -9.896  51.153 0.0000000000
77386  -5.135  -9.536  50.598 0.0000000000
77411  -7.494  -9.548  49.568 0.0000000000
77419  -7.683  -9.494  48.651 0.0000000000
77421  -8.965  -10.363  48.944 0.0000000000
72654  -8.373  -15.075  50.875 0.0000000000
72641  -9.398  -14.180  51.393 0.0000000000
72672  -9.119  -15.135  50.028 0.0000000000
71399  -8.595  -17.026  46.452 0.0000000000
72702  -10.278  -15.259  48.281 0.0000000000
71379  -10.747  -15.036  47.269 0.0000000000
73928  -11.206  -13.578  47.264 0.0000000000
72725  -11.015  -14.914  46.152 0.0000000000
71423  -11.393  -14.784  45.107 0.0000000000
74983  -9.247  -12.558  60.499 0.0000000000
66003  -9.764  -18.512  60.958 0.0000000000
69867  -10.194  -16.803  61.372 0.0000000000
68514  -9.061  -17.554  60.904 0.0000000000
68541  -6.852  -17.808  58.365 0.0000000000
69885  -7.217  -16.505  59.714 0.0000000000
71290  -6.685  -15.459  59.448 0.0000000000
73803  -6.343  -13.531  60.024 0.0000000000
72569  -5.382  -14.794  58.812 0.0000000000
72567  -4.789  -14.635  58.260 0.0000000000
69902  -5.430  -16.062  57.218 0.0000000000
64886  -4.185  -20.428  54.123 0.0000000000
67326  -4.150  -18.163  54.364 0.0000000000
66078  -3.971  -19.090  52.507 0.0000000000
66084  -3.623  -18.663  51.734 0.0000000000
64913  -3.744  -19.908  51.839 0.0000000000
57974  -1.641  -26.750  53.358 0.0000000000
59032  -1.987  -25.661  53.336 0.0000000000
71487  -33.396  -13.874  41.353 0.0000000000
68700  -29.962  -15.011  41.029 0.0000000000
68722  -30.727  -15.091  40.171 0.0000000000
68680  -31.475  -15.512  41.230 0.0000000000
70076  -32.650  -15.517  41.225 0.0000000000
70039  -27.212  -15.171  43.388 0.0000000000
68675  -28.136  -15.782  42.517 0.0000000000
68698  -28.610  -15.689  41.390 0.0000000000
70017  -28.588  -15.298  44.107 0.0000000000
90323  -47.633  0.808  31.178 0.0000000000
86755  -43.391  -0.497  29.697 0.0000000000
86767  -44.207  -0.515  28.861 0.0000000000
86784  -45.726  -0.336  28.142 0.0000000000
86757  -45.471  -0.147  29.702 0.0000000000
87990  -46.634  0.477  30.273 0.0000000000
85428  -36.356  -2.983  39.174 0.0000000000
85410  -37.537  -2.893  40.144 0.0000000000
86643  -36.813  -2.458  40.766 0.0000000000
87896  -37.106  -1.722  42.453 0.0000000000
81975  -31.430  -5.587  37.370 0.0000000000
84271  -31.614  -4.676  37.275 0.0000000000
84287  -31.623  -4.104  36.551 0.0000000000
85470  -32.882  -3.247  36.220 0.0000000000
84306  -33.548  -3.610  35.360 0.0000000000
85471  -33.662  -3.133  36.448 0.0000000000
85460  -35.600  -3.039  37.855 0.0000000000
72634  -3.879  -15.861  51.708 0.0000000000
72650  -4.717  -15.899  50.938 0.0000000000
72665  -3.547  -16.646  49.901 0.0000000000
69953  -2.935  -17.896  47.607 0.0000000000
67387  -2.414  -18.979  46.317 0.0000000000
65018  -2.864  -20.477  44.831 0.0000000000
65003  -2.536  -20.347  45.985 0.0000000000
63810  -3.222  -21.365  44.948 0.0000000000
63669  -9.986  -19.378  57.988 0.0000000000
63662  -8.979  -20.083  58.896 0.0000000000
63667  -8.446  -20.581  57.310 0.0000000000
81934  -34.402  -7.156  40.944 0.0000000000
74046  -33.001  -12.727  38.541 0.0000000000
72838  -32.348  -12.810  37.568 0.0000000000
76326  -33.079  -11.445  38.336 0.0000000000
76335  -32.886  -10.939  37.914 0.0000000000
78673  -33.287  -9.572  37.761 0.0000000000
79804  -33.787  -8.665  38.026 0.0000000000
81963  -33.625  -7.861  39.542 0.0000000000
72661  -25.921  -12.992  50.287 0.0000000000
71404  -24.593  -13.910  45.486 0.0000000000
72706  -23.856  -13.546  46.809 0.0000000000
72718  -23.077  -13.668  45.668 0.0000000000
73950  -20.383  -13.327  45.177 0.0000000000
89198  -50.327  1.555  25.333 0.0000000000
90371  -51.097  1.949  24.678 0.0000000000
91558  -52.155  2.926  23.237 0.0000000000
92584  -52.574  3.845  22.498 0.0000000000
78431  -6.416  -9.570  58.776 0.0000000000
76176  -5.889  -11.784  57.355 0.0000000000
78449  -5.896  -11.571  58.243 0.0000000000
76174  -5.108  -12.484  57.709 0.0000000000
75013  -3.942  -13.547  56.788 0.0000000000
84312  -41.919  -3.669  35.493 0.0000000000
84296  -42.386  -3.765  36.691 0.0000000000
82019  -37.834  -5.476  33.087 0.0000000000
82041  -38.548  -4.978  32.222 0.0000000000
82042  -38.912  -4.688  32.489 0.0000000000
83175  -39.477  -4.645  33.573 0.0000000000
83156  -40.891  -4.041  34.328 0.0000000000
64818  -17.069  -18.802  58.799 0.0000000000
64828  -17.460  -18.857  58.238 0.0000000000
64850  -15.491  -19.313  56.532 0.0000000000
64863  -14.810  -18.919  55.557 0.0000000000
64973  -13.924  -19.673  47.460 0.0000000000
66113  -12.800  -19.072  49.846 0.0000000000
79624  -3.896  -8.404  52.586 0.0000000000
78515  -3.962  -8.960  51.973 0.0000000000
78517  -5.491  -9.597  52.358 0.0000000000
77375  -6.947  -10.067  52.025 0.0000000000
77391  -9.432  -11.081  51.334 0.0000000000
71375  -6.689  -17.033  48.026 0.0000000000
71365  -8.392  -16.356  48.637 0.0000000000
71398  -7.290  -17.396  47.141 0.0000000000
69967  -7.575  -17.620  46.244 0.0000000000
69987  -8.122  -17.547  45.395 0.0000000000
72594  -14.453  -15.236  57.053 0.0000000000
72571  -12.383  -14.910  59.126 0.0000000000
73798  -11.530  -14.569  59.996 0.0000000000
64786  -6.514  -20.348  60.182 0.0000000000
67281  -7.764  -18.575  60.309 0.0000000000
66017  -6.476  -19.917  59.581 0.0000000000
67295  -6.358  -19.647  58.577 0.0000000000
67306  -6.245  -18.677  57.261 0.0000000000
67312  -5.767  -18.252  56.532 0.0000000000
64844  -4.414  -20.229  56.466 0.0000000000
64870  -3.728  -21.023  55.259 0.0000000000
63689  -3.739  -21.669  53.803 0.0000000000
71521  -31.393  -14.439  38.527 0.0000000000
68723  -31.219  -14.998  40.163 0.0000000000
70121  -31.817  -14.470  39.633 0.0000000000
72810  -32.925  -13.192  38.861 0.0000000000
74047  -33.343  -12.472  39.134 0.0000000000
75199  -34.545  -11.427  39.713 0.0000000000
71384  -26.852  -14.095  46.691 0.0000000000
71409  -28.052  -14.543  46.072 0.0000000000
71407  -26.672  -14.418  45.982 0.0000000000
71406  -26.019  -14.310  45.948 0.0000000000
71426  -24.450  -14.139  44.666 0.0000000000
88028  -47.582  0.486  26.847 0.0000000000
89167  -49.192  0.857  26.970 0.0000000000
89162  -49.927  1.223  28.013 0.0000000000
83097  -39.683  -4.204  37.959 0.0000000000
84260  -40.570  -4.302  38.454 0.0000000000
84259  -39.667  -4.212  38.772 0.0000000000
84323  -34.110  -3.844  34.895 0.0000000000
83134  -37.386  -4.883  35.657 0.0000000000
83124  -38.275  -4.753  36.523 0.0000000000
66144  -19.467  -18.777  47.486 0.0000000000
64963  -19.411  -19.605  48.183 0.0000000000
62581  -19.223  -20.811  46.713 0.0000000000
61354  -18.260  -21.093  46.320 0.0000000000
77438  -6.633  -9.855  46.536 0.0000000000
77439  -7.383  -10.013  46.552 0.0000000000
75055  -8.304  -12.297  54.693 0.0000000000
76216  -8.927  -12.199  53.393 0.0000000000
73870  -8.175  -13.731  53.448 0.0000000000
72639  -7.755  -15.035  51.708 0.0000000000
72670  -6.997  -15.834  50.314 0.0000000000
72668  -5.158  -16.260  50.334 0.0000000000
72687  -5.624  -16.458  49.559 0.0000000000
71363  -6.107  -16.577  48.735 0.0000000000
69964  -4.706  -17.627  46.709 0.0000000000
68525  -12.670  -17.447  61.012 0.0000000000
67284  -11.897  -18.051  61.282 0.0000000000
66012  -10.923  -18.514  60.945 0.0000000000
64790  -8.913  -19.359  60.776 0.0000000000
63657  -8.922  -20.012  59.511 0.0000000000
62463  -8.113  -20.623  60.029 0.0000000000
63641  -7.563  -20.390  60.466 0.0000000000
62459  -5.769  -21.556  59.935 0.0000000000
61261  -4.521  -23.000  58.822 0.0000000000
60119  -3.471  -24.218  57.577 0.0000000000
85409  -33.521  -3.458  40.783 0.0000000000
86623  -34.349  -2.868  41.974 0.0000000000
85386  -34.174  -3.449  42.655 0.0000000000
72848  -31.243  -12.953  36.528 0.0000000000
81976  -31.692  -6.258  37.697 0.0000000000
84241  -33.173  -4.260  40.074 0.0000000000
71350  -21.532  -14.381  52.131 0.0000000000
69940  -19.526  -15.626  50.559 0.0000000000
72681  -27.388  -13.065  49.100 0.0000000000
72680  -26.540  -13.031  49.103 0.0000000000
72678  -24.688  -13.204  49.457 0.0000000000
72695  -23.690  -13.293  47.815 0.0000000000
72677  -23.245  -13.142  49.364 0.0000000000
72676  -21.831  -13.453  49.943 0.0000000000
71358  -19.610  -14.824  49.915 0.0000000000
68596  -18.753  -16.962  48.606 0.0000000000
67381  -19.334  -17.985  46.849 0.0000000000
95877  -53.198  5.344  21.678 0.0000000000
96962  -52.284  6.163  21.344 0.0000000000
96943  -49.902  6.122  21.841 0.0000000000
79604  -5.252  -8.419  53.977 0.0000000000
79606  -6.449  -9.111  54.422 0.0000000000
80681  -5.726  -7.770  55.122 0.0000000000
79596  -6.542  -8.832  55.123 0.0000000000
77337  -7.635  -10.529  55.420 0.0000000000
75039  -7.847  -12.214  55.316 0.0000000000
75053  -6.405  -13.519  54.843 0.0000000000
73867  -5.461  -14.744  53.830 0.0000000000
75023  -5.605  -12.678  56.259 0.0000000000
75051  -5.126  -14.180  55.033 0.0000000000
73876  -4.699  -15.255  53.034 0.0000000000
72624  -3.706  -15.931  52.352 0.0000000000
69939  -2.704  -17.036  50.815 0.0000000000
68578  -3.039  -17.497  50.462 0.0000000000
87969  -44.096  -0.681  33.271 0.0000000000
82062  -39.136  -3.999  32.211 0.0000000000
84362  -39.315  -3.444  31.749 0.0000000000
85515  -39.821  -2.689  31.813 0.0000000000
86715  -41.526  -1.818  32.627 0.0000000000
87974  -42.899  -1.186  33.117 0.0000000000
66043  -13.882  -18.874  59.498 0.0000000000
64813  -12.535  -18.571  59.105 0.0000000000
64825  -14.883  -19.161  58.328 0.0000000000
64835  -13.230  -18.623  57.730 0.0000000000
64834  -12.028  -18.473  57.859 0.0000000000
63682  -8.992  -20.054  55.335 0.0000000000
63753  -19.285  -20.045  49.192 0.0000000000
63740  -19.241  -20.438  50.281 0.0000000000
63723  -18.590  -20.705  51.076 0.0000000000
63763  -16.111  -21.097  48.600 0.0000000000
62506  -17.822  -21.282  50.787 0.0000000000
63708  -18.593  -20.206  52.084 0.0000000000
63696  -18.297  -20.148  52.837 0.0000000000
63686  -17.965  -19.912  53.616 0.0000000000
64867  -18.321  -19.577  55.462 0.0000000000
64879  -16.166  -19.524  54.233 0.0000000000
64878  -15.071  -19.054  54.385 0.0000000000
64891  -12.845  -18.348  53.725 0.0000000000
66085  -12.272  -19.036  51.212 0.0000000000
64901  -11.675  -18.768  52.864 0.0000000000
64890  -11.510  -18.875  54.045 0.0000000000
64900  -10.417  -19.509  53.232 0.0000000000
79654  -2.807  -7.850  50.013 0.0000000000
78532  -3.831  -8.905  51.350 0.0000000000
78546  -4.449  -9.255  50.259 0.0000000000
78556  -4.650  -9.052  49.375 0.0000000000
77409  -5.910  -9.324  49.043 0.0000000000
77429  -7.778  -9.808  47.419 0.0000000000
76249  -8.856  -10.817  46.467 0.0000000000
76223  -9.336  -12.003  52.746 0.0000000000
75072  -10.079  -12.554  51.188 0.0000000000
75077  -10.350  -12.472  50.312 0.0000000000
72691  -9.942  -15.128  48.965 0.0000000000
72674  -10.569  -13.803  49.483 0.0000000000
75080  -10.600  -12.439  49.350 0.0000000000
76244  -10.436  -11.722  47.703 0.0000000000
76251  -10.645  -11.998  46.939 0.0000000000
75089  -10.453  -11.849  46.165 0.0000000000
73949  -11.437  -13.083  45.050 0.0000000000
71277  -12.075  -16.160  61.381 0.0000000000
72545  -10.760  -15.686  61.279 0.0000000000
73787  -9.697  -14.454  61.005 0.0000000000
69871  -8.165  -16.822  60.835 0.0000000000
72546  -8.469  -15.397  61.048 0.0000000000
73786  -8.953  -14.321  61.097 0.0000000000
73793  -7.715  -13.438  60.738 0.0000000000
74980  -6.977  -12.496  60.644 0.0000000000
76136  -5.775  -11.794  60.376 0.0000000000
74985  -4.557  -13.262  59.285 0.0000000000
73819  -4.292  -14.216  57.781 0.0000000000
72601  -3.620  -15.198  56.083 0.0000000000
68554  -4.405  -16.877  55.547 0.0000000000
68559  -3.703  -17.061  54.897 0.0000000000
71336  -3.400  -16.235  54.506 0.0000000000
68572  -3.223  -17.385  52.116 0.0000000000
67346  -3.333  -18.070  50.984 0.0000000000
66125  -3.228  -19.331  49.200 0.0000000000
59018  -2.401  -24.984  56.804 0.0000000000
57961  -2.049  -25.977  55.765 0.0000000000
60127  -2.128  -24.204  56.231 0.0000000000
61276  -2.311  -23.417  55.456 0.0000000000
61282  -2.471  -23.445  53.454 0.0000000000
62494  -3.288  -22.528  52.584 0.0000000000
61291  -3.253  -24.394  51.213 0.0000000000
62502  -3.371  -22.411  51.534 0.0000000000
62517  -3.424  -22.220  50.442 0.0000000000
63746  -3.343  -21.096  49.562 0.0000000000
63758  -3.206  -20.918  48.494 0.0000000000
61336  -4.000  -22.610  46.797 0.0000000000
60190  -4.881  -23.927  46.130 0.0000000000
70021  -31.158  -15.248  42.945 0.0000000000
69997  -30.734  -15.057  43.477 0.0000000000
70043  -29.855  -15.417  42.981 0.0000000000
70019  -29.768  -15.349  43.767 0.0000000000
71432  -30.867  -14.694  43.799 0.0000000000
89131  -45.527  -0.087  32.934 0.0000000000
89128  -46.345  0.232  33.570 0.0000000000
87976  -44.296  -0.386  32.386 0.0000000000
87977  -44.979  -0.055  32.106 0.0000000000
86641  -34.548  -2.508  41.106 0.0000000000
85427  -33.453  -3.185  39.811 0.0000000000
67365  -3.070  -18.642  48.983 0.0000000000
67373  -2.889  -18.821  48.156 0.0000000000
64969  -2.969  -20.185  47.850 0.0000000000
61281  -7.466  -22.651  54.534 0.0000000000
77501  -34.658  -10.354  39.697 0.0000000000
78420  -6.682  -9.845  60.121 0.0000000000
79555  -5.752  -10.330  60.182 0.0000000000
78409  -5.810  -10.611  60.466 0.0000000000
83112  -40.943  -4.411  37.029 0.0000000000
84275  -41.026  -4.296  37.732 0.0000000000
83126  -40.347  -4.336  36.196 0.0000000000
66061  -19.505  -18.798  57.003 0.0000000000
68580  -19.315  -16.407  51.030 0.0000000000
67357  -19.036  -17.253  50.325 0.0000000000
78502  -7.284  -9.892  53.772 0.0000000000
77364  -8.408  -10.983  53.698 0.0000000000
68645  -5.262  -18.716  43.709 0.0000000000
71284  -13.937  -16.629  59.973 0.0000000000
61266  -3.520  -23.179  57.604 0.0000000000
63661  -3.822  -21.935  57.919 0.0000000000
62482  -3.412  -22.742  57.041 0.0000000000
71497  -33.419  -13.871  40.958 0.0000000000
72788  -33.772  -13.372  40.732 0.0000000000
72800  -34.027  -12.955  40.615 0.0000000000
89146  -48.635  1.041  30.115 0.0000000000
89145  -47.933  0.889  30.423 0.0000000000
89153  -48.235  0.809  29.637 0.0000000000
85447  -37.773  -3.540  38.968 0.0000000000
85430  -38.005  -3.285  39.639 0.0000000000
85446  -36.868  -3.420  38.489 0.0000000000
84273  -36.784  -3.667  37.700 0.0000000000
84256  -37.098  -3.613  38.079 0.0000000000
84257  -37.594  -3.832  38.110 0.0000000000
80729  -3.321  -6.997  48.849 0.0000000000
78567  -4.167  -8.536  49.007 0.0000000000
69962  -2.885  -17.958  46.547 0.0000000000
71393  -3.214  -17.648  46.821 0.0000000000
69980  -2.763  -18.279  46.105 0.0000000000
70003  -2.976  -18.499  45.431 0.0000000000
67413  -2.875  -19.505  43.794 0.0000000000
67404  -2.652  -19.269  44.873 0.0000000000
64812  -11.503  -18.814  59.254 0.0000000000
66040  -11.339  -18.985  59.733 0.0000000000
64811  -10.693  -19.364  59.540 0.0000000000
60117  -5.896  -22.803  58.394 0.0000000000
83072  -33.757  -5.848  40.857 0.0000000000
84220  -33.935  -5.107  41.957 0.0000000000
83064  -34.033  -6.028  41.715 0.0000000000
71553  -31.511  -13.910  37.562 0.0000000000
72645  -25.342  -13.319  51.367 0.0000000000
72659  -23.824  -13.393  50.764 0.0000000000
72727  -19.265  -14.028  45.873 0.0000000000
73931  -20.169  -13.469  47.079 0.0000000000
72717  -19.218  -14.114  46.842 0.0000000000
71380  -19.023  -14.656  47.266 0.0000000000
71425  -18.882  -15.355  46.059 0.0000000000
68612  -18.749  -16.714  46.071 0.0000000000
69989  -18.874  -15.844  45.596 0.0000000000
79579  -6.512  -8.828  57.690 0.0000000000
78451  -6.642  -9.226  57.071 0.0000000000
78452  -6.794  -9.985  57.212 0.0000000000
76189  -6.620  -11.497  56.664 0.0000000000
77315  -6.604  -10.771  57.326 0.0000000000
75020  -3.803  -14.144  55.657 0.0000000000
75033  -3.710  -14.479  55.072 0.0000000000
73854  -3.548  -15.323  54.221 0.0000000000
72614  -3.410  -15.772  54.361 0.0000000000
86698  -43.320  -2.630  35.348 0.0000000000
84326  -41.827  -3.325  34.639 0.0000000000
84339  -41.564  -3.368  34.132 0.0000000000
85488  -42.132  -2.971  34.575 0.0000000000
85497  -42.336  -2.733  34.515 0.0000000000
64862  -13.694  -18.511  55.737 0.0000000000
64875  -11.336  -18.909  55.150 0.0000000000
62565  -16.802  -21.527  46.716 0.0000000000
61328  -17.262  -21.402  47.420 0.0000000000
62564  -16.389  -21.324  46.969 0.0000000000
64934  -15.103  -19.558  50.427 0.0000000000
64905  -15.881  -19.775  51.949 0.0000000000
64917  -14.254  -19.399  51.222 0.0000000000
77402  -8.479  -10.295  50.668 0.0000000000
77401  -7.595  -9.821  50.486 0.0000000000
77412  -8.294  -9.860  49.613 0.0000000000
76236  -9.771  -10.838  49.206 0.0000000000
72671  -7.993  -15.433  50.111 0.0000000000
71400  -9.931  -16.169  46.553 0.0000000000
71401  -10.678  -15.304  46.658 0.0000000000
71422  -10.933  -15.551  45.540 0.0000000000
73805  -10.875  -13.824  59.766 0.0000000000
74984  -10.079  -12.976  60.506 0.0000000000
66002  -9.187  -18.650  61.003 0.0000000000
67275  -9.411  -18.064  60.912 0.0000000000
66001  -8.704  -18.726  60.891 0.0000000000
69894  -6.392  -16.755  58.732 0.0000000000
69884  -6.729  -16.580  59.194 0.0000000000
71300  -6.075  -15.718  59.086 0.0000000000
72570  -5.991  -15.122  59.045 0.0000000000
71299  -5.691  -15.847  58.366 0.0000000000
71312  -5.354  -15.615  57.723 0.0000000000
71313  -5.549  -16.023  57.711 0.0000000000
64898  -4.142  -20.380  52.950 0.0000000000
66074  -4.255  -19.436  53.295 0.0000000000
63714  -3.563  -21.251  51.649 0.0000000000
56842  -1.506  -28.190  52.801 0.0000000000
57983  -1.642  -27.293  52.593 0.0000000000
70063  -32.958  -15.076  41.772 0.0000000000
68699  -29.220  -15.451  41.174 0.0000000000
68679  -30.782  -15.386  41.440 0.0000000000
70046  -32.369  -15.442  42.164 0.0000000000
70061  -32.101  -15.659  41.622 0.0000000000
70062  -32.779  -15.485  41.741 0.0000000000
70077  -32.974  -15.095  41.460 0.0000000000
70040  -28.009  -15.491  43.233 0.0000000000
70060  -27.855  -15.703  42.693 0.0000000000
68651  -28.337  -15.612  42.994 0.0000000000
68677  -29.248  -15.627  41.870 0.0000000000
68676  -28.643  -15.758  42.141 0.0000000000
70018  -29.188  -15.404  44.061 0.0000000000
69994  -29.158  -15.330  44.791 0.0000000000
70016  -27.862  -15.096  44.134 0.0000000000
89137  -47.088  0.576  31.430 0.0000000000
90311  -47.597  0.698  32.037 0.0000000000
86726  -41.420  -1.315  31.448 0.0000000000
87984  -41.207  -1.130  30.745 0.0000000000
86740  -41.649  -0.995  30.807 0.0000000000
86768  -45.130  -0.314  28.869 0.0000000000
89142  -45.972  0.376  31.224 0.0000000000
87989  -46.001  0.340  30.591 0.0000000000
89143  -46.550  0.516  30.974 0.0000000000
89144  -47.263  0.683  30.730 0.0000000000
86660  -36.742  -2.808  39.845 0.0000000000
87885  -36.407  -1.749  42.720 0.0000000000
83107  -31.927  -5.173  37.875 0.0000000000
84272  -32.153  -4.004  37.436 0.0000000000
84288  -32.326  -3.533  36.582 0.0000000000
85458  -33.722  -3.083  37.476 0.0000000000
85444  -35.094  -2.803  38.491 0.0000000000
86673  -35.602  -2.831  39.052 0.0000000000
85445  -35.990  -2.967  38.471 0.0000000000
72648  -3.519  -16.413  50.578 0.0000000000
68604  -2.864  -18.272  47.923 0.0000000000
68611  -2.594  -18.355  46.964 0.0000000000
66182  -2.508  -19.656  45.491 0.0000000000
62572  -3.161  -21.314  46.057 0.0000000000
62586  -3.175  -21.297  45.578 0.0000000000
62587  -3.399  -21.718  45.439 0.0000000000
61361  -3.890  -22.365  44.976 0.0000000000
61362  -4.444  -23.055  45.558 0.0000000000
63674  -8.888  -20.184  56.961 0.0000000000
63673  -8.277  -20.678  56.707 0.0000000000
81935  -34.712  -7.525  41.340 0.0000000000
74059  -33.105  -12.338  38.668 0.0000000000
74058  -32.791  -12.352  38.178 0.0000000000
77510  -33.727  -10.220  38.529 0.0000000000
76336  -33.393  -10.583  38.302 0.0000000000
77519  -33.375  -10.278  38.115 0.0000000000
77518  -33.150  -10.113  37.728 0.0000000000
78674  -33.633  -9.582  38.128 0.0000000000
79811  -33.843  -9.033  37.954 0.0000000000
79805  -34.078  -8.954  38.432 0.0000000000
80835  -34.617  -8.391  40.572 0.0000000000
80834  -34.269  -8.243  39.944 0.0000000000
72647  -27.007  -13.195  50.890 0.0000000000
72730  -23.837  -13.756  45.179 0.0000000000
89172  -49.790  1.204  26.448 0.0000000000
89180  -49.829  1.329  25.746 0.0000000000
89181  -50.293  1.457  25.907 0.0000000000
90364  -50.707  1.664  25.320 0.0000000000
91550  -51.616  2.246  24.851 0.0000000000
91557  -51.566  2.385  23.986 0.0000000000
91552  -52.494  3.165  23.798 0.0000000000
91548  -52.538  3.086  24.596 0.0000000000
78439  -6.151  -10.887  58.468 0.0000000000
78430  -6.207  -10.102  58.958 0.0000000000
76173  -4.499  -12.939  57.460 0.0000000000
75014  -4.272  -13.074  56.849 0.0000000000
76172  -4.325  -13.229  57.548 0.0000000000
84311  -41.378  -4.215  35.412 0.0000000000
82005  -37.340  -5.258  34.178 0.0000000000
82007  -38.599  -5.310  33.713 0.0000000000
82008  -39.080  -5.071  33.453 0.0000000000
82021  -39.030  -4.979  32.982 0.0000000000
84310  -41.011  -4.418  35.284 0.0000000000
83138  -40.949  -4.353  34.869 0.0000000000
83139  -41.376  -4.066  34.944 0.0000000000
64851  -16.392  -19.529  56.450 0.0000000000
66143  -13.603  -19.168  47.919 0.0000000000
64959  -12.535  -19.132  48.226 0.0000000000
78498  -4.343  -9.017  52.823 0.0000000000
78499  -5.078  -9.329  52.919 0.0000000000
77376  -7.834  -10.359  52.358 0.0000000000
77389  -7.725  -10.209  51.406 0.0000000000
77390  -8.772  -10.785  51.713 0.0000000000
69965  -5.556  -17.958  46.708 0.0000000000
69966  -6.668  -18.050  46.612 0.0000000000
69986  -7.116  -18.228  45.630 0.0000000000
70009  -7.460  -18.320  44.618 0.0000000000
68647  -7.182  -18.855  43.660 0.0000000000
72563  -12.974  -15.596  59.402 0.0000000000
72572  -13.089  -15.433  58.768 0.0000000000
72562  -12.188  -15.041  59.736 0.0000000000
72556  -11.957  -15.223  60.414 0.0000000000
63643  -5.916  -21.038  59.802 0.0000000000
66006  -6.619  -19.968  60.086 0.0000000000
66016  -6.044  -20.424  59.220 0.0000000000
66038  -5.132  -20.611  58.367 0.0000000000
66027  -5.755  -20.404  58.723 0.0000000000
66039  -5.830  -20.121  58.229 0.0000000000
67301  -6.426  -19.240  57.966 0.0000000000
66050  -5.801  -19.642  57.561 0.0000000000
66055  -5.766  -19.168  56.942 0.0000000000
66054  -5.161  -19.852  56.948 0.0000000000
63676  -3.374  -22.031  55.761 0.0000000000
64857  -3.990  -20.580  55.876 0.0000000000
63680  -3.453  -21.810  54.842 0.0000000000
70155  -30.954  -15.008  37.810 0.0000000000
70138  -31.041  -14.856  38.357 0.0000000000
68702  -31.396  -15.301  40.668 0.0000000000
70088  -31.856  -15.154  40.479 0.0000000000
71509  -32.983  -14.189  39.997 0.0000000000
71508  -32.265  -14.232  39.635 0.0000000000
71523  -32.420  -13.760  39.123 0.0000000000
72811  -33.406  -13.004  39.478 0.0000000000
75183  -34.111  -12.089  39.925 0.0000000000
70087  -27.119  -15.372  40.893 0.0000000000
72711  -27.912  -13.823  47.440 0.0000000000
72710  -27.111  -13.754  47.405 0.0000000000
69990  -26.451  -14.604  45.104 0.0000000000
71429  -26.429  -14.506  45.469 0.0000000000
71427  -25.249  -14.350  44.956 0.0000000000
71445  -24.130  -14.333  43.797 0.0000000000
90341  -50.598  1.646  28.623 0.0000000000
86769  -45.925  -0.181  28.778 0.0000000000
86804  -46.124  -0.312  27.701 0.0000000000
86785  -46.344  -0.237  28.121 0.0000000000
88017  -47.553  0.315  27.785 0.0000000000
88029  -48.502  0.709  26.516 0.0000000000
89156  -50.120  1.336  28.564 0.0000000000
89163  -50.412  1.461  28.067 0.0000000000
85412  -39.099  -3.448  40.509 0.0000000000
85413  -39.862  -3.694  40.494 0.0000000000
86626  -37.671  -1.964  41.998 0.0000000000
86644  -38.012  -2.758  41.026 0.0000000000
84289  -33.873  -3.364  35.780 0.0000000000
83109  -38.234  -4.397  37.376 0.0000000000
83110  -39.031  -4.046  37.113 0.0000000000
63777  -19.250  -20.269  47.295 0.0000000000
61368  -18.254  -20.993  45.440 0.0000000000
78596  -4.643  -8.905  46.966 0.0000000000
77416  -5.459  -9.217  47.863 0.0000000000
77426  -5.422  -9.545  46.918 0.0000000000
77427  -6.035  -9.577  47.348 0.0000000000
77428  -6.808  -9.608  47.282 0.0000000000
75054  -7.565  -13.165  54.670 0.0000000000
75065  -7.902  -13.440  53.967 0.0000000000
72637  -6.439  -15.307  51.838 0.0000000000
72638  -6.797  -15.238  51.920 0.0000000000
72653  -7.393  -15.486  51.050 0.0000000000
72669  -6.058  -16.164  50.442 0.0000000000
72667  -4.399  -16.341  50.164 0.0000000000
72685  -4.124  -16.656  49.424 0.0000000000
71361  -4.406  -16.932  48.760 0.0000000000
71362  -5.188  -16.846  48.796 0.0000000000
71374  -5.613  -17.021  48.054 0.0000000000
71396  -5.116  -17.458  47.415 0.0000000000
70028  -3.653  -18.516  44.380 0.0000000000
70005  -3.916  -18.137  45.182 0.0000000000
63809  -3.143  -21.197  44.249 0.0000000000
63823  -3.191  -21.266  43.503 0.0000000000
62617  -3.278  -21.462  43.649 0.0000000000
66015  -13.003  -17.894  60.722 0.0000000000
66014  -12.472  -18.090  60.798 0.0000000000
64798  -10.416  -19.109  60.614 0.0000000000
64792  -10.168  -18.969  60.834 0.0000000000
64791  -9.574  -19.151  60.839 0.0000000000
64796  -9.017  -19.555  60.478 0.0000000000
62476  -8.519  -20.584  58.874 0.0000000000
62475  -8.036  -21.041  59.203 0.0000000000
62468  -6.773  -21.772  59.811 0.0000000000
62469  -7.276  -21.435  59.624 0.0000000000
62461  -6.931  -21.443  59.998 0.0000000000
63646  -7.571  -20.705  60.251 0.0000000000
63645  -6.997  -20.998  60.310 0.0000000000
62460  -6.331  -21.721  60.117 0.0000000000
61262  -4.910  -23.270  58.908 0.0000000000
61255  -5.254  -22.655  59.301 0.0000000000
60114  -4.483  -23.708  58.441 0.0000000000
60113  -3.980  -23.697  58.162 0.0000000000
85395  -33.847  -3.517  41.694 0.0000000000
85396  -34.111  -3.418  42.135 0.0000000000
85385  -33.965  -3.875  42.305 0.0000000000
74069  -32.376  -12.297  37.488 0.0000000000
74068  -31.915  -12.693  37.077 0.0000000000
74076  -32.076  -12.290  37.047 0.0000000000
81961  -32.637  -6.902  38.800 0.0000000000
81977  -32.279  -7.129  38.047 0.0000000000
81960  -32.243  -6.154  38.420 0.0000000000
83071  -33.394  -5.031  40.474 0.0000000000
83081  -32.815  -5.119  39.269 0.0000000000
72642  -22.389  -14.033  51.953 0.0000000000
71353  -20.658  -14.674  51.051 0.0000000000
73906  -25.860  -12.827  49.090 0.0000000000
72679  -25.685  -12.948  49.356 0.0000000000
73934  -23.213  -13.550  46.399 0.0000000000
73924  -22.984  -13.095  47.104 0.0000000000
73914  -22.604  -13.107  48.205 0.0000000000
73905  -22.108  -13.237  49.060 0.0000000000
73904  -21.270  -13.555  49.241 0.0000000000
71368  -19.316  -14.911  48.703 0.0000000000
72694  -19.786  -14.317  49.270 0.0000000000
69942  -19.236  -15.457  48.872 0.0000000000
69943  -19.086  -15.854  49.193 0.0000000000
68605  -19.123  -17.179  47.461 0.0000000000
67388  -19.128  -18.111  45.666 0.0000000000
93655  -52.660  4.540  22.768 0.0000000000
94790  -53.145  4.898  21.721 0.0000000000
95878  -53.104  5.509  22.149 0.0000000000
96944  -50.920  6.284  21.982 0.0000000000
80680  -5.189  -7.907  54.330 0.0000000000
79605  -5.879  -8.904  54.198 0.0000000000
80674  -6.527  -7.340  56.577 0.0000000000
81789  -6.259  -7.371  55.857 0.0000000000
78460  -7.046  -9.491  56.097 0.0000000000
79587  -6.558  -8.730  55.939 0.0000000000
78472  -7.474  -9.843  55.205 0.0000000000
78461  -7.407  -10.047  55.729 0.0000000000
76200  -7.988  -11.605  55.250 0.0000000000
76199  -7.502  -11.405  55.731 0.0000000000
75038  -6.912  -12.454  55.667 0.0000000000
75064  -5.922  -13.990  54.663 0.0000000000
75052  -5.677  -13.764  55.092 0.0000000000
76187  -5.413  -12.359  56.844 0.0000000000
75022  -4.980  -13.009  56.237 0.0000000000
75049  -4.187  -14.552  54.404 0.0000000000
75050  -4.571  -14.545  54.553 0.0000000000
75061  -4.772  -14.846  54.134 0.0000000000
73865  -4.491  -15.020  53.735 0.0000000000
73875  -4.169  -15.541  52.844 0.0000000000
73874  -3.822  -15.728  53.006 0.0000000000
71344  -3.280  -16.656  52.681 0.0000000000
71348  -3.124  -16.774  51.708 0.0000000000
69938  -2.662  -17.272  51.112 0.0000000000
87964  -44.093  -1.154  34.220 0.0000000000
87957  -44.485  -1.279  34.717 0.0000000000
87869  -35.060  -2.165  43.514 0.0000000000
82043  -39.299  -4.335  32.640 0.0000000000
83200  -39.621  -3.877  32.707 0.0000000000
84347  -40.458  -3.333  33.107 0.0000000000
84346  -39.880  -3.359  32.545 0.0000000000
85504  -40.072  -2.970  32.454 0.0000000000
85516  -40.733  -2.036  32.071 0.0000000000
86717  -42.819  -1.684  33.890 0.0000000000
86716  -42.450  -1.769  33.502 0.0000000000
87968  -43.207  -1.312  33.658 0.0000000000
66033  -14.420  -18.630  59.655 0.0000000000
66044  -14.265  -18.864  59.429 0.0000000000
66042  -13.008  -18.702  59.555 0.0000000000
64814  -13.517  -18.899  59.056 0.0000000000
64826  -15.774  -19.282  58.246 0.0000000000
64846  -11.040  -18.549  57.171 0.0000000000
64888  -9.543  -19.764  54.797 0.0000000000
63691  -8.891  -20.268  54.298 0.0000000000
63765  -19.190  -20.368  48.268 0.0000000000
64949  -19.358  -19.296  49.487 0.0000000000
63764  -19.021  -20.592  48.442 0.0000000000
62538  -18.468  -20.920  49.365 0.0000000000
62539  -18.920  -20.843  49.566 0.0000000000
62524  -19.032  -20.952  50.133 0.0000000000
63739  -18.848  -20.877  50.433 0.0000000000
62523  -18.691  -21.060  50.174 0.0000000000
63776  -16.056  -20.969  47.850 0.0000000000
63762  -15.558  -20.574  48.436 0.0000000000
63719  -16.284  -20.581  50.829 0.0000000000
63737  -16.711  -21.042  50.252 0.0000000000
62498  -18.137  -21.055  51.362 0.0000000000
63707  -18.169  -20.780  51.863 0.0000000000
63706  -17.585  -20.914  52.097 0.0000000000
63693  -16.573  -20.119  52.854 0.0000000000
63685  -17.379  -20.097  53.592 0.0000000000
64881  -17.737  -19.718  54.507 0.0000000000
64880  -17.063  -19.792  54.437 0.0000000000
64903  -14.136  -19.365  52.474 0.0000000000
64892  -14.071  -19.008  53.512 0.0000000000
66112  -12.147  -19.145  50.215 0.0000000000
66099  -12.754  -19.109  50.594 0.0000000000
64932  -11.713  -19.293  50.660 0.0000000000
64915  -11.995  -18.944  51.539 0.0000000000
63702  -10.042  -19.986  52.472 0.0000000000
80723  -3.503  -6.905  50.363 0.0000000000
81847  -3.320  -6.726  49.764 0.0000000000
78533  -4.380  -9.285  51.250 0.0000000000
77398  -5.194  -9.364  49.690 0.0000000000
78555  -3.884  -8.801  49.886 0.0000000000
77408  -5.358  -9.162  48.808 0.0000000000
77430  -8.392  -10.154  48.048 0.0000000000
76242  -8.438  -10.378  47.263 0.0000000000
73871  -8.859  -13.450  53.187 0.0000000000
75067  -9.183  -12.787  53.037 0.0000000000
73882  -9.315  -13.468  52.511 0.0000000000
72656  -9.809  -13.932  50.830 0.0000000000
73891  -9.694  -13.470  51.581 0.0000000000
73896  -10.061  -13.281  50.852 0.0000000000
75073  -10.248  -12.130  50.782 0.0000000000
73897  -10.290  -13.131  50.424 0.0000000000
71376  -7.889  -16.837  47.786 0.0000000000
71366  -9.448  -15.858  48.489 0.0000000000
72703  -10.824  -14.670  47.988 0.0000000000
72692  -10.592  -14.139  48.966 0.0000000000
73910  -10.782  -13.284  49.075 0.0000000000
75082  -10.773  -12.488  48.432 0.0000000000
73929  -11.276  -13.562  46.454 0.0000000000
75085  -10.965  -12.619  47.526 0.0000000000
75090  -11.163  -12.670  46.502 0.0000000000
75098  -11.316  -12.861  45.756 0.0000000000
75108  -11.255  -12.577  45.312 0.0000000000
76145  -8.234  -11.092  60.012 0.0000000000
68519  -12.028  -17.240  61.589 0.0000000000
69874  -12.424  -16.697  61.167 0.0000000000
71273  -9.776  -16.422  61.324 0.0000000000
71275  -10.778  -16.171  61.451 0.0000000000
72543  -9.840  -15.719  61.286 0.0000000000
72549  -10.281  -15.189  61.133 0.0000000000
72548  -9.571  -15.267  61.290 0.0000000000
67290  -7.284  -18.884  59.792 0.0000000000
68521  -8.047  -17.558  60.520 0.0000000000
68530  -7.566  -17.702  59.878 0.0000000000
71291  -7.345  -15.476  59.987 0.0000000000
71285  -7.834  -15.574  60.581 0.0000000000
72553  -8.015  -14.694  60.727 0.0000000000
72554  -8.360  -14.184  60.969 0.0000000000
73794  -8.315  -13.403  60.998 0.0000000000
73791  -5.976  -13.102  60.197 0.0000000000
74979  -6.217  -12.482  60.387 0.0000000000
76137  -6.418  -11.671  60.665 0.0000000000
74978  -5.482  -12.654  60.230 0.0000000000
76135  -5.336  -12.405  60.154 0.0000000000
74986  -4.856  -13.171  59.854 0.0000000000
71310  -4.757  -14.990  57.350 0.0000000000
73820  -4.267  -14.253  58.045 0.0000000000
72579  -4.530  -14.805  57.303 0.0000000000
72591  -4.106  -14.841  56.792 0.0000000000
71329  -3.916  -15.723  56.100 0.0000000000
67317  -5.319  -18.395  55.760 0.0000000000
68556  -5.302  -17.211  56.082 0.0000000000
67322  -4.560  -18.033  55.083 0.0000000000
67325  -3.823  -17.972  53.944 0.0000000000
68565  -3.822  -17.514  54.604 0.0000000000
69922  -3.495  -16.693  54.688 0.0000000000
69926  -3.370  -16.892  53.798 0.0000000000
68569  -3.373  -17.519  53.084 0.0000000000
66097  -3.429  -18.623  50.929 0.0000000000
66111  -3.358  -19.025  50.041 0.0000000000
64944  -3.418  -20.123  49.783 0.0000000000
57956  -2.349  -25.804  56.346 0.0000000000
57969  -1.679  -26.430  54.209 0.0000000000
57965  -1.806  -26.201  55.044 0.0000000000
59023  -2.139  -25.103  55.995 0.0000000000
60130  -1.958  -24.263  55.314 0.0000000000
60136  -2.226  -24.523  53.385 0.0000000000
61285  -2.868  -23.564  52.487 0.0000000000
61290  -3.260  -23.666  51.377 0.0000000000
61301  -3.439  -23.028  50.185 0.0000000000
62532  -3.422  -22.084  49.318 0.0000000000
62546  -3.595  -22.659  48.721 0.0000000000
62545  -3.382  -21.592  48.098 0.0000000000
62559  -3.687  -22.316  47.550 0.0000000000
71461  -32.520  -14.767  42.336 0.0000000000
71449  -31.555  -14.714  42.953 0.0000000000
68654  -29.954  -15.496  42.286 0.0000000000
68655  -30.761  -15.451  42.006 0.0000000000
70045  -31.530  -15.476  42.231 0.0000000000
68652  -28.660  -15.602  42.810 0.0000000000
89132  -46.408  0.402  32.484 0.0000000000
90310  -47.007  0.533  32.361 0.0000000000
86728  -43.396  -0.520  31.928 0.0000000000
86743  -44.818  -0.244  30.534 0.0000000000
86744  -45.324  -0.076  30.377 0.0000000000
86642  -35.556  -2.426  40.904 0.0000000000
86607  -35.662  -2.080  42.339 0.0000000000
87884  -35.429  -1.919  42.931 0.0000000000
85426  -32.901  -3.663  39.121 0.0000000000
85443  -33.881  -2.911  38.699 0.0000000000
69941  -3.085  -17.330  49.891 0.0000000000
66172  -2.386  -19.628  46.596 0.0000000000
64985  -2.543  -20.252  47.006 0.0000000000
62573  -3.511  -21.959  46.438 0.0000000000
63677  -8.339  -20.826  55.861 0.0000000000
62487  -7.899  -21.376  56.452 0.0000000000
62489  -7.987  -21.642  55.616 0.0000000000
61278  -7.563  -22.375  55.432 0.0000000000
76317  -34.139  -11.218  39.202 0.0000000000
77500  -34.313  -10.352  39.158 0.0000000000
79795  -34.592  -8.771  40.082 0.0000000000
73899  -27.933  -12.522  50.265 0.0000000000
73952  -22.346  -13.290  44.253 0.0000000000
90358  -50.707  1.649  26.038 0.0000000000
90359  -51.142  2.009  26.187 0.0000000000
93609  -52.587  4.268  25.775 0.0000000000
79557  -6.591  -9.635  59.733 0.0000000000
78429  -5.758  -10.834  59.231 0.0000000000
79563  -5.682  -10.443  59.816 0.0000000000
77291  -5.492  -11.398  59.665 0.0000000000
76153  -5.105  -12.290  59.396 0.0000000000
84261  -41.511  -4.137  38.425 0.0000000000
83135  -38.454  -5.175  35.593 0.0000000000
82006  -37.877  -5.312  33.988 0.0000000000
84294  -41.059  -4.404  35.780 0.0000000000
64829  -18.045  -18.743  57.991 0.0000000000
64852  -17.272  -19.551  56.416 0.0000000000
64865  -16.732  -19.587  55.402 0.0000000000
77446  -6.527  -10.255  45.805 0.0000000000
76256  -6.296  -10.720  45.049 0.0000000000
79615  -5.559  -9.189  53.464 0.0000000000
78500  -5.792  -9.521  53.096 0.0000000000
77377  -8.513  -10.848  52.809 0.0000000000
70007  -5.380  -18.453  44.781 0.0000000000
68630  -5.398  -18.568  44.205 0.0000000000
68631  -5.841  -18.585  44.204 0.0000000000
68646  -6.112  -18.780  43.563 0.0000000000
71292  -13.682  -16.102  59.395 0.0000000000
71287  -12.760  -15.844  60.305 0.0000000000
63650  -4.783  -21.547  58.847 0.0000000000
64800  -5.310  -20.869  59.041 0.0000000000
63654  -4.414  -21.731  58.475 0.0000000000
64819  -4.190  -21.323  57.879 0.0000000000
64830  -4.110  -21.056  57.472 0.0000000000
64831  -4.440  -20.539  57.278 0.0000000000
63672  -3.615  -21.693  57.020 0.0000000000
63671  -3.480  -21.971  56.586 0.0000000000
62488  -3.025  -22.844  55.531 0.0000000000
70089  -32.437  -15.163  40.805 0.0000000000
70105  -32.723  -14.712  40.634 0.0000000000
72799  -33.677  -13.308  40.089 0.0000000000
68718  -28.122  -15.760  40.848 0.0000000000
69992  -27.736  -14.740  44.888 0.0000000000
70014  -26.404  -14.723  44.602 0.0000000000
71447  -25.807  -14.682  44.283 0.0000000000
72744  -25.583  -14.622  44.388 0.0000000000
86759  -46.607  0.179  29.060 0.0000000000
88010  -46.984  0.244  28.906 0.0000000000
88012  -48.283  0.626  28.342 0.0000000000
89161  -49.159  0.958  27.989 0.0000000000
89154  -48.866  0.928  29.133 0.0000000000
90339  -49.442  1.173  29.271 0.0000000000
84258  -38.681  -3.854  38.879 0.0000000000
84242  -39.060  -3.753  39.419 0.0000000000
85431  -38.825  -3.557  39.735 0.0000000000
86645  -38.736  -3.182  41.032 0.0000000000
84291  -35.265  -3.536  36.438 0.0000000000
85474  -36.067  -3.392  37.496 0.0000000000
84292  -36.268  -3.709  36.759 0.0000000000
83122  -36.548  -4.064  36.426 0.0000000000
83123  -37.162  -4.341  36.793 0.0000000000
84274  -37.238  -4.003  37.485 0.0000000000
83094  -37.830  -4.124  37.938 0.0000000000
62596  -19.385  -20.974  45.762 0.0000000000
78584  -4.540  -8.394  47.890 0.0000000000
73858  -6.760  -13.725  54.377 0.0000000000
73879  -6.705  -14.815  52.999 0.0000000000
73888  -6.189  -15.150  52.218 0.0000000000
73894  -5.931  -15.370  51.718 0.0000000000
71371  -3.557  -17.413  47.701 0.0000000000
71394  -3.757  -17.310  47.175 0.0000000000
69963  -4.277  -17.464  46.750 0.0000000000
69982  -3.576  -17.929  45.984 0.0000000000
70004  -3.392  -18.308  45.333 0.0000000000
68643  -3.301  -18.791  44.104 0.0000000000
66206  -2.736  -20.231  42.982 0.0000000000
66031  -12.222  -18.594  59.899 0.0000000000
66021  -12.478  -18.344  60.389 0.0000000000
66030  -11.530  -18.802  60.078 0.0000000000
64803  -10.548  -19.359  60.191 0.0000000000
64802  -9.929  -19.499  60.314 0.0000000000
62479  -7.296  -21.725  58.247 0.0000000000
62474  -7.375  -21.564  58.969 0.0000000000
61265  -6.751  -22.121  58.625 0.0000000000
61264  -6.255  -22.550  58.895 0.0000000000
61263  -6.015  -22.706  59.245 0.0000000000
61256  -6.016  -22.528  59.750 0.0000000000
60112  -5.738  -22.823  59.113 0.0000000000
60115  -4.963  -23.612  58.585 0.0000000000
84219  -33.838  -4.296  42.077 0.0000000000
76351  -32.349  -11.146  37.291 0.0000000000
81962  -33.054  -7.476  39.207 0.0000000000
81945  -32.948  -6.596  39.549 0.0000000000
72696  -24.595  -13.333  48.242 0.0000000000
73932  -21.113  -13.341  46.732 0.0000000000
73922  -20.825  -13.353  47.749 0.0000000000
73912  -20.477  -13.688  48.802 0.0000000000
73921  -19.786  -13.688  47.945 0.0000000000
71381  -19.019  -15.205  47.783 0.0000000000
69954  -18.958  -15.994  47.396 0.0000000000
69955  -18.962  -16.666  47.004 0.0000000000
69969  -18.861  -16.741  46.556 0.0000000000
90382  -50.557  2.122  23.731 0.0000000000
79586  -6.432  -8.530  56.642 0.0000000000
76190  -7.106  -11.129  56.310 0.0000000000
75024  -6.259  -12.266  56.222 0.0000000000
75034  -4.086  -14.258  55.002 0.0000000000
73855  -3.835  -14.817  54.148 0.0000000000
73863  -3.681  -15.579  53.540 0.0000000000
86695  -44.116  -2.354  35.968 0.0000000000
83177  -40.702  -3.783  33.817 0.0000000000
84338  -41.071  -3.353  33.628 0.0000000000
85495  -41.331  -2.873  33.496 0.0000000000
85506  -41.572  -2.412  33.354 0.0000000000
64860  -11.188  -18.800  56.193 0.0000000000
61342  -18.199  -21.170  47.132 0.0000000000
61331  -18.424  -20.896  48.052 0.0000000000
61329  -17.738  -21.221  47.646 0.0000000000
62551  -17.775  -21.137  48.418 0.0000000000
62536  -17.359  -21.451  48.998 0.0000000000
64961  -14.915  -19.983  48.616 0.0000000000
63749  -15.321  -20.239  49.070 0.0000000000
63735  -15.520  -20.119  49.826 0.0000000000
63718  -15.723  -20.117  50.643 0.0000000000
64920  -16.469  -20.500  51.452 0.0000000000
63705  -16.826  -20.631  52.038 0.0000000000
64906  -16.313  -20.203  51.848 0.0000000000
63704  -16.268  -19.996  52.367 0.0000000000
63692  -15.923  -19.690  52.831 0.0000000000
64894  -16.196  -19.704  53.358 0.0000000000
63717  -9.832  -20.315  51.664 0.0000000000
80713  -3.347  -7.804  50.892 0.0000000000
77387  -5.942  -9.704  50.885 0.0000000000
77400  -6.711  -9.600  50.253 0.0000000000
77410  -6.689  -9.436  49.292 0.0000000000
78571  -7.741  -9.467  49.200 0.0000000000
77420  -8.386  -9.924  48.760 0.0000000000
77431  -8.758  -10.347  48.396 0.0000000000
72640  -8.722  -14.624  51.704 0.0000000000
73890  -9.256  -14.064  52.021 0.0000000000
72655  -9.264  -14.568  50.787 0.0000000000
71378  -10.205  -15.608  47.684 0.0000000000
72715  -11.097  -14.442  46.717 0.0000000000
72716  -11.266  -13.968  46.180 0.0000000000
72726  -11.310  -14.313  45.675 0.0000000000
67277  -10.623  -17.886  61.300 0.0000000000
68517  -10.737  -17.362  61.572 0.0000000000
68516  -10.132  -17.347  61.237 0.0000000000
68515  -9.435  -17.292  61.052 0.0000000000
68523  -8.916  -16.988  61.023 0.0000000000
68534  -7.132  -17.825  58.792 0.0000000000
68535  -7.249  -17.361  59.306 0.0000000000
73792  -6.946  -13.506  60.262 0.0000000000
72561  -6.718  -14.268  59.737 0.0000000000
72560  -5.859  -14.484  59.281 0.0000000000
72559  -5.024  -14.206  59.287 0.0000000000
72558  -4.758  -14.118  59.185 0.0000000000
71298  -5.223  -15.038  58.214 0.0000000000
71311  -5.025  -15.220  57.507 0.0000000000
69908  -5.169  -15.982  56.629 0.0000000000
64887  -4.362  -19.641  54.295 0.0000000000
66070  -4.554  -18.845  54.829 0.0000000000
66075  -4.295  -19.060  53.893 0.0000000000
67331  -4.113  -18.484  53.847 0.0000000000
67330  -3.879  -18.335  53.438 0.0000000000
67334  -3.518  -18.102  52.330 0.0000000000
59029  -1.875  -25.413  54.266 0.0000000000
59037  -2.263  -26.093  52.316 0.0000000000
61313  -3.591  -23.562  49.571 0.0000000000
68720  -29.288  -15.451  40.362 0.0000000000
68721  -30.043  -15.224  40.232 0.0000000000
68701  -30.781  -15.289  40.827 0.0000000000
70090  -32.879  -14.982  41.035 0.0000000000
71486  -33.127  -14.488  41.222 0.0000000000
70059  -27.496  -15.560  42.605 0.0000000000
68674  -27.795  -15.786  42.463 0.0000000000
68696  -27.724  -15.819  42.080 0.0000000000
68697  -28.146  -15.842  41.713 0.0000000000
68719  -28.616  -15.668  40.549 0.0000000000
69973  -29.116  -15.034  45.363 0.0000000000
69993  -28.513  -15.067  44.817 0.0000000000
89138  -48.165  1.039  30.744 0.0000000000
90313  -48.867  1.623  31.686 0.0000000000
90312  -48.474  1.361  32.075 0.0000000000
86741  -42.329  -0.734  30.602 0.0000000000
86754  -42.484  -0.663  29.475 0.0000000000
86766  -43.267  -0.628  28.767 0.0000000000
86783  -44.943  -0.454  28.115 0.0000000000
86758  -46.224  0.078  29.247 0.0000000000
88002  -45.634  0.084  30.299 0.0000000000
88003  -46.099  0.219  29.906 0.0000000000
88004  -46.746  0.364  29.525 0.0000000000
87991  -47.232  0.588  30.066 0.0000000000
90329  -47.697  0.853  30.810 0.0000000000
87895  -36.884  -1.785  42.205 0.0000000000
84304  -31.388  -3.876  35.528 0.0000000000
84305  -32.539  -3.539  35.651 0.0000000000
85484  -33.234  -3.314  35.840 0.0000000000
85459  -34.693  -3.013  37.745 0.0000000000
72636  -4.990  -15.612  51.662 0.0000000000
72649  -4.042  -15.988  50.769 0.0000000000
72666  -3.818  -16.484  49.960 0.0000000000
71356  -3.621  -16.785  49.554 0.0000000000
71355  -3.357  -16.987  49.542 0.0000000000
71359  -3.362  -17.506  48.266 0.0000000000
69961  -2.746  -18.027  46.749 0.0000000000
67394  -2.456  -18.957  45.652 0.0000000000
62602  -3.423  -21.749  44.417 0.0000000000
61374  -3.883  -22.294  44.049 0.0000000000
63670  -10.323  -19.145  58.194 0.0000000000
63663  -9.646  -19.643  58.619 0.0000000000
63668  -8.928  -20.308  57.967 0.0000000000
62485  -8.347  -20.908  58.243 0.0000000000
62484  -7.902  -21.272  57.527 0.0000000000
62483  -7.211  -21.872  57.704 0.0000000000
60123  -6.447  -22.574  57.395 0.0000000000
83073  -34.210  -6.633  41.067 0.0000000000
81921  -34.327  -6.581  41.681 0.0000000000
81922  -34.594  -7.004  41.587 0.0000000000
72823  -32.607  -13.179  38.002 0.0000000000
75230  -32.680  -11.767  37.941 0.0000000000
77529  -32.407  -10.558  37.364 0.0000000000
78684  -32.774  -9.672  37.557 0.0000000000
79810  -33.331  -8.998  37.785 0.0000000000
80858  -33.723  -8.488  38.399 0.0000000000
80848  -33.840  -8.503  39.045 0.0000000000
72646  -26.200  -13.029  51.081 0.0000000000
72720  -24.656  -13.748  46.314 0.0000000000
72719  -23.857  -13.815  46.009 0.0000000000
73941  -22.273  -13.260  45.251 0.0000000000
73940  -21.263  -13.239  45.720 0.0000000000
72728  -19.807  -13.640  45.478 0.0000000000
71443  -19.011  -14.940  45.251 0.0000000000
89197  -49.896  1.519  25.022 0.0000000000
90370  -50.610  1.804  24.647 0.0000000000
90383  -51.050  2.112  23.836 0.0000000000
91565  -51.486  2.524  22.987 0.0000000000
92571  -52.456  3.333  22.938 0.0000000000
92572  -52.536  3.621  23.292 0.0000000000
93627  -52.729  3.969  24.550 0.0000000000
79571  -6.564  -8.958  58.566 0.0000000000
78440  -6.518  -9.886  58.081 0.0000000000
77303  -6.460  -10.567  57.803 0.0000000000
77302  -6.313  -10.861  58.090 0.0000000000
77313  -6.024  -11.470  58.012 0.0000000000
76175  -5.509  -12.149  57.486 0.0000000000
78438  -5.845  -11.418  58.528 0.0000000000
77312  -5.678  -11.889  58.122 0.0000000000
73836  -3.608  -14.592  55.941 0.0000000000
84327  -42.096  -3.335  35.072 0.0000000000
85486  -42.746  -3.314  35.806 0.0000000000
85485  -42.416  -3.589  36.096 0.0000000000
84277  -42.584  -3.854  37.690 0.0000000000
82022  -39.355  -4.634  33.068 0.0000000000
83155  -40.167  -4.350  34.290 0.0000000000
83157  -41.483  -3.780  34.702 0.0000000000
64827  -16.601  -19.108  58.198 0.0000000000
64838  -16.076  -19.503  57.435 0.0000000000
64839  -16.937  -19.343  57.370 0.0000000000
64877  -13.912  -18.661  54.596 0.0000000000
62577  -15.665  -21.016  45.668 0.0000000000
63789  -15.258  -20.692  46.379 0.0000000000
63774  -14.848  -20.451  46.952 0.0000000000
64974  -14.727  -20.096  47.679 0.0000000000
64960  -14.243  -19.508  48.226 0.0000000000
64947  -14.289  -19.419  49.098 0.0000000000
66114  -13.578  -19.041  49.500 0.0000000000
66100  -13.497  -19.174  50.380 0.0000000000
66126  -12.130  -19.152  49.450 0.0000000000
80705  -4.010  -7.854  52.286 0.0000000000
78516  -4.687  -9.336  52.170 0.0000000000
78518  -6.294  -9.817  52.590 0.0000000000
78535  -6.080  -9.869  51.763 0.0000000000
77403  -9.271  -10.801  50.801 0.0000000000
71364  -7.209  -16.577  48.729 0.0000000000
71420  -8.854  -17.165  45.539 0.0000000000
69988  -8.966  -17.384  45.018 0.0000000000
72582  -13.268  -15.231  58.158 0.0000000000
72581  -12.548  -14.763  58.516 0.0000000000
73813  -11.878  -14.218  58.845 0.0000000000
73806  -11.668  -14.384  59.448 0.0000000000
73797  -10.924  -14.431  60.483 0.0000000000
64788  -7.460  -19.946  60.560 0.0000000000
66007  -7.211  -19.494  60.293 0.0000000000
66018  -6.821  -19.519  59.863 0.0000000000
67289  -6.882  -19.118  59.301 0.0000000000
66028  -6.396  -19.824  59.046 0.0000000000
67296  -6.790  -18.921  58.746 0.0000000000
68540  -6.576  -17.911  57.746 0.0000000000
68545  -6.071  -17.566  57.017 0.0000000000
67311  -5.493  -19.093  56.413 0.0000000000
66060  -5.024  -19.476  56.075 0.0000000000
64871  -4.384  -19.907  54.934 0.0000000000
71534  -31.221  -14.625  38.024 0.0000000000
71535  -31.702  -14.049  38.225 0.0000000000
68741  -30.158  -15.283  39.432 0.0000000000
70102  -31.018  -14.798  39.440 0.0000000000
70103  -31.492  -14.788  39.917 0.0000000000
70120  -31.290  -14.584  39.114 0.0000000000
71522  -31.846  -14.146  39.000 0.0000000000
71536  -32.351  -13.554  38.399 0.0000000000
74033  -33.857  -12.467  39.855 0.0000000000
75198  -33.949  -11.875  39.603 0.0000000000
72700  -28.039  -13.390  48.271 0.0000000000
71383  -26.127  -14.136  46.690 0.0000000000
69971  -27.571  -14.600  45.557 0.0000000000
69970  -27.094  -14.524  45.705 0.0000000000
71408  -27.292  -14.447  46.126 0.0000000000
71405  -25.378  -14.052  45.736 0.0000000000
72743  -23.764  -13.925  44.441 0.0000000000
88016  -46.962  -0.016  28.230 0.0000000000
88027  -46.568  -0.102  27.273 0.0000000000
88043  -46.844  0.336  26.217 0.0000000000
89171  -49.235  0.981  26.170 0.0000000000
89168  -49.800  1.174  27.254 0.0000000000
89169  -50.370  1.438  27.422 0.0000000000
90349  -50.996  1.894  27.672 0.0000000000
84244  -40.445  -4.192  39.452 0.0000000000
84243  -39.606  -3.873  39.687 0.0000000000
66129  -19.224  -18.592  48.763 0.0000000000
62566  -18.874  -20.923  47.144 0.0000000000
62580  -19.094  -21.273  46.273 0.0000000000
61355  -18.656  -21.187  46.685 0.0000000000
62579  -16.789  -21.480  46.354 0.0000000000
62578  -16.390  -21.348  45.867 0.0000000000
77447  -7.053  -10.179  46.073 0.0000000000
76208  -8.246  -11.455  54.733 0.0000000000
76215  -8.577  -11.778  54.005 0.0000000000
75066  -8.500  -12.886  53.853 0.0000000000
73880  -7.687  -14.388  52.971 0.0000000000
72626  -7.281  -14.938  52.427 0.0000000000
72627  -8.031  -14.674  52.321 0.0000000000
72688  -6.591  -16.282  49.545 0.0000000000
72651  -5.510  -15.750  51.233 0.0000000000
72686  -4.785  -16.628  49.518 0.0000000000
71397  -6.129  -17.529  47.401 0.0000000000
69984  -5.025  -18.145  45.902 0.0000000000
70030  -4.770  -18.612  44.082 0.0000000000
67285  -12.428  -17.855  61.141 0.0000000000
67279  -11.881  -17.707  61.585 0.0000000000
66013  -11.796  -18.260  60.906 0.0000000000
67283  -11.478  -18.198  61.206 0.0000000000
66005  -10.852  -18.200  61.240 0.0000000000
66004  -10.424  -18.323  61.040 0.0000000000
66010  -9.404  -18.962  60.994 0.0000000000
66009  -8.808  -18.970  61.021 0.0000000000
63658  -9.693  -19.618  59.265 0.0000000000
63653  -8.866  -19.935  59.832 0.0000000000
62470  -8.045  -20.808  59.809 0.0000000000
63648  -9.020  -19.850  60.106 0.0000000000
63647  -8.243  -20.275  60.258 0.0000000000
63642  -7.959  -20.206  60.500 0.0000000000
64789  -8.054  -19.661  60.661 0.0000000000
63640  -6.983  -20.495  60.451 0.0000000000
63644  -6.435  -20.893  60.140 0.0000000000
62467  -5.673  -22.180  59.895 0.0000000000
62466  -5.223  -21.990  59.533 0.0000000000
62465  -4.776  -22.157  59.027 0.0000000000
62473  -4.287  -22.548  58.647 0.0000000000
61260  -3.827  -23.081  58.298 0.0000000000
60118  -3.121  -23.956  57.251 0.0000000000
86640  -33.892  -2.884  41.313 0.0000000000
84211  -33.972  -4.212  42.402 0.0000000000
72837  -31.730  -13.356  37.272 0.0000000000
72847  -30.835  -13.534  36.558 0.0000000000
74075  -31.555  -12.313  36.558 0.0000000000
83092  -32.573  -5.277  38.856 0.0000000000
84240  -32.786  -4.662  39.260 0.0000000000
71351  -22.363  -14.053  52.328 0.0000000000
69937  -20.854  -15.020  52.225 0.0000000000
71349  -20.773  -14.883  51.852 0.0000000000
68587  -18.933  -16.630  49.863 0.0000000000
72663  -27.495  -12.857  49.968 0.0000000000
72662  -26.789  -13.083  50.085 0.0000000000
72707  -24.628  -13.674  47.204 0.0000000000
72657  -21.388  -13.931  50.706 0.0000000000
73903  -20.855  -13.780  49.292 0.0000000000
72675  -20.715  -13.982  49.828 0.0000000000
67374  -19.243  -17.848  48.080 0.0000000000
66159  -19.318  -18.905  46.268 0.0000000000
92590  -52.674  3.649  21.717 0.0000000000
94789  -53.339  4.811  21.255 0.0000000000
96963  -52.865  5.952  21.628 0.0000000000
95875  -52.748  5.686  20.857 0.0000000000
79602  -4.354  -8.082  53.519 0.0000000000
78483  -6.125  -9.309  53.779 0.0000000000
78484  -6.773  -9.465  54.118 0.0000000000
78485  -7.352  -9.712  54.484 0.0000000000
79595  -5.937  -8.371  55.249 0.0000000000
78471  -7.097  -9.180  54.884 0.0000000000
75040  -8.203  -11.910  55.072 0.0000000000
73868  -6.218  -14.193  54.069 0.0000000000
73877  -5.212  -15.070  53.044 0.0000000000
76177  -6.262  -11.447  57.196 0.0000000000
75036  -5.291  -13.377  55.623 0.0000000000
75062  -5.071  -14.710  54.376 0.0000000000
73866  -4.973  -15.019  53.745 0.0000000000
73885  -4.415  -15.575  52.327 0.0000000000
72633  -3.404  -16.351  51.602 0.0000000000
68579  -2.956  -17.290  50.271 0.0000000000
68585  -3.168  -17.910  49.686 0.0000000000
67364  -3.180  -18.247  49.475 0.0000000000
87965  -44.887  -0.590  33.661 0.0000000000
89127  -45.670  -0.315  33.967 0.0000000000
86606  -34.958  -2.262  42.495 0.0000000000
83222  -38.860  -3.923  31.800 0.0000000000
83223  -39.284  -3.725  32.095 0.0000000000
83240  -38.937  -3.651  31.559 0.0000000000
85526  -39.223  -3.126  31.200 0.0000000000
85525  -39.354  -2.660  30.914 0.0000000000
86724  -39.787  -2.186  31.070 0.0000000000
86725  -40.502  -1.740  31.313 0.0000000000
66032  -13.293  -18.626  59.915 0.0000000000
64822  -11.752  -18.547  58.635 0.0000000000
64817  -16.321  -18.814  58.871 0.0000000000
64816  -15.419  -18.879  58.799 0.0000000000
64836  -14.241  -19.013  57.615 0.0000000000
64824  -13.922  -18.998  58.416 0.0000000000
64823  -12.935  -18.617  58.475 0.0000000000
64833  -10.714  -18.817  58.100 0.0000000000
64832  -10.297  -19.068  57.851 0.0000000000
63675  -9.583  -19.640  57.221 0.0000000000
63679  -9.441  -19.758  56.379 0.0000000000
63683  -9.288  -19.854  55.850 0.0000000000
63681  -8.399  -20.997  54.959 0.0000000000
63690  -8.295  -21.156  53.895 0.0000000000
63741  -19.438  -19.828  49.922 0.0000000000
63752  -19.048  -20.522  49.019 0.0000000000
64936  -19.363  -19.292  50.745 0.0000000000
63724  -18.979  -20.124  51.437 0.0000000000
62535  -16.705  -21.432  48.750 0.0000000000
62520  -16.857  -21.437  49.511 0.0000000000
63750  -15.748  -20.707  49.261 0.0000000000
62521  -17.456  -21.328  49.966 0.0000000000
62507  -18.301  -21.082  50.865 0.0000000000
63722  -18.272  -20.950  51.279 0.0000000000
63709  -18.921  -19.693  52.333 0.0000000000
63697  -18.762  -19.614  53.084 0.0000000000
63695  -17.748  -20.450  52.786 0.0000000000
64882  -18.372  -19.535  54.491 0.0000000000
64866  -17.561  -19.681  55.453 0.0000000000
66087  -13.277  -19.145  51.024 0.0000000000
63701  -9.099  -20.344  52.911 0.0000000000
80727  -3.051  -7.135  49.590 0.0000000000
79655  -3.289  -8.298  49.506 0.0000000000
79635  -3.571  -8.262  51.323 0.0000000000
79645  -3.165  -7.952  50.667 0.0000000000
78545  -3.813  -8.884  50.754 0.0000000000
79646  -3.297  -8.396  50.378 0.0000000000
78570  -6.055  -9.422  47.938 0.0000000000
77418  -6.625  -9.393  48.187 0.0000000000
76241  -8.127  -10.189  47.099 0.0000000000
76248  -8.042  -10.365  46.719 0.0000000000
76222  -8.844  -11.513  53.208 0.0000000000
75070  -9.625  -12.660  52.180 0.0000000000
76226  -9.688  -11.621  51.788 0.0000000000
76230  -9.831  -11.291  50.970 0.0000000000
76233  -9.841  -11.039  50.194 0.0000000000
72690  -8.804  -15.760  49.357 0.0000000000
72673  -10.112  -14.309  49.961 0.0000000000
71367  -9.990  -15.511  48.388 0.0000000000
73902  -10.514  -13.322  49.878 0.0000000000
76234  -10.307  -11.614  49.712 0.0000000000
76237  -10.357  -11.545  48.698 0.0000000000
76250  -9.901  -11.407  46.827 0.0000000000
75088  -9.530  -11.486  45.885 0.0000000000
75096  -10.210  -11.780  45.284 0.0000000000
75107  -11.008  -12.210  44.808 0.0000000000
73963  -11.280  -12.578  44.469 0.0000000000
72739  -11.508  -14.069  44.672 0.0000000000
78412  -7.429  -10.363  60.286 0.0000000000
69875  -13.120  -16.968  60.636 0.0000000000
71282  -12.450  -16.019  60.865 0.0000000000
71281  -11.782  -15.749  61.217 0.0000000000
69868  -10.767  -16.745  61.608 0.0000000000
71276  -11.420  -16.021  61.473 0.0000000000
72551  -11.741  -15.441  60.923 0.0000000000
72555  -11.355  -15.022  60.812 0.0000000000
73788  -10.473  -14.671  60.883 0.0000000000
67282  -8.382  -18.295  60.684 0.0000000000
68522  -8.599  -17.374  60.826 0.0000000000
69872  -8.504  -16.501  61.097 0.0000000000
69878  -7.724  -16.552  60.429 0.0000000000
69879  -8.043  -16.248  60.920 0.0000000000
71278  -8.675  -15.888  61.328 0.0000000000
72547  -8.769  -15.110  61.159 0.0000000000
73796  -10.017  -13.691  60.777 0.0000000000
73795  -9.085  -13.475  60.990 0.0000000000
74982  -8.311  -12.559  60.706 0.0000000000
74981  -7.634  -12.518  60.744 0.0000000000
76139  -7.623  -11.688  60.628 0.0000000000
76138  -7.054  -11.654  60.793 0.0000000000
77277  -7.217  -10.915  60.722 0.0000000000
77275  -6.061  -11.030  60.725 0.0000000000
77274  -5.792  -11.132  60.529 0.0000000000
76154  -5.167  -12.189  59.898 0.0000000000
76152  -4.631  -12.842  58.887 0.0000000000
73799  -4.538  -13.684  59.119 0.0000000000
74995  -4.438  -13.348  58.575 0.0000000000
75005  -4.474  -13.106  58.195 0.0000000000
73828  -3.858  -14.327  56.884 0.0000000000
72609  -3.434  -15.479  55.213 0.0000000000
69910  -5.684  -16.990  56.898 0.0000000000
69915  -4.919  -16.537  55.984 0.0000000000
69914  -4.364  -16.137  55.988 0.0000000000
67321  -4.225  -17.842  54.826 0.0000000000
68553  -3.971  -16.795  55.401 0.0000000000
69919  -3.731  -16.437  55.434 0.0000000000
71333  -3.535  -15.992  55.340 0.0000000000
71340  -3.357  -16.464  53.619 0.0000000000
69930  -3.223  -16.976  52.832 0.0000000000
68576  -3.022  -17.292  51.491 0.0000000000
67338  -3.286  -17.855  51.346 0.0000000000
68575  -2.967  -17.501  51.067 0.0000000000
67355  -3.326  -18.140  50.012 0.0000000000
67356  -3.240  -18.641  49.508 0.0000000000
59012  -2.871  -24.579  57.225 0.0000000000
60124  -2.492  -24.112  56.928 0.0000000000
56790  -1.967  -26.730  55.610 0.0000000000
56779  -2.243  -26.399  56.038 0.0000000000
61273  -2.588  -23.521  56.271 0.0000000000
60133  -1.973  -24.357  54.338 0.0000000000
61279  -2.241  -23.361  54.463 0.0000000000
62492  -3.186  -22.652  53.622 0.0000000000
60140  -2.909  -24.973  51.610 0.0000000000
63732  -3.503  -21.172  50.600 0.0000000000
61312  -3.464  -22.809  49.613 0.0000000000
64956  -3.207  -20.183  48.813 0.0000000000
62558  -3.288  -21.338  47.004 0.0000000000
60198  -4.899  -23.649  45.208 0.0000000000
61252  -6.444  -22.000  60.102 0.0000000000
61254  -4.941  -22.483  59.187 0.0000000000
61257  -6.523  -22.184  59.556 0.0000000000
61259  -3.710  -22.873  58.075 0.0000000000
61267  -3.596  -23.669  57.763 0.0000000000
61269  -6.675  -22.309  57.894 0.0000000000
61327  -16.866  -21.482  47.203 0.0000000000
61330  -18.158  -21.049  47.876 0.0000000000
61339  -16.821  -21.537  46.963 0.0000000000
61340  -17.178  -21.472  46.635 0.0000000000
61343  -18.519  -20.967  47.504 0.0000000000
61353  -17.691  -21.083  45.988 0.0000000000
61369  -18.713  -21.304  45.848 0.0000000000
62462  -7.702  -20.894  60.012 0.0000000000
62464  -4.483  -22.063  58.675 0.0000000000
62471  -3.681  -22.675  57.926 0.0000000000
62477  -3.608  -22.480  57.635 0.0000000000
62478  -3.725  -22.382  57.972 0.0000000000
62497  -17.945  -21.189  51.446 0.0000000000
62508  -18.594  -20.937  50.597 0.0000000000
62522  -18.164  -21.201  50.093 0.0000000000
62533  -3.490  -22.737  49.318 0.0000000000
62550  -17.249  -21.278  48.185 0.0000000000
62553  -18.752  -20.738  48.336 0.0000000000
62554  -19.030  -20.621  48.160 0.0000000000
62618  -3.465  -21.839  43.589 0.0000000000
63639  -6.652  -20.455  60.355 0.0000000000
63649  -4.599  -21.819  58.703 0.0000000000
63652  -8.416  -20.371  59.986 0.0000000000
63655  -4.695  -21.378  58.621 0.0000000000
63656  -8.481  -20.430  59.709 0.0000000000
63659  -10.254  -19.392  58.981 0.0000000000
63660  -3.642  -22.181  57.631 0.0000000000
63664  -10.302  -19.247  58.478 0.0000000000
63666  -3.798  -21.528  57.411 0.0000000000
63703  -15.838  -19.688  52.411 0.0000000000
63720  -16.868  -20.827  51.132 0.0000000000
63738  -17.310  -21.082  50.723 0.0000000000
63751  -16.266  -21.203  49.440 0.0000000000
63795  -3.014  -20.979  45.436 0.0000000000
63796  -3.195  -21.308  45.331 0.0000000000
64787  -6.849  -20.115  60.413 0.0000000000
64793  -5.768  -20.814  59.443 0.0000000000
64794  -6.276  -20.477  59.778 0.0000000000
64795  -8.419  -19.771  60.509 0.0000000000
64797  -9.764  -19.318  60.634 0.0000000000
64799  -4.884  -21.136  58.746 0.0000000000
64807  -4.269  -21.530  58.192 0.0000000000
64808  -4.640  -21.158  58.410 0.0000000000
64809  -9.388  -19.708  59.958 0.0000000000
64820  -4.563  -20.821  57.913 0.0000000000
64842  -3.568  -21.523  56.479 0.0000000000
64843  -3.775  -21.140  56.767 0.0000000000
64845  -10.248  -19.050  57.472 0.0000000000
64858  -4.542  -19.807  55.660 0.0000000000
64872  -4.583  -19.409  55.201 0.0000000000
64873  -9.504  -19.776  55.234 0.0000000000
64918  -15.393  -19.661  51.320 0.0000000000
66011  -10.056  -18.749  60.908 0.0000000000
66020  -11.651  -18.549  60.484 0.0000000000
66029  -11.049  -19.186  60.043 0.0000000000
66069  -4.422  -19.116  54.414 0.0000000000
66086  -12.629  -19.015  51.165 0.0000000000
66096  -3.383  -18.224  50.698 0.0000000000
66098  -12.235  -19.106  50.906 0.0000000000
66110  -3.380  -18.332  50.459 0.0000000000
66128  -13.656  -19.012  48.634 0.0000000000
66142  -13.064  -18.952  48.175 0.0000000000
67274  -8.925  -18.152  60.871 0.0000000000
67276  -10.011  -17.942  61.013 0.0000000000
67278  -11.256  -17.951  61.474 0.0000000000
67280  -12.150  -17.623  61.528 0.0000000000
67302  -6.724  -18.766  58.311 0.0000000000
67318  -5.435  -17.625  56.048 0.0000000000
67327  -4.390  -18.327  54.758 0.0000000000
67337  -3.161  -17.735  51.035 0.0000000000
67345  -3.265  -17.926  50.757 0.0000000000
68520  -12.304  -17.562  61.364 0.0000000000
68524  -12.266  -16.999  61.367 0.0000000000
68549  -5.259  -16.994  56.192 0.0000000000
68550  -5.554  -17.276  56.471 0.0000000000
68555  -5.028  -17.228  55.674 0.0000000000
68560  -4.103  -17.429  55.016 0.0000000000
68561  -4.480  -17.339  55.300 0.0000000000
68586  -3.113  -17.578  49.896 0.0000000000
68594  -3.075  -18.156  49.260 0.0000000000
68620  -2.533  -18.474  46.184 0.0000000000
68621  -18.745  -16.587  45.536 0.0000000000
68743  -31.017  -14.883  39.848 0.0000000000
69866  -9.617  -16.731  61.274 0.0000000000
69869  -11.404  -16.658  61.721 0.0000000000
69870  -11.972  -16.607  61.561 0.0000000000
69873  -9.026  -16.558  61.292 0.0000000000
69901  -5.264  -15.688  57.258 0.0000000000
69903  -5.829  -16.695  57.477 0.0000000000
69907  -4.794  -15.713  56.458 0.0000000000
69909  -5.374  -16.624  56.588 0.0000000000
69916  -5.131  -16.820  56.060 0.0000000000
69934  -2.780  -17.243  51.372 0.0000000000
69947  -19.111  -15.680  48.327 0.0000000000
69968  -18.832  -16.311  46.377 0.0000000000
69981  -3.121  -18.100  46.141 0.0000000000
70027  -3.214  -18.586  44.756 0.0000000000
70031  -5.157  -18.581  44.178 0.0000000000
70051  -4.575  -18.697  43.497 0.0000000000
71274  -10.057  -16.171  61.323 0.0000000000
71280  -9.623  -15.790  61.327 0.0000000000
71286  -8.258  -15.744  61.006 0.0000000000
71288  -13.356  -16.075  59.862 0.0000000000
71297  -4.931  -15.177  58.124 0.0000000000
71323  -4.965  -15.550  56.781 0.0000000000
71357  -19.343  -15.209  49.224 0.0000000000
71369  -19.475  -14.829  49.318 0.0000000000
71373  -4.732  -17.191  48.075 0.0000000000
71392  -2.907  -17.827  46.831 0.0000000000
71402  -18.977  -14.725  46.458 0.0000000000
71418  -3.649  -17.583  46.566 0.0000000000
71419  -4.009  -17.369  46.780 0.0000000000
71442  -19.144  -14.533  45.565 0.0000000000
72544  -10.204  -15.700  61.265 0.0000000000
72550  -11.102  -15.316  61.108 0.0000000000
72568  -4.820  -14.416  58.833 0.0000000000
72580  -4.594  -14.578  57.881 0.0000000000
72592  -12.691  -14.628  57.937 0.0000000000
72625  -6.781  -15.071  52.455 0.0000000000
72635  -4.453  -15.709  51.617 0.0000000000
72684  -3.811  -16.723  49.428 0.0000000000
72704  -19.296  -14.017  47.519 0.0000000000
72705  -19.214  -14.384  48.019 0.0000000000
72731  -25.499  -14.554  44.593 0.0000000000
72732  -25.635  -14.564  44.835 0.0000000000
72740  -19.229  -14.371  45.362 0.0000000000
72745  -25.732  -14.648  44.629 0.0000000000
73789  -10.975  -14.828  60.884 0.0000000000
73790  -5.443  -13.150  60.121 0.0000000000
73800  -4.696  -13.818  59.285 0.0000000000
73801  -5.223  -13.555  59.717 0.0000000000
73802  -5.878  -13.588  59.864 0.0000000000
73809  -4.186  -14.054  58.336 0.0000000000
73810  -4.451  -13.988  58.609 0.0000000000
73811  -4.586  -14.075  58.983 0.0000000000
73857  -6.425  -13.815  54.441 0.0000000000
73864  -4.005  -15.179  53.536 0.0000000000
73895  -6.208  -15.339  51.752 0.0000000000
73907  -26.093  -12.853  49.004 0.0000000000
73911  -19.946  -13.749  48.495 0.0000000000
73915  -25.887  -12.905  48.856 0.0000000000
73916  -26.188  -13.058  48.671 0.0000000000
73930  -19.572  -13.752  47.280 0.0000000000
73938  -19.632  -13.686  46.630 0.0000000000
73948  -11.304  -12.605  44.801 0.0000000000
74977  -5.092  -12.778  60.145 0.0000000000
74994  -4.384  -13.746  58.209 0.0000000000
75004  -4.230  -13.552  57.670 0.0000000000
75025  -6.615  -11.932  56.138 0.0000000000
75063  -5.541  -14.312  54.538 0.0000000000
75076  -10.217  -12.872  50.694 0.0000000000
75091  -11.314  -13.151  46.144 0.0000000000
75097  -10.982  -12.242  45.640 0.0000000000
75184  -34.560  -12.028  40.184 0.0000000000
75215  -32.945  -11.833  38.341 0.0000000000
76141  -8.706  -12.024  60.063 0.0000000000
76142  -4.740  -12.739  59.426 0.0000000000
76143  -4.955  -12.606  59.887 0.0000000000
76144  -5.379  -12.027  60.107 0.0000000000
76162  -4.390  -13.240  57.765 0.0000000000
76163  -4.629  -12.794  57.988 0.0000000000
76185  -4.522  -12.786  57.000 0.0000000000
76207  -7.903  -11.071  55.154 0.0000000000
76227  -10.123  -11.824  51.088 0.0000000000
76231  -10.192  -11.698  50.512 0.0000000000
77276  -6.610  -10.914  60.804 0.0000000000
77282  -5.553  -11.218  60.200 0.0000000000
77292  -5.370  -11.833  59.904 0.0000000000
77301  -6.180  -11.096  58.221 0.0000000000
77314  -6.279  -11.168  57.672 0.0000000000
77351  -8.334  -11.152  54.239 0.0000000000
77417  -5.894  -9.357  48.135 0.0000000000
78410  -6.261  -10.290  60.481 0.0000000000
78417  -5.554  -10.744  59.947 0.0000000000
78418  -5.649  -10.680  60.243 0.0000000000
78419  -6.378  -9.886  60.163 0.0000000000
78450  -6.009  -11.364  58.318 0.0000000000
78557  -7.633  -9.501  49.415 0.0000000000
78558  -7.874  -9.522  49.399 0.0000000000
78569  -5.788  -9.444  47.917 0.0000000000
78572  -8.060  -9.533  49.098 0.0000000000
78586  -6.006  -9.472  47.769 0.0000000000
79549  -5.829  -10.379  60.379 0.0000000000
79550  -5.930  -10.236  60.369 0.0000000000
79554  -5.619  -10.438  60.005 0.0000000000
79564  -5.935  -10.137  59.634 0.0000000000
79612  -4.221  -8.229  53.315 0.0000000000
79634  -3.314  -8.032  50.962 0.0000000000
80686  -4.171  -8.002  53.371 0.0000000000
81796  -4.975  -7.922  54.049 0.0000000000
83095  -38.163  -4.186  38.018 0.0000000000
84307  -34.321  -3.632  35.445 0.0000000000
84313  -42.303  -3.358  35.308 0.0000000000
84379  -38.902  -3.495  31.273 0.0000000000
85483  -32.878  -3.336  35.879 0.0000000000
85514  -39.616  -2.566  31.280 0.0000000000
86622  -34.007  -3.051  41.647 0.0000000000
86708  -43.594  -1.605  34.445 0.0000000000
87883  -34.908  -2.154  43.011 0.0000000000
87967  -42.856  -1.429  33.440 0.0000000000
87986  -43.885  -0.386  31.894 0.0000000000
89136  -46.439  0.435  31.668 0.0000000000
90294  -47.047  0.606  32.886 0.0000000000
90324  -48.133  1.068  31.126 0.0000000000
90330  -47.892  0.963  30.905 0.0000000000
91559  -52.465  3.220  23.318 0.0000000000
92548  -52.619  3.612  24.860 0.0000000000
92573  -52.614  4.132  23.421 0.0000000000
92585  -52.547  4.036  22.986 0.0000000000
93654  -52.678  4.324  22.248 0.0000000000
93664  -52.754  4.206  21.835 0.0000000000
93665  -52.818  4.660  22.032 0.0000000000
93673  -52.946  4.523  21.632 0.0000000000
94780  -52.883  5.202  22.372 0.0000000000
95876  -53.191  5.524  21.263 0.0000000000
