#!ascii label  , from subject 3361 vox2ras=TkReg
575
17029  -52.636  -65.116  -12.202 0.0000000000
20102  -46.406  -62.533  -21.164 0.0000000000
18078  -46.308  -64.929  -14.638 0.0000000000
20068  -52.047  -62.585  -18.090 0.0000000000
21969  -46.202  -60.130  -17.771 0.0000000000
18961  -48.055  -64.040  -7.676 0.0000000000
19967  -41.177  -62.655  -11.358 0.0000000000
22787  -36.133  -59.130  -7.882 0.0000000000
18125  -41.937  -64.514  -16.483 0.0000000000
19108  -45.631  -63.323  -17.744 0.0000000000
21017  -43.342  -61.320  -17.415 0.0000000000
18974  -44.324  -63.271  -9.783 0.0000000000
19932  -42.487  -62.336  -8.751 0.0000000000
27759  -36.220  -54.300  -7.107 0.0000000000
25758  -35.696  -56.041  -9.846 0.0000000000
15115  -49.587  -67.625  -14.427 0.0000000000
21060  -49.554  -61.635  -20.667 0.0000000000
17127  -49.401  -65.173  -20.275 0.0000000000
17170  -48.536  -64.951  -22.190 0.0000000000
18057  -49.206  -64.576  -13.154 0.0000000000
17077  -52.354  -64.588  -15.221 0.0000000000
21029  -49.548  -60.777  -18.458 0.0000000000
23917  -47.577  -58.888  -19.194 0.0000000000
18009  -46.720  -64.582  -11.516 0.0000000000
18029  -43.382  -64.025  -12.789 0.0000000000
19062  -38.778  -62.894  -14.684 0.0000000000
19918  -39.576  -62.576  -7.640 0.0000000000
21863  -38.468  -60.704  -9.630 0.0000000000
21890  -37.149  -60.272  -12.696 0.0000000000
25845  -38.340  -57.085  -14.255 0.0000000000
16122  -49.959  -66.021  -17.359 0.0000000000
21984  -41.088  -60.409  -19.594 0.0000000000
19162  -43.321  -63.371  -20.315 0.0000000000
16191  -42.479  -66.842  -21.608 0.0000000000
20036  -40.941  -62.743  -16.823 0.0000000000
19105  -42.775  -63.504  -17.418 0.0000000000
16091  -51.050  -66.439  -13.903 0.0000000000
21059  -48.403  -61.465  -20.853 0.0000000000
20127  -48.963  -62.975  -21.440 0.0000000000
19185  -47.840  -63.706  -21.434 0.0000000000
17168  -46.968  -65.494  -21.631 0.0000000000
19165  -46.805  -63.791  -21.171 0.0000000000
18079  -47.299  -64.860  -14.213 0.0000000000
18130  -47.521  -64.541  -16.235 0.0000000000
20055  -46.280  -62.294  -17.946 0.0000000000
20056  -47.651  -62.236  -18.027 0.0000000000
21021  -47.851  -60.940  -18.069 0.0000000000
22931  -48.971  -59.661  -18.964 0.0000000000
23863  -47.548  -59.031  -18.400 0.0000000000
17995  -49.205  -64.166  -10.237 0.0000000000
18978  -47.723  -63.863  -9.242 0.0000000000
19954  -42.475  -62.778  -10.451 0.0000000000
19006  -44.189  -63.782  -11.284 0.0000000000
19022  -41.958  -63.588  -12.459 0.0000000000
18051  -41.819  -64.308  -13.831 0.0000000000
19034  -39.399  -62.930  -13.224 0.0000000000
20893  -37.211  -61.411  -7.861 0.0000000000
20898  -39.193  -61.744  -8.337 0.0000000000
21852  -37.584  -60.414  -8.961 0.0000000000
26779  -36.183  -55.288  -11.223 0.0000000000
23747  -36.380  -58.282  -11.425 0.0000000000
24741  -36.336  -57.576  -12.274 0.0000000000
23792  -36.909  -58.490  -13.618 0.0000000000
19094  -52.238  -63.269  -16.465 0.0000000000
17088  -51.834  -65.093  -16.365 0.0000000000
18147  -51.335  -64.459  -17.901 0.0000000000
17102  -48.694  -65.816  -19.477 0.0000000000
21982  -39.186  -60.296  -19.429 0.0000000000
21041  -42.325  -61.468  -20.124 0.0000000000
16166  -41.413  -65.685  -20.614 0.0000000000
18103  -43.703  -64.946  -15.756 0.0000000000
18129  -46.515  -64.716  -16.405 0.0000000000
18142  -43.951  -64.027  -17.356 0.0000000000
20053  -43.991  -62.322  -17.858 0.0000000000
21018  -44.556  -61.285  -17.655 0.0000000000
19936  -46.056  -63.346  -8.600 0.0000000000
19933  -43.539  -62.786  -8.778 0.0000000000
20920  -42.028  -62.292  -9.936 0.0000000000
25736  -35.545  -56.714  -8.075 0.0000000000
24705  -35.786  -57.566  -9.160 0.0000000000
26758  -35.541  -55.643  -8.380 0.0000000000
28829  -36.130  -53.440  -9.592 0.0000000000
28847  -37.062  -52.835  -10.852 0.0000000000
21062  -50.973  -61.619  -19.706 0.0000000000
18184  -50.682  -63.830  -19.419 0.0000000000
19167  -50.296  -63.174  -20.532 0.0000000000
18236  -49.528  -64.426  -21.429 0.0000000000
16197  -48.829  -66.652  -22.126 0.0000000000
16245  -48.175  -66.849  -23.325 0.0000000000
16222  -46.927  -66.791  -22.591 0.0000000000
15211  -45.253  -67.350  -22.055 0.0000000000
18037  -51.362  -64.137  -12.024 0.0000000000
17062  -52.328  -64.775  -14.087 0.0000000000
19067  -51.602  -63.235  -15.581 0.0000000000
20037  -51.254  -62.473  -16.751 0.0000000000
19110  -48.304  -63.560  -17.262 0.0000000000
20058  -50.106  -62.100  -17.730 0.0000000000
21031  -51.016  -61.319  -18.539 0.0000000000
21987  -50.042  -60.319  -19.251 0.0000000000
22972  -48.878  -59.893  -19.925 0.0000000000
22970  -46.957  -59.890  -20.166 0.0000000000
18036  -50.522  -64.106  -11.786 0.0000000000
18034  -48.477  -64.661  -12.238 0.0000000000
17026  -46.596  -65.026  -12.994 0.0000000000
18990  -45.692  -63.660  -10.256 0.0000000000
18031  -45.411  -64.620  -12.661 0.0000000000
18054  -44.919  -64.682  -13.717 0.0000000000
18075  -43.213  -64.860  -14.739 0.0000000000
18100  -40.486  -64.356  -15.465 0.0000000000
20987  -39.112  -61.766  -16.066 0.0000000000
19920  -41.455  -62.696  -7.941 0.0000000000
20909  -40.453  -61.398  -9.248 0.0000000000
20917  -39.446  -61.314  -10.475 0.0000000000
23738  -36.893  -58.851  -10.184 0.0000000000
21876  -38.086  -60.913  -10.961 0.0000000000
20947  -38.991  -62.083  -12.107 0.0000000000
20965  -38.045  -61.896  -13.589 0.0000000000
21922  -37.897  -60.363  -14.821 0.0000000000
16102  -51.745  -65.791  -14.961 0.0000000000
15147  -50.251  -66.719  -15.926 0.0000000000
17104  -50.303  -64.912  -18.445 0.0000000000
16120  -47.797  -66.595  -17.672 0.0000000000
23887  -46.217  -57.919  -18.929 0.0000000000
22948  -46.381  -59.068  -19.946 0.0000000000
22006  -45.368  -60.713  -20.708 0.0000000000
21054  -43.916  -61.552  -20.528 0.0000000000
20101  -45.212  -62.531  -20.864 0.0000000000
18213  -44.978  -64.564  -20.497 0.0000000000
16169  -44.472  -66.425  -20.748 0.0000000000
21950  -40.061  -61.037  -16.392 0.0000000000
20999  -40.585  -61.797  -16.613 0.0000000000
16078  -51.318  -66.403  -13.130 0.0000000000
16062  -52.124  -65.982  -12.630 0.0000000000
21074  -47.247  -62.081  -21.253 0.0000000000
21075  -47.964  -62.163  -21.208 0.0000000000
20125  -47.422  -62.839  -21.334 0.0000000000
18107  -47.980  -64.527  -15.249 0.0000000000
18106  -46.921  -64.827  -15.399 0.0000000000
21020  -46.814  -61.140  -17.969 0.0000000000
21970  -47.204  -60.072  -17.988 0.0000000000
22918  -47.463  -59.314  -18.153 0.0000000000
22917  -46.684  -59.184  -17.690 0.0000000000
18962  -48.908  -64.289  -7.663 0.0000000000
18970  -48.710  -64.107  -8.181 0.0000000000
18979  -48.600  -64.120  -8.861 0.0000000000
18969  -47.817  -63.801  -8.415 0.0000000000
19968  -41.860  -62.838  -11.142 0.0000000000
19004  -42.437  -63.290  -11.493 0.0000000000
19003  -41.558  -63.139  -11.892 0.0000000000
19021  -40.999  -63.524  -12.837 0.0000000000
19002  -40.861  -62.973  -12.075 0.0000000000
22786  -35.784  -58.673  -7.499 0.0000000000
22770  -35.914  -59.438  -6.564 0.0000000000
21847  -36.383  -60.504  -7.495 0.0000000000
21848  -36.986  -60.712  -8.300 0.0000000000
20896  -37.466  -60.923  -8.385 0.0000000000
21851  -36.704  -60.041  -8.397 0.0000000000
27825  -36.792  -54.426  -11.691 0.0000000000
25775  -36.263  -56.247  -11.899 0.0000000000
25794  -36.902  -56.514  -13.119 0.0000000000
27846  -37.346  -54.809  -12.434 0.0000000000
20061  -52.090  -62.666  -17.406 0.0000000000
19115  -52.213  -63.464  -17.306 0.0000000000
19114  -51.953  -63.581  -17.888 0.0000000000
19136  -41.291  -63.164  -19.767 0.0000000000
17123  -41.290  -64.526  -19.937 0.0000000000
17143  -40.567  -64.689  -20.479 0.0000000000
18126  -43.070  -64.463  -16.841 0.0000000000
18127  -44.314  -64.661  -16.646 0.0000000000
20052  -43.034  -62.511  -17.668 0.0000000000
19106  -43.580  -63.285  -17.671 0.0000000000
19941  -42.838  -62.528  -9.461 0.0000000000
20911  -41.885  -62.082  -9.369 0.0000000000
26714  -35.701  -56.470  -6.671 0.0000000000
26743  -35.582  -55.905  -7.262 0.0000000000
27758  -35.686  -54.871  -7.701 0.0000000000
29940  -36.482  -52.787  -10.007 0.0000000000
15132  -49.243  -67.695  -15.155 0.0000000000
21061  -50.547  -61.438  -20.178 0.0000000000
20078  -50.842  -62.469  -19.966 0.0000000000
20104  -50.448  -62.390  -20.410 0.0000000000
18235  -48.819  -64.319  -22.020 0.0000000000
19209  -49.430  -64.011  -21.619 0.0000000000
17185  -49.010  -64.984  -22.392 0.0000000000
16225  -49.073  -65.529  -22.317 0.0000000000
16224  -48.690  -66.256  -22.706 0.0000000000
16196  -47.291  -66.083  -22.224 0.0000000000
16195  -46.614  -66.338  -21.913 0.0000000000
15236  -46.049  -67.654  -22.968 0.0000000000
15212  -45.841  -67.160  -22.198 0.0000000000
18058  -50.480  -64.177  -12.932 0.0000000000
18059  -51.524  -64.151  -13.242 0.0000000000
19092  -51.170  -62.721  -16.250 0.0000000000
19112  -50.589  -62.600  -16.888 0.0000000000
18144  -46.102  -64.200  -17.229 0.0000000000
18145  -47.218  -64.255  -17.064 0.0000000000
19109  -46.869  -63.415  -17.718 0.0000000000
20057  -48.954  -62.420  -17.944 0.0000000000
20065  -49.341  -61.489  -18.213 0.0000000000
21022  -50.729  -61.627  -18.093 0.0000000000
21030  -50.318  -60.964  -18.524 0.0000000000
21976  -50.529  -60.751  -18.904 0.0000000000
23918  -48.277  -59.278  -19.122 0.0000000000
22951  -48.871  -59.668  -19.446 0.0000000000
22950  -48.199  -59.387  -19.596 0.0000000000
22971  -48.023  -59.781  -20.210 0.0000000000
22949  -47.357  -59.187  -19.723 0.0000000000
18010  -47.756  -64.570  -11.345 0.0000000000
18011  -48.878  -64.389  -11.157 0.0000000000
18033  -47.273  -64.919  -12.504 0.0000000000
18032  -46.285  -64.830  -12.364 0.0000000000
19944  -45.595  -63.161  -9.059 0.0000000000
18976  -46.001  -63.369  -9.551 0.0000000000
18975  -45.207  -63.291  -9.681 0.0000000000
18006  -44.048  -63.979  -12.026 0.0000000000
18007  -44.858  -64.154  -11.684 0.0000000000
18030  -44.410  -64.319  -12.782 0.0000000000
18053  -43.840  -64.487  -13.785 0.0000000000
18052  -42.796  -64.407  -13.835 0.0000000000
18072  -40.183  -64.051  -14.341 0.0000000000
18073  -41.125  -64.524  -14.572 0.0000000000
18099  -39.832  -64.002  -15.138 0.0000000000
19085  -39.757  -63.307  -16.076 0.0000000000
20023  -38.805  -62.464  -15.521 0.0000000000
19919  -40.571  -62.663  -7.783 0.0000000000
21864  -39.262  -61.074  -9.486 0.0000000000
21855  -40.076  -61.313  -9.074 0.0000000000
21865  -39.875  -61.275  -9.438 0.0000000000
20918  -40.107  -61.466  -10.155 0.0000000000
21870  -39.147  -61.055  -10.203 0.0000000000
25747  -35.745  -56.792  -9.792 0.0000000000
23732  -36.472  -58.482  -9.650 0.0000000000
24712  -35.972  -57.508  -10.186 0.0000000000
22826  -36.559  -58.952  -12.223 0.0000000000
22811  -37.159  -59.564  -11.259 0.0000000000
21875  -37.468  -60.461  -11.687 0.0000000000
20928  -37.888  -61.195  -11.673 0.0000000000
20945  -37.559  -60.992  -12.296 0.0000000000
20946  -38.205  -61.805  -12.479 0.0000000000
20964  -37.491  -61.004  -13.475 0.0000000000
23815  -37.534  -58.464  -14.365 0.0000000000
22872  -37.792  -59.415  -14.680 0.0000000000
22885  -38.629  -59.694  -15.342 0.0000000000
17061  -52.152  -65.416  -14.452 0.0000000000
17076  -52.094  -65.266  -15.415 0.0000000000
16123  -50.680  -65.928  -16.881 0.0000000000
16113  -50.960  -66.230  -16.069 0.0000000000
16112  -50.180  -66.499  -16.486 0.0000000000
16111  -49.364  -66.779  -16.706 0.0000000000
18183  -49.901  -64.475  -19.821 0.0000000000
18153  -50.273  -64.566  -19.068 0.0000000000
17103  -49.443  -65.256  -19.108 0.0000000000
16131  -47.324  -66.769  -18.897 0.0000000000
16132  -48.480  -66.045  -18.662 0.0000000000
24838  -46.394  -57.992  -17.842 0.0000000000
24851  -45.660  -57.460  -18.452 0.0000000000
22947  -45.288  -59.122  -20.131 0.0000000000
22969  -45.887  -59.853  -20.430 0.0000000000
22968  -44.868  -59.990  -20.477 0.0000000000
20098  -42.622  -62.289  -20.196 0.0000000000
21053  -43.120  -61.522  -20.311 0.0000000000
20099  -43.325  -62.340  -20.417 0.0000000000
20100  -44.162  -62.479  -20.638 0.0000000000
19163  -44.511  -63.496  -20.604 0.0000000000
18212  -43.834  -64.432  -20.228 0.0000000000
16168  -43.333  -66.341  -20.577 0.0000000000
16192  -43.757  -67.065  -21.212 0.0000000000
19087  -41.439  -63.692  -16.861 0.0000000000
19088  -42.239  -63.962  -17.015 0.0000000000
20050  -41.682  -62.771  -17.196 0.0000000000
21015  -41.992  -62.283  -17.294 0.0000000000
21016  -42.437  -61.923  -17.371 0.0000000000
28804  -36.712  -53.140  -7.333 0.0000000000
15116  -50.320  -67.078  -14.206 0.0000000000
21077  -49.318  -62.485  -21.028 0.0000000000
21076  -48.759  -62.275  -21.064 0.0000000000
20126  -48.275  -62.922  -21.376 0.0000000000
18234  -48.258  -64.453  -21.792 0.0000000000
17169  -47.875  -65.356  -22.136 0.0000000000
18233  -47.467  -64.607  -21.507 0.0000000000
18215  -46.724  -64.761  -21.251 0.0000000000
17149  -46.299  -65.314  -21.150 0.0000000000
18080  -48.575  -64.577  -14.214 0.0000000000
18108  -49.122  -64.202  -15.146 0.0000000000
18131  -48.535  -64.105  -16.260 0.0000000000
21028  -48.725  -60.771  -18.291 0.0000000000
21974  -48.907  -60.080  -18.524 0.0000000000
21973  -48.081  -60.032  -18.225 0.0000000000
22930  -48.126  -59.447  -18.569 0.0000000000
23889  -47.668  -58.964  -18.713 0.0000000000
17994  -48.076  -64.286  -10.218 0.0000000000
17993  -47.084  -64.161  -10.636 0.0000000000
19955  -43.401  -63.057  -9.984 0.0000000000
18988  -43.862  -63.458  -10.623 0.0000000000
18987  -43.099  -63.273  -10.780 0.0000000000
19005  -43.387  -63.664  -11.590 0.0000000000
18028  -42.387  -63.971  -13.076 0.0000000000
18027  -41.613  -63.884  -13.179 0.0000000000
19036  -40.718  -63.714  -13.367 0.0000000000
19044  -39.492  -63.507  -14.201 0.0000000000
19916  -37.443  -62.340  -7.013 0.0000000000
20894  -38.227  -61.970  -7.792 0.0000000000
20897  -38.075  -61.237  -8.404 0.0000000000
21853  -38.746  -60.986  -8.933 0.0000000000
25759  -35.872  -56.352  -10.656 0.0000000000
24723  -36.114  -57.382  -11.178 0.0000000000
23791  -36.550  -58.524  -12.738 0.0000000000
22850  -36.756  -59.379  -13.070 0.0000000000
24768  -36.761  -57.627  -13.260 0.0000000000
25821  -37.162  -57.116  -13.574 0.0000000000
25822  -37.778  -56.738  -13.918 0.0000000000
18111  -52.340  -63.861  -15.675 0.0000000000
17089  -52.252  -64.773  -15.834 0.0000000000
18134  -52.131  -64.442  -16.750 0.0000000000
17095  -51.485  -65.063  -17.042 0.0000000000
17094  -50.883  -65.125  -17.589 0.0000000000
17126  -48.886  -65.710  -20.141 0.0000000000
21983  -40.064  -60.369  -19.344 0.0000000000
21039  -40.445  -61.342  -19.577 0.0000000000
21040  -41.434  -61.385  -19.838 0.0000000000
20077  -41.806  -62.315  -19.922 0.0000000000
19137  -42.306  -63.242  -20.025 0.0000000000
18182  -42.931  -64.307  -19.998 0.0000000000
17145  -41.923  -65.319  -20.110 0.0000000000
16167  -42.213  -66.071  -20.594 0.0000000000
18104  -44.825  -64.932  -15.657 0.0000000000
18105  -45.888  -64.922  -15.559 0.0000000000
18128  -45.430  -64.735  -16.541 0.0000000000
18143  -44.981  -64.129  -17.307 0.0000000000
18141  -43.326  -63.868  -17.377 0.0000000000
19107  -44.525  -63.271  -17.738 0.0000000000
20054  -45.096  -62.299  -17.904 0.0000000000
21019  -45.678  -61.227  -17.851 0.0000000000
21968  -45.178  -60.264  -17.476 0.0000000000
18968  -46.903  -63.472  -8.740 0.0000000000
19943  -44.814  -63.016  -9.140 0.0000000000
19934  -44.474  -63.054  -8.735 0.0000000000
19942  -43.891  -62.986  -9.232 0.0000000000
19953  -41.611  -62.400  -10.596 0.0000000000
24663  -35.593  -57.369  -6.771 0.0000000000
23705  -35.754  -58.319  -7.948 0.0000000000
23719  -36.065  -58.432  -8.629 0.0000000000
24690  -35.638  -57.611  -8.375 0.0000000000
25746  -35.608  -56.463  -9.057 0.0000000000
26766  -35.616  -55.387  -9.381 0.0000000000
28803  -35.829  -53.875  -7.984 0.0000000000
28828  -35.825  -54.041  -9.274 0.0000000000
26778  -35.840  -55.208  -10.296 0.0000000000
27800  -36.257  -54.373  -10.659 0.0000000000
28876  -36.669  -53.811  -11.126 0.0000000000
28877  -37.294  -53.292  -11.374 0.0000000000
20067  -51.794  -62.391  -18.764 0.0000000000
19119  -51.795  -63.085  -18.637 0.0000000000
20079  -51.269  -62.282  -19.538 0.0000000000
19139  -50.764  -62.965  -19.970 0.0000000000
18217  -50.203  -63.770  -20.267 0.0000000000
18216  -49.669  -64.593  -20.774 0.0000000000
16223  -47.843  -66.371  -22.856 0.0000000000
15238  -47.817  -66.997  -23.417 0.0000000000
15265  -47.357  -67.997  -24.164 0.0000000000
15253  -46.895  -67.913  -23.952 0.0000000000
15252  -46.292  -68.163  -23.731 0.0000000000
18038  -52.185  -64.538  -12.386 0.0000000000
17044  -52.569  -64.884  -13.063 0.0000000000
18060  -52.085  -64.464  -13.655 0.0000000000
18084  -52.150  -64.108  -14.832 0.0000000000
19047  -51.350  -63.502  -14.893 0.0000000000
19068  -52.070  -63.517  -15.671 0.0000000000
19093  -51.872  -62.964  -16.250 0.0000000000
20039  -52.007  -62.788  -16.859 0.0000000000
20060  -51.747  -62.425  -17.398 0.0000000000
18146  -47.886  -64.166  -16.747 0.0000000000
21023  -51.421  -61.963  -18.016 0.0000000000
21977  -51.062  -61.159  -18.957 0.0000000000
22011  -50.764  -61.153  -19.691 0.0000000000
22010  -49.927  -60.447  -19.976 0.0000000000
22932  -49.603  -60.037  -19.099 0.0000000000
22973  -49.297  -59.990  -19.674 0.0000000000
22009  -48.787  -60.566  -20.456 0.0000000000
22008  -47.601  -60.734  -20.664 0.0000000000
21057  -46.850  -61.498  -21.015 0.0000000000
18035  -49.629  -64.357  -12.035 0.0000000000
18012  -49.917  -64.080  -11.051 0.0000000000
18056  -48.015  -64.767  -13.284 0.0000000000
18055  -47.287  -64.994  -13.333 0.0000000000
17060  -46.510  -64.984  -13.988 0.0000000000
18977  -46.775  -63.513  -9.395 0.0000000000
18991  -46.504  -63.701  -10.092 0.0000000000
17992  -46.194  -64.142  -10.806 0.0000000000
18989  -44.793  -63.666  -10.570 0.0000000000
17991  -45.447  -64.062  -10.947 0.0000000000
18008  -45.796  -64.468  -11.633 0.0000000000
17025  -46.022  -64.912  -12.995 0.0000000000
17040  -45.657  -64.832  -13.478 0.0000000000
18077  -45.366  -64.891  -14.612 0.0000000000
18076  -44.302  -64.845  -14.713 0.0000000000
18102  -42.566  -64.943  -15.729 0.0000000000
18074  -42.139  -64.827  -14.682 0.0000000000
18101  -41.505  -64.759  -15.569 0.0000000000
18124  -41.081  -64.364  -16.264 0.0000000000
19086  -40.439  -63.669  -16.371 0.0000000000
20998  -39.748  -61.883  -16.418 0.0000000000
19929  -40.112  -62.080  -8.159 0.0000000000
20900  -41.039  -61.708  -8.854 0.0000000000
20901  -41.666  -61.889  -8.958 0.0000000000
20910  -41.099  -61.672  -9.403 0.0000000000
20919  -41.285  -61.915  -10.024 0.0000000000
19952  -40.773  -62.109  -10.813 0.0000000000
22796  -36.811  -59.305  -9.042 0.0000000000
22803  -37.166  -59.295  -9.762 0.0000000000
21862  -37.724  -60.025  -9.893 0.0000000000
23748  -36.813  -58.890  -10.909 0.0000000000
21868  -37.647  -60.187  -10.738 0.0000000000
21869  -38.290  -60.649  -10.326 0.0000000000
20929  -39.033  -61.458  -11.163 0.0000000000
19966  -40.355  -62.498  -11.710 0.0000000000
19019  -39.728  -62.722  -12.686 0.0000000000
19033  -38.977  -62.814  -13.434 0.0000000000
20011  -38.391  -62.353  -14.151 0.0000000000
21905  -37.075  -60.075  -13.524 0.0000000000
20977  -37.631  -60.759  -14.308 0.0000000000
20022  -38.406  -62.179  -14.929 0.0000000000
20986  -38.551  -61.548  -15.489 0.0000000000
21936  -39.213  -60.670  -15.955 0.0000000000
16079  -51.801  -65.949  -13.648 0.0000000000
16092  -51.586  -66.005  -14.383 0.0000000000
16101  -51.103  -66.406  -14.922 0.0000000000
16114  -51.587  -65.784  -15.563 0.0000000000
15133  -50.152  -66.982  -15.227 0.0000000000
15146  -49.663  -67.053  -15.907 0.0000000000
18185  -51.298  -63.669  -18.840 0.0000000000
17093  -49.993  -65.391  -18.094 0.0000000000
16133  -49.363  -65.778  -18.124 0.0000000000
16121  -48.943  -66.373  -17.563 0.0000000000
21952  -42.060  -60.659  -16.300 0.0000000000
21967  -44.122  -60.311  -17.170 0.0000000000
22916  -45.675  -59.174  -17.274 0.0000000000
23862  -46.976  -58.532  -18.108 0.0000000000
23888  -47.020  -58.304  -18.743 0.0000000000
24864  -45.311  -57.712  -19.158 0.0000000000
23915  -45.810  -58.381  -19.555 0.0000000000
23916  -46.789  -58.487  -19.381 0.0000000000
22007  -46.418  -60.680  -20.686 0.0000000000
21056  -45.828  -61.566  -20.937 0.0000000000
21985  -42.195  -60.448  -19.934 0.0000000000
21986  -43.104  -60.149  -20.161 0.0000000000
22967  -44.242  -60.203  -20.441 0.0000000000
22005  -44.467  -60.769  -20.575 0.0000000000
21055  -44.808  -61.589  -20.760 0.0000000000
19164  -45.648  -63.580  -20.867 0.0000000000
18214  -46.003  -64.624  -20.905 0.0000000000
17148  -45.493  -65.758  -20.716 0.0000000000
17147  -44.214  -65.518  -20.293 0.0000000000
16170  -45.165  -66.519  -20.990 0.0000000000
15237  -47.280  -67.250  -23.284 0.0000000000
16043  -52.398  -65.637  -11.993 0.0000000000
16063  -52.509  -65.527  -12.361 0.0000000000
16193  -44.787  -66.970  -21.354 0.0000000000
16194  -45.759  -66.683  -21.529 0.0000000000
16221  -46.251  -66.925  -22.251 0.0000000000
17027  -46.996  -65.090  -13.092 0.0000000000
17028  -52.541  -65.379  -12.716 0.0000000000
17041  -46.245  -64.976  -13.504 0.0000000000
17042  -46.819  -65.038  -13.529 0.0000000000
17043  -52.366  -65.407  -13.425 0.0000000000
17058  -45.458  -64.844  -13.959 0.0000000000
17059  -45.915  -64.949  -14.030 0.0000000000
17087  -51.212  -65.528  -16.808 0.0000000000
17124  -41.724  -64.653  -19.915 0.0000000000
17144  -40.982  -64.947  -20.274 0.0000000000
17171  -49.410  -65.177  -21.475 0.0000000000
17186  -49.306  -65.046  -21.961 0.0000000000
18049  -40.433  -63.914  -13.860 0.0000000000
18050  -40.887  -63.980  -13.685 0.0000000000
18071  -39.656  -63.811  -14.754 0.0000000000
18135  -52.333  -64.180  -16.319 0.0000000000
18148  -51.817  -64.384  -17.346 0.0000000000
18149  -52.263  -64.135  -16.954 0.0000000000
18154  -50.928  -64.351  -18.489 0.0000000000
18155  -51.567  -63.924  -18.189 0.0000000000
18210  -40.301  -64.184  -20.364 0.0000000000
18211  -40.960  -64.348  -19.961 0.0000000000
18247  -49.152  -64.260  -21.972 0.0000000000
18248  -49.311  -64.340  -21.804 0.0000000000
18992  -47.244  -63.837  -9.900 0.0000000000
19020  -40.228  -62.954  -12.645 0.0000000000
19023  -42.712  -63.718  -12.275 0.0000000000
19035  -40.248  -63.621  -13.568 0.0000000000
19043  -38.899  -62.901  -13.820 0.0000000000
19045  -39.945  -63.783  -14.018 0.0000000000
19046  -51.020  -63.382  -14.790 0.0000000000
19048  -51.840  -63.684  -15.100 0.0000000000
19063  -39.330  -63.408  -15.325 0.0000000000
19064  -39.916  -63.816  -15.712 0.0000000000
19104  -42.060  -63.368  -17.256 0.0000000000
19113  -51.031  -62.399  -16.735 0.0000000000
19120  -52.137  -63.169  -18.006 0.0000000000
19138  -42.709  -63.772  -20.057 0.0000000000
19140  -51.246  -63.149  -19.337 0.0000000000
19161  -42.879  -62.819  -20.291 0.0000000000
19186  -48.585  -63.667  -21.659 0.0000000000
19187  -49.160  -63.678  -21.727 0.0000000000
19188  -49.557  -63.689  -21.395 0.0000000000
19189  -50.037  -63.155  -20.884 0.0000000000
19208  -49.301  -63.993  -21.748 0.0000000000
19930  -40.863  -62.131  -8.381 0.0000000000
19945  -46.251  -63.312  -9.021 0.0000000000
19965  -39.593  -62.196  -11.798 0.0000000000
19985  -38.844  -62.322  -12.653 0.0000000000
19986  -39.361  -62.486  -12.532 0.0000000000
19987  -39.861  -62.572  -12.278 0.0000000000
20002  -38.690  -62.499  -13.275 0.0000000000
20003  -39.056  -62.598  -12.912 0.0000000000
20034  -39.368  -62.641  -16.105 0.0000000000
20035  -40.096  -62.698  -16.490 0.0000000000
20038  -51.575  -62.583  -16.783 0.0000000000
20051  -42.302  -62.732  -17.452 0.0000000000
20059  -51.092  -62.191  -17.237 0.0000000000
20066  -50.052  -61.340  -18.216 0.0000000000
20076  -40.857  -62.290  -19.706 0.0000000000
20103  -49.759  -62.480  -20.862 0.0000000000
20105  -50.853  -61.882  -19.960 0.0000000000
20895  -38.889  -62.297  -7.796 0.0000000000
20899  -40.234  -61.559  -8.685 0.0000000000
20927  -37.608  -60.902  -11.869 0.0000000000
20930  -39.950  -62.009  -11.066 0.0000000000
20978  -37.998  -61.394  -14.563 0.0000000000
21024  -51.886  -62.180  -17.852 0.0000000000
21025  -52.029  -62.373  -17.875 0.0000000000
21032  -51.615  -61.832  -18.670 0.0000000000
21033  -51.929  -62.198  -18.106 0.0000000000
21042  -51.261  -61.654  -19.368 0.0000000000
21058  -47.618  -61.576  -21.014 0.0000000000
21854  -39.605  -61.238  -8.967 0.0000000000
21871  -39.620  -61.199  -9.804 0.0000000000
21877  -38.662  -60.988  -10.651 0.0000000000
21921  -37.392  -60.184  -14.209 0.0000000000
21935  -38.368  -60.727  -15.339 0.0000000000
21988  -50.619  -60.831  -19.342 0.0000000000
21989  -51.105  -61.329  -19.264 0.0000000000
22003  -42.877  -60.843  -20.199 0.0000000000
22004  -43.667  -60.638  -20.372 0.0000000000
22012  -51.027  -61.443  -19.501 0.0000000000
22769  -35.788  -58.907  -7.222 0.0000000000
22797  -37.312  -59.765  -9.438 0.0000000000
22802  -36.853  -58.999  -9.575 0.0000000000
22806  -37.293  -59.434  -10.452 0.0000000000
22810  -36.663  -58.970  -11.652 0.0000000000
22827  -36.852  -59.563  -12.147 0.0000000000
22849  -36.630  -59.122  -12.546 0.0000000000
22871  -37.115  -59.341  -14.003 0.0000000000
22952  -49.476  -59.997  -19.395 0.0000000000
23706  -36.006  -58.613  -8.151 0.0000000000
23718  -35.761  -58.094  -8.429 0.0000000000
23733  -36.873  -58.905  -9.809 0.0000000000
23737  -36.415  -58.253  -10.578 0.0000000000
23766  -36.407  -58.478  -12.059 0.0000000000
23890  -48.258  -59.320  -18.854 0.0000000000
24681  -35.564  -57.520  -7.549 0.0000000000
24691  -35.761  -57.947  -8.681 0.0000000000
24704  -35.610  -57.089  -8.682 0.0000000000
24769  -37.311  -57.638  -13.921 0.0000000000
24793  -38.026  -57.524  -14.462 0.0000000000
24852  -46.396  -57.880  -18.270 0.0000000000
25728  -35.499  -56.799  -7.162 0.0000000000
25844  -38.021  -57.071  -14.299 0.0000000000
26799  -36.543  -55.266  -11.934 0.0000000000
26845  -37.834  -56.112  -13.549 0.0000000000
26846  -38.367  -56.055  -13.560 0.0000000000
27774  -35.629  -54.556  -8.778 0.0000000000
27782  -35.891  -54.436  -9.823 0.0000000000
27783  -36.217  -53.888  -10.169 0.0000000000
27799  -35.994  -54.674  -10.267 0.0000000000
28846  -36.590  -53.305  -10.561 0.0000000000
29941  -37.050  -52.250  -10.358 0.0000000000
