#!ascii label  , from subject 3361 vox2ras=TkReg
1050
64664  31.076  -23.542  35.573 0.0000000000
86648  43.908  -5.366  18.409 0.0000000000
77069  35.052  -14.312  24.671 0.0000000000
63216  12.447  -24.234  45.913 0.0000000000
65880  25.091  -21.085  37.826 0.0000000000
81871  35.516  -9.786  23.427 0.0000000000
67024  18.018  -21.332  40.714 0.0000000000
62016  15.793  -25.418  43.212 0.0000000000
65882  21.379  -22.671  38.583 0.0000000000
86655  50.037  -6.075  17.644 0.0000000000
70624  29.572  -19.507  35.867 0.0000000000
71945  31.403  -17.921  32.103 0.0000000000
67096  35.036  -21.360  35.754 0.0000000000
90097  47.313  -2.168  17.319 0.0000000000
92441  50.293  -0.553  15.263 0.0000000000
88923  40.100  -3.233  21.344 0.0000000000
86586  42.629  -7.078  22.045 0.0000000000
83091  39.239  -8.481  20.833 0.0000000000
77102  39.681  -13.606  23.528 0.0000000000
60866  30.013  -26.655  38.627 0.0000000000
58530  11.577  -28.862  47.892 0.0000000000
59610  8.186  -28.078  50.867 0.0000000000
59559  6.366  -27.071  55.123 0.0000000000
64652  27.880  -23.288  36.286 0.0000000000
62067  25.386  -25.766  39.145 0.0000000000
74485  30.132  -15.308  28.201 0.0000000000
73242  36.845  -17.077  29.861 0.0000000000
100004  47.772  6.149  12.808 0.0000000000
85473  47.145  -5.665  17.921 0.0000000000
85443  46.206  -6.581  19.552 0.0000000000
67111  31.022  -21.756  34.923 0.0000000000
68280  31.962  -21.117  33.570 0.0000000000
64662  33.284  -23.152  35.725 0.0000000000
88952  44.259  -2.784  18.961 0.0000000000
88961  46.855  -2.415  18.953 0.0000000000
87851  46.500  -4.191  17.278 0.0000000000
87863  48.556  -4.304  16.044 0.0000000000
53615  6.305  -33.041  54.294 0.0000000000
86604  39.053  -5.654  20.813 0.0000000000
86590  36.919  -5.989  22.537 0.0000000000
78311  34.866  -12.015  23.424 0.0000000000
78321  36.883  -12.203  22.247 0.0000000000
77091  37.029  -14.329  24.347 0.0000000000
75786  37.408  -15.233  26.250 0.0000000000
63246  14.015  -24.796  44.062 0.0000000000
60767  15.188  -26.626  44.629 0.0000000000
60750  13.157  -27.500  45.682 0.0000000000
58540  13.510  -28.536  47.883 0.0000000000
60752  11.493  -27.007  46.535 0.0000000000
60681  8.985  -26.171  50.461 0.0000000000
59583  7.197  -28.083  52.825 0.0000000000
64653  26.601  -22.834  36.642 0.0000000000
62111  25.958  -24.560  36.470 0.0000000000
64655  24.296  -23.245  36.455 0.0000000000
64556  20.188  -23.839  41.127 0.0000000000
62045  22.305  -25.737  41.093 0.0000000000
71895  35.571  -18.515  33.959 0.0000000000
71994  34.228  -17.906  30.687 0.0000000000
84216  36.688  -7.427  24.300 0.0000000000
81848  34.978  -9.453  25.287 0.0000000000
79533  32.559  -12.046  25.507 0.0000000000
65825  18.980  -23.479  40.904 0.0000000000
63261  18.392  -24.979  43.320 0.0000000000
64535  16.785  -23.483  42.043 0.0000000000
64487  15.025  -23.066  43.701 0.0000000000
65745  13.781  -21.957  45.808 0.0000000000
67084  22.734  -21.401  37.184 0.0000000000
68231  22.125  -19.717  39.034 0.0000000000
67056  19.681  -21.349  39.555 0.0000000000
71878  28.093  -17.679  34.909 0.0000000000
71923  28.485  -17.310  32.866 0.0000000000
70657  30.040  -19.382  33.030 0.0000000000
70641  33.398  -19.036  33.666 0.0000000000
94658  49.252  1.936  15.527 0.0000000000
91250  48.490  -1.214  15.832 0.0000000000
88988  51.021  -3.640  15.758 0.0000000000
88954  42.346  -3.659  19.524 0.0000000000
85428  42.982  -6.520  19.810 0.0000000000
86621  40.667  -5.552  20.465 0.0000000000
84240  40.624  -7.866  21.536 0.0000000000
81880  41.178  -9.473  22.079 0.0000000000
81894  36.783  -8.619  21.773 0.0000000000
79578  38.883  -11.048  21.218 0.0000000000
62106  30.737  -25.484  36.740 0.0000000000
63350  32.849  -24.891  37.627 0.0000000000
90053  42.488  -1.781  21.301 0.0000000000
63189  11.194  -24.016  48.029 0.0000000000
60715  9.892  -26.825  48.259 0.0000000000
58518  9.544  -28.995  49.374 0.0000000000
56243  9.810  -31.041  51.026 0.0000000000
56228  7.970  -30.615  51.544 0.0000000000
57366  6.590  -29.642  53.692 0.0000000000
57355  5.997  -29.822  55.002 0.0000000000
58397  4.870  -28.079  56.647 0.0000000000
64666  29.321  -23.462  35.615 0.0000000000
62108  28.769  -25.515  36.701 0.0000000000
60869  27.595  -26.066  39.051 0.0000000000
63329  23.229  -24.541  38.466 0.0000000000
74514  32.739  -15.456  25.618 0.0000000000
71998  30.234  -17.225  30.167 0.0000000000
73256  33.426  -17.413  28.030 0.0000000000
74512  35.210  -16.338  26.338 0.0000000000
64607  35.715  -23.261  38.123 0.0000000000
97872  49.644  4.755  9.889 0.0000000000
94665  48.416  2.093  14.081 0.0000000000
95739  48.805  2.705  11.706 0.0000000000
86646  45.523  -5.680  18.178 0.0000000000
85460  46.972  -6.175  18.692 0.0000000000
85462  44.969  -6.061  18.695 0.0000000000
65931  30.773  -22.442  35.307 0.0000000000
65930  32.014  -22.352  34.769 0.0000000000
64663  32.195  -23.267  35.355 0.0000000000
88964  44.138  -3.756  18.422 0.0000000000
88963  45.075  -3.384  18.183 0.0000000000
87853  45.308  -4.858  17.777 0.0000000000
86658  46.750  -5.120  17.344 0.0000000000
54895  5.452  -32.149  55.336 0.0000000000
87780  37.741  -4.821  23.515 0.0000000000
86569  37.656  -5.263  24.291 0.0000000000
77093  34.574  -13.317  24.197 0.0000000000
77106  35.860  -13.033  23.328 0.0000000000
77068  36.153  -14.651  24.618 0.0000000000
75833  37.399  -14.714  24.978 0.0000000000
75813  36.824  -14.939  25.247 0.0000000000
63247  13.450  -24.888  44.566 0.0000000000
62008  13.227  -25.769  44.705 0.0000000000
61996  12.650  -25.905  45.181 0.0000000000
60751  12.123  -27.060  45.873 0.0000000000
61983  11.515  -25.896  46.364 0.0000000000
65899  26.307  -21.974  37.459 0.0000000000
64654  25.334  -23.018  36.285 0.0000000000
65920  24.820  -22.368  36.547 0.0000000000
64507  20.394  -24.537  42.377 0.0000000000
74422  27.885  -15.088  33.050 0.0000000000
71915  36.163  -18.577  33.452 0.0000000000
79532  33.194  -11.017  25.297 0.0000000000
79513  32.811  -10.591  26.533 0.0000000000
65845  18.499  -22.606  40.638 0.0000000000
64559  17.734  -23.847  41.629 0.0000000000
65809  17.081  -22.265  41.623 0.0000000000
65782  15.866  -21.971  43.582 0.0000000000
66985  15.356  -21.494  44.592 0.0000000000
65784  14.739  -22.642  44.333 0.0000000000
68215  23.459  -19.565  39.270 0.0000000000
69367  19.033  -19.739  40.211 0.0000000000
68217  19.678  -20.070  39.613 0.0000000000
68218  18.941  -20.835  39.887 0.0000000000
65844  19.395  -22.783  40.404 0.0000000000
70627  28.650  -18.450  34.751 0.0000000000
70642  29.269  -19.509  34.512 0.0000000000
67109  33.850  -21.383  34.832 0.0000000000
69446  32.681  -20.314  33.632 0.0000000000
68270  34.290  -20.519  34.916 0.0000000000
70623  34.737  -19.204  34.603 0.0000000000
68262  35.557  -20.551  35.887 0.0000000000
90092  47.383  -2.016  18.623 0.0000000000
93576  47.779  0.298  16.614 0.0000000000
90107  47.925  -2.018  16.280 0.0000000000
86665  49.203  -5.466  16.511 0.0000000000
87871  49.320  -4.031  15.634 0.0000000000
86663  50.969  -5.083  16.446 0.0000000000
90074  41.047  -3.257  20.383 0.0000000000
88955  41.781  -4.378  19.689 0.0000000000
88941  40.560  -3.719  20.484 0.0000000000
85412  38.372  -6.509  21.182 0.0000000000
85411  39.449  -6.780  20.967 0.0000000000
84250  39.835  -7.704  21.044 0.0000000000
83077  40.843  -8.634  21.836 0.0000000000
81891  39.663  -9.372  21.078 0.0000000000
83054  36.375  -8.167  24.046 0.0000000000
83065  36.075  -8.178  23.131 0.0000000000
81882  36.251  -9.410  22.398 0.0000000000
78307  38.277  -13.028  22.788 0.0000000000
79566  38.409  -11.737  21.618 0.0000000000
78319  38.874  -12.394  22.221 0.0000000000
78317  40.541  -12.184  22.580 0.0000000000
62077  30.691  -26.510  37.903 0.0000000000
62076  31.677  -26.349  38.208 0.0000000000
90022  41.048  -2.067  22.912 0.0000000000
90054  41.545  -2.309  21.094 0.0000000000
90072  42.450  -2.672  20.248 0.0000000000
63245  17.119  -25.482  43.493 0.0000000000
62004  17.146  -25.737  44.174 0.0000000000
58529  12.724  -29.210  48.408 0.0000000000
58514  13.365  -28.782  49.243 0.0000000000
58515  12.899  -29.217  49.466 0.0000000000
57448  11.914  -29.774  49.387 0.0000000000
64400  11.114  -23.461  49.194 0.0000000000
63202  10.815  -25.135  47.788 0.0000000000
61943  10.198  -25.052  48.904 0.0000000000
59609  8.547  -27.785  50.181 0.0000000000
60697  9.041  -27.239  49.659 0.0000000000
58500  8.978  -28.983  49.948 0.0000000000
57432  9.693  -29.947  50.036 0.0000000000
57433  8.908  -29.929  50.429 0.0000000000
56244  8.874  -30.998  51.009 0.0000000000
57413  8.208  -29.875  50.913 0.0000000000
59573  6.972  -27.760  53.647 0.0000000000
58454  6.862  -28.743  53.295 0.0000000000
58440  6.531  -28.441  54.045 0.0000000000
57367  6.312  -30.052  54.331 0.0000000000
58427  6.202  -28.046  54.802 0.0000000000
64632  29.159  -22.335  37.254 0.0000000000
65917  29.384  -22.643  35.969 0.0000000000
64667  28.580  -23.643  35.861 0.0000000000
63390  28.985  -24.246  35.815 0.0000000000
63391  28.384  -24.175  35.948 0.0000000000
62096  26.000  -25.289  37.163 0.0000000000
62095  27.028  -25.564  37.393 0.0000000000
62066  26.393  -25.914  39.272 0.0000000000
65903  22.129  -22.445  37.593 0.0000000000
64638  22.802  -23.144  37.354 0.0000000000
64617  21.775  -23.362  38.648 0.0000000000
62044  23.340  -26.544  41.217 0.0000000000
86600  42.984  -7.019  20.860 0.0000000000
85408  43.965  -7.239  20.936 0.0000000000
86585  43.669  -7.289  21.885 0.0000000000
75770  30.632  -13.942  27.581 0.0000000000
77047  31.376  -13.394  26.672 0.0000000000
74516  31.345  -15.231  26.705 0.0000000000
71946  30.378  -17.855  32.030 0.0000000000
71972  29.274  -17.290  30.894 0.0000000000
71970  31.300  -17.698  31.291 0.0000000000
72018  34.942  -17.788  30.050 0.0000000000
72019  34.155  -17.755  29.715 0.0000000000
73245  34.599  -17.557  28.876 0.0000000000
73271  34.182  -17.229  27.387 0.0000000000
74483  36.220  -16.765  28.139 0.0000000000
74482  37.178  -15.990  27.879 0.0000000000
64609  33.962  -24.352  38.113 0.0000000000
98935  48.656  6.002  11.141 0.0000000000
93581  49.140  0.802  15.284 0.0000000000
95704  48.920  2.299  15.006 0.0000000000
93592  49.724  0.379  14.542 0.0000000000
94682  49.935  1.667  12.749 0.0000000000
95713  51.244  1.846  12.770 0.0000000000
68190  17.794  -20.043  41.690 0.0000000000
68204  17.459  -20.855  41.609 0.0000000000
86656  48.618  -5.854  17.382 0.0000000000
85470  49.650  -6.465  18.724 0.0000000000
85459  48.039  -6.269  19.030 0.0000000000
69430  29.729  -20.137  35.516 0.0000000000
69439  30.072  -20.689  33.915 0.0000000000
67123  31.309  -21.465  34.082 0.0000000000
65939  32.595  -22.038  34.502 0.0000000000
65928  34.268  -21.928  35.354 0.0000000000
88950  46.265  -2.303  19.462 0.0000000000
88951  45.330  -2.582  19.051 0.0000000000
88962  46.051  -2.946  18.484 0.0000000000
88971  46.778  -3.073  17.591 0.0000000000
88984  47.720  -3.187  16.555 0.0000000000
87864  47.339  -4.343  16.785 0.0000000000
86666  48.099  -5.202  16.722 0.0000000000
53614  7.195  -32.941  53.713 0.0000000000
88909  39.803  -2.950  22.224 0.0000000000
87805  39.683  -4.051  20.941 0.0000000000
87794  38.509  -4.072  22.162 0.0000000000
86605  37.934  -5.423  21.713 0.0000000000
84252  37.805  -7.381  21.204 0.0000000000
80667  35.066  -10.612  23.325 0.0000000000
80677  36.102  -10.645  22.451 0.0000000000
78310  35.596  -12.235  23.011 0.0000000000
78308  37.265  -12.964  22.735 0.0000000000
77090  38.240  -14.208  24.072 0.0000000000
75831  38.875  -14.500  24.640 0.0000000000
75784  39.320  -15.177  26.100 0.0000000000
60849  28.868  -26.694  40.306 0.0000000000
62017  15.100  -25.466  43.410 0.0000000000
61995  15.847  -26.294  44.236 0.0000000000
60786  14.478  -26.310  44.096 0.0000000000
60768  14.380  -26.922  44.901 0.0000000000
59671  14.276  -27.670  46.746 0.0000000000
59653  12.598  -28.364  46.967 0.0000000000
59654  11.622  -27.989  47.060 0.0000000000
63179  9.979  -24.747  50.063 0.0000000000
61913  9.039  -25.150  51.342 0.0000000000
60666  7.934  -26.843  51.737 0.0000000000
59597  7.914  -27.813  51.519 0.0000000000
60653  7.882  -26.183  52.519 0.0000000000
60645  7.548  -26.086  53.630 0.0000000000
60637  7.168  -25.906  54.650 0.0000000000
64634  27.834  -22.502  37.446 0.0000000000
63370  26.776  -23.974  36.070 0.0000000000
63352  25.106  -24.179  36.448 0.0000000000
62098  24.465  -24.512  37.239 0.0000000000
65842  20.621  -23.485  40.076 0.0000000000
64576  21.552  -24.272  39.869 0.0000000000
63300  21.068  -24.956  41.404 0.0000000000
85374  42.174  -7.486  22.952 0.0000000000
75723  29.436  -14.752  29.254 0.0000000000
71918  33.739  -18.316  33.025 0.0000000000
71968  33.350  -17.850  31.485 0.0000000000
71942  34.498  -18.155  32.384 0.0000000000
71965  36.278  -18.335  31.666 0.0000000000
99997  47.555  6.201  14.287 0.0000000000
54875  4.701  -31.203  56.245 0.0000000000
83053  37.018  -8.139  24.704 0.0000000000
81859  36.380  -8.796  24.747 0.0000000000
81861  34.699  -9.867  24.581 0.0000000000
79545  33.873  -10.993  24.348 0.0000000000
78296  33.655  -12.355  24.449 0.0000000000
77070  33.758  -13.810  24.698 0.0000000000
64532  19.405  -24.236  42.454 0.0000000000
64510  18.965  -24.782  43.727 0.0000000000
63301  18.065  -24.306  41.845 0.0000000000
63282  17.240  -24.339  42.196 0.0000000000
63283  16.255  -24.156  42.369 0.0000000000
67011  16.470  -21.710  42.672 0.0000000000
65811  15.831  -22.787  42.669 0.0000000000
63264  15.471  -24.541  42.900 0.0000000000
64488  14.222  -23.633  44.261 0.0000000000
64489  13.768  -24.334  44.459 0.0000000000
64449  13.332  -22.660  45.867 0.0000000000
67067  24.252  -20.762  37.647 0.0000000000
67053  24.167  -20.046  38.541 0.0000000000
68244  22.127  -20.480  37.993 0.0000000000
67070  21.094  -21.596  38.584 0.0000000000
69383  21.154  -19.253  39.558 0.0000000000
68233  20.273  -20.624  39.191 0.0000000000
65863  20.443  -22.478  39.588 0.0000000000
65843  20.218  -23.114  40.247 0.0000000000
65824  19.671  -23.414  40.814 0.0000000000
73183  27.778  -16.480  35.535 0.0000000000
74423  27.617  -16.031  33.345 0.0000000000
71900  28.030  -17.241  33.838 0.0000000000
71922  29.404  -17.981  32.888 0.0000000000
71921  30.361  -18.424  32.545 0.0000000000
69448  30.985  -20.283  32.915 0.0000000000
70656  31.796  -19.261  32.710 0.0000000000
70655  32.978  -18.927  33.194 0.0000000000
70640  34.134  -18.869  34.059 0.0000000000
70621  36.162  -18.922  35.351 0.0000000000
94649  48.816  1.491  16.620 0.0000000000
93582  48.904  0.294  15.818 0.0000000000
91249  49.528  -1.287  15.814 0.0000000000
88983  48.741  -3.146  15.807 0.0000000000
90105  49.981  -2.449  15.819 0.0000000000
87830  43.014  -4.382  18.995 0.0000000000
86634  43.672  -5.883  18.773 0.0000000000
87831  42.378  -4.760  19.384 0.0000000000
86637  42.044  -5.733  19.936 0.0000000000
86601  42.064  -6.629  20.959 0.0000000000
86622  39.887  -5.375  20.550 0.0000000000
86602  41.130  -6.513  20.896 0.0000000000
85392  41.683  -7.172  22.354 0.0000000000
84228  41.753  -7.965  22.779 0.0000000000
81879  41.859  -9.492  22.639 0.0000000000
85376  36.573  -6.512  23.435 0.0000000000
84241  36.608  -7.219  22.280 0.0000000000
83093  37.287  -8.202  21.357 0.0000000000
80676  36.770  -10.397  21.813 0.0000000000
80687  37.506  -10.556  21.345 0.0000000000
81892  38.620  -9.390  20.845 0.0000000000
79576  40.368  -10.679  21.637 0.0000000000
63388  30.786  -24.265  35.834 0.0000000000
63364  32.625  -24.529  36.888 0.0000000000
63351  32.044  -25.287  37.270 0.0000000000
62075  32.617  -25.762  38.331 0.0000000000
90071  43.617  -1.967  20.694 0.0000000000
88953  43.323  -3.443  19.003 0.0000000000
65730  13.025  -22.425  47.039 0.0000000000
64412  12.273  -22.722  47.896 0.0000000000
64432  12.049  -23.824  46.819 0.0000000000
61969  11.221  -25.654  46.968 0.0000000000
60714  10.527  -26.568  47.651 0.0000000000
59635  10.655  -27.756  47.603 0.0000000000
60696  9.394  -26.361  49.342 0.0000000000
59621  9.511  -27.821  48.959 0.0000000000
58517  10.253  -29.036  48.785 0.0000000000
57450  10.199  -29.744  49.492 0.0000000000
57412  10.830  -30.616  50.978 0.0000000000
54933  8.006  -31.863  52.355 0.0000000000
57394  7.289  -29.929  52.184 0.0000000000
56215  7.063  -30.717  52.986 0.0000000000
54907  6.996  -31.811  53.371 0.0000000000
56204  6.585  -30.833  53.815 0.0000000000
56205  6.140  -30.852  54.538 0.0000000000
56183  5.369  -30.558  55.835 0.0000000000
58411  5.439  -28.005  56.033 0.0000000000
57333  5.150  -28.757  56.279 0.0000000000
56184  4.966  -30.482  56.202 0.0000000000
65915  30.284  -21.961  35.887 0.0000000000
65916  30.039  -22.051  36.318 0.0000000000
64665  30.186  -23.645  35.534 0.0000000000
63366  30.395  -24.969  36.155 0.0000000000
62107  29.793  -25.580  36.684 0.0000000000
62093  29.186  -26.111  37.500 0.0000000000
62109  27.818  -25.237  36.669 0.0000000000
62094  28.089  -25.848  37.627 0.0000000000
60860  28.550  -26.427  39.470 0.0000000000
65922  23.645  -22.562  36.620 0.0000000000
63341  23.577  -24.231  37.723 0.0000000000
62084  23.656  -24.662  38.223 0.0000000000
63319  22.308  -24.738  39.698 0.0000000000
62057  23.135  -25.590  39.862 0.0000000000
62056  24.466  -26.206  40.086 0.0000000000
85426  44.539  -6.926  20.175 0.0000000000
78260  31.985  -12.642  26.045 0.0000000000
77071  32.555  -13.573  25.320 0.0000000000
74535  33.685  -15.373  25.372 0.0000000000
73219  28.232  -16.299  31.465 0.0000000000
73238  28.850  -16.194  30.173 0.0000000000
73247  30.119  -16.645  28.925 0.0000000000
71996  32.161  -17.733  30.497 0.0000000000
72044  31.685  -17.472  28.730 0.0000000000
73258  31.027  -17.097  28.064 0.0000000000
73273  31.923  -16.761  26.940 0.0000000000
74513  34.022  -15.974  25.656 0.0000000000
75788  35.480  -15.686  25.819 0.0000000000
75769  36.720  -15.684  26.927 0.0000000000
64648  32.823  -23.936  36.413 0.0000000000
64647  34.097  -23.253  36.396 0.0000000000
65894  35.336  -22.415  36.669 0.0000000000
65873  36.032  -22.463  37.971 0.0000000000
67078  35.893  -21.578  36.801 0.0000000000
100018  50.489  6.766  9.801 0.0000000000
96774  47.676  3.969  14.933 0.0000000000
96792  47.223  3.754  12.979 0.0000000000
94672  49.633  1.099  13.517 0.0000000000
95729  48.387  2.514  12.578 0.0000000000
97857  47.810  4.548  11.776 0.0000000000
96800  48.611  3.848  10.759 0.0000000000
96798  50.057  3.073  9.958 0.0000000000
86647  44.724  -5.319  18.133 0.0000000000
85463  44.286  -5.892  18.577 0.0000000000
64649  31.844  -23.943  35.962 0.0000000000
87841  44.049  -4.638  18.268 0.0000000000
87840  44.748  -4.350  18.021 0.0000000000
86660  45.364  -5.284  17.952 0.0000000000
54883  5.489  -31.354  55.440 0.0000000000
77092  35.736  -13.758  23.983 0.0000000000
75814  35.744  -15.165  25.246 0.0000000000
63231  12.716  -24.767  45.310 0.0000000000
63232  12.369  -25.350  45.546 0.0000000000
61997  12.127  -25.942  45.651 0.0000000000
63217  12.073  -24.825  46.113 0.0000000000
65879  26.034  -21.296  38.121 0.0000000000
65900  25.374  -21.718  37.186 0.0000000000
64508  19.931  -24.644  42.960 0.0000000000
63259  20.588  -25.161  43.064 0.0000000000
74403  28.332  -15.018  34.304 0.0000000000
67040  17.951  -21.679  40.714 0.0000000000
65827  17.610  -22.789  41.204 0.0000000000
67025  17.517  -21.639  41.105 0.0000000000
69368  18.502  -20.376  40.468 0.0000000000
68219  18.330  -20.969  40.456 0.0000000000
67039  18.371  -21.643  40.417 0.0000000000
70626  28.973  -18.901  35.214 0.0000000000
69431  29.452  -19.727  35.139 0.0000000000
67108  34.473  -21.133  35.270 0.0000000000
68271  33.615  -20.662  34.311 0.0000000000
68263  34.923  -20.489  35.442 0.0000000000
67095  35.612  -21.177  36.229 0.0000000000
91231  47.249  -1.385  18.125 0.0000000000
91238  47.263  -1.238  17.112 0.0000000000
91251  47.686  -0.887  16.328 0.0000000000
86664  50.334  -5.338  16.531 0.0000000000
53625  8.636  -32.876  53.348 0.0000000000
90055  40.793  -2.834  20.822 0.0000000000
84251  38.811  -7.532  20.979 0.0000000000
83090  40.182  -8.568  21.194 0.0000000000
81870  35.852  -8.904  23.682 0.0000000000
78306  39.322  -12.974  22.924 0.0000000000
60865  30.834  -26.790  38.603 0.0000000000
60858  30.341  -26.921  39.346 0.0000000000
90037  40.608  -2.354  21.944 0.0000000000
90036  41.619  -1.764  22.147 0.0000000000
63263  16.533  -25.091  42.837 0.0000000000
62005  16.393  -25.797  43.687 0.0000000000
57466  11.988  -29.519  48.584 0.0000000000
57447  12.543  -29.563  49.686 0.0000000000
58516  11.222  -29.409  48.612 0.0000000000
58501  8.388  -28.932  50.507 0.0000000000
58485  7.945  -28.826  51.183 0.0000000000
59566  6.705  -27.476  54.411 0.0000000000
64633  28.672  -22.539  37.120 0.0000000000
64651  28.862  -22.932  36.107 0.0000000000
64668  28.101  -23.843  35.933 0.0000000000
62082  25.201  -25.301  38.066 0.0000000000
62081  26.205  -25.671  38.235 0.0000000000
65881  21.910  -22.998  38.247 0.0000000000
75744  29.997  -14.208  28.502 0.0000000000
75771  30.408  -14.779  27.845 0.0000000000
74496  30.873  -15.190  27.270 0.0000000000
74497  30.503  -15.241  27.760 0.0000000000
73234  36.321  -17.613  30.182 0.0000000000
73235  35.652  -17.686  29.898 0.0000000000
73244  35.290  -17.544  29.292 0.0000000000
73254  35.321  -17.264  28.390 0.0000000000
73243  36.227  -17.222  29.435 0.0000000000
74471  37.038  -16.590  29.140 0.0000000000
100003  48.101  6.581  12.607 0.0000000000
100007  48.653  6.655  11.640 0.0000000000
98930  47.966  5.614  12.006 0.0000000000
92442  49.487  -0.280  15.432 0.0000000000
92452  49.943  -0.244  14.963 0.0000000000
69335  18.421  -19.163  41.834 0.0000000000
68176  17.759  -19.633  42.585 0.0000000000
85472  47.909  -5.908  18.128 0.0000000000
85471  48.861  -6.317  18.306 0.0000000000
85442  47.223  -6.576  19.722 0.0000000000
68265  30.088  -20.720  36.387 0.0000000000
68272  30.397  -21.141  34.688 0.0000000000
65929  33.244  -22.412  34.924 0.0000000000
65914  33.951  -22.662  35.663 0.0000000000
88938  44.800  -2.320  19.621 0.0000000000
88972  45.965  -3.764  17.802 0.0000000000
86657  47.669  -5.499  17.385 0.0000000000
54908  6.403  -31.911  53.982 0.0000000000
88910  39.107  -3.320  22.759 0.0000000000
88911  38.320  -3.968  23.162 0.0000000000
87796  37.488  -5.083  22.841 0.0000000000
87795  37.843  -4.827  22.448 0.0000000000
86606  37.465  -5.765  21.938 0.0000000000
85413  37.314  -6.340  21.759 0.0000000000
79557  34.535  -11.312  23.612 0.0000000000
79556  35.208  -11.425  23.104 0.0000000000
77105  36.630  -13.491  23.365 0.0000000000
77104  37.682  -13.707  23.375 0.0000000000
75832  37.994  -14.599  24.823 0.0000000000
75812  37.764  -14.919  25.498 0.0000000000
75785  38.326  -15.247  26.197 0.0000000000
75766  38.854  -15.460  26.997 0.0000000000
88896  40.173  -2.590  23.436 0.0000000000
62018  14.448  -25.517  43.753 0.0000000000
60806  14.854  -25.947  43.692 0.0000000000
62007  13.851  -25.653  44.194 0.0000000000
60769  13.346  -26.828  45.012 0.0000000000
60787  13.789  -26.393  44.464 0.0000000000
60749  14.306  -27.340  46.068 0.0000000000
59672  13.765  -27.850  46.502 0.0000000000
59674  12.102  -27.739  46.476 0.0000000000
61898  8.750  -25.128  52.165 0.0000000000
60665  8.492  -26.012  51.645 0.0000000000
60652  8.380  -25.666  52.212 0.0000000000
64635  27.186  -22.229  37.968 0.0000000000
63372  24.948  -23.703  36.309 0.0000000000
62097  25.092  -24.672  37.028 0.0000000000
63353  24.451  -24.122  36.756 0.0000000000
64578  20.507  -23.797  40.466 0.0000000000
64577  20.937  -23.905  40.057 0.0000000000
64555  20.797  -24.399  40.977 0.0000000000
75702  28.942  -14.480  30.209 0.0000000000
75703  28.630  -15.267  30.462 0.0000000000
71917  34.673  -18.336  33.126 0.0000000000
71916  35.459  -18.490  33.254 0.0000000000
70666  36.808  -18.742  33.014 0.0000000000
71940  36.363  -18.596  32.520 0.0000000000
71939  37.386  -18.536  32.406 0.0000000000
54876  4.246  -31.537  56.339 0.0000000000
80657  34.355  -10.339  24.336 0.0000000000
80645  34.043  -10.218  25.023 0.0000000000
79546  33.539  -11.816  24.535 0.0000000000
77094  33.844  -12.844  24.437 0.0000000000
78278  33.113  -12.511  24.839 0.0000000000
64558  18.630  -24.119  41.760 0.0000000000
64560  17.283  -23.348  41.702 0.0000000000
64534  17.253  -23.756  41.880 0.0000000000
66996  16.736  -20.989  42.878 0.0000000000
67010  16.980  -21.493  42.053 0.0000000000
65799  15.547  -22.580  43.285 0.0000000000
65798  16.039  -22.152  42.936 0.0000000000
64511  15.422  -23.437  42.900 0.0000000000
64512  14.871  -23.861  43.371 0.0000000000
65765  14.205  -22.403  44.877 0.0000000000
64468  13.545  -22.955  45.256 0.0000000000
68230  23.001  -20.064  38.321 0.0000000000
68256  21.656  -20.738  38.029 0.0000000000
68245  21.300  -20.576  38.433 0.0000000000
68234  19.623  -20.711  39.515 0.0000000000
67055  20.438  -21.653  39.249 0.0000000000
67037  19.874  -22.227  39.826 0.0000000000
64557  19.517  -23.831  41.530 0.0000000000
73184  27.681  -16.546  34.621 0.0000000000
70643  29.068  -18.857  34.039 0.0000000000
71898  29.035  -18.313  33.620 0.0000000000
70658  29.523  -18.620  33.167 0.0000000000
68281  31.056  -21.020  33.581 0.0000000000
68291  31.797  -20.599  33.250 0.0000000000
69437  33.278  -19.816  33.829 0.0000000000
69447  32.404  -19.882  33.249 0.0000000000
69438  33.011  -19.366  33.497 0.0000000000
70654  33.687  -18.610  33.541 0.0000000000
69418  35.460  -19.816  35.524 0.0000000000
70622  35.374  -19.084  35.122 0.0000000000
90081  47.610  -2.075  19.697 0.0000000000
94637  49.301  2.183  16.936 0.0000000000
92432  48.346  -0.250  16.087 0.0000000000
92431  48.930  -0.656  15.740 0.0000000000
92443  48.895  -0.224  15.735 0.0000000000
87872  48.916  -3.789  15.697 0.0000000000
88989  50.497  -3.863  15.700 0.0000000000
88990  49.736  -3.343  15.649 0.0000000000
90113  50.076  -2.969  15.704 0.0000000000
86635  43.043  -5.423  19.044 0.0000000000
87818  41.140  -4.702  20.148 0.0000000000
87832  41.849  -5.169  19.790 0.0000000000
86620  41.574  -5.840  20.261 0.0000000000
87806  38.811  -4.560  21.344 0.0000000000
87820  39.482  -4.827  20.726 0.0000000000
85410  40.504  -7.066  21.218 0.0000000000
86603  40.110  -6.192  20.717 0.0000000000
85409  41.244  -7.012  21.557 0.0000000000
85393  41.058  -7.400  21.780 0.0000000000
84239  41.150  -7.908  22.224 0.0000000000
83076  41.459  -8.682  22.436 0.0000000000
85361  36.876  -6.503  24.290 0.0000000000
85362  36.514  -6.945  23.971 0.0000000000
83078  36.477  -8.028  22.281 0.0000000000
84229  36.348  -7.265  22.840 0.0000000000
83094  36.840  -7.954  21.752 0.0000000000
79568  36.501  -11.377  22.181 0.0000000000
79579  38.064  -11.058  21.298 0.0000000000
80686  38.238  -10.316  21.041 0.0000000000
80685  39.219  -10.201  21.140 0.0000000000
79577  39.822  -10.897  21.426 0.0000000000
63365  31.711  -24.765  36.560 0.0000000000
62091  31.360  -25.770  37.335 0.0000000000
62064  32.197  -26.354  38.838 0.0000000000
91215  43.924  -1.778  20.997 0.0000000000
88939  41.944  -3.244  20.051 0.0000000000
90084  42.840  -3.047  19.529 0.0000000000
64486  18.962  -25.147  44.255 0.0000000000
63243  18.704  -25.248  44.172 0.0000000000
59634  13.870  -28.302  48.210 0.0000000000
64413  11.699  -23.291  48.097 0.0000000000
65715  12.199  -22.478  48.288 0.0000000000
64431  12.456  -22.984  47.336 0.0000000000
63201  11.297  -24.723  47.286 0.0000000000
61957  10.412  -25.641  48.153 0.0000000000
61930  9.612  -25.181  50.342 0.0000000000
61944  9.826  -25.289  49.597 0.0000000000
60680  9.476  -25.740  49.955 0.0000000000
59622  9.045  -28.174  49.549 0.0000000000
59636  10.080  -28.072  48.236 0.0000000000
57449  10.984  -29.927  49.365 0.0000000000
56259  10.164  -30.685  50.609 0.0000000000
56258  10.581  -30.651  50.825 0.0000000000
54946  9.171  -31.535  51.605 0.0000000000
54932  8.616  -31.688  52.017 0.0000000000
56229  7.652  -31.187  52.220 0.0000000000
59582  7.601  -27.420  52.286 0.0000000000
58468  7.512  -28.657  52.003 0.0000000000
57380  6.937  -29.606  52.942 0.0000000000
56194  5.762  -30.659  55.276 0.0000000000
57343  5.557  -29.491  55.764 0.0000000000
59547  5.723  -27.182  56.111 0.0000000000
59529  5.635  -26.589  56.807 0.0000000000
58396  5.208  -27.727  56.598 0.0000000000
57344  5.204  -29.742  56.168 0.0000000000
57334  4.775  -29.323  56.446 0.0000000000
65933  29.758  -23.172  35.536 0.0000000000
65932  30.170  -22.878  35.468 0.0000000000
63389  29.845  -24.320  35.681 0.0000000000
63368  28.507  -24.740  36.229 0.0000000000
63367  29.371  -24.938  36.134 0.0000000000
63369  27.741  -24.354  36.108 0.0000000000
62110  26.857  -24.948  36.484 0.0000000000
62080  27.313  -25.901  38.494 0.0000000000
62079  27.934  -25.955  38.246 0.0000000000
60877  28.188  -25.983  38.172 0.0000000000
60868  28.121  -26.147  38.698 0.0000000000
60861  27.780  -26.256  39.525 0.0000000000
67083  23.551  -21.232  37.039 0.0000000000
65901  24.338  -21.561  36.839 0.0000000000
65902  23.273  -22.342  36.760 0.0000000000
63342  22.997  -24.042  38.188 0.0000000000
64615  23.054  -23.689  37.683 0.0000000000
62069  23.552  -25.065  38.727 0.0000000000
63299  21.513  -25.025  40.668 0.0000000000
62058  22.294  -25.293  40.332 0.0000000000
62043  24.356  -26.851  40.842 0.0000000000
85446  43.347  -6.289  19.325 0.0000000000
85445  44.219  -6.460  19.234 0.0000000000
85427  43.549  -6.862  20.039 0.0000000000
78246  31.764  -11.970  27.013 0.0000000000
78261  31.553  -12.622  26.754 0.0000000000
75791  32.061  -14.374  25.872 0.0000000000
77046  31.956  -13.497  25.948 0.0000000000
75790  32.625  -14.731  25.511 0.0000000000
75816  33.175  -14.659  25.232 0.0000000000
71924  27.903  -16.818  33.283 0.0000000000
73210  27.869  -16.360  32.568 0.0000000000
73226  28.929  -16.742  30.396 0.0000000000
71999  29.510  -16.976  30.150 0.0000000000
73237  29.362  -16.478  29.711 0.0000000000
73236  29.890  -16.935  29.653 0.0000000000
71995  33.208  -17.802  30.592 0.0000000000
72042  33.726  -17.593  28.874 0.0000000000
72043  32.696  -17.582  28.790 0.0000000000
73257  32.323  -17.283  27.922 0.0000000000
73272  33.147  -17.178  27.077 0.0000000000
73295  34.860  -16.918  27.007 0.0000000000
73296  34.101  -16.847  26.490 0.0000000000
75789  34.820  -15.793  25.738 0.0000000000
74511  35.930  -15.940  26.329 0.0000000000
74493  36.309  -16.084  27.053 0.0000000000
74481  37.858  -15.802  28.016 0.0000000000
64631  33.038  -24.391  37.056 0.0000000000
64608  34.747  -24.031  38.342 0.0000000000
64630  33.745  -24.058  37.418 0.0000000000
64629  35.033  -23.211  37.266 0.0000000000
64646  34.829  -22.854  36.569 0.0000000000
68240  36.451  -20.899  37.136 0.0000000000
98933  49.759  5.990  10.061 0.0000000000
100009  49.861  6.538  10.234 0.0000000000
98943  50.096  5.783  9.649 0.0000000000
97871  50.440  4.618  9.359 0.0000000000
94657  49.450  2.575  15.740 0.0000000000
95705  48.240  2.797  14.669 0.0000000000
95706  47.624  3.412  14.370 0.0000000000
96783  47.270  3.919  13.994 0.0000000000
95716  47.570  3.140  13.792 0.0000000000
95728  49.361  2.163  12.221 0.0000000000
94683  49.158  1.798  12.877 0.0000000000
96791  47.711  3.282  12.421 0.0000000000
96794  48.831  3.147  11.073 0.0000000000
86645  46.354  -5.751  18.030 0.0000000000
85461  45.867  -6.227  18.708 0.0000000000
88973  45.397  -4.196  17.819 0.0000000000
87852  45.931  -4.586  17.520 0.0000000000
86659  45.855  -5.261  17.724 0.0000000000
54894  5.807  -31.855  54.777 0.0000000000
88898  38.353  -4.092  24.168 0.0000000000
87781  37.289  -5.234  23.079 0.0000000000
78294  35.097  -12.794  23.627 0.0000000000
77067  36.667  -14.681  24.730 0.0000000000
60770  12.622  -26.682  45.402 0.0000000000
61891  7.932  -25.348  53.155 0.0000000000
65919  25.683  -22.342  36.717 0.0000000000
64530  20.469  -24.283  41.729 0.0000000000
63280  20.808  -24.749  41.949 0.0000000000
75664  28.512  -14.557  32.055 0.0000000000
71894  36.180  -18.581  34.102 0.0000000000
80646  33.709  -10.199  25.623 0.0000000000
65826  18.254  -23.421  41.132 0.0000000000
65828  17.034  -22.882  41.742 0.0000000000
66997  16.270  -21.481  43.331 0.0000000000
66984  15.897  -21.294  44.098 0.0000000000
65783  15.362  -22.168  44.081 0.0000000000
69366  20.145  -19.134  40.118 0.0000000000
67038  19.090  -21.935  40.040 0.0000000000
68279  32.777  -20.819  33.787 0.0000000000
68290  32.372  -20.540  33.538 0.0000000000
69429  34.141  -19.773  34.474 0.0000000000
69428  34.814  -19.765  35.048 0.0000000000
69417  36.078  -19.978  35.967 0.0000000000
92415  47.372  -0.899  18.627 0.0000000000
92433  47.708  -0.278  16.474 0.0000000000
87862  49.665  -4.730  15.965 0.0000000000
87870  49.973  -4.162  15.668 0.0000000000
88981  51.071  -4.151  15.926 0.0000000000
87860  51.494  -4.728  16.289 0.0000000000
88940  41.445  -3.676  20.038 0.0000000000
81890  40.490  -9.406  21.502 0.0000000000
84217  36.372  -7.418  23.637 0.0000000000
79567  37.377  -11.438  21.693 0.0000000000
78320  37.836  -12.344  22.158 0.0000000000
79565  39.466  -11.706  21.716 0.0000000000
78318  39.928  -12.324  22.368 0.0000000000
62092  30.273  -25.968  37.353 0.0000000000
60857  31.425  -26.844  39.194 0.0000000000
90073  41.521  -2.967  20.402 0.0000000000
63262  17.578  -25.111  42.947 0.0000000000
63244  17.904  -25.511  43.957 0.0000000000
58541  13.085  -28.778  47.671 0.0000000000
58528  13.429  -28.680  48.409 0.0000000000
57430  11.646  -30.131  50.296 0.0000000000
64399  11.557  -22.960  48.931 0.0000000000
64414  11.185  -23.781  48.432 0.0000000000
63190  10.768  -24.470  48.407 0.0000000000
56260  9.469  -30.592  50.536 0.0000000000
58441  6.181  -29.114  54.516 0.0000000000
58428  5.808  -28.689  55.280 0.0000000000
58398  4.421  -28.298  56.753 0.0000000000
65918  29.098  -22.678  36.205 0.0000000000
62065  27.167  -26.029  39.461 0.0000000000
64616  22.370  -23.528  38.160 0.0000000000
63330  22.643  -24.282  38.794 0.0000000000
62028  23.114  -26.557  42.161 0.0000000000
86618  42.960  -6.721  20.208 0.0000000000
85390  44.319  -7.255  21.672 0.0000000000
77009  30.753  -12.917  28.467 0.0000000000
77030  30.923  -13.021  27.571 0.0000000000
75792  31.306  -14.575  26.689 0.0000000000
74515  31.792  -15.278  26.246 0.0000000000
71947  29.326  -17.681  31.904 0.0000000000
71948  28.536  -17.048  31.776 0.0000000000
71971  30.293  -17.530  31.138 0.0000000000
71997  31.168  -17.546  30.363 0.0000000000
71993  35.318  -17.959  30.683 0.0000000000
73255  34.397  -17.401  28.191 0.0000000000
73270  35.013  -17.127  27.677 0.0000000000
74494  35.575  -16.731  27.325 0.0000000000
63339  33.099  -25.208  38.373 0.0000000000
63349  33.603  -24.535  37.962 0.0000000000
63338  33.833  -24.831  38.698 0.0000000000
63337  34.655  -24.425  38.895 0.0000000000
64590  35.089  -24.223  38.998 0.0000000000
100010  49.201  6.660  10.977 0.0000000000
98934  49.358  5.612  10.357 0.0000000000
94664  49.010  1.634  14.502 0.0000000000
94681  50.429  1.743  12.722 0.0000000000
95727  50.422  2.001  12.262 0.0000000000
95738  49.577  2.494  11.297 0.0000000000
68203  17.950  -20.684  40.962 0.0000000000
68191  17.315  -20.535  42.351 0.0000000000
69349  19.241  -18.971  41.005 0.0000000000
69350  18.417  -19.769  40.986 0.0000000000
67110  31.881  -21.998  34.542 0.0000000000
67122  32.152  -21.722  34.140 0.0000000000
67121  33.128  -21.587  34.281 0.0000000000
86667  47.447  -5.102  16.978 0.0000000000
53627  7.391  -32.397  53.218 0.0000000000
88924  39.285  -3.636  21.751 0.0000000000
87807  38.235  -4.684  21.877 0.0000000000
81883  35.692  -10.278  22.874 0.0000000000
80678  35.546  -10.887  22.831 0.0000000000
79569  35.835  -11.446  22.643 0.0000000000
78322  36.193  -12.028  22.504 0.0000000000
78309  36.375  -12.705  22.808 0.0000000000
77103  38.728  -13.675  23.396 0.0000000000
75810  39.744  -14.585  25.130 0.0000000000
75811  38.673  -14.881  25.385 0.0000000000
60859  29.424  -26.675  39.427 0.0000000000
60848  29.767  -26.989  40.222 0.0000000000
62006  15.561  -25.916  43.618 0.0000000000
60805  15.153  -25.924  43.637 0.0000000000
60785  15.169  -26.282  43.885 0.0000000000
60748  15.224  -26.813  45.720 0.0000000000
59652  13.593  -28.317  47.269 0.0000000000
59673  12.884  -27.960  46.342 0.0000000000
58542  12.315  -28.756  47.511 0.0000000000
61931  9.266  -25.309  50.749 0.0000000000
59596  8.319  -27.092  51.051 0.0000000000
59572  7.415  -27.063  53.185 0.0000000000
59565  7.215  -26.866  54.093 0.0000000000
60638  6.807  -26.683  54.709 0.0000000000
63371  25.718  -23.819  36.146 0.0000000000
65862  20.884  -23.042  39.610 0.0000000000
64598  21.364  -23.577  39.267 0.0000000000
64554  21.134  -24.468  40.357 0.0000000000
63279  21.482  -25.331  42.042 0.0000000000
62029  22.391  -26.266  42.482 0.0000000000
85391  42.369  -7.224  22.662 0.0000000000
86568  43.471  -7.326  22.652 0.0000000000
75745  29.759  -15.028  28.692 0.0000000000
71944  32.445  -17.953  32.166 0.0000000000
71943  33.502  -17.964  32.295 0.0000000000
71967  34.373  -17.993  31.551 0.0000000000
71941  35.400  -18.406  32.441 0.0000000000
71966  35.345  -18.240  31.600 0.0000000000
71992  36.281  -17.962  30.935 0.0000000000
100000  47.697  6.378  13.389 0.0000000000
91258  50.715  -0.892  15.567 0.0000000000
92451  50.445  -0.243  14.694 0.0000000000
84215  37.354  -7.349  24.837 0.0000000000
81860  35.410  -9.385  24.405 0.0000000000
80656  34.863  -10.066  23.946 0.0000000000
80668  34.472  -10.638  23.863 0.0000000000
79531  33.665  -10.719  24.864 0.0000000000
78295  34.186  -12.202  24.022 0.0000000000
64509  19.365  -24.625  43.353 0.0000000000
64533  18.822  -24.492  42.853 0.0000000000
63281  18.102  -24.620  42.349 0.0000000000
63302  17.780  -24.329  41.961 0.0000000000
65810  16.478  -22.506  42.207 0.0000000000
64536  16.024  -23.378  42.357 0.0000000000
63284  15.737  -23.894  42.555 0.0000000000
63265  14.618  -24.658  43.528 0.0000000000
64469  13.361  -23.971  44.940 0.0000000000
64450  12.768  -23.372  46.060 0.0000000000
67052  24.905  -20.547  38.429 0.0000000000
67068  23.299  -20.593  37.638 0.0000000000
68243  22.754  -20.454  37.841 0.0000000000
67069  22.570  -20.801  37.575 0.0000000000
67085  21.960  -21.245  37.551 0.0000000000
65904  21.548  -21.830  37.995 0.0000000000
68232  20.998  -20.023  39.020 0.0000000000
69384  20.415  -19.747  39.419 0.0000000000
68246  20.862  -20.560  38.901 0.0000000000
67071  20.749  -20.995  38.813 0.0000000000
67054  20.876  -22.281  39.144 0.0000000000
64531  20.074  -24.014  42.124 0.0000000000
74404  27.700  -15.791  34.031 0.0000000000
73200  27.710  -16.563  33.838 0.0000000000
70644  28.672  -18.234  34.225 0.0000000000
71899  28.568  -17.832  33.729 0.0000000000
71920  31.459  -18.580  32.419 0.0000000000
69440  29.521  -20.043  34.173 0.0000000000
69449  29.997  -20.163  33.344 0.0000000000
71919  32.660  -18.440  32.669 0.0000000000
71897  34.210  -18.417  33.545 0.0000000000
71896  34.846  -18.467  33.749 0.0000000000
70639  35.107  -18.782  34.328 0.0000000000
70638  35.819  -18.665  34.632 0.0000000000
94648  49.334  1.908  16.289 0.0000000000
93574  49.073  1.133  16.011 0.0000000000
93575  48.513  0.670  16.358 0.0000000000
91259  50.155  -0.857  15.687 0.0000000000
90106  48.981  -2.145  15.806 0.0000000000
88991  49.168  -3.585  15.643 0.0000000000
88982  49.355  -2.766  15.725 0.0000000000
87842  43.482  -4.895  18.610 0.0000000000
86649  43.498  -5.400  18.659 0.0000000000
85447  42.788  -6.089  19.503 0.0000000000
86636  42.389  -5.598  19.595 0.0000000000
86619  42.392  -6.368  20.074 0.0000000000
86587  41.752  -6.809  21.604 0.0000000000
87819  40.213  -4.680  20.482 0.0000000000
83064  42.052  -8.708  22.964 0.0000000000
86570  37.033  -5.690  23.605 0.0000000000
86571  36.801  -5.984  22.849 0.0000000000
85395  36.774  -6.400  22.434 0.0000000000
84253  37.112  -7.385  21.619 0.0000000000
83092  38.137  -8.396  20.931 0.0000000000
81881  36.724  -9.764  21.791 0.0000000000
81893  37.274  -9.460  21.309 0.0000000000
80684  40.043  -10.132  21.457 0.0000000000
80675  40.763  -10.254  21.804 0.0000000000
79564  40.696  -11.351  22.140 0.0000000000
80674  41.542  -10.406  22.420 0.0000000000
63387  31.375  -24.146  35.943 0.0000000000
62090  32.151  -25.654  37.707 0.0000000000
90082  44.158  -2.339  19.857 0.0000000000
90083  43.415  -2.652  19.656 0.0000000000
88965  43.581  -4.203  18.620 0.0000000000
65746  13.286  -22.434  46.327 0.0000000000
64451  12.347  -24.060  46.233 0.0000000000
61984  11.233  -26.246  46.877 0.0000000000
61970  10.942  -25.826  47.416 0.0000000000
60732  11.078  -26.896  47.183 0.0000000000
58531  10.726  -28.676  48.162 0.0000000000
61958  9.818  -25.760  48.782 0.0000000000
57431  10.709  -30.413  50.294 0.0000000000
57411  11.409  -30.557  51.340 0.0000000000
54945  9.627  -31.400  51.475 0.0000000000
54919  8.358  -32.352  52.725 0.0000000000
57393  7.702  -29.597  51.498 0.0000000000
58469  7.118  -28.993  52.630 0.0000000000
54920  7.562  -31.931  52.784 0.0000000000
58410  5.889  -27.584  55.549 0.0000000000
71861  28.072  -17.311  36.377 0.0000000000
62078  29.842  -26.412  37.960 0.0000000000
60867  29.093  -26.366  38.549 0.0000000000
60876  28.533  -26.130  38.098 0.0000000000
65921  23.981  -22.472  36.522 0.0000000000
64656  23.721  -22.834  36.631 0.0000000000
64637  23.544  -23.446  37.012 0.0000000000
64636  24.039  -23.732  36.807 0.0000000000
63340  24.109  -24.379  37.317 0.0000000000
62083  24.250  -24.786  37.921 0.0000000000
62068  24.305  -25.533  38.940 0.0000000000
64597  22.017  -23.937  39.097 0.0000000000
63318  22.935  -24.891  39.093 0.0000000000
62055  25.689  -26.496  39.952 0.0000000000
85444  45.213  -6.559  19.442 0.0000000000
85425  45.481  -6.832  20.364 0.0000000000
86567  44.146  -7.219  22.689 0.0000000000
79493  32.335  -11.105  27.357 0.0000000000
79514  32.368  -11.529  26.260 0.0000000000
78279  32.501  -12.685  25.382 0.0000000000
75815  34.431  -15.140  25.289 0.0000000000
74436  28.134  -15.456  31.853 0.0000000000
73227  28.518  -16.280  30.714 0.0000000000
74460  28.643  -15.804  30.406 0.0000000000
74459  29.038  -15.565  29.742 0.0000000000
73248  29.565  -16.024  29.181 0.0000000000
74473  29.924  -15.856  28.659 0.0000000000
71969  32.319  -17.791  31.394 0.0000000000
72020  32.994  -17.705  29.679 0.0000000000
72021  31.954  -17.658  29.577 0.0000000000
72022  31.021  -17.418  29.410 0.0000000000
73246  30.698  -17.178  28.890 0.0000000000
73259  30.378  -16.178  28.092 0.0000000000
73274  30.946  -16.192  27.362 0.0000000000
74495  31.462  -15.818  26.728 0.0000000000
73298  32.151  -16.018  26.276 0.0000000000
73297  32.954  -16.601  26.097 0.0000000000
75787  36.465  -15.520  26.269 0.0000000000
74492  36.860  -15.784  27.240 0.0000000000
75768  37.177  -15.544  27.060 0.0000000000
75767  37.964  -15.424  27.013 0.0000000000
65913  34.792  -22.415  35.999 0.0000000000
67079  35.411  -21.819  36.237 0.0000000000
64589  36.012  -23.848  39.194 0.0000000000
64628  35.680  -22.865  37.642 0.0000000000
65893  35.789  -22.407  37.294 0.0000000000
68252  36.003  -20.662  36.494 0.0000000000
97847  48.142  4.740  15.368 0.0000000000
97852  47.310  4.756  14.322 0.0000000000
97855  47.110  4.747  13.368 0.0000000000
98928  47.537  5.595  12.808 0.0000000000
93600  50.022  0.468  13.899 0.0000000000
94673  48.689  1.828  13.501 0.0000000000
95715  48.028  2.430  13.609 0.0000000000
95730  47.662  2.930  13.042 0.0000000000
96796  47.531  3.952  12.159 0.0000000000
98931  47.645  5.344  12.402 0.0000000000
97861  48.440  4.816  11.084 0.0000000000
97860  49.023  4.501  10.412 0.0000000000
96799  49.371  3.481  10.352 0.0000000000
96815  49.997  3.863  9.749 0.0000000000
57465  12.444  -29.528  49.085 0.0000000000
58499  12.902  -29.324  50.243 0.0000000000
62112  25.451  -24.346  36.452 0.0000000000
63260  20.113  -24.925  43.521 0.0000000000
63354  23.924  -24.017  37.096 0.0000000000
64650  29.140  -22.990  35.792 0.0000000000
65846  17.921  -22.090  40.710 0.0000000000
65855  36.404  -22.741  38.604 0.0000000000
65940  32.214  -21.995  34.528 0.0000000000
67086  21.476  -21.125  37.985 0.0000000000
68255  21.780  -20.867  37.828 0.0000000000
68289  32.596  -20.550  33.693 0.0000000000
71877  28.636  -18.355  35.278 0.0000000000
71879  27.784  -17.032  34.326 0.0000000000
71973  28.552  -16.840  31.002 0.0000000000
72023  30.380  -17.108  29.403 0.0000000000
72045  31.087  -17.373  28.747 0.0000000000
73211  27.732  -16.447  33.275 0.0000000000
73253  35.912  -17.150  28.822 0.0000000000
73275  30.548  -15.646  27.710 0.0000000000
74447  28.345  -15.661  30.978 0.0000000000
74472  36.369  -16.919  28.885 0.0000000000
74474  29.597  -15.446  29.025 0.0000000000
74484  35.558  -16.974  27.876 0.0000000000
74486  29.862  -15.415  28.646 0.0000000000
74534  34.060  -15.503  25.406 0.0000000000
75742  37.715  -15.676  27.565 0.0000000000
75743  30.347  -13.609  28.233 0.0000000000
75817  32.584  -14.347  25.449 0.0000000000
77010  30.264  -13.489  28.551 0.0000000000
84254  36.751  -7.506  21.957 0.0000000000
85375  36.772  -6.207  23.799 0.0000000000
85394  37.045  -6.084  22.169 0.0000000000
85414  36.837  -6.943  21.953 0.0000000000
86588  37.646  -5.274  22.172 0.0000000000
86589  37.232  -5.629  22.417 0.0000000000
87861  50.584  -4.615  16.034 0.0000000000
90112  50.513  -3.126  15.680 0.0000000000
95714  50.693  1.771  12.713 0.0000000000
96795  48.141  3.533  11.593 0.0000000000
97850  47.650  4.880  14.962 0.0000000000
97858  47.441  4.806  12.444 0.0000000000
98922  47.515  5.512  14.639 0.0000000000
98924  47.343  5.555  13.798 0.0000000000
98927  47.825  5.997  12.528 0.0000000000
98944  49.699  5.390  9.958 0.0000000000
100011  48.820  6.448  11.234 0.0000000000
