#!ascii label  , from subject 3361 vox2ras=TkReg
1103
77866  14.675  -14.660  57.429 0.0000000000
64495  4.652  -24.534  44.953 0.0000000000
70281  4.459  -18.722  59.422 0.0000000000
75403  5.255  -14.513  53.796 0.0000000000
70469  4.329  -17.284  45.364 0.0000000000
75321  7.792  -15.746  60.233 0.0000000000
77868  7.515  -14.229  56.854 0.0000000000
72944  15.469  -16.178  58.340 0.0000000000
70278  10.180  -17.375  59.060 0.0000000000
65627  6.359  -21.608  59.557 0.0000000000
79229  9.387  -12.519  47.907 0.0000000000
74187  4.944  -15.859  48.891 0.0000000000
78104  7.988  -12.843  43.894 0.0000000000
64368  2.648  -23.315  55.923 0.0000000000
68051  3.471  -21.042  53.218 0.0000000000
74120  2.704  -15.429  56.601 0.0000000000
79145  8.340  -12.687  52.574 0.0000000000
68077  7.060  -20.513  51.068 0.0000000000
69263  10.048  -19.252  47.715 0.0000000000
70479  11.463  -18.185  43.988 0.0000000000
75539  4.074  -14.949  41.288 0.0000000000
76668  11.332  -15.283  58.078 0.0000000000
76703  11.369  -14.907  57.177 0.0000000000
75330  14.889  -15.136  58.460 0.0000000000
71564  13.088  -16.554  58.143 0.0000000000
75332  11.958  -15.682  58.597 0.0000000000
74073  8.936  -16.804  60.413 0.0000000000
78094  9.548  -12.781  46.266 0.0000000000
66830  2.916  -21.316  57.864 0.0000000000
68002  2.738  -20.223  56.415 0.0000000000
72947  3.334  -16.913  58.420 0.0000000000
76756  11.064  -13.801  53.628 0.0000000000
77934  8.440  -13.134  54.259 0.0000000000
66817  5.372  -20.689  59.930 0.0000000000
63068  5.659  -23.877  58.624 0.0000000000
64357  4.208  -22.411  58.574 0.0000000000
63093  2.950  -24.249  57.452 0.0000000000
71634  4.726  -17.228  55.191 0.0000000000
69212  5.069  -20.579  52.703 0.0000000000
73012  6.504  -17.274  53.583 0.0000000000
71712  4.534  -16.937  47.300 0.0000000000
71694  7.552  -16.966  48.704 0.0000000000
71727  7.263  -17.457  46.966 0.0000000000
69291  11.026  -19.166  45.609 0.0000000000
70483  7.143  -17.560  44.426 0.0000000000
72927  5.972  -16.946  60.155 0.0000000000
76656  5.740  -15.227  58.776 0.0000000000
76672  7.625  -14.985  58.519 0.0000000000
76735  11.184  -14.341  55.468 0.0000000000
70294  16.579  -16.641  56.571 0.0000000000
70331  15.201  -17.981  54.984 0.0000000000
70296  14.599  -17.128  56.667 0.0000000000
70291  11.419  -18.018  57.533 0.0000000000
69117  8.221  -19.107  59.811 0.0000000000
70265  6.830  -18.324  60.807 0.0000000000
79182  6.824  -12.540  50.873 0.0000000000
75423  5.532  -14.702  51.447 0.0000000000
78050  6.162  -13.517  49.335 0.0000000000
75450  6.162  -14.637  47.150 0.0000000000
74224  5.330  -15.424  44.693 0.0000000000
77864  16.833  -13.633  57.465 0.0000000000
71631  19.647  -16.113  54.362 0.0000000000
72979  21.432  -15.374  56.252 0.0000000000
74101  18.524  -15.242  58.839 0.0000000000
75345  17.568  -14.370  59.275 0.0000000000
61892  2.382  -25.521  54.157 0.0000000000
63142  2.792  -24.579  52.465 0.0000000000
65648  2.676  -22.319  54.169 0.0000000000
70344  3.307  -18.774  55.218 0.0000000000
74138  3.478  -15.350  55.383 0.0000000000
77871  5.457  -14.278  56.960 0.0000000000
77921  5.530  -13.280  55.058 0.0000000000
79136  5.908  -12.568  53.326 0.0000000000
79195  9.512  -12.458  49.458 0.0000000000
65680  3.583  -23.498  50.826 0.0000000000
66929  4.432  -23.265  49.541 0.0000000000
66945  5.915  -22.855  48.259 0.0000000000
73028  7.666  -16.863  51.641 0.0000000000
68094  8.678  -19.916  49.774 0.0000000000
65749  7.472  -23.502  46.620 0.0000000000
66975  9.357  -23.138  44.803 0.0000000000
66998  10.737  -21.849  43.143 0.0000000000
79287  6.237  -11.625  43.870 0.0000000000
76851  3.312  -13.655  45.024 0.0000000000
78117  2.512  -12.577  43.893 0.0000000000
71772  3.402  -17.229  43.248 0.0000000000
70538  6.604  -17.729  42.069 0.0000000000
76667  12.676  -15.325  57.724 0.0000000000
76702  12.331  -14.882  57.096 0.0000000000
77881  14.197  -14.710  57.013 0.0000000000
76665  14.766  -14.743  58.062 0.0000000000
75331  13.503  -15.538  58.087 0.0000000000
75348  13.143  -15.550  58.037 0.0000000000
75349  11.837  -15.358  58.231 0.0000000000
63268  4.598  -25.204  43.403 0.0000000000
64517  5.152  -24.245  43.629 0.0000000000
67993  3.905  -20.389  58.435 0.0000000000
69131  2.926  -19.397  57.930 0.0000000000
70286  3.967  -18.661  58.607 0.0000000000
70351  16.861  -17.224  53.546 0.0000000000
67988  4.866  -20.193  59.824 0.0000000000
65631  4.926  -21.744  59.295 0.0000000000
66824  4.236  -21.272  58.645 0.0000000000
65635  3.822  -22.053  58.508 0.0000000000
74147  4.928  -15.815  54.769 0.0000000000
71646  5.417  -17.653  54.592 0.0000000000
74160  5.397  -15.349  54.026 0.0000000000
70455  4.226  -16.791  45.751 0.0000000000
71711  5.524  -17.560  47.301 0.0000000000
70452  5.239  -17.564  46.012 0.0000000000
70465  7.268  -17.526  45.350 0.0000000000
70486  4.713  -18.070  44.683 0.0000000000
74077  6.725  -16.414  60.349 0.0000000000
75338  6.836  -15.686  59.851 0.0000000000
76653  7.857  -15.365  59.256 0.0000000000
76718  11.286  -14.667  56.427 0.0000000000
76755  12.033  -13.899  53.827 0.0000000000
71580  16.611  -16.298  57.518 0.0000000000
70295  15.670  -16.833  56.838 0.0000000000
71572  14.991  -16.453  57.883 0.0000000000
71575  11.780  -17.057  58.452 0.0000000000
70283  12.889  -17.027  57.776 0.0000000000
70284  11.253  -17.560  58.353 0.0000000000
69116  8.778  -18.365  59.469 0.0000000000
74082  8.831  -16.057  60.148 0.0000000000
71556  8.111  -17.397  60.790 0.0000000000
72920  7.416  -16.900  60.710 0.0000000000
71558  6.267  -17.921  60.819 0.0000000000
79213  8.407  -12.555  49.414 0.0000000000
78031  6.702  -13.076  49.982 0.0000000000
79231  8.199  -12.733  49.080 0.0000000000
78103  8.918  -13.023  44.507 0.0000000000
76834  8.416  -13.629  46.087 0.0000000000
76841  7.811  -14.208  45.432 0.0000000000
75471  5.859  -15.360  45.755 0.0000000000
75482  6.703  -14.236  44.331 0.0000000000
71578  18.669  -15.959  57.783 0.0000000000
63123  2.477  -24.423  54.481 0.0000000000
64373  2.592  -23.413  53.779 0.0000000000
64371  2.664  -23.340  54.838 0.0000000000
70315  2.597  -18.221  56.617 0.0000000000
69141  2.663  -19.185  56.002 0.0000000000
71610  2.714  -17.143  56.372 0.0000000000
71624  3.110  -16.804  55.796 0.0000000000
74128  2.871  -15.328  55.790 0.0000000000
76690  6.467  -14.463  57.734 0.0000000000
76675  5.470  -14.915  58.212 0.0000000000
77869  6.770  -14.078  57.041 0.0000000000
79132  8.465  -13.007  53.463 0.0000000000
79108  6.762  -13.052  55.340 0.0000000000
79123  6.421  -12.561  54.283 0.0000000000
79124  5.848  -12.531  54.160 0.0000000000
79146  7.653  -12.577  52.523 0.0000000000
79161  7.583  -12.408  51.636 0.0000000000
79160  8.282  -12.390  51.625 0.0000000000
69152  13.705  -18.062  54.382 0.0000000000
69169  13.951  -18.310  53.675 0.0000000000
65633  6.735  -21.651  59.044 0.0000000000
64365  7.038  -22.988  57.556 0.0000000000
64363  6.249  -23.413  58.541 0.0000000000
61833  5.008  -24.394  58.162 0.0000000000
60602  5.632  -25.344  57.873 0.0000000000
63102  2.685  -24.342  56.538 0.0000000000
61874  2.606  -25.403  56.175 0.0000000000
65657  2.897  -22.808  52.301 0.0000000000
64379  2.908  -23.705  51.882 0.0000000000
66874  3.339  -22.482  52.093 0.0000000000
69211  5.934  -20.289  52.371 0.0000000000
68098  4.811  -22.275  50.748 0.0000000000
68097  5.542  -21.758  50.480 0.0000000000
66946  5.233  -23.081  48.453 0.0000000000
66903  6.893  -21.639  49.321 0.0000000000
75431  5.244  -14.927  50.516 0.0000000000
74176  6.235  -15.519  51.457 0.0000000000
73031  6.071  -15.983  50.326 0.0000000000
71707  9.189  -17.591  48.686 0.0000000000
70398  9.281  -18.391  49.550 0.0000000000
68127  9.526  -20.340  48.124 0.0000000000
66924  8.102  -21.702  48.368 0.0000000000
66941  9.339  -21.413  47.353 0.0000000000
65767  8.906  -23.275  45.456 0.0000000000
66959  9.619  -21.847  46.298 0.0000000000
71750  10.680  -17.642  45.115 0.0000000000
68167  11.099  -20.558  44.246 0.0000000000
69319  11.516  -19.950  43.808 0.0000000000
80404  5.296  -10.826  44.549 0.0000000000
78107  4.555  -12.698  44.438 0.0000000000
79289  4.064  -11.861  44.797 0.0000000000
78123  3.309  -12.905  41.855 0.0000000000
76862  3.041  -13.472  42.995 0.0000000000
75501  2.911  -14.443  43.744 0.0000000000
74273  3.345  -15.645  42.493 0.0000000000
70540  5.079  -17.667  42.506 0.0000000000
71801  5.266  -17.064  41.612 0.0000000000
75335  9.314  -15.529  59.188 0.0000000000
76670  9.387  -15.161  58.328 0.0000000000
76685  11.382  -15.120  57.689 0.0000000000
74092  15.384  -15.431  58.681 0.0000000000
72945  14.369  -16.280  58.144 0.0000000000
74093  14.157  -15.696  58.304 0.0000000000
74094  12.725  -15.895  58.417 0.0000000000
72936  10.906  -16.816  59.150 0.0000000000
71561  9.701  -17.117  59.748 0.0000000000
74080  10.310  -16.237  59.495 0.0000000000
75334  10.132  -15.534  58.968 0.0000000000
79247  10.574  -12.283  46.575 0.0000000000
78083  9.317  -12.692  47.204 0.0000000000
79265  10.743  -11.943  45.560 0.0000000000
79285  10.112  -12.083  44.837 0.0000000000
79302  9.625  -11.556  43.825 0.0000000000
65639  2.747  -22.288  57.436 0.0000000000
66836  2.725  -21.198  55.823 0.0000000000
67999  2.855  -20.316  57.430 0.0000000000
70300  2.698  -18.385  57.597 0.0000000000
72954  2.857  -16.593  57.819 0.0000000000
76737  9.201  -13.639  55.131 0.0000000000
77899  7.998  -13.483  55.560 0.0000000000
77932  9.674  -13.445  53.760 0.0000000000
77950  9.090  -13.124  53.290 0.0000000000
77989  9.847  -13.184  51.308 0.0000000000
78011  9.521  -12.750  50.760 0.0000000000
66815  5.799  -20.996  60.253 0.0000000000
64353  5.768  -22.605  59.257 0.0000000000
64351  5.177  -22.043  59.460 0.0000000000
63059  4.719  -22.780  58.860 0.0000000000
61834  4.630  -23.933  58.244 0.0000000000
60605  4.249  -25.476  57.391 0.0000000000
63082  3.567  -23.917  58.020 0.0000000000
64364  2.977  -23.207  57.884 0.0000000000
69184  4.141  -20.211  54.184 0.0000000000
68050  3.882  -20.988  53.005 0.0000000000
70370  5.264  -19.531  53.638 0.0000000000
70369  5.956  -19.023  53.253 0.0000000000
70368  6.741  -18.457  52.832 0.0000000000
73044  4.585  -16.353  48.247 0.0000000000
71682  6.262  -16.891  48.755 0.0000000000
71696  5.582  -17.297  48.013 0.0000000000
71709  7.123  -17.248  47.639 0.0000000000
70428  9.590  -17.812  47.759 0.0000000000
69278  10.420  -18.660  46.982 0.0000000000
70448  9.687  -17.570  46.284 0.0000000000
70463  9.279  -17.474  45.218 0.0000000000
70481  9.344  -17.341  44.382 0.0000000000
75538  4.629  -14.795  40.239 0.0000000000
73119  5.166  -16.396  40.882 0.0000000000
74310  5.465  -15.839  39.765 0.0000000000
71563  5.021  -18.024  60.332 0.0000000000
72938  4.624  -17.161  59.362 0.0000000000
74087  5.659  -16.480  59.797 0.0000000000
76655  6.269  -15.271  59.070 0.0000000000
76688  8.259  -14.690  57.533 0.0000000000
76687  9.364  -14.861  57.697 0.0000000000
76705  9.275  -14.539  56.813 0.0000000000
76720  9.114  -14.075  55.809 0.0000000000
76745  11.143  -13.969  54.511 0.0000000000
70309  17.165  -16.668  56.186 0.0000000000
70330  16.149  -17.409  55.209 0.0000000000
70310  16.287  -16.911  55.995 0.0000000000
70282  13.473  -16.779  57.577 0.0000000000
70290  12.471  -17.372  57.412 0.0000000000
69132  11.630  -18.400  56.366 0.0000000000
67987  7.604  -19.969  59.197 0.0000000000
66812  6.950  -20.461  59.710 0.0000000000
70268  8.672  -17.893  60.192 0.0000000000
69111  7.558  -19.188  60.335 0.0000000000
67978  6.427  -19.934  60.503 0.0000000000
69114  5.984  -19.155  61.184 0.0000000000
70276  5.430  -18.697  60.920 0.0000000000
77970  5.429  -13.271  52.191 0.0000000000
75414  5.679  -14.439  52.602 0.0000000000
78013  5.843  -13.057  50.691 0.0000000000
78034  5.417  -13.975  50.077 0.0000000000
76812  5.503  -14.341  48.777 0.0000000000
76822  8.263  -13.440  47.239 0.0000000000
76824  6.663  -14.047  47.787 0.0000000000
75445  5.064  -14.791  48.279 0.0000000000
74193  4.784  -15.556  47.045 0.0000000000
74213  3.892  -15.839  46.001 0.0000000000
73082  3.335  -15.731  45.561 0.0000000000
77865  15.477  -14.393  57.685 0.0000000000
71632  18.652  -16.731  54.072 0.0000000000
71621  22.959  -15.614  54.954 0.0000000000
72978  22.415  -15.144  55.886 0.0000000000
73003  21.669  -15.529  54.911 0.0000000000
72993  20.724  -15.591  55.490 0.0000000000
71622  19.085  -16.134  55.623 0.0000000000
70328  17.594  -16.736  55.643 0.0000000000
71579  17.740  -15.926  57.780 0.0000000000
72930  17.378  -15.327  58.741 0.0000000000
75327  17.950  -14.591  59.403 0.0000000000
74091  16.400  -15.119  58.924 0.0000000000
76646  16.525  -14.639  58.891 0.0000000000
76664  15.665  -14.515  58.263 0.0000000000
65651  2.656  -22.526  53.159 0.0000000000
66850  2.858  -21.527  53.597 0.0000000000
68009  2.734  -20.154  55.418 0.0000000000
68022  2.862  -20.127  54.743 0.0000000000
69173  3.167  -19.747  54.697 0.0000000000
71648  3.854  -18.643  55.511 0.0000000000
73007  4.428  -16.385  55.262 0.0000000000
75392  4.291  -14.876  54.814 0.0000000000
74097  4.334  -16.421  58.603 0.0000000000
75353  3.855  -15.676  57.846 0.0000000000
76708  3.462  -14.631  56.986 0.0000000000
77901  6.740  -13.296  55.836 0.0000000000
77886  5.014  -14.093  56.403 0.0000000000
76723  3.441  -14.337  56.390 0.0000000000
77923  4.299  -14.150  55.462 0.0000000000
77938  4.755  -13.881  54.588 0.0000000000
77953  5.304  -13.803  53.659 0.0000000000
79149  5.896  -12.628  52.457 0.0000000000
79181  7.465  -12.376  50.867 0.0000000000
79212  9.081  -12.453  48.987 0.0000000000
78030  10.308  -12.589  49.420 0.0000000000
78047  10.212  -12.436  48.811 0.0000000000
79227  10.981  -12.297  47.197 0.0000000000
61854  7.157  -24.554  56.560 0.0000000000
63081  6.098  -24.287  58.365 0.0000000000
68080  4.178  -22.295  51.652 0.0000000000
66907  4.198  -23.140  50.361 0.0000000000
65771  5.170  -24.205  46.235 0.0000000000
74169  5.951  -15.075  52.669 0.0000000000
73022  7.455  -17.173  52.446 0.0000000000
70381  7.904  -18.639  51.798 0.0000000000
71680  7.849  -16.847  49.938 0.0000000000
70389  8.551  -18.562  50.750 0.0000000000
68076  8.094  -20.113  50.456 0.0000000000
66925  7.191  -21.945  48.514 0.0000000000
66962  7.089  -23.074  47.359 0.0000000000
65770  5.997  -24.340  46.169 0.0000000000
65787  7.078  -24.219  45.090 0.0000000000
68157  10.261  -21.006  45.675 0.0000000000
66986  10.074  -22.238  44.115 0.0000000000
80423  8.755  -10.674  43.546 0.0000000000
80402  7.132  -10.135  43.917 0.0000000000
79286  7.294  -12.084  43.641 0.0000000000
76848  6.203  -13.856  43.825 0.0000000000
75484  4.910  -14.605  44.237 0.0000000000
73083  3.124  -15.655  45.082 0.0000000000
75473  2.581  -13.529  44.876 0.0000000000
73091  2.887  -15.783  44.281 0.0000000000
70507  3.827  -17.188  44.068 0.0000000000
70504  5.489  -17.922  43.804 0.0000000000
70522  6.440  -17.580  42.841 0.0000000000
70520  8.362  -17.125  42.634 0.0000000000
70536  8.332  -17.029  41.748 0.0000000000
76683  13.692  -15.143  57.601 0.0000000000
77867  13.980  -14.963  57.468 0.0000000000
76682  14.548  -14.785  57.903 0.0000000000
76666  13.879  -15.191  57.863 0.0000000000
64519  4.429  -24.791  44.455 0.0000000000
64518  4.677  -24.510  43.999 0.0000000000
63267  4.858  -24.658  43.069 0.0000000000
64494  5.025  -24.255  44.622 0.0000000000
69124  4.263  -19.545  58.885 0.0000000000
69128  3.524  -19.496  58.401 0.0000000000
70350  17.784  -16.997  53.831 0.0000000000
70341  16.894  -17.150  54.509 0.0000000000
69123  4.637  -19.493  59.733 0.0000000000
67989  4.493  -20.324  59.134 0.0000000000
75402  5.045  -14.962  54.251 0.0000000000
75401  5.251  -15.075  53.984 0.0000000000
70470  3.811  -16.862  45.537 0.0000000000
70453  4.934  -17.512  45.860 0.0000000000
70468  4.732  -17.769  45.338 0.0000000000
70467  5.262  -17.918  45.351 0.0000000000
75315  7.219  -16.004  60.406 0.0000000000
76640  7.612  -15.551  59.826 0.0000000000
75337  8.101  -15.451  59.612 0.0000000000
71571  16.062  -16.402  58.038 0.0000000000
71566  11.179  -17.032  58.848 0.0000000000
70285  9.723  -17.987  58.423 0.0000000000
70279  9.567  -17.745  58.917 0.0000000000
69121  8.924  -18.424  58.909 0.0000000000
75320  8.680  -15.671  59.924 0.0000000000
74083  8.264  -16.065  60.451 0.0000000000
74084  7.829  -16.115  60.590 0.0000000000
74076  7.367  -16.291  60.549 0.0000000000
79230  8.643  -12.628  48.636 0.0000000000
76840  8.473  -13.725  44.997 0.0000000000
76846  8.244  -13.366  44.405 0.0000000000
76847  7.454  -13.752  44.388 0.0000000000
63113  2.495  -24.376  55.536 0.0000000000
72967  2.677  -16.356  56.958 0.0000000000
72982  2.732  -16.148  56.137 0.0000000000
79133  7.763  -12.784  53.436 0.0000000000
79134  7.028  -12.586  53.456 0.0000000000
65626  6.685  -21.251  59.456 0.0000000000
64358  6.484  -22.373  58.766 0.0000000000
65634  6.385  -22.075  59.175 0.0000000000
60592  4.989  -24.936  58.045 0.0000000000
60591  5.364  -24.999  58.069 0.0000000000
61883  2.362  -25.460  55.202 0.0000000000
66862  3.059  -21.961  52.712 0.0000000000
68062  6.320  -20.579  51.691 0.0000000000
68078  5.924  -21.096  51.126 0.0000000000
66904  5.969  -21.916  49.562 0.0000000000
68096  6.510  -21.338  50.246 0.0000000000
75439  5.136  -15.334  49.579 0.0000000000
74184  5.478  -15.682  50.360 0.0000000000
73033  5.186  -16.001  49.716 0.0000000000
69250  9.709  -19.120  48.550 0.0000000000
68143  10.165  -20.267  46.838 0.0000000000
70480  10.726  -17.510  44.455 0.0000000000
69303  11.410  -19.062  44.531 0.0000000000
69302  11.536  -18.758  44.065 0.0000000000
80382  4.714  -10.243  45.224 0.0000000000
80405  4.360  -11.007  44.859 0.0000000000
79267  3.704  -11.212  45.089 0.0000000000
76865  3.797  -13.854  41.551 0.0000000000
76861  3.320  -13.656  42.477 0.0000000000
75524  3.546  -14.823  42.134 0.0000000000
74272  3.181  -15.027  42.724 0.0000000000
74293  3.888  -15.944  41.755 0.0000000000
71802  4.721  -17.077  42.062 0.0000000000
73120  4.603  -16.554  41.537 0.0000000000
76650  10.189  -15.380  58.602 0.0000000000
76669  10.153  -15.128  58.077 0.0000000000
76716  13.756  -14.738  56.779 0.0000000000
74095  11.971  -16.017  58.873 0.0000000000
72935  11.672  -16.382  58.847 0.0000000000
72924  11.165  -16.348  59.176 0.0000000000
72925  10.577  -16.618  59.394 0.0000000000
75316  11.463  -15.898  59.025 0.0000000000
75350  11.125  -15.354  58.289 0.0000000000
75333  11.147  -15.566  58.793 0.0000000000
76649  10.759  -15.431  58.540 0.0000000000
79284  10.787  -11.382  44.449 0.0000000000
79301  10.303  -11.052  43.765 0.0000000000
66833  2.694  -21.271  56.912 0.0000000000
70292  3.104  -18.528  58.364 0.0000000000
71584  2.877  -17.554  58.130 0.0000000000
71594  2.638  -17.354  57.266 0.0000000000
76746  10.291  -13.719  54.179 0.0000000000
77916  9.498  -13.524  54.541 0.0000000000
76757  10.353  -13.614  53.478 0.0000000000
77949  9.956  -13.429  52.959 0.0000000000
77969  9.477  -13.138  52.335 0.0000000000
77988  10.869  -13.518  51.097 0.0000000000
66816  5.738  -20.642  60.199 0.0000000000
65623  5.735  -21.575  59.807 0.0000000000
65624  5.383  -21.443  59.646 0.0000000000
64356  4.624  -22.246  58.936 0.0000000000
64355  4.977  -22.251  59.228 0.0000000000
63070  4.829  -23.516  58.595 0.0000000000
63071  4.286  -23.284  58.362 0.0000000000
65637  3.154  -22.227  58.209 0.0000000000
71647  4.498  -18.355  55.213 0.0000000000
70357  4.820  -19.182  54.405 0.0000000000
71645  6.117  -17.697  53.821 0.0000000000
70356  5.641  -18.568  53.880 0.0000000000
70355  6.253  -18.236  53.394 0.0000000000
69195  6.385  -19.480  52.657 0.0000000000
70354  6.576  -18.009  53.129 0.0000000000
71699  4.541  -16.852  47.754 0.0000000000
71684  4.932  -16.878  48.507 0.0000000000
71697  4.971  -17.290  47.980 0.0000000000
70430  6.447  -17.700  46.926 0.0000000000
71710  6.073  -17.542  47.526 0.0000000000
70429  8.546  -17.425  47.448 0.0000000000
70449  8.174  -17.368  46.618 0.0000000000
70464  8.332  -17.383  45.422 0.0000000000
71752  8.103  -17.313  44.949 0.0000000000
70482  8.185  -17.395  44.543 0.0000000000
76869  4.226  -13.990  40.731 0.0000000000
76868  4.524  -13.515  39.869 0.0000000000
74311  5.113  -15.176  39.520 0.0000000000
72928  5.552  -17.264  60.160 0.0000000000
72929  4.940  -17.417  59.979 0.0000000000
76654  7.017  -15.362  59.290 0.0000000000
76673  6.778  -14.874  58.513 0.0000000000
76686  10.333  -14.973  57.670 0.0000000000
76704  10.322  -14.710  57.049 0.0000000000
76719  10.202  -14.423  56.146 0.0000000000
76736  10.070  -13.971  55.123 0.0000000000
70293  16.983  -16.572  56.524 0.0000000000
70288  14.981  -16.817  57.202 0.0000000000
72946  13.644  -16.372  58.067 0.0000000000
71573  13.743  -16.564  57.739 0.0000000000
70298  12.180  -17.819  56.745 0.0000000000
70299  11.377  -18.286  56.961 0.0000000000
69134  10.017  -18.813  56.847 0.0000000000
67981  7.917  -19.559  59.510 0.0000000000
66818  7.002  -20.707  59.466 0.0000000000
67982  7.347  -19.955  59.674 0.0000000000
72926  9.527  -16.808  60.005 0.0000000000
71554  9.008  -17.344  60.099 0.0000000000
72917  8.880  -17.058  60.425 0.0000000000
72914  7.662  -17.436  60.792 0.0000000000
70263  7.765  -18.047  60.663 0.0000000000
70264  7.451  -18.217  60.673 0.0000000000
69112  6.927  -19.364  60.582 0.0000000000
69107  7.077  -18.991  60.776 0.0000000000
67979  6.070  -19.881  60.745 0.0000000000
69109  6.154  -18.708  61.211 0.0000000000
72922  6.295  -17.279  60.432 0.0000000000
71559  5.822  -18.075  60.774 0.0000000000
71562  5.454  -18.122  60.595 0.0000000000
70277  5.093  -18.738  60.641 0.0000000000
79164  5.774  -12.752  51.574 0.0000000000
77991  5.503  -13.124  51.414 0.0000000000
79184  5.879  -12.798  50.990 0.0000000000
78049  7.014  -13.214  49.452 0.0000000000
78033  5.732  -13.551  49.945 0.0000000000
76798  5.495  -14.136  49.454 0.0000000000
78051  5.715  -13.852  49.219 0.0000000000
78066  8.802  -12.786  47.699 0.0000000000
78084  8.949  -13.092  46.699 0.0000000000
76835  7.716  -14.067  46.550 0.0000000000
76823  7.431  -13.752  47.596 0.0000000000
76836  6.952  -14.426  46.920 0.0000000000
76825  5.985  -14.277  47.955 0.0000000000
75451  5.489  -14.782  47.356 0.0000000000
75452  4.995  -14.970  47.555 0.0000000000
74210  5.765  -15.487  45.190 0.0000000000
74200  5.094  -15.416  45.935 0.0000000000
74211  5.125  -15.670  45.549 0.0000000000
73070  3.685  -15.845  45.880 0.0000000000
73081  3.723  -15.795  45.556 0.0000000000
71642  19.662  -16.450  53.229 0.0000000000
72964  21.509  -15.253  56.810 0.0000000000
72963  22.221  -14.767  56.541 0.0000000000
72991  22.117  -15.333  55.614 0.0000000000
72992  21.455  -15.447  55.649 0.0000000000
72980  20.607  -15.601  56.296 0.0000000000
71607  18.965  -16.158  56.656 0.0000000000
72952  18.427  -15.713  58.171 0.0000000000
72953  18.019  -15.670  58.135 0.0000000000
71569  17.498  -15.732  58.047 0.0000000000
72942  17.721  -15.515  58.438 0.0000000000
76644  18.547  -14.073  59.282 0.0000000000
74090  17.480  -15.132  58.997 0.0000000000
75328  17.014  -14.757  59.109 0.0000000000
75346  17.108  -14.415  59.041 0.0000000000
77857  17.622  -13.594  58.297 0.0000000000
76663  16.672  -14.271  58.664 0.0000000000
77858  16.326  -14.107  58.067 0.0000000000
77859  15.619  -14.303  57.760 0.0000000000
60646  2.499  -26.627  53.874 0.0000000000
61900  2.634  -25.586  53.145 0.0000000000
69157  2.820  -19.277  55.181 0.0000000000
73008  3.735  -16.054  55.503 0.0000000000
74149  3.909  -15.364  55.177 0.0000000000
74096  5.087  -16.475  59.314 0.0000000000
75341  4.982  -15.967  58.807 0.0000000000
76692  5.137  -14.709  57.517 0.0000000000
75352  4.440  -15.590  58.142 0.0000000000
76693  4.396  -14.975  57.360 0.0000000000
75360  3.407  -15.210  57.525 0.0000000000
77873  4.341  -14.717  56.876 0.0000000000
77918  8.254  -13.279  55.016 0.0000000000
77900  7.388  -13.391  55.763 0.0000000000
77919  7.675  -13.225  55.244 0.0000000000
79109  6.437  -12.947  55.013 0.0000000000
79101  6.429  -13.189  55.542 0.0000000000
77903  5.441  -13.467  55.687 0.0000000000
77904  4.359  -14.088  55.997 0.0000000000
77905  3.844  -14.268  55.952 0.0000000000
79125  5.539  -12.926  54.080 0.0000000000
77937  5.342  -13.401  53.973 0.0000000000
79137  5.593  -12.912  53.239 0.0000000000
79148  6.402  -12.518  52.505 0.0000000000
79180  8.143  -12.253  50.771 0.0000000000
79196  8.667  -12.429  49.900 0.0000000000
79178  9.695  -12.598  50.070 0.0000000000
70342  16.075  -17.648  54.244 0.0000000000
70343  15.296  -18.008  53.893 0.0000000000
63079  6.696  -23.675  57.739 0.0000000000
63091  7.087  -23.982  57.084 0.0000000000
63056  5.777  -23.342  58.892 0.0000000000
64360  6.149  -23.056  59.073 0.0000000000
63067  5.927  -23.863  58.620 0.0000000000
64382  3.375  -23.874  51.045 0.0000000000
63169  3.489  -24.645  50.417 0.0000000000
64390  3.478  -24.004  50.113 0.0000000000
69213  4.543  -20.710  52.955 0.0000000000
68064  4.292  -21.190  52.508 0.0000000000
66906  4.680  -22.819  50.124 0.0000000000
68099  4.364  -22.724  50.839 0.0000000000
66930  3.950  -23.494  49.774 0.0000000000
65717  3.690  -23.806  49.176 0.0000000000
66947  4.642  -23.353  48.694 0.0000000000
65732  4.789  -23.446  47.843 0.0000000000
65731  5.463  -23.372  47.697 0.0000000000
65752  5.008  -23.739  47.061 0.0000000000
65751  5.727  -23.968  47.042 0.0000000000
75422  5.691  -14.718  52.090 0.0000000000
74170  5.789  -14.858  52.270 0.0000000000
73029  7.115  -16.290  51.204 0.0000000000
73023  7.200  -16.425  52.215 0.0000000000
71665  8.009  -17.734  51.952 0.0000000000
71681  6.823  -16.628  49.260 0.0000000000
69235  9.255  -19.154  49.443 0.0000000000
70399  8.943  -18.671  50.043 0.0000000000
69236  8.843  -19.288  49.914 0.0000000000
69222  8.482  -19.417  50.445 0.0000000000
68075  8.421  -19.815  50.216 0.0000000000
68095  7.693  -20.895  49.871 0.0000000000
68115  7.708  -21.435  49.014 0.0000000000
66961  7.888  -22.609  47.014 0.0000000000
66943  7.564  -22.318  47.811 0.0000000000
65750  6.622  -23.910  46.914 0.0000000000
65769  6.877  -24.131  45.995 0.0000000000
65788  6.208  -24.385  45.239 0.0000000000
65768  7.898  -23.973  45.845 0.0000000000
65785  8.791  -23.611  44.305 0.0000000000
69277  10.651  -19.268  46.323 0.0000000000
68142  10.589  -19.988  45.913 0.0000000000
68180  10.626  -21.560  43.796 0.0000000000
68168  10.421  -21.306  44.679 0.0000000000
66999  10.069  -22.287  43.228 0.0000000000
65812  9.873  -22.882  42.516 0.0000000000
80425  6.949  -10.955  43.600 0.0000000000
79305  7.023  -11.535  43.634 0.0000000000
78105  6.812  -12.827  43.819 0.0000000000
78106  5.616  -12.713  43.901 0.0000000000
76850  4.134  -13.634  44.544 0.0000000000
76849  5.118  -13.616  44.005 0.0000000000
75485  3.634  -14.580  44.598 0.0000000000
74226  3.277  -15.211  44.941 0.0000000000
79291  2.633  -11.663  44.327 0.0000000000
78109  2.598  -12.466  44.738 0.0000000000
78097  2.892  -12.451  45.189 0.0000000000
76852  2.498  -13.246  44.519 0.0000000000
73099  2.929  -16.295  43.253 0.0000000000
74240  2.892  -14.914  44.146 0.0000000000
70526  4.004  -17.418  43.531 0.0000000000
70506  4.397  -17.643  44.062 0.0000000000
70525  4.441  -17.715  43.401 0.0000000000
70539  5.798  -17.684  42.306 0.0000000000
70523  5.595  -17.666  43.021 0.0000000000
70521  7.374  -17.479  42.716 0.0000000000
71800  6.051  -16.820  40.846 0.0000000000
76684  12.479  -15.208  57.583 0.0000000000
76701  13.458  -15.079  57.333 0.0000000000
77897  14.374  -14.599  56.971 0.0000000000
76648  15.076  -14.783  58.325 0.0000000000
75347  13.915  -14.952  58.143 0.0000000000
63266  5.099  -24.458  42.862 0.0000000000
64516  5.845  -24.302  43.615 0.0000000000
66827  3.514  -21.311  58.334 0.0000000000
67996  3.210  -20.382  58.188 0.0000000000
71576  3.572  -17.762  58.523 0.0000000000
67985  4.993  -19.921  60.165 0.0000000000
65625  5.120  -21.423  59.499 0.0000000000
66820  5.118  -20.874  59.660 0.0000000000
66821  4.755  -21.106  59.223 0.0000000000
65632  4.350  -21.785  58.877 0.0000000000
73006  4.941  -16.501  54.982 0.0000000000
71633  5.186  -16.907  54.921 0.0000000000
73014  5.518  -16.325  54.488 0.0000000000
73013  6.322  -16.767  53.875 0.0000000000
70434  4.688  -17.177  46.717 0.0000000000
70413  5.202  -17.433  47.329 0.0000000000
70433  4.916  -17.296  46.611 0.0000000000
70431  5.677  -17.692  46.816 0.0000000000
70451  5.857  -17.684  46.136 0.0000000000
70450  6.806  -17.548  46.253 0.0000000000
70466  6.067  -17.765  45.370 0.0000000000
70484  6.210  -17.731  44.531 0.0000000000
74078  6.378  -16.756  60.266 0.0000000000
74086  6.232  -16.451  60.133 0.0000000000
75322  7.039  -15.830  60.146 0.0000000000
76641  7.273  -15.546  59.697 0.0000000000
76671  8.528  -15.108  58.454 0.0000000000
76734  12.275  -14.608  55.753 0.0000000000
76744  12.175  -14.238  54.779 0.0000000000
71592  16.226  -16.582  57.069 0.0000000000
71593  15.818  -16.672  57.142 0.0000000000
71581  15.605  -16.640  57.425 0.0000000000
71582  14.574  -16.622  57.484 0.0000000000
71565  12.228  -16.676  58.429 0.0000000000
71574  12.492  -16.918  58.147 0.0000000000
69122  8.439  -19.141  59.318 0.0000000000
70275  8.684  -18.337  59.842 0.0000000000
74074  8.551  -16.566  60.572 0.0000000000
72918  8.470  -17.025  60.823 0.0000000000
72919  7.954  -17.095  60.942 0.0000000000
72915  7.368  -17.323  60.720 0.0000000000
71553  5.986  -17.934  61.042 0.0000000000
72921  6.808  -17.054  60.514 0.0000000000
79198  7.320  -12.598  50.255 0.0000000000
79199  6.752  -12.874  50.228 0.0000000000
79215  7.196  -12.843  49.887 0.0000000000
78048  7.566  -13.022  49.231 0.0000000000
78067  7.878  -13.076  48.572 0.0000000000
78095  9.078  -13.222  45.614 0.0000000000
75459  7.076  -14.598  45.885 0.0000000000
75460  6.360  -14.950  46.262 0.0000000000
75469  7.011  -14.561  44.869 0.0000000000
75483  6.050  -14.742  44.305 0.0000000000
73005  20.300  -15.766  54.540 0.0000000000
71589  19.009  -16.035  57.481 0.0000000000
72940  19.107  -15.521  58.503 0.0000000000
72941  18.764  -15.540  58.546 0.0000000000
76662  17.685  -13.985  59.116 0.0000000000
70333  2.861  -18.087  55.690 0.0000000000
72995  3.088  -15.923  55.640 0.0000000000
75385  3.433  -14.767  55.472 0.0000000000
76674  6.083  -14.822  58.388 0.0000000000
75351  5.211  -15.422  58.585 0.0000000000
76691  5.803  -14.520  57.650 0.0000000000
77870  6.113  -14.060  57.065 0.0000000000
79120  8.317  -13.055  53.942 0.0000000000
77936  7.457  -13.032  54.982 0.0000000000
79122  7.191  -12.822  54.542 0.0000000000
79110  5.911  -13.017  54.890 0.0000000000
79135  6.393  -12.468  53.391 0.0000000000
79147  6.986  -12.529  52.523 0.0000000000
79179  8.951  -12.438  50.598 0.0000000000
70332  14.257  -17.929  54.941 0.0000000000
69151  14.554  -18.134  54.252 0.0000000000
65636  7.189  -21.964  58.215 0.0000000000
64362  6.530  -22.854  58.390 0.0000000000
63080  6.360  -24.062  58.143 0.0000000000
61831  5.816  -24.640  58.359 0.0000000000
61865  3.042  -25.283  56.967 0.0000000000
65666  3.264  -23.147  51.589 0.0000000000
66887  3.686  -22.924  51.504 0.0000000000
68063  5.415  -20.952  52.011 0.0000000000
68079  4.974  -21.589  51.416 0.0000000000
66905  5.279  -22.404  49.872 0.0000000000
66928  5.027  -22.976  49.295 0.0000000000
66927  5.596  -22.537  48.998 0.0000000000
66926  6.316  -22.161  48.714 0.0000000000
74179  5.167  -15.023  51.069 0.0000000000
74178  5.655  -15.100  51.301 0.0000000000
74177  5.962  -15.460  51.127 0.0000000000
73025  6.197  -15.693  50.997 0.0000000000
73030  6.465  -16.022  50.672 0.0000000000
71693  8.591  -17.248  49.193 0.0000000000
70412  9.606  -18.250  48.954 0.0000000000
68113  9.236  -19.869  49.081 0.0000000000
68114  8.597  -20.827  48.938 0.0000000000
68128  8.858  -21.300  48.106 0.0000000000
66942  8.446  -21.963  47.589 0.0000000000
66960  8.817  -22.300  46.831 0.0000000000
65748  8.361  -23.087  46.359 0.0000000000
65747  9.093  -22.696  46.208 0.0000000000
65766  9.387  -22.571  45.793 0.0000000000
70462  11.085  -18.129  45.293 0.0000000000
68156  10.842  -20.204  45.123 0.0000000000
68179  11.169  -20.937  43.318 0.0000000000
81543  5.481  -10.010  44.853 0.0000000000
79288  4.977  -11.764  44.345 0.0000000000
78108  3.580  -12.632  45.028 0.0000000000
78120  2.832  -12.772  42.731 0.0000000000
76858  2.764  -13.609  43.618 0.0000000000
75500  3.061  -14.217  43.374 0.0000000000
74255  3.030  -14.908  42.935 0.0000000000
73107  3.566  -16.587  42.533 0.0000000000
71786  4.049  -17.267  42.601 0.0000000000
71803  4.433  -17.150  42.351 0.0000000000
71784  4.997  -17.414  42.110 0.0000000000
70553  5.942  -17.499  41.662 0.0000000000
75336  8.590  -15.487  59.472 0.0000000000
76651  9.329  -15.364  58.773 0.0000000000
72932  15.931  -15.687  58.633 0.0000000000
72933  14.921  -16.032  58.438 0.0000000000
72934  13.334  -16.193  58.310 0.0000000000
71560  10.222  -17.154  59.347 0.0000000000
70273  9.838  -17.353  59.343 0.0000000000
75317  11.044  -15.818  59.082 0.0000000000
75318  10.200  -15.839  59.307 0.0000000000
74081  9.367  -16.316  59.957 0.0000000000
75319  9.391  -15.773  59.608 0.0000000000
79228  10.224  -12.407  47.547 0.0000000000
79248  9.891  -12.503  46.919 0.0000000000
79266  10.130  -12.404  45.891 0.0000000000
78102  9.593  -12.659  45.220 0.0000000000
78114  9.477  -12.362  44.367 0.0000000000
78115  8.810  -12.271  43.846 0.0000000000
65642  2.671  -22.273  56.391 0.0000000000
69135  2.726  -19.280  57.000 0.0000000000
76721  8.339  -13.807  55.838 0.0000000000
77882  7.744  -13.784  56.134 0.0000000000
77898  8.618  -13.567  55.346 0.0000000000
77917  8.855  -13.312  54.782 0.0000000000
77933  9.029  -13.246  54.091 0.0000000000
77951  8.731  -13.129  53.781 0.0000000000
79131  8.766  -13.015  53.140 0.0000000000
79144  8.845  -12.881  52.755 0.0000000000
79159  9.054  -12.618  51.723 0.0000000000
65622  6.090  -21.354  59.950 0.0000000000
64352  6.018  -22.235  59.476 0.0000000000
65628  5.959  -21.893  59.884 0.0000000000
65629  5.736  -22.099  59.594 0.0000000000
63057  5.471  -23.153  59.025 0.0000000000
65630  5.110  -21.791  59.453 0.0000000000
63058  5.137  -23.090  59.037 0.0000000000
63069  5.053  -23.894  58.557 0.0000000000
61845  4.821  -24.927  57.859 0.0000000000
61846  4.363  -24.574  57.902 0.0000000000
64361  3.613  -22.871  58.289 0.0000000000
64366  2.715  -23.302  56.970 0.0000000000
69185  3.506  -20.380  54.217 0.0000000000
70371  4.669  -20.070  53.823 0.0000000000
69197  4.858  -20.286  53.263 0.0000000000
69196  5.549  -19.867  52.996 0.0000000000
69210  6.819  -19.976  51.846 0.0000000000
73041  4.763  -16.103  48.946 0.0000000000
73040  5.348  -16.351  49.134 0.0000000000
71683  5.368  -16.872  48.649 0.0000000000
71695  6.465  -17.052  48.289 0.0000000000
71708  8.395  -17.321  48.094 0.0000000000
70447  10.752  -18.180  46.135 0.0000000000
71737  10.567  -17.723  45.618 0.0000000000
71751  10.122  -17.435  45.076 0.0000000000
74292  4.478  -15.807  40.887 0.0000000000
74291  5.119  -15.748  40.228 0.0000000000
74329  5.655  -15.434  38.964 0.0000000000
70280  4.806  -18.744  60.138 0.0000000000
71567  4.678  -17.973  59.771 0.0000000000
72937  5.130  -16.922  59.802 0.0000000000
75340  5.661  -15.778  59.329 0.0000000000
75324  6.070  -15.992  59.925 0.0000000000
75339  6.384  -15.661  59.683 0.0000000000
76689  7.223  -14.525  57.733 0.0000000000
76706  8.345  -14.250  56.471 0.0000000000
76652  8.613  -15.372  59.023 0.0000000000
70329  16.928  -16.893  55.364 0.0000000000
70311  15.410  -17.462  56.006 0.0000000000
70312  14.194  -17.541  55.779 0.0000000000
69137  12.524  -18.056  55.396 0.0000000000
70289  13.789  -16.773  57.252 0.0000000000
70297  13.346  -17.235  56.637 0.0000000000
70314  12.223  -18.082  56.066 0.0000000000
69138  11.898  -18.645  55.672 0.0000000000
66822  7.834  -20.193  58.663 0.0000000000
66813  6.722  -20.639  59.781 0.0000000000
70274  9.250  -17.564  59.589 0.0000000000
69110  8.205  -18.695  60.196 0.0000000000
71555  8.511  -17.455  60.541 0.0000000000
70269  7.983  -18.153  60.585 0.0000000000
69118  7.816  -19.349  60.015 0.0000000000
67976  7.355  -19.766  60.003 0.0000000000
67977  7.149  -19.848  60.009 0.0000000000
66814  6.225  -20.839  60.070 0.0000000000
66810  6.118  -20.416  60.421 0.0000000000
66811  5.787  -20.471  60.751 0.0000000000
67984  5.453  -19.903  60.493 0.0000000000
70272  5.814  -18.595  61.091 0.0000000000
69115  5.549  -19.255  60.978 0.0000000000
69119  5.195  -19.293  60.694 0.0000000000
69120  4.943  -19.415  60.339 0.0000000000
76770  5.534  -14.058  53.177 0.0000000000
77971  5.506  -13.721  52.623 0.0000000000
76781  5.442  -14.148  51.950 0.0000000000
78015  5.342  -13.812  51.219 0.0000000000
78012  6.150  -12.971  50.530 0.0000000000
78014  5.428  -13.608  50.779 0.0000000000
76790  5.362  -14.468  50.952 0.0000000000
76800  5.211  -14.767  50.099 0.0000000000
76799  5.329  -14.485  49.734 0.0000000000
75438  5.171  -15.043  49.261 0.0000000000
78065  9.185  -12.630  47.618 0.0000000000
78068  7.078  -13.544  48.422 0.0000000000
76810  6.428  -13.709  48.596 0.0000000000
76811  5.842  -13.991  48.656 0.0000000000
75446  4.917  -15.165  48.487 0.0000000000
75454  4.554  -15.581  47.967 0.0000000000
74194  4.639  -15.764  47.270 0.0000000000
74203  4.518  -16.055  47.106 0.0000000000
75461  5.568  -15.210  46.469 0.0000000000
74201  4.566  -15.729  46.436 0.0000000000
73060  4.456  -16.288  46.449 0.0000000000
71728  4.295  -16.646  45.936 0.0000000000
71742  3.509  -16.579  45.786 0.0000000000
71741  3.120  -16.152  45.844 0.0000000000
77879  15.801  -14.188  57.000 0.0000000000
70340  17.706  -16.917  54.774 0.0000000000
73004  20.873  -15.606  54.693 0.0000000000
72994  20.023  -15.765  55.139 0.0000000000
71623  18.411  -16.573  55.134 0.0000000000
71590  18.276  -16.295  57.198 0.0000000000
71591  17.218  -16.482  56.847 0.0000000000
71570  17.020  -15.894  57.882 0.0000000000
72943  16.576  -15.928  58.181 0.0000000000
75344  19.461  -14.345  58.741 0.0000000000
74088  18.904  -14.825  58.960 0.0000000000
75326  18.668  -14.484  59.140 0.0000000000
74102  18.041  -15.221  58.917 0.0000000000
72931  16.905  -15.406  58.681 0.0000000000
75329  16.031  -14.944  59.125 0.0000000000
76647  15.820  -14.723  58.613 0.0000000000
76681  15.062  -14.491  57.790 0.0000000000
63132  2.553  -24.496  53.447 0.0000000000
64376  2.617  -23.546  52.789 0.0000000000
65645  2.785  -22.244  55.275 0.0000000000
66841  2.750  -21.116  54.671 0.0000000000
68038  2.993  -20.571  54.085 0.0000000000
70358  3.907  -19.532  55.049 0.0000000000
71635  3.843  -17.564  55.659 0.0000000000
75391  4.510  -15.036  54.654 0.0000000000
76758  4.866  -14.253  54.248 0.0000000000
71568  4.308  -17.904  59.009 0.0000000000
72939  4.059  -17.181  58.606 0.0000000000
74098  3.786  -16.657  58.417 0.0000000000
74103  4.023  -15.962  58.169 0.0000000000
74104  3.488  -16.071  58.133 0.0000000000
74111  2.835  -15.642  57.466 0.0000000000
75368  2.876  -14.758  57.011 0.0000000000
77883  7.064  -13.677  56.388 0.0000000000
77884  6.403  -13.619  56.509 0.0000000000
77885  5.726  -13.696  56.490 0.0000000000
79100  6.663  -13.182  55.599 0.0000000000
77902  6.123  -13.368  55.959 0.0000000000
77887  4.345  -14.473  56.546 0.0000000000
76722  3.809  -14.497  56.501 0.0000000000
75376  2.900  -14.641  56.141 0.0000000000
76738  3.594  -14.376  55.795 0.0000000000
77922  5.061  -13.471  54.965 0.0000000000
76747  4.206  -14.428  55.159 0.0000000000
77952  5.558  -13.356  53.043 0.0000000000
79150  5.555  -12.923  52.415 0.0000000000
79163  6.329  -12.547  51.622 0.0000000000
79162  6.943  -12.503  51.657 0.0000000000
79197  7.941  -12.356  50.104 0.0000000000
78046  10.925  -12.595  48.639 0.0000000000
79211  9.832  -12.401  48.479 0.0000000000
77880  15.050  -14.423  57.077 0.0000000000
70352  15.950  -17.702  53.116 0.0000000000
70353  15.215  -18.051  53.121 0.0000000000
69168  14.646  -18.225  53.441 0.0000000000
64359  6.140  -22.815  58.994 0.0000000000
63066  6.118  -23.741  58.529 0.0000000000
61842  6.452  -24.814  57.637 0.0000000000
63154  3.239  -24.636  51.509 0.0000000000
68065  3.580  -21.846  52.331 0.0000000000
68081  3.674  -22.412  52.011 0.0000000000
66886  4.038  -22.943  51.073 0.0000000000
66908  3.841  -23.355  50.631 0.0000000000
65698  3.658  -23.693  49.974 0.0000000000
64401  3.489  -24.028  49.403 0.0000000000
64470  4.936  -24.326  45.412 0.0000000000
75413  5.701  -14.720  53.116 0.0000000000
74159  6.119  -15.713  53.454 0.0000000000
74168  6.338  -15.440  52.206 0.0000000000
73019  6.756  -16.036  52.873 0.0000000000
73018  6.935  -17.028  53.097 0.0000000000
71656  7.321  -17.800  52.605 0.0000000000
70367  7.506  -18.355  52.368 0.0000000000
69209  7.568  -19.435  51.621 0.0000000000
73039  5.670  -16.373  49.418 0.0000000000
73037  7.003  -16.382  50.262 0.0000000000
73036  7.553  -16.716  50.818 0.0000000000
71679  8.746  -17.737  50.238 0.0000000000
71672  8.099  -17.269  50.988 0.0000000000
70380  8.236  -18.478  51.287 0.0000000000
69223  7.786  -19.750  51.031 0.0000000000
66944  6.703  -22.613  48.041 0.0000000000
66963  6.256  -23.362  47.617 0.0000000000
65789  5.455  -24.354  45.345 0.0000000000
64493  5.625  -24.344  44.463 0.0000000000
64492  6.390  -24.363  44.362 0.0000000000
66974  9.713  -22.299  45.134 0.0000000000
66987  9.494  -22.921  44.213 0.0000000000
65801  9.102  -23.313  43.362 0.0000000000
80422  9.744  -10.520  43.499 0.0000000000
79303  8.483  -11.493  43.562 0.0000000000
81558  8.022  -10.097  43.742 0.0000000000
79304  7.620  -11.494  43.545 0.0000000000
78116  8.072  -12.079  43.557 0.0000000000
76855  5.892  -14.370  43.897 0.0000000000
74225  4.058  -15.725  44.845 0.0000000000
71754  3.088  -15.940  45.493 0.0000000000
71755  3.143  -16.406  45.186 0.0000000000
76842  2.997  -13.017  45.337 0.0000000000
75487  2.772  -14.098  44.529 0.0000000000
75486  3.005  -14.392  45.052 0.0000000000
74227  2.972  -15.005  44.731 0.0000000000
70488  3.820  -16.903  44.825 0.0000000000
70487  4.272  -17.553  44.735 0.0000000000
70505  4.824  -18.109  43.923 0.0000000000
70524  4.945  -17.925  43.185 0.0000000000
70503  6.295  -17.611  43.682 0.0000000000
70502  7.266  -17.509  43.596 0.0000000000
70501  8.310  -17.297  43.542 0.0000000000
70500  9.491  -17.111  43.506 0.0000000000
70537  7.466  -17.450  41.907 0.0000000000
70499  10.707  -17.300  43.443 0.0000000000
60603  4.997  -25.620  57.904 0.0000000000
63060  4.499  -22.620  58.700 0.0000000000
64350  5.380  -21.827  59.564 0.0000000000
64354  5.369  -22.275  59.370 0.0000000000
65621  6.323  -21.131  59.844 0.0000000000
66808  6.723  -20.390  59.979 0.0000000000
66809  6.488  -20.421  60.158 0.0000000000
66819  6.683  -21.041  59.574 0.0000000000
67000  9.652  -22.716  43.579 0.0000000000
67980  5.774  -19.838  60.699 0.0000000000
67983  7.080  -20.120  59.851 0.0000000000
68061  6.734  -20.373  51.548 0.0000000000
68093  9.072  -19.644  49.425 0.0000000000
69108  6.427  -18.809  61.075 0.0000000000
69113  6.419  -19.354  60.884 0.0000000000
69194  7.199  -19.091  52.254 0.0000000000
69198  4.155  -20.701  53.346 0.0000000000
69199  3.756  -20.661  53.758 0.0000000000
69208  8.115  -19.053  51.166 0.0000000000
69224  7.308  -19.919  51.390 0.0000000000
70266  6.329  -18.388  61.031 0.0000000000
70267  8.968  -17.641  59.923 0.0000000000
70270  7.374  -18.745  60.609 0.0000000000
70271  6.044  -18.458  61.163 0.0000000000
70287  15.441  -16.749  57.199 0.0000000000
70308  17.552  -16.658  56.040 0.0000000000
70414  4.781  -17.180  47.233 0.0000000000
70415  4.552  -17.186  46.944 0.0000000000
70432  5.290  -17.522  46.687 0.0000000000
70435  4.285  -16.931  46.484 0.0000000000
70454  4.490  -17.066  45.920 0.0000000000
70485  5.386  -18.084  44.604 0.0000000000
70541  4.496  -17.629  42.818 0.0000000000
70542  4.000  -17.537  43.068 0.0000000000
70554  5.373  -17.560  42.007 0.0000000000
71550  8.090  -17.909  60.791 0.0000000000
71551  7.324  -17.779  60.704 0.0000000000
71552  6.808  -17.992  60.785 0.0000000000
71557  6.784  -17.654  60.705 0.0000000000
71583  14.078  -16.600  57.437 0.0000000000
71644  6.537  -17.655  53.343 0.0000000000
71657  6.846  -17.716  52.951 0.0000000000
71664  8.175  -18.202  51.569 0.0000000000
71671  8.412  -17.976  51.179 0.0000000000
71678  9.125  -18.132  49.847 0.0000000000
71685  4.653  -16.732  48.240 0.0000000000
71692  9.201  -17.816  49.432 0.0000000000
71698  4.625  -17.044  47.708 0.0000000000
71713  4.658  -16.912  46.906 0.0000000000
71724  10.611  -17.835  45.957 0.0000000000
71725  10.356  -17.706  45.978 0.0000000000
71726  7.897  -17.275  47.345 0.0000000000
71738  10.029  -17.472  45.659 0.0000000000
71739  8.052  -17.313  45.172 0.0000000000
71740  7.832  -17.374  45.227 0.0000000000
71753  7.758  -17.395  44.939 0.0000000000
71762  2.999  -16.871  44.175 0.0000000000
71785  4.630  -17.404  42.406 0.0000000000
72916  6.977  -17.203  60.655 0.0000000000
72923  5.858  -17.601  60.435 0.0000000000
73017  7.110  -17.415  52.754 0.0000000000
73024  6.643  -15.780  51.642 0.0000000000
73032  5.452  -16.108  49.920 0.0000000000
73038  6.235  -16.350  49.784 0.0000000000
73049  4.528  -16.073  47.614 0.0000000000
73059  4.114  -15.834  46.142 0.0000000000
73071  3.755  -16.076  46.039 0.0000000000
73072  3.651  -16.343  46.005 0.0000000000
73121  4.239  -16.765  42.176 0.0000000000
74075  7.906  -16.465  60.777 0.0000000000
74079  11.280  -16.085  59.147 0.0000000000
74085  6.605  -16.098  60.226 0.0000000000
74089  18.300  -14.964  59.156 0.0000000000
74148  4.412  -15.420  54.892 0.0000000000
74161  4.904  -15.329  54.516 0.0000000000
74183  5.771  -16.103  50.119 0.0000000000
74185  5.058  -15.491  49.931 0.0000000000
74190  4.525  -15.911  48.149 0.0000000000
74195  4.543  -15.979  47.381 0.0000000000
74202  4.493  -15.984  46.559 0.0000000000
74212  4.260  -15.912  45.780 0.0000000000
74223  5.946  -15.300  44.803 0.0000000000
74256  2.925  -15.145  43.284 0.0000000000
75314  7.434  -15.985  60.450 0.0000000000
75323  6.516  -15.933  60.079 0.0000000000
75359  3.970  -15.382  57.494 0.0000000000
75412  5.465  -15.050  53.677 0.0000000000
75447  4.908  -15.518  48.694 0.0000000000
75453  4.705  -15.278  47.759 0.0000000000
75462  5.072  -15.271  46.858 0.0000000000
75470  6.390  -15.133  45.269 0.0000000000
75472  2.810  -13.629  45.066 0.0000000000
75498  5.897  -14.582  44.031 0.0000000000
75499  5.661  -14.523  44.033 0.0000000000
75512  3.173  -14.540  42.918 0.0000000000
75513  3.009  -14.595  43.328 0.0000000000
75525  3.624  -15.464  41.998 0.0000000000
75540  3.746  -15.326  41.741 0.0000000000
76676  4.901  -15.070  58.018 0.0000000000
76694  3.770  -15.037  57.159 0.0000000000
76707  3.950  -14.816  56.808 0.0000000000
76789  5.343  -14.190  50.467 0.0000000000
76813  5.310  -14.704  48.987 0.0000000000
76826  5.421  -14.479  48.089 0.0000000000
76843  2.605  -13.072  45.075 0.0000000000
76856  5.553  -14.200  43.916 0.0000000000
76857  3.163  -13.886  43.115 0.0000000000
77872  4.773  -14.542  56.916 0.0000000000
77920  7.194  -13.094  55.318 0.0000000000
77935  7.831  -13.075  54.714 0.0000000000
77990  5.716  -12.891  51.149 0.0000000000
77992  5.365  -13.632  51.697 0.0000000000
78032  6.352  -13.128  50.168 0.0000000000
78096  3.145  -12.487  45.258 0.0000000000
79102  6.064  -13.219  55.430 0.0000000000
79111  5.616  -13.065  54.631 0.0000000000
79121  8.004  -12.963  54.076 0.0000000000
79165  5.488  -12.964  51.898 0.0000000000
79183  6.232  -12.771  50.749 0.0000000000
79200  6.442  -12.924  50.387 0.0000000000
79214  7.695  -12.743  49.517 0.0000000000
80424  7.834  -10.796  43.570 0.0000000000
