#!ascii label  , from subject 3361 vox2ras=TkReg
614
70113  20.089  -19.240  -23.131 0.1428571492
68955  19.667  -20.044  -22.536 0.1428571492
71416  20.319  -18.207  -23.768 0.1428571492
70112  21.125  -19.257  -22.547 0.1428571492
71403  21.392  -18.108  -22.962 0.1428571492
72799  20.498  -17.216  -24.488 0.5714285970
72769  21.577  -17.489  -23.155 0.1428571492
73938  22.411  -16.238  -23.446 0.2857142985
72784  21.884  -16.774  -23.431 0.2857142985
75188  23.008  -15.294  -23.805 0.1428571492
75189  22.427  -15.701  -23.979 0.2857142985
77712  23.850  -13.644  -25.418 0.2857142985
76512  23.122  -14.112  -25.835 0.1428571492
76498  23.440  -14.408  -24.525 0.2857142985
78936  24.429  -12.713  -26.485 0.2857142985
78918  24.610  -12.909  -25.777 0.2857142985
78954  24.661  -12.038  -27.554 0.2857142985
81291  25.232  -10.114  -27.949 0.2857142985
84869  24.784  -7.411  -29.752 0.8571428657
82574  25.090  -8.857  -28.774 0.4285714328
81272  25.098  -10.705  -28.013 0.2857142985
87264  25.270  -5.292  -30.354 0.7142857313
86032  25.076  -6.337  -29.844 0.7142857313
84853  25.239  -7.212  -29.072 0.7142857313
83743  24.971  -8.222  -29.260 0.7142857313
88377  25.687  -4.273  -29.911 0.8571428657
86033  24.708  -6.897  -30.137 0.7142857313
90678  25.533  -2.359  -30.559 0.4285714328
89497  25.606  -3.267  -30.282 0.7142857313
88396  25.218  -4.182  -30.937 0.8571428657
94071  25.689  0.258  -29.664 0.2857142985
94093  25.039  0.288  -30.134 0.5714285970
90679  24.859  -2.400  -30.876 0.8571428657
91837  25.182  -1.491  -30.602 0.7142857313
89511  25.143  -3.108  -30.693 0.8571428657
95130  25.372  1.201  -29.782 0.1428571492
92991  24.756  -0.611  -30.558 0.5714285970
91851  24.491  -1.527  -31.085 0.8571428657
98326  24.836  4.673  -30.551 0.1428571492
97224  25.529  2.738  -29.782 0.1428571492
96183  25.158  2.122  -30.046 0.1428571492
95147  24.722  1.216  -30.288 0.4285714328
93007  24.194  -0.564  -31.081 0.8571428657
99433  24.967  5.925  -31.179 0.1428571492
97236  25.013  3.263  -30.285 0.1428571492
97237  24.226  3.013  -31.341 0.4285714328
95148  24.176  1.194  -30.910 0.5714285970
94115  23.910  0.301  -31.282 0.7142857313
91852  24.065  -1.221  -31.483 0.8571428657
99434  24.496  5.654  -31.726 0.1428571492
100522  24.769  6.566  -32.240 0.1428571492
98347  24.401  5.205  -31.190 0.1428571492
98348  24.030  4.445  -31.855 0.5714285970
95165  23.751  1.187  -31.617 0.8571428657
94116  23.585  0.278  -32.057 0.8571428657
101529  25.190  7.291  -32.384 0.1428571492
101538  24.703  7.510  -33.071 0.2857142985
99447  24.064  5.666  -32.570 0.8571428657
96197  24.056  1.948  -31.285 0.7142857313
97250  23.745  3.214  -32.411 0.8571428657
102511  24.913  9.015  -33.931 0.1428571492
103493  25.441  9.472  -33.866 0.1428571492
100534  24.007  6.582  -33.403 0.4285714328
100535  23.636  6.073  -33.793 0.8571428657
98365  23.728  4.931  -33.029 0.8571428657
97251  23.691  3.622  -32.785 0.8571428657
97264  23.677  2.798  -32.944 0.8571428657
101544  24.179  7.550  -33.944 0.4285714328
98380  23.484  4.490  -33.981 0.8571428657
98366  23.687  4.113  -32.904 0.8571428657
103494  24.937  9.249  -34.348 0.1428571492
103503  24.655  9.457  -35.086 0.2857142985
102512  24.492  8.545  -34.319 0.5714285970
101554  24.093  7.787  -34.767 0.8571428657
101545  23.894  7.208  -34.514 0.8571428657
100544  23.677  6.409  -34.475 0.8571428657
99461  23.509  5.533  -34.019 0.8571428657
104573  24.627  10.263  -35.802 0.2857142985
102521  24.066  8.370  -35.672 0.8571428657
101555  23.758  7.268  -35.358 0.8571428657
100555  23.507  6.239  -35.721 0.8571428657
99469  23.470  5.342  -34.973 0.8571428657
103514  24.316  9.421  -36.205 0.8571428657
102533  24.079  8.726  -36.889 0.8571428657
102522  23.747  7.676  -36.028 0.8571428657
101578  23.429  7.259  -37.218 0.7142857313
101566  23.594  7.091  -36.340 0.7142857313
104584  24.351  10.194  -36.632 0.8571428657
103526  24.192  9.471  -37.093 0.8571428657
102534  23.757  7.917  -36.703 0.8571428657
103527  24.023  9.402  -37.805 0.8571428657
103537  23.603  9.396  -38.415 0.8571428657
102546  23.460  8.450  -37.874 0.7142857313
105682  23.663  11.556  -37.346 0.7142857313
105695  23.317  11.073  -37.893 0.8571428657
105708  23.013  10.654  -38.572 0.8571428657
106819  21.898  12.169  -39.167 0.7142857313
104606  23.327  10.157  -38.542 0.8571428657
109082  24.081  14.257  -40.607 0.1428571492
105696  22.927  11.562  -38.260 0.8571428657
106806  22.803  12.232  -38.444 0.7142857313
105709  22.518  11.154  -38.681 0.8571428657
109099  23.052  14.637  -41.651 0.1428571492
107944  22.446  13.229  -39.165 0.5714285970
109066  21.843  13.769  -40.056 0.5714285970
107963  20.716  13.941  -40.443 0.5714285970
109084  21.714  14.398  -40.613 0.1428571492
109126  22.331  14.202  -43.311 0.1428571492
146111  20.621  14.484  -40.931 0.5714285970
109127  21.380  14.439  -43.498 0.1428571492
109138  21.497  14.639  -44.559 0.1428571492
146112  20.947  14.683  -41.377 0.1428571492
110193  20.832  15.914  -44.271 0.1428571492
109139  20.737  15.209  -43.834 0.1428571492
110183  19.863  16.072  -43.692 0.1428571492
111155  21.338  16.893  -44.405 0.1428571492
68954  20.552  -19.926  -22.327 0.1428571492
71415  20.931  -17.785  -23.571 0.2857142985
72768  22.083  -17.180  -22.888 0.2857142985
77692  24.234  -13.716  -24.759 0.2857142985
75202  22.883  -14.954  -24.382 0.1428571492
80157  24.725  -11.302  -28.197 0.2857142985
83729  25.505  -8.136  -28.602 0.4285714328
82557  24.941  -9.406  -28.675 0.5714285970
91836  25.917  -1.480  -30.268 0.1428571492
89512  24.739  -3.294  -31.117 0.8571428657
94094  24.388  0.298  -30.622 0.7142857313
100507  24.849  6.210  -31.523 0.1428571492
98349  23.711  3.863  -32.458 0.8571428657
96213  23.585  1.852  -32.718 0.8571428657
97265  23.729  3.276  -33.406 0.8571428657
105694  23.842  10.606  -37.541 0.8571428657
106793  23.073  11.784  -37.998 0.8571428657
109065  22.560  14.063  -39.825 0.2857142985
109100  21.660  14.704  -41.547 0.1428571492
110199  22.181  15.566  -45.413 0.1428571492
68939  19.241  -20.653  -21.978 0.1428571492
72785  21.337  -17.213  -23.692 0.4285714328
73951  22.042  -16.039  -24.178 0.2857142985
73939  21.801  -16.533  -23.812 0.4285714328
73953  21.050  -16.719  -24.806 0.2857142985
77691  24.896  -13.540  -24.604 0.2857142985
78937  23.830  -13.074  -26.855 0.2857142985
77725  23.672  -13.414  -26.356 0.2857142985
82575  24.517  -9.177  -29.117 0.7142857313
97235  25.575  4.008  -30.133 0.1428571492
100506  25.506  6.622  -31.267 0.1428571492
101537  25.298  7.876  -32.648 0.1428571492
102504  25.088  8.541  -33.360 0.1428571492
99460  23.691  5.671  -33.373 0.8571428657
95166  23.528  1.174  -32.408 0.8571428657
103502  25.197  9.708  -34.514 0.1428571492
104572  25.394  10.378  -34.900 0.1428571492
105666  25.007  11.228  -35.917 0.2857142985
100568  23.324  6.196  -36.887 0.8571428657
105667  24.463  10.719  -36.279 0.5714285970
106776  23.805  11.754  -37.096 0.5714285970
106792  23.484  12.255  -37.590 0.5714285970
107927  22.937  12.938  -38.484 0.7142857313
107943  23.036  13.759  -39.207 0.4285714328
109049  24.245  13.985  -38.850 0.2857142985
109064  23.565  14.169  -39.510 0.2857142985
109083  22.788  14.513  -40.593 0.1428571492
146098  19.180  14.710  -42.238 0.2857142985
109115  22.132  14.529  -42.563 0.1428571492
109128  20.038  14.967  -43.227 0.1428571492
111156  20.223  17.101  -43.799 0.1428571492
105680  24.584  11.721  -36.435 0.4285714328
106775  24.141  12.046  -36.764 0.4285714328
107910  24.482  13.160  -37.632 0.4285714328
107926  23.569  13.366  -38.390 0.4285714328
71404  20.708  -18.703  -23.091 0.1428571492
71417  19.458  -18.552  -23.939 0.2857142985
72786  20.759  -17.613  -23.887 0.5714285970
77724  24.230  -13.188  -25.865 0.2857142985
86048  24.514  -6.340  -30.499 0.7142857313
92990  25.441  -0.618  -30.135 0.5714285970
98327  24.392  3.870  -30.899 0.2857142985
96196  24.512  2.144  -30.642 0.1428571492
96212  23.706  2.142  -32.025 0.8571428657
104594  24.122  10.156  -37.370 0.8571428657
146108  21.207  14.017  -40.384 0.5714285970
108019  21.759  13.822  -44.059 0.1428571492
146104  20.241  14.601  -42.047 0.4285714328
109116  21.078  14.645  -42.582 0.1428571492
110192  21.462  15.712  -45.067 0.1428571492
76497  24.573  -14.038  -24.191 0.1428571492
105681  24.145  11.113  -36.931 0.5714285970
73952  21.505  -16.519  -24.429 0.4285714328
78955  23.873  -12.795  -27.360 0.5714285970
109129  19.255  15.017  -42.709 0.1428571492
77739  23.083  -13.586  -27.660 0.5714285970
76561  22.385  -13.760  -28.037 0.5714285970
77741  21.224  -13.520  -27.622 0.2857142985
78974  23.631  -12.418  -28.243 0.5714285970
78975  22.477  -12.572  -28.573 0.5714285970
76546  21.015  -14.172  -27.050 0.4285714328
78956  20.579  -12.624  -27.785 0.2857142985
78977  21.034  -12.490  -28.159 0.4285714328
80158  24.107  -11.446  -28.724 0.4285714328
80159  23.021  -11.527  -28.834 0.5714285970
80160  21.874  -11.686  -28.865 0.5714285970
81295  21.243  -11.055  -28.854 0.4285714328
81293  23.712  -10.706  -29.116 0.5714285970
81316  23.239  -10.026  -29.356 0.5714285970
80180  22.380  -11.039  -29.116 0.4285714328
82576  23.703  -9.216  -29.524 0.7142857313
82577  22.743  -9.264  -29.700 0.4285714328
78976  21.541  -12.533  -28.411 0.4285714328
80143  20.475  -12.101  -27.932 0.2857142985
80181  21.789  -10.896  -29.149 0.4285714328
81315  23.976  -9.892  -29.143 0.7142857313
83760  23.724  -7.832  -30.162 0.7142857313
84880  22.632  -7.487  -30.765 0.4285714328
84893  23.337  -6.391  -30.824 0.7142857313
84894  22.878  -6.690  -30.991 0.5714285970
86061  23.109  -5.929  -31.157 0.7142857313
86062  22.397  -6.258  -31.438 0.2857142985
83744  24.213  -8.263  -29.721 0.5714285970
84870  24.289  -7.337  -30.213 0.5714285970
84879  23.601  -7.072  -30.723 0.7142857313
87275  23.674  -5.278  -31.651 0.7142857313
87283  23.085  -5.015  -32.513 0.7142857313
88415  23.669  -4.448  -32.260 0.7142857313
87292  22.923  -5.096  -33.403 0.7142857313
87284  22.389  -5.516  -32.828 0.4285714328
87300  22.835  -5.119  -34.083 0.4285714328
87265  25.004  -5.704  -30.773 0.5714285970
88413  24.990  -4.863  -31.329 0.5714285970
89539  23.634  -3.685  -32.733 0.7142857313
89549  23.576  -3.706  -33.613 0.7142857313
91878  23.597  -1.882  -33.117 0.7142857313
88430  23.303  -4.499  -33.983 0.7142857313
89557  23.527  -3.681  -34.493 0.5714285970
91903  23.014  -1.953  -34.828 0.5714285970
90695  23.975  -3.161  -31.728 0.5714285970
89529  23.919  -3.696  -31.979 0.5714285970
90709  23.810  -2.731  -32.242 0.7142857313
88436  23.036  -4.548  -34.822 0.4285714328
93031  23.255  -0.697  -33.463 0.7142857313
93040  23.165  -0.595  -34.112 0.7142857313
94145  23.338  0.386  -33.821 0.7142857313
91888  22.875  -1.247  -34.603 0.5714285970
90694  24.229  -2.593  -31.443 0.5714285970
90717  23.576  -2.970  -33.139 0.7142857313
93020  23.564  -0.700  -32.559 0.8571428657
94131  23.424  0.284  -32.921 0.8571428657
94159  22.912  0.669  -34.794 0.5714285970
95234  23.099  1.800  -35.248 0.2857142985
93008  23.810  -0.587  -31.727 0.7142857313
97288  23.266  3.221  -35.682 0.7142857313
95182  23.504  1.224  -33.212 0.7142857313
95199  23.488  1.410  -34.061 0.8571428657
95216  23.203  1.709  -34.724 0.8571428657
98390  23.439  4.243  -35.383 0.8571428657
96245  23.591  2.384  -34.240 0.8571428657
96271  23.014  2.379  -35.874 0.5714285970
98400  23.392  3.931  -36.696 0.7142857313
97277  23.546  3.340  -34.646 0.8571428657
99479  23.143  5.148  -36.264 0.8571428657
102556  23.283  8.948  -38.687 0.7142857313
102547  22.348  8.246  -38.085 0.7142857313
102557  22.613  8.747  -39.002 0.7142857313
103538  23.126  9.465  -39.003 0.7142857313
104607  22.809  10.223  -39.002 0.8571428657
104618  21.364  10.374  -39.112 0.7142857313
103539  21.509  9.029  -39.224 0.7142857313
105720  20.801  11.170  -39.109 0.7142857313
106821  20.103  12.011  -39.306 0.7142857313
105721  20.116  11.113  -38.882 0.5714285970
105719  21.577  11.189  -39.090 0.7142857313
106820  20.906  12.122  -39.341 0.7142857313
105722  19.806  11.331  -38.599 0.5714285970
106822  19.576  12.018  -38.713 0.5714285970
105711  19.667  11.351  -38.154 0.5714285970
107946  20.074  12.921  -39.876 0.5714285970
107947  19.456  13.110  -39.285 0.5714285970
107928  19.251  13.218  -38.342 0.5714285970
106807  19.488  12.439  -37.803 0.4285714328
105698  19.791  11.704  -37.148 0.4285714328
107929  18.604  13.932  -37.968 0.5714285970
107965  19.110  13.573  -40.182 0.5714285970
107897  19.201  13.657  -36.336 0.4285714328
104575  20.097  10.780  -35.803 0.4285714328
107913  18.524  14.139  -37.464 0.5714285970
107912  19.051  13.687  -37.316 0.5714285970
109005  17.534  15.209  -36.273 0.4285714328
89528  24.340  -3.528  -31.535 0.5714285970
109018  17.491  15.006  -36.984 0.2857142985
109017  17.894  14.732  -36.629 0.4285714328
109003  18.640  14.392  -35.723 0.2857142985
76544  22.601  -13.957  -27.572 0.5714285970
76527  21.509  -14.880  -26.855 0.5714285970
78973  24.319  -11.852  -28.239 0.2857142985
77740  21.631  -13.776  -27.836 0.5714285970
81317  22.277  -10.254  -29.397 0.4285714328
80162  20.061  -11.173  -28.157 0.2857142985
83761  23.050  -7.944  -30.276 0.5714285970
86013  25.523  -6.140  -28.891 0.2857142985
84896  21.541  -7.178  -31.070 0.2857142985
87276  22.756  -5.550  -31.880 0.7142857313
96229  23.637  2.204  -33.319 0.8571428657
101579  22.841  7.349  -37.704 0.7142857313
104619  20.774  10.354  -38.950 0.7142857313
104609  19.816  10.738  -38.266 0.5714285970
106777  19.697  12.473  -36.665 0.2857142985
107945  21.128  13.232  -39.938 0.5714285970
107948  18.877  13.938  -38.790 0.5714285970
109067  18.373  14.616  -39.158 0.2857142985
82578  21.614  -9.344  -29.716 0.4285714328
91866  24.117  -1.823  -31.573 0.7142857313
91867  23.840  -1.590  -32.071 0.7142857313
104617  22.080  10.317  -39.192 0.8571428657
100569  23.062  5.702  -37.193 0.7142857313
87274  24.548  -5.407  -31.109 0.5714285970
77755  23.388  -13.157  -27.768 0.5714285970
77756  22.841  -13.399  -28.168 0.5714285970
77758  21.235  -12.963  -28.074 0.5714285970
76545  21.786  -14.186  -27.580 0.5714285970
80161  20.801  -11.804  -28.315 0.4285714328
81294  22.930  -10.715  -29.144 0.5714285970
81318  21.229  -10.299  -29.202 0.4285714328
83745  23.366  -8.502  -29.854 0.5714285970
83746  22.712  -8.547  -29.969 0.4285714328
84895  22.130  -7.039  -31.201 0.4285714328
84881  21.770  -7.680  -30.791 0.4285714328
83762  22.214  -8.282  -30.342 0.4285714328
86060  23.771  -5.941  -30.769 0.7142857313
88422  23.423  -4.457  -33.121 0.7142857313
88414  24.474  -4.451  -31.627 0.5714285970
90726  23.423  -2.793  -33.913 0.7142857313
90740  23.313  -2.717  -34.741 0.7142857313
91887  23.252  -1.695  -34.180 0.7142857313
94179  22.701  1.092  -35.402 0.5714285970
94180  22.312  0.777  -35.443 0.2857142985
96260  23.173  2.457  -35.077 0.8571428657
103546  22.459  9.533  -39.316 0.7142857313
107966  18.852  13.967  -39.577 0.7142857313
109050  18.069  14.289  -38.358 0.5714285970
81319  20.754  -10.168  -29.040 0.1428571492
71428  19.999  -17.751  -24.400 0.4285714328
78935  25.581  -11.992  -26.652 0.1428571492
78953  25.335  -11.665  -27.287 0.1428571492
82556  25.453  -9.247  -28.090 0.1428571492
80141  25.811  -11.254  -27.152 0.1428571492
78934  26.307  -11.764  -26.429 0.1428571492
82555  26.163  -8.863  -27.666 0.1428571492
81271  25.620  -10.497  -27.538 0.1428571492
87222  26.058  -5.241  -28.831 0.2857142985
88363  26.019  -4.617  -29.297 0.1428571492
146106  21.461  18.656  -43.215 0.1428571492
99495  22.798  5.056  -37.118 0.4285714328
146102  19.783  19.562  -43.270 0.1428571492
111148  18.999  17.274  -43.622 0.1428571492
101580  22.014  7.284  -37.986 0.4285714328
102548  21.514  8.450  -37.834 0.4285714328
146069  17.236  17.439  -41.836 0.2857142985
109101  17.838  15.236  -40.703 0.2857142985
146085  17.834  14.602  -41.359 0.2857142985
101568  20.908  7.546  -36.730 0.1428571492
102558  21.637  8.616  -38.816 0.5714285970
103548  21.215  9.889  -39.082 0.5714285970
111121  17.406  16.042  -39.543 0.2857142985
107964  19.930  13.871  -40.516 0.4285714328
103515  21.171  8.847  -37.289 0.4285714328
103529  20.475  9.478  -37.974 0.5714285970
110150  17.740  15.729  -40.129 0.2857142985
103516  20.524  9.286  -36.875 0.4285714328
104585  20.232  10.022  -36.052 0.2857142985
111098  17.158  15.951  -38.091 0.1428571492
109068  17.857  15.080  -39.057 0.1428571492
110119  17.392  15.346  -38.511 0.1428571492
110085  17.275  15.612  -36.482 0.1428571492
112007  17.328  16.530  -38.406 0.1428571492
112006  17.594  17.221  -39.166 0.1428571492
111055  17.266  15.873  -35.939 0.2857142985
110062  18.611  15.335  -35.244 0.1428571492
111082  17.445  16.290  -37.232 0.1428571492
111993  17.600  16.903  -37.972 0.1428571492
111066  17.720  16.606  -36.286 0.1428571492
111065  18.306  16.955  -36.455 0.1428571492
111081  17.893  16.914  -37.213 0.1428571492
111064  19.210  16.718  -36.907 0.1428571492
72812  19.991  -17.015  -24.886 0.4285714328
75217  19.396  -15.348  -25.293 0.2857142985
78917  25.312  -12.675  -25.573 0.1428571492
81270  26.211  -10.568  -27.073 0.1428571492
83728  26.053  -8.139  -27.889 0.1428571492
100582  22.681  6.187  -37.648 0.2857142985
146096  19.180  14.414  -41.563 0.2857142985
146074  17.339  16.406  -40.047 0.2857142985
146084  17.528  15.357  -41.544 0.2857142985
75204  19.023  -15.916  -24.652 0.2857142985
76478  23.654  -14.882  -23.767 0.1428571492
75187  23.959  -15.374  -23.310 0.1428571492
77710  25.202  -13.150  -24.942 0.1428571492
87245  25.567  -5.312  -29.502 0.1428571492
103504  20.424  9.298  -35.705 0.1428571492
101556  20.433  7.482  -35.778 0.2857142985
104596  19.985  9.987  -38.074 0.5714285970
146068  17.179  17.103  -40.670 0.2857142985
146076  17.148  16.517  -41.398 0.2857142985
146086  18.220  14.629  -42.174 0.2857142985
146077  17.579  15.762  -42.120 0.2857142985
146078  17.509  16.813  -42.684 0.2857142985
146079  17.504  18.025  -43.173 0.1428571492
146121  16.918  18.737  -42.771 0.1428571492
146107  18.170  17.464  -38.370 0.2857142985
146080  18.745  18.360  -43.524 0.1428571492
146090  19.410  18.813  -43.497 0.1428571492
146088  18.516  16.062  -43.166 0.1428571492
88376  26.304  -4.003  -29.484 0.2857142985
146115  17.141  18.129  -41.520 0.2857142985
146087  18.543  15.114  -42.493 0.2857142985
73965  20.615  -16.413  -25.244 0.4285714328
146097  18.767  14.657  -42.170 0.2857142985
102559  21.179  9.019  -38.333 0.5714285970
104608  20.168  10.280  -38.473 0.5714285970
146095  18.783  14.010  -40.863 0.2857142985
109032  17.992  14.408  -37.457 0.4285714328
108994  18.358  15.042  -35.426 0.2857142985
109033  17.494  14.782  -37.906 0.2857142985
100581  23.159  6.714  -37.458 0.5714285970
103540  20.994  9.438  -38.893 0.5714285970
104597  19.738  10.494  -37.792 0.5714285970
110133  18.170  15.117  -39.550 0.2857142985
82533  25.600  -9.868  -27.673 0.1428571492
80130  26.182  -11.493  -26.708 0.1428571492
100583  21.507  6.288  -37.835 0.2857142985
146067  17.032  16.320  -40.839 0.2857142985
110163  17.363  15.772  -40.715 0.2857142985
109085  18.412  14.675  -40.226 0.2857142985
146083  17.369  16.472  -39.200 0.1428571492
102536  20.764  8.423  -36.188 0.2857142985
103528  21.033  9.085  -37.577 0.5714285970
103517  19.895  9.806  -37.423 0.5714285970
104586  19.832  10.487  -36.709 0.4285714328
73966  19.753  -16.402  -25.012 0.2857142985
99506  22.099  5.279  -37.670 0.2857142985
94160  22.401  0.163  -34.896 0.2857142985
146065  19.617  18.199  -40.791 0.1428571492
146063  17.937  18.142  -40.818 0.1428571492
146072  19.655  19.034  -41.314 0.1428571492
146124  20.353  16.842  -38.584 0.1428571492
146073  20.001  18.063  -40.599 0.1428571492
146064  19.161  18.240  -40.815 0.1428571492
146120  19.277  17.347  -38.875 0.1428571492
146062  19.497  17.692  -40.024 0.1428571492
146123  21.007  17.711  -39.782 0.1428571492
113558  20.348  20.670  -39.880 0.1428571492
146109  18.477  17.722  -39.235 0.1428571492
112778  21.816  19.357  -38.416 0.1428571492
146117  21.250  19.179  -39.721 0.1428571492
93041  22.630  -0.486  -34.734 0.2857142985
111096  21.617  17.569  -38.838 0.1428571492
116051  19.481  21.127  -41.139 0.1428571492
81292  24.661  -10.250  -28.599 0.2857142985
146071  17.656  19.160  -41.848 0.1428571492
112005  21.965  18.138  -38.708 0.1428571492
75225  21.849  -15.322  -26.460 0.4285714328
76513  22.643  -14.813  -25.322 0.2857142985
76499  22.810  -14.859  -24.694 0.1428571492
76526  22.376  -14.688  -26.590 0.2857142985
76525  23.044  -13.916  -26.843 0.2857142985
75215  21.469  -15.909  -25.762 0.2857142985
77738  23.410  -13.394  -27.189 0.2857142985
75203  22.449  -15.406  -24.619 0.1428571492
76543  23.046  -13.753  -27.351 0.2857142985
75214  22.044  -15.643  -25.732 0.2857142985
73975  20.721  -15.808  -25.762 0.2857142985
75216  20.140  -15.718  -25.530 0.2857142985
75227  20.431  -15.242  -26.062 0.2857142985
75226  21.241  -15.577  -26.232 0.2857142985
82588  22.223  -8.856  -29.980 0.2857142985
82589  21.815  -8.746  -30.074 0.2857142985
87277  21.925  -5.731  -31.944 0.1428571492
87293  22.481  -5.672  -33.704 0.2857142985
89569  22.754  -3.559  -35.385 0.1428571492
93059  21.812  -0.045  -35.099 0.1428571492
95254  22.376  1.582  -36.220 0.1428571492
97296  23.005  2.982  -36.371 0.1428571492
96285  22.605  2.360  -36.431 0.1428571492
97310  22.622  3.115  -37.035 0.1428571492
97311  22.123  3.017  -37.758 0.1428571492
100584  20.857  5.986  -37.238 0.1428571492
101567  21.365  7.456  -37.463 0.1428571492
100571  20.534  6.670  -36.649 0.1428571492
100570  20.854  6.833  -37.365 0.1428571492
105683  19.796  12.184  -36.608 0.1428571492
106778  19.676  12.743  -36.184 0.1428571492
105669  19.988  11.386  -34.922 0.1428571492
107882  19.126  13.566  -35.464 0.1428571492
72800  19.550  -17.196  -24.532 0.2857142985
73964  21.405  -16.219  -25.252 0.1428571492
98401  23.186  4.493  -37.053 0.2857142985
97312  21.773  3.764  -37.510 0.1428571492
83763  21.217  -8.423  -30.164 0.2857142985
86078  21.682  -5.859  -33.902 0.1428571492
90727  22.433  -2.769  -35.144 0.1428571492
90742  22.385  -1.998  -35.083 0.1428571492
91904  22.586  -1.455  -34.981 0.1428571492
94161  21.452  0.204  -34.777 0.1428571492
94181  21.843  0.787  -35.474 0.1428571492
95236  21.862  1.151  -35.991 0.1428571492
95256  21.512  1.788  -36.479 0.1428571492
98429  22.375  4.406  -37.648 0.1428571492
99497  20.650  5.599  -36.470 0.1428571492
105684  19.882  11.700  -36.095 0.1428571492
83747  20.933  -9.038  -29.660 0.2857142985
87301  22.339  -5.418  -34.280 0.1428571492
104574  20.304  10.262  -35.171 0.1428571492
82579  20.522  -9.647  -29.214 0.1428571492
98428  22.678  3.891  -37.708 0.1428571492
84882  20.882  -7.324  -30.743 0.1428571492
96286  22.095  2.285  -37.025 0.1428571492
94182  21.303  0.942  -35.192 0.1428571492
73955  18.654  -16.622  -24.028 0.1428571492
73954  19.237  -16.546  -24.567 0.1428571492
73956  18.258  -15.878  -23.673 0.1428571492
76529  19.867  -14.367  -26.313 0.1428571492
90657  26.136  -2.417  -30.101 0.1428571492
90656  26.619  -2.490  -29.514 0.1428571492
106774  25.245  12.395  -36.449 0.1428571492
71430  19.123  -18.226  -24.036 0.1428571492
75218  18.754  -15.133  -24.848 0.1428571492
75228  19.880  -15.051  -25.758 0.1428571492
76528  20.742  -14.785  -26.603 0.1428571492
76514  19.459  -14.691  -25.722 0.1428571492
77742  20.195  -13.569  -27.077 0.1428571492
106790  24.871  12.907  -37.107 0.1428571492
78957  19.729  -12.605  -27.256 0.1428571492
71429  19.556  -17.991  -24.211 0.1428571492
81296  20.521  -10.565  -28.711 0.1428571492
72801  18.966  -17.673  -24.052 0.1428571492
75205  18.411  -15.450  -24.197 0.1428571492
77726  19.555  -13.707  -26.627 0.1428571492
70126  19.796  -18.800  -23.651 0.1428571492
72798  21.106  -16.946  -24.378 0.2857142985
72811  20.217  -16.818  -24.989 0.4285714328
73974  21.104  -16.017  -25.679 0.2857142985
76547  20.466  -14.211  -26.749 0.1428571492
76562  22.172  -13.950  -27.938 0.5714285970
77711  24.600  -13.234  -25.262 0.2857142985
77757  21.885  -13.514  -28.199 0.5714285970
86047  25.020  -5.962  -30.415 0.5714285970
86070  21.975  -6.038  -33.409 0.1428571492
86071  21.687  -5.734  -33.457 0.1428571492
86077  22.095  -5.951  -34.005 0.1428571492
86083  22.120  -5.796  -34.209 0.1428571492
86084  21.926  -5.740  -34.177 0.1428571492
87273  25.129  -5.149  -30.987 0.5714285970
87294  21.576  -5.259  -33.551 0.1428571492
88397  24.784  -3.857  -31.398 0.5714285970
88445  22.990  -4.040  -35.315 0.1428571492
89496  26.188  -3.305  -29.771 0.2857142985
89558  22.427  -3.136  -35.158 0.1428571492
89568  23.214  -3.552  -35.158 0.1428571492
89570  22.367  -3.732  -35.219 0.1428571492
90708  23.977  -2.188  -31.817 0.5714285970
90741  22.761  -2.606  -35.300 0.1428571492
94200  22.199  1.204  -36.067 0.1428571492
94201  21.922  0.816  -36.077 0.1428571492
95235  22.661  1.327  -35.776 0.2857142985
95253  22.773  1.808  -36.017 0.1428571492
95255  21.927  1.521  -36.381 0.1428571492
96228  23.650  2.455  -32.671 0.8571428657
96272  21.742  2.562  -37.617 0.1428571492
96287  21.596  2.009  -36.795 0.1428571492
96288  21.383  1.989  -36.621 0.1428571492
97328  22.556  3.432  -37.641 0.1428571492
97329  22.225  3.734  -37.972 0.1428571492
97330  21.956  4.132  -37.876 0.1428571492
98379  23.584  5.159  -33.592 0.8571428657
98415  22.999  3.653  -37.418 0.1428571492
98416  23.015  4.253  -37.396 0.1428571492
99480  23.174  4.675  -36.794 0.2857142985
99494  23.139  5.493  -36.884 0.7142857313
100521  25.336  6.990  -31.974 0.1428571492
100543  23.902  6.952  -34.068 0.8571428657
102505  24.572  8.063  -33.648 0.1428571492
102535  21.257  8.380  -36.969 0.4285714328
102545  24.059  8.966  -37.488 0.8571428657
102549  21.095  9.040  -37.951 0.5714285970
102565  22.188  9.104  -39.420 0.7142857313
102566  21.896  8.855  -39.382 0.7142857313
103530  19.937  9.898  -37.842 0.5714285970
103547  21.703  9.525  -39.295 0.7142857313
104595  23.817  10.148  -38.010 0.8571428657
105668  20.258  10.713  -34.671 0.1428571492
105697  19.764  12.235  -36.854 0.2857142985
105710  19.890  10.943  -38.508 0.5714285970
106791  24.322  12.669  -37.128 0.4285714328
106794  19.677  12.459  -36.903 0.2857142985
106795  19.638  12.714  -36.929 0.2857142985
106805  23.160  12.731  -38.180 0.5714285970
107911  23.934  12.909  -37.633 0.4285714328
108009  21.917  13.983  -43.666 0.1428571492
109004  17.916  15.004  -35.884 0.4285714328
109016  18.480  14.326  -36.449 0.4285714328
109031  18.414  14.355  -37.059 0.4285714328
109051  17.777  14.792  -38.620 0.1428571492
109086  18.055  15.267  -40.295 0.2857142985
109117  17.531  15.330  -41.169 0.2857142985
110072  17.311  15.530  -35.743 0.2857142985
110101  17.272  15.480  -37.505 0.1428571492
110134  17.659  15.522  -39.393 0.2857142985
110148  21.238  14.782  -41.051 0.1428571492
110149  18.134  15.369  -39.940 0.2857142985
111054  17.469  16.173  -35.683 0.2857142985
111067  17.402  16.133  -36.243 0.2857142985
111110  17.247  15.994  -38.876 0.1428571492
111991  18.187  17.303  -38.004 0.2857142985
111992  17.957  17.212  -38.033 0.2857142985
146075  17.272  15.820  -41.340 0.2857142985
