#!ascii label  , from subject 3607 vox2ras=TkReg
902
33849  -22.541  -54.893  76.177 0.0000000000
62047  -47.522  -32.618  72.668 0.0000000000
68981  -50.211  -27.038  66.009 0.0000000000
62202  -56.388  -32.990  60.280 0.0000000000
57323  -44.939  -37.034  73.433 0.0000000000
66775  -53.764  -28.954  63.104 0.0000000000
69077  -53.605  -26.335  56.906 0.0000000000
71406  -55.948  -23.368  56.532 0.0000000000
63143  -49.819  -31.813  72.023 0.0000000000
66667  -50.929  -28.464  69.761 0.0000000000
67767  -48.025  -28.417  69.702 0.0000000000
36406  -25.259  -53.034  79.650 0.0000000000
37841  -30.405  -52.501  79.153 0.0000000000
40540  -34.130  -50.764  74.796 0.0000000000
40511  -40.062  -49.663  75.209 0.0000000000
46634  -43.172  -45.110  75.500 0.0000000000
52907  -45.613  -40.508  75.445 0.0000000000
58485  -47.835  -35.480  74.030 0.0000000000
64504  -53.127  -30.177  65.398 0.0000000000
75927  -55.677  -20.643  56.468 0.0000000000
64368  -48.802  -31.733  73.562 0.0000000000
67709  -49.020  -29.074  72.007 0.0000000000
66649  -47.984  -29.698  70.986 0.0000000000
40454  -25.105  -51.284  79.536 0.0000000000
37820  -27.668  -52.051  80.050 0.0000000000
51623  -42.419  -42.472  75.621 0.0000000000
50420  -44.119  -42.469  75.526 0.0000000000
53965  -43.664  -40.348  75.661 0.0000000000
59646  -46.065  -34.797  72.788 0.0000000000
58463  -46.411  -36.129  75.587 0.0000000000
60882  -47.577  -33.614  74.265 0.0000000000
60920  -49.168  -33.584  72.479 0.0000000000
70097  -51.483  -26.563  68.360 0.0000000000
66706  -51.627  -28.404  67.016 0.0000000000
68975  -52.685  -27.419  66.276 0.0000000000
63303  -55.133  -31.175  61.501 0.0000000000
63276  -55.166  -31.105  63.230 0.0000000000
61044  -56.111  -33.571  61.308 0.0000000000
59871  -56.919  -34.693  59.642 0.0000000000
67980  -55.248  -27.886  55.693 0.0000000000
66883  -56.609  -29.406  56.653 0.0000000000
55053  -43.551  -38.883  73.556 0.0000000000
62198  -53.407  -32.502  59.876 0.0000000000
70231  -54.826  -24.997  57.435 0.0000000000
70273  -54.197  -25.721  54.889 0.0000000000
75947  -53.579  -20.689  54.076 0.0000000000
60954  -51.197  -33.726  69.575 0.0000000000
65571  -50.122  -29.759  70.534 0.0000000000
68901  -50.429  -27.468  70.601 0.0000000000
33827  -24.270  -54.770  77.926 0.0000000000
36455  -31.212  -53.403  76.665 0.0000000000
37873  -31.700  -52.542  77.181 0.0000000000
35155  -33.984  -54.015  74.284 0.0000000000
37941  -36.955  -52.618  73.023 0.0000000000
37944  -39.379  -52.019  73.339 0.0000000000
40527  -41.735  -49.874  74.307 0.0000000000
44413  -42.021  -47.159  75.802 0.0000000000
46656  -44.338  -44.516  74.285 0.0000000000
56089  -45.090  -38.134  75.680 0.0000000000
55028  -46.691  -38.532  75.277 0.0000000000
55055  -47.861  -38.745  71.869 0.0000000000
57346  -48.914  -36.266  70.803 0.0000000000
59690  -50.709  -34.651  70.371 0.0000000000
66732  -54.267  -29.179  64.538 0.0000000000
64635  -56.552  -30.415  57.764 0.0000000000
62227  -57.376  -32.484  58.590 0.0000000000
33837  -22.300  -55.511  77.052 0.0000000000
63115  -48.373  -31.924  73.112 0.0000000000
64384  -48.305  -31.011  72.500 0.0000000000
64403  -47.798  -31.006  71.994 0.0000000000
51657  -42.129  -42.013  74.510 0.0000000000
51641  -42.768  -41.762  75.553 0.0000000000
52931  -43.236  -40.814  74.535 0.0000000000
60908  -47.022  -33.360  72.545 0.0000000000
59632  -46.801  -34.082  73.941 0.0000000000
60898  -47.491  -33.194  73.867 0.0000000000
63116  -48.529  -32.156  73.676 0.0000000000
68960  -51.827  -26.767  67.578 0.0000000000
68983  -52.004  -26.687  65.975 0.0000000000
63315  -55.030  -31.854  61.278 0.0000000000
62189  -55.422  -32.451  61.524 0.0000000000
61045  -56.355  -33.330  60.787 0.0000000000
59861  -56.525  -34.530  60.379 0.0000000000
61053  -56.939  -33.229  60.038 0.0000000000
66917  -54.281  -28.802  54.793 0.0000000000
65807  -55.793  -29.594  55.525 0.0000000000
64703  -54.686  -30.791  55.063 0.0000000000
71356  -55.282  -23.958  59.081 0.0000000000
70250  -55.703  -24.267  57.100 0.0000000000
70263  -54.652  -25.327  56.004 0.0000000000
71404  -55.069  -24.315  55.851 0.0000000000
71413  -53.862  -24.721  54.396 0.0000000000
72528  -55.057  -23.328  55.544 0.0000000000
75939  -54.556  -20.668  55.158 0.0000000000
63153  -50.535  -32.547  70.536 0.0000000000
63163  -50.478  -32.214  70.222 0.0000000000
64420  -49.921  -30.824  70.753 0.0000000000
67734  -48.505  -28.822  71.238 0.0000000000
67736  -49.502  -27.960  71.158 0.0000000000
68913  -49.373  -27.513  70.343 0.0000000000
68928  -49.474  -27.138  69.540 0.0000000000
68942  -47.948  -28.000  68.686 0.0000000000
36438  -25.220  -53.666  77.988 0.0000000000
36422  -25.838  -53.142  79.092 0.0000000000
39193  -29.143  -51.613  79.792 0.0000000000
40504  -32.936  -50.754  75.786 0.0000000000
39259  -32.867  -51.567  75.241 0.0000000000
37901  -32.459  -52.901  75.607 0.0000000000
37916  -33.954  -52.658  73.927 0.0000000000
36504  -34.808  -53.050  73.686 0.0000000000
39296  -34.846  -51.463  73.720 0.0000000000
39266  -39.864  -50.386  74.452 0.0000000000
39287  -40.984  -50.892  73.937 0.0000000000
40525  -40.615  -49.893  74.819 0.0000000000
47769  -42.221  -44.807  76.213 0.0000000000
45548  -41.724  -46.376  76.215 0.0000000000
45555  -42.525  -46.336  75.858 0.0000000000
44432  -42.547  -47.121  75.231 0.0000000000
45564  -43.177  -46.214  74.972 0.0000000000
45571  -43.418  -46.167  74.246 0.0000000000
46655  -43.499  -45.049  74.755 0.0000000000
51645  -45.182  -41.332  75.272 0.0000000000
50447  -45.176  -42.207  74.364 0.0000000000
51659  -45.662  -41.316  74.826 0.0000000000
52932  -46.052  -40.650  74.122 0.0000000000
55045  -43.823  -38.575  74.719 0.0000000000
57302  -44.835  -37.678  74.968 0.0000000000
58475  -47.078  -35.686  75.106 0.0000000000
57291  -46.617  -36.730  75.675 0.0000000000
56110  -47.251  -37.176  74.187 0.0000000000
55046  -46.823  -38.705  73.570 0.0000000000
56125  -47.193  -37.536  73.376 0.0000000000
57326  -48.251  -35.785  72.161 0.0000000000
60911  -49.833  -32.782  72.487 0.0000000000
59675  -49.852  -34.298  71.178 0.0000000000
60930  -50.430  -33.509  71.114 0.0000000000
60943  -51.355  -33.761  69.992 0.0000000000
39179  -24.799  -52.307  79.731 0.0000000000
36420  -24.535  -53.556  79.422 0.0000000000
33801  -24.206  -54.662  78.674 0.0000000000
64446  -50.141  -30.731  69.568 0.0000000000
65594  -50.058  -29.821  68.734 0.0000000000
65633  -52.333  -28.619  66.367 0.0000000000
66751  -53.152  -28.139  63.567 0.0000000000
67841  -53.785  -27.882  64.442 0.0000000000
66754  -54.381  -28.992  63.710 0.0000000000
59806  -55.042  -33.488  62.877 0.0000000000
62145  -54.509  -32.085  63.835 0.0000000000
64687  -57.263  -30.550  56.622 0.0000000000
65766  -57.010  -30.042  57.296 0.0000000000
64660  -58.133  -30.947  57.508 0.0000000000
64614  -57.811  -31.329  58.368 0.0000000000
61075  -57.868  -32.730  57.752 0.0000000000
61074  -57.400  -33.162  58.333 0.0000000000
73669  -56.076  -22.281  57.472 0.0000000000
73689  -55.875  -22.316  56.544 0.0000000000
75919  -56.131  -20.557  57.408 0.0000000000
76982  -56.033  -19.513  57.449 0.0000000000
63129  -49.549  -31.800  72.836 0.0000000000
64405  -49.424  -31.010  71.904 0.0000000000
65535  -48.962  -30.375  72.265 0.0000000000
66633  -48.001  -29.564  71.662 0.0000000000
66666  -48.001  -29.231  70.748 0.0000000000
39180  -25.394  -51.791  80.081 0.0000000000
37837  -26.356  -52.601  79.557 0.0000000000
40458  -29.144  -50.797  79.994 0.0000000000
49070  -42.701  -43.993  75.760 0.0000000000
49072  -43.476  -43.430  75.522 0.0000000000
50419  -43.703  -42.745  75.867 0.0000000000
51626  -44.184  -41.706  75.837 0.0000000000
52905  -44.513  -40.683  76.015 0.0000000000
58492  -45.516  -35.885  73.162 0.0000000000
58472  -45.136  -36.268  74.996 0.0000000000
59615  -46.069  -34.958  74.278 0.0000000000
59617  -47.291  -34.701  74.459 0.0000000000
59633  -47.983  -34.928  74.308 0.0000000000
58486  -48.245  -35.031  73.510 0.0000000000
60900  -48.405  -33.648  74.111 0.0000000000
62048  -49.376  -32.557  73.236 0.0000000000
40453  -24.593  -51.525  79.188 0.0000000000
67769  -51.295  -27.555  69.181 0.0000000000
66679  -50.590  -28.723  68.400 0.0000000000
67784  -51.802  -27.396  67.866 0.0000000000
66693  -52.374  -27.816  66.873 0.0000000000
65634  -52.851  -28.934  65.931 0.0000000000
65707  -54.727  -29.973  62.116 0.0000000000
65690  -54.987  -29.963  63.022 0.0000000000
63277  -55.311  -31.014  62.722 0.0000000000
62167  -55.343  -32.653  62.522 0.0000000000
67959  -54.388  -26.883  56.193 0.0000000000
67939  -55.051  -28.017  56.534 0.0000000000
67961  -55.770  -28.260  55.991 0.0000000000
65808  -56.564  -29.792  56.011 0.0000000000
60918  -46.881  -33.374  71.669 0.0000000000
59659  -46.381  -34.550  71.792 0.0000000000
67838  -51.408  -26.875  64.705 0.0000000000
65705  -52.633  -29.499  62.071 0.0000000000
64569  -53.386  -30.594  61.438 0.0000000000
63313  -54.099  -31.944  60.745 0.0000000000
62200  -54.748  -32.585  60.524 0.0000000000
69078  -54.356  -25.831  56.956 0.0000000000
69101  -54.450  -26.609  56.124 0.0000000000
69116  -54.490  -26.856  55.538 0.0000000000
67988  -53.592  -27.478  54.221 0.0000000000
73699  -54.402  -22.536  54.883 0.0000000000
73698  -53.768  -22.544  54.300 0.0000000000
62081  -50.578  -32.610  69.430 0.0000000000
64447  -50.299  -31.621  69.726 0.0000000000
65584  -50.423  -29.561  70.057 0.0000000000
66621  -49.793  -29.475  70.956 0.0000000000
67737  -50.458  -28.118  70.776 0.0000000000
67753  -50.980  -27.685  70.152 0.0000000000
68929  -50.430  -26.781  69.350 0.0000000000
68945  -50.469  -26.537  68.418 0.0000000000
64431  -47.359  -30.713  70.004 0.0000000000
65593  -47.272  -29.454  69.489 0.0000000000
68941  -47.420  -28.219  68.239 0.0000000000
33838  -23.286  -54.788  76.977 0.0000000000
35151  -24.794  -53.860  76.461 0.0000000000
36487  -31.989  -53.754  74.434 0.0000000000
41782  -29.398  -50.142  78.631 0.0000000000
40471  -30.513  -50.921  79.241 0.0000000000
37859  -31.301  -52.637  78.523 0.0000000000
35153  -32.891  -54.003  74.649 0.0000000000
35190  -37.463  -53.654  72.417 0.0000000000
36509  -39.111  -52.889  72.916 0.0000000000
43169  -39.726  -48.459  75.804 0.0000000000
44396  -40.370  -47.551  75.711 0.0000000000
43197  -40.552  -48.389  75.574 0.0000000000
43226  -41.884  -48.069  74.868 0.0000000000
43248  -42.561  -48.093  74.217 0.0000000000
49105  -44.182  -43.240  74.721 0.0000000000
53976  -43.421  -39.929  75.035 0.0000000000
53966  -44.206  -39.507  76.111 0.0000000000
53967  -45.077  -39.525  76.151 0.0000000000
57289  -45.463  -36.890  75.819 0.0000000000
56092  -46.206  -37.630  76.081 0.0000000000
53969  -46.351  -39.581  75.339 0.0000000000
53983  -46.726  -39.501  73.771 0.0000000000
53984  -47.309  -39.585  73.089 0.0000000000
57359  -50.115  -36.796  69.722 0.0000000000
58507  -48.798  -34.986  71.797 0.0000000000
58538  -49.879  -35.716  70.191 0.0000000000
57374  -51.574  -36.722  69.142 0.0000000000
58563  -51.708  -35.547  68.946 0.0000000000
32551  -23.631  -55.379  78.230 0.0000000000
68993  -52.252  -26.780  65.243 0.0000000000
67823  -53.433  -27.980  65.341 0.0000000000
65647  -53.675  -29.469  65.011 0.0000000000
64518  -54.815  -30.344  63.822 0.0000000000
63236  -53.952  -30.807  64.886 0.0000000000
63256  -53.543  -31.574  64.646 0.0000000000
61062  -54.338  -33.165  58.976 0.0000000000
62213  -56.255  -32.782  59.621 0.0000000000
66859  -55.001  -28.460  56.948 0.0000000000
65764  -55.319  -29.453  57.323 0.0000000000
63369  -55.643  -31.335  58.017 0.0000000000
62226  -56.849  -32.382  58.818 0.0000000000
62214  -56.935  -32.845  59.469 0.0000000000
61064  -57.264  -33.303  59.283 0.0000000000
63126  -47.959  -31.863  72.502 0.0000000000
64383  -48.050  -31.187  72.373 0.0000000000
63141  -47.642  -31.803  72.021 0.0000000000
50454  -41.661  -42.484  74.036 0.0000000000
51658  -42.741  -41.572  74.914 0.0000000000
51668  -42.784  -41.552  74.109 0.0000000000
60897  -47.109  -33.521  73.436 0.0000000000
62035  -47.818  -32.574  73.258 0.0000000000
68972  -50.831  -26.652  66.764 0.0000000000
68982  -51.173  -26.707  65.919 0.0000000000
62201  -55.525  -32.598  60.810 0.0000000000
62190  -55.941  -32.920  60.950 0.0000000000
65821  -54.395  -29.850  54.772 0.0000000000
72512  -56.109  -23.110  57.791 0.0000000000
71396  -55.958  -23.833  56.814 0.0000000000
70264  -55.226  -24.540  56.379 0.0000000000
71405  -55.612  -23.872  56.239 0.0000000000
71414  -54.491  -24.352  55.120 0.0000000000
72529  -55.742  -23.063  56.150 0.0000000000
62063  -50.580  -32.873  70.823 0.0000000000
63152  -50.291  -31.897  71.010 0.0000000000
67752  -48.478  -28.365  70.547 0.0000000000
68898  -48.828  -28.166  70.983 0.0000000000
67768  -48.497  -28.130  70.110 0.0000000000
68927  -48.591  -27.775  69.640 0.0000000000
68926  -48.066  -28.143  69.284 0.0000000000
36421  -25.147  -53.685  79.231 0.0000000000
39194  -30.125  -51.854  79.498 0.0000000000
37840  -29.583  -52.454  79.065 0.0000000000
40521  -33.627  -50.720  75.125 0.0000000000
39279  -33.579  -51.445  74.478 0.0000000000
37938  -34.363  -51.994  73.570 0.0000000000
39295  -34.119  -51.574  73.879 0.0000000000
40510  -39.245  -49.802  75.163 0.0000000000
39265  -39.122  -50.404  74.574 0.0000000000
40524  -39.777  -50.002  74.801 0.0000000000
46633  -42.792  -45.227  75.802 0.0000000000
46632  -42.341  -45.606  76.174 0.0000000000
46644  -42.804  -45.628  75.748 0.0000000000
45556  -42.850  -46.138  75.521 0.0000000000
45565  -43.232  -45.702  75.072 0.0000000000
46645  -43.079  -45.100  75.337 0.0000000000
52889  -45.186  -40.861  75.674 0.0000000000
50435  -45.392  -41.758  74.743 0.0000000000
51669  -45.951  -41.379  74.289 0.0000000000
52921  -46.019  -40.514  74.796 0.0000000000
57314  -44.799  -37.469  74.433 0.0000000000
58476  -47.471  -35.629  74.555 0.0000000000
57305  -47.440  -36.474  74.498 0.0000000000
57316  -47.521  -36.412  73.767 0.0000000000
57325  -47.667  -36.331  72.804 0.0000000000
58494  -47.820  -35.606  73.398 0.0000000000
62050  -49.951  -32.519  72.288 0.0000000000
62056  -50.285  -32.638  71.608 0.0000000000
36405  -24.984  -53.011  79.685 0.0000000000
65595  -50.444  -29.159  69.336 0.0000000000
64488  -52.692  -29.481  65.819 0.0000000000
64503  -52.415  -30.182  65.584 0.0000000000
63234  -52.977  -30.902  65.165 0.0000000000
66752  -53.608  -28.383  63.517 0.0000000000
66753  -54.119  -28.737  63.522 0.0000000000
67938  -54.358  -27.394  56.433 0.0000000000
63395  -57.437  -31.374  56.707 0.0000000000
64659  -57.910  -30.691  56.935 0.0000000000
63370  -58.289  -31.551  57.848 0.0000000000
64386  -49.061  -31.190  73.209 0.0000000000
64387  -49.351  -30.982  72.455 0.0000000000
65553  -48.007  -30.301  71.668 0.0000000000
65554  -48.221  -30.314  71.863 0.0000000000
66632  -47.919  -29.984  71.492 0.0000000000
66650  -47.954  -29.110  71.181 0.0000000000
40443  -25.399  -51.365  80.040 0.0000000000
41764  -28.763  -50.313  79.451 0.0000000000
50432  -41.879  -43.095  75.359 0.0000000000
49069  -41.917  -44.051  75.918 0.0000000000
50417  -42.484  -43.295  75.632 0.0000000000
49071  -43.171  -43.700  75.668 0.0000000000
50418  -43.170  -42.980  75.787 0.0000000000
52903  -43.300  -41.335  75.866 0.0000000000
52885  -43.316  -41.739  76.062 0.0000000000
52904  -43.846  -40.878  75.955 0.0000000000
52887  -44.557  -41.182  75.789 0.0000000000
58493  -45.839  -35.079  73.454 0.0000000000
58484  -45.693  -35.249  74.004 0.0000000000
59616  -46.692  -34.602  74.336 0.0000000000
59618  -47.745  -34.735  74.422 0.0000000000
60884  -48.175  -34.128  74.395 0.0000000000
59619  -48.194  -34.373  74.292 0.0000000000
60899  -48.292  -33.438  74.278 0.0000000000
63117  -48.848  -32.106  73.800 0.0000000000
62038  -48.891  -32.757  73.797 0.0000000000
63128  -49.232  -32.040  73.522 0.0000000000
39191  -24.854  -51.799  79.750 0.0000000000
68946  -51.441  -26.767  68.718 0.0000000000
67770  -51.581  -27.248  68.553 0.0000000000
68947  -51.695  -26.898  68.240 0.0000000000
68961  -52.264  -27.252  67.031 0.0000000000
67785  -52.150  -27.509  67.195 0.0000000000
67797  -52.527  -27.725  66.649 0.0000000000
66708  -52.968  -28.051  66.437 0.0000000000
67809  -53.106  -28.011  65.818 0.0000000000
64571  -55.141  -30.618  61.896 0.0000000000
64552  -55.131  -30.251  62.316 0.0000000000
64572  -55.367  -31.015  62.027 0.0000000000
61037  -55.865  -33.188  61.512 0.0000000000
62180  -55.472  -32.498  62.045 0.0000000000
61036  -55.693  -33.322  62.015 0.0000000000
59849  -56.051  -34.202  61.390 0.0000000000
69102  -54.880  -27.499  56.040 0.0000000000
67981  -55.764  -28.360  55.823 0.0000000000
63415  -56.729  -31.142  56.250 0.0000000000
59660  -46.697  -33.977  71.472 0.0000000000
65706  -53.835  -29.873  62.071 0.0000000000
63312  -53.157  -32.067  60.112 0.0000000000
70210  -55.335  -24.324  58.107 0.0000000000
70209  -54.846  -24.744  58.135 0.0000000000
69052  -54.532  -25.249  57.790 0.0000000000
70230  -54.597  -25.431  57.122 0.0000000000
70248  -54.621  -25.490  56.803 0.0000000000
69125  -54.188  -26.681  54.915 0.0000000000
67989  -54.396  -27.563  54.857 0.0000000000
69124  -53.589  -26.606  54.292 0.0000000000
74847  -55.575  -21.584  56.175 0.0000000000
73688  -55.411  -22.427  55.857 0.0000000000
74846  -54.875  -21.741  55.509 0.0000000000
75948  -54.048  -20.898  54.564 0.0000000000
74858  -54.345  -21.507  54.866 0.0000000000
60967  -51.030  -33.884  68.743 0.0000000000
60966  -50.654  -33.409  68.698 0.0000000000
62093  -50.735  -33.132  69.156 0.0000000000
64433  -50.128  -30.860  70.241 0.0000000000
64434  -50.316  -31.541  69.958 0.0000000000
65537  -49.314  -30.203  71.625 0.0000000000
65538  -49.669  -29.761  71.123 0.0000000000
66620  -49.503  -29.226  71.258 0.0000000000
68900  -49.837  -27.559  70.883 0.0000000000
67723  -50.072  -28.221  70.986 0.0000000000
68915  -50.714  -27.052  70.047 0.0000000000
68943  -48.740  -27.288  68.759 0.0000000000
68944  -49.627  -26.836  68.648 0.0000000000
33826  -23.875  -54.938  77.590 0.0000000000
35137  -24.378  -54.277  76.758 0.0000000000
35123  -24.313  -54.498  77.385 0.0000000000
36439  -25.902  -52.970  77.619 0.0000000000
37819  -26.840  -52.149  80.010 0.0000000000
37838  -27.256  -52.426  79.599 0.0000000000
36467  -30.252  -52.908  75.848 0.0000000000
36468  -30.996  -53.351  75.702 0.0000000000
36486  -31.409  -53.196  74.614 0.0000000000
41783  -30.359  -50.544  78.566 0.0000000000
41766  -30.167  -50.722  79.273 0.0000000000
37860  -31.633  -52.595  77.938 0.0000000000
36433  -31.758  -52.836  77.750 0.0000000000
36470  -32.836  -53.496  75.078 0.0000000000
35170  -33.440  -54.171  74.190 0.0000000000
33894  -33.916  -54.480  73.265 0.0000000000
36506  -36.035  -53.399  72.941 0.0000000000
36491  -35.590  -53.821  73.194 0.0000000000
33882  -36.743  -54.099  72.284 0.0000000000
36507  -37.213  -53.235  72.744 0.0000000000
37919  -39.100  -51.732  73.774 0.0000000000
37918  -38.341  -51.917  73.600 0.0000000000
37943  -38.716  -52.481  73.325 0.0000000000
37945  -40.176  -51.462  73.258 0.0000000000
40543  -41.457  -50.401  74.164 0.0000000000
37947  -41.520  -51.072  73.256 0.0000000000
39302  -41.676  -50.690  73.407 0.0000000000
40562  -41.683  -49.825  72.807 0.0000000000
41869  -42.062  -49.626  73.672 0.0000000000
44398  -41.852  -46.802  76.139 0.0000000000
45547  -40.883  -46.520  76.077 0.0000000000
44397  -41.243  -47.177  75.963 0.0000000000
43171  -41.009  -47.708  75.623 0.0000000000
43198  -41.224  -47.950  75.372 0.0000000000
41828  -41.191  -48.588  75.220 0.0000000000
43199  -41.742  -47.699  75.273 0.0000000000
44456  -42.965  -47.181  74.345 0.0000000000
43227  -42.462  -47.822  74.667 0.0000000000
43269  -42.717  -47.938  73.641 0.0000000000
46664  -43.991  -45.306  74.116 0.0000000000
45572  -43.844  -45.988  73.631 0.0000000000
46672  -44.545  -45.300  73.486 0.0000000000
49090  -43.822  -43.333  75.227 0.0000000000
53982  -43.388  -39.889  74.053 0.0000000000
55044  -43.558  -39.159  74.476 0.0000000000
55024  -44.717  -38.447  75.715 0.0000000000
55037  -43.978  -38.584  75.562 0.0000000000
55025  -45.073  -38.567  75.887 0.0000000000
58462  -45.859  -36.134  75.588 0.0000000000
58461  -45.381  -36.385  75.427 0.0000000000
56093  -46.664  -37.591  75.549 0.0000000000
55027  -46.331  -38.582  75.913 0.0000000000
53979  -46.616  -39.633  74.610 0.0000000000
55038  -46.766  -38.729  74.526 0.0000000000
55047  -47.265  -38.749  72.690 0.0000000000
53989  -48.183  -39.728  72.417 0.0000000000
57345  -48.360  -36.856  71.122 0.0000000000
57358  -49.342  -36.672  70.218 0.0000000000
59647  -48.559  -34.386  73.155 0.0000000000
58495  -48.313  -35.182  72.782 0.0000000000
59661  -48.766  -34.304  72.432 0.0000000000
59676  -50.354  -34.270  70.856 0.0000000000
58522  -49.946  -34.801  70.721 0.0000000000
58539  -50.412  -35.040  70.322 0.0000000000
58551  -50.600  -35.590  69.810 0.0000000000
59704  -50.949  -35.026  69.912 0.0000000000
58552  -51.216  -35.448  69.443 0.0000000000
58540  -51.038  -34.871  70.060 0.0000000000
60955  -51.333  -33.876  69.780 0.0000000000
59717  -51.482  -34.640  68.928 0.0000000000
60968  -51.368  -33.948  69.140 0.0000000000
33814  -24.096  -54.859  78.360 0.0000000000
33813  -23.724  -55.208  78.425 0.0000000000
32552  -24.025  -55.008  78.133 0.0000000000
32567  -23.713  -55.282  77.926 0.0000000000
66691  -51.508  -28.035  67.801 0.0000000000
66690  -50.905  -28.610  67.544 0.0000000000
66705  -51.131  -28.681  67.129 0.0000000000
67842  -54.082  -28.251  64.426 0.0000000000
68986  -53.583  -27.910  65.104 0.0000000000
67824  -53.847  -28.439  64.952 0.0000000000
66722  -53.498  -28.810  65.195 0.0000000000
66731  -53.903  -29.018  64.931 0.0000000000
64534  -55.129  -30.400  63.109 0.0000000000
65672  -54.927  -29.953  63.463 0.0000000000
64533  -54.997  -30.460  63.386 0.0000000000
63258  -54.636  -31.040  64.073 0.0000000000
63257  -54.156  -31.412  64.501 0.0000000000
61063  -54.963  -33.097  59.195 0.0000000000
61073  -55.382  -32.877  59.023 0.0000000000
66882  -55.907  -28.743  56.440 0.0000000000
66881  -55.468  -28.354  56.626 0.0000000000
66860  -55.822  -28.904  57.014 0.0000000000
65765  -56.195  -29.687  57.379 0.0000000000
64633  -54.657  -30.245  57.296 0.0000000000
64634  -55.639  -30.442  57.680 0.0000000000
63368  -54.903  -31.281  57.598 0.0000000000
64611  -56.159  -30.898  58.054 0.0000000000
63345  -57.452  -31.769  58.472 0.0000000000
63344  -56.819  -31.702  58.438 0.0000000000
64367  -48.664  -31.534  73.250 0.0000000000
64385  -48.606  -30.942  72.762 0.0000000000
64404  -47.840  -30.784  72.126 0.0000000000
65570  -47.746  -30.467  71.190 0.0000000000
51640  -42.187  -42.190  75.216 0.0000000000
51624  -42.959  -42.199  75.956 0.0000000000
52920  -43.235  -40.977  75.306 0.0000000000
60896  -46.599  -34.036  72.995 0.0000000000
59631  -46.355  -34.549  73.699 0.0000000000
60881  -47.122  -33.774  74.038 0.0000000000
62020  -47.963  -33.117  74.273 0.0000000000
62036  -47.944  -32.698  73.947 0.0000000000
70107  -51.172  -26.404  67.812 0.0000000000
70109  -51.632  -26.441  67.840 0.0000000000
68959  -51.320  -26.515  67.437 0.0000000000
68973  -51.639  -26.647  66.740 0.0000000000
68974  -52.310  -26.894  66.636 0.0000000000
63304  -55.180  -31.630  61.606 0.0000000000
62181  -55.959  -33.179  61.381 0.0000000000
59850  -56.493  -33.881  60.821 0.0000000000
59862  -57.102  -33.904  60.106 0.0000000000
67990  -55.013  -28.380  55.173 0.0000000000
66905  -55.571  -28.706  55.468 0.0000000000
66918  -55.087  -29.187  55.111 0.0000000000
65822  -55.164  -29.968  55.025 0.0000000000
70232  -55.497  -24.342  57.536 0.0000000000
70249  -55.167  -24.780  56.900 0.0000000000
72538  -54.454  -23.437  54.962 0.0000000000
75940  -55.163  -20.908  55.808 0.0000000000
77002  -55.043  -19.917  55.694 0.0000000000
77009  -53.764  -20.260  54.072 0.0000000000
62072  -50.887  -33.075  69.952 0.0000000000
62082  -50.804  -33.035  69.679 0.0000000000
63162  -50.182  -31.457  70.565 0.0000000000
67721  -48.847  -28.964  71.514 0.0000000000
67722  -49.433  -28.478  71.253 0.0000000000
67735  -49.076  -28.290  71.259 0.0000000000
68899  -49.258  -27.836  70.937 0.0000000000
68914  -50.085  -27.111  70.230 0.0000000000
68955  -48.217  -27.492  67.994 0.0000000000
35112  -24.684  -54.313  78.251 0.0000000000
35124  -24.674  -54.165  77.651 0.0000000000
36428  -25.264  -53.780  78.655 0.0000000000
36429  -25.901  -53.137  78.474 0.0000000000
35140  -30.956  -53.909  76.961 0.0000000000
37886  -31.966  -52.555  76.269 0.0000000000
37887  -32.476  -52.331  75.599 0.0000000000
37902  -33.123  -52.632  74.952 0.0000000000
36471  -33.778  -53.552  74.427 0.0000000000
36472  -34.159  -53.862  74.258 0.0000000000
37939  -34.877  -52.434  73.408 0.0000000000
37940  -35.933  -52.486  73.076 0.0000000000
39285  -39.483  -50.971  74.121 0.0000000000
37921  -40.199  -51.145  73.702 0.0000000000
39286  -40.310  -50.741  74.078 0.0000000000
40542  -40.973  -50.396  74.343 0.0000000000
40526  -41.348  -49.859  74.593 0.0000000000
47768  -41.535  -44.799  76.232 0.0000000000
46630  -41.027  -45.592  76.265 0.0000000000
46631  -41.624  -45.627  76.319 0.0000000000
45549  -42.219  -46.390  76.096 0.0000000000
44431  -42.086  -47.470  75.327 0.0000000000
50421  -44.524  -41.947  75.208 0.0000000000
50446  -44.589  -42.519  74.544 0.0000000000
50434  -44.840  -41.895  74.851 0.0000000000
50448  -45.818  -42.106  74.460 0.0000000000
51670  -46.405  -41.161  73.560 0.0000000000
52933  -46.504  -40.210  73.817 0.0000000000
56136  -43.724  -38.389  73.452 0.0000000000
55054  -43.751  -38.677  74.156 0.0000000000
56137  -44.051  -38.083  73.824 0.0000000000
56123  -44.348  -38.043  74.868 0.0000000000
56107  -44.891  -37.957  75.405 0.0000000000
57304  -47.208  -36.610  75.204 0.0000000000
56109  -47.019  -37.568  74.843 0.0000000000
56124  -46.846  -37.903  74.131 0.0000000000
56138  -47.551  -37.615  72.339 0.0000000000
57334  -48.009  -36.670  71.897 0.0000000000
57335  -48.612  -35.971  71.487 0.0000000000
60910  -49.577  -33.003  72.770 0.0000000000
59662  -49.355  -34.040  71.714 0.0000000000
60921  -49.899  -33.239  72.021 0.0000000000
59663  -50.010  -33.868  71.382 0.0000000000
59677  -50.841  -34.078  70.542 0.0000000000
59692  -51.205  -34.161  70.173 0.0000000000
59678  -50.988  -33.886  70.437 0.0000000000
62065  -51.249  -33.408  70.022 0.0000000000
37836  -24.247  -52.919  79.318 0.0000000000
35101  -23.678  -54.544  79.098 0.0000000000
35103  -24.660  -54.347  78.723 0.0000000000
66720  -52.107  -28.446  66.715 0.0000000000
65619  -51.292  -28.760  66.853 0.0000000000
64487  -51.831  -29.351  66.029 0.0000000000
67863  -52.736  -27.766  63.832 0.0000000000
67840  -53.198  -27.584  64.506 0.0000000000
67864  -53.519  -27.901  63.945 0.0000000000
67865  -54.129  -28.262  63.944 0.0000000000
67843  -54.279  -28.704  64.274 0.0000000000
62166  -55.080  -32.160  63.237 0.0000000000
66861  -56.472  -29.204  57.026 0.0000000000
65785  -57.195  -30.130  56.809 0.0000000000
65767  -57.572  -30.501  57.661 0.0000000000
64636  -57.294  -30.607  57.922 0.0000000000
64637  -58.018  -30.851  58.095 0.0000000000
63346  -57.974  -31.690  58.336 0.0000000000
62228  -58.039  -32.321  58.128 0.0000000000
72520  -56.141  -23.012  57.007 0.0000000000
73678  -56.027  -22.277  57.031 0.0000000000
74837  -56.011  -21.459  57.013 0.0000000000
75928  -56.025  -20.640  57.014 0.0000000000
76990  -55.911  -19.883  56.980 0.0000000000
76989  -55.466  -19.377  56.345 0.0000000000
63142  -49.546  -31.387  72.376 0.0000000000
65536  -49.039  -30.548  72.240 0.0000000000
66619  -49.183  -29.655  71.663 0.0000000000
65534  -48.441  -30.351  71.966 0.0000000000
66618  -48.852  -30.006  71.879 0.0000000000
66635  -49.092  -29.316  71.932 0.0000000000
67751  -48.059  -28.890  70.525 0.0000000000
67766  -47.610  -28.865  69.743 0.0000000000
37817  -25.208  -52.571  79.847 0.0000000000
36407  -25.690  -52.946  79.501 0.0000000000
37818  -25.890  -52.427  79.949 0.0000000000
39181  -26.384  -51.652  80.170 0.0000000000
39183  -28.347  -51.546  80.121 0.0000000000
41825  -39.127  -49.610  75.640 0.0000000000
47770  -42.752  -44.656  75.887 0.0000000000
47771  -43.006  -44.363  75.570 0.0000000000
47786  -43.178  -44.162  75.310 0.0000000000
51625  -43.593  -41.967  76.057 0.0000000000
51627  -44.652  -41.501  75.521 0.0000000000
52888  -44.853  -40.927  75.804 0.0000000000
52906  -45.226  -40.385  76.014 0.0000000000
57324  -45.147  -36.304  73.848 0.0000000000
57315  -45.153  -36.641  74.369 0.0000000000
58483  -45.190  -35.868  74.260 0.0000000000
58473  -45.719  -35.533  74.847 0.0000000000
58474  -46.501  -35.420  75.098 0.0000000000
59634  -48.360  -34.475  73.886 0.0000000000
60909  -48.823  -33.463  73.287 0.0000000000
62037  -48.319  -32.986  74.102 0.0000000000
63130  -49.761  -32.171  72.510 0.0000000000
39190  -24.227  -52.008  79.189 0.0000000000
66680  -51.075  -28.205  68.877 0.0000000000
67783  -51.483  -27.623  68.487 0.0000000000
68948  -51.961  -27.162  67.608 0.0000000000
66692  -52.141  -27.776  67.133 0.0000000000
66707  -52.198  -28.204  66.752 0.0000000000
65621  -52.537  -28.410  66.394 0.0000000000
64489  -53.062  -29.671  65.557 0.0000000000
65688  -54.233  -29.507  62.631 0.0000000000
66776  -54.213  -29.081  63.025 0.0000000000
65689  -54.903  -29.853  62.643 0.0000000000
64553  -55.240  -30.535  62.496 0.0000000000
63292  -55.338  -31.512  62.152 0.0000000000
63291  -55.309  -31.619  62.562 0.0000000000
62179  -55.284  -32.010  62.705 0.0000000000
61021  -55.207  -33.132  62.716 0.0000000000
67960  -55.090  -27.795  56.145 0.0000000000
66906  -56.092  -28.853  56.011 0.0000000000
66907  -56.716  -29.634  56.383 0.0000000000
64686  -56.866  -30.451  56.228 0.0000000000
63416  -57.098  -30.843  56.454 0.0000000000
62055  -47.304  -32.563  71.933 0.0000000000
62062  -47.100  -32.473  71.168 0.0000000000
58491  -45.076  -36.632  72.772 0.0000000000
59645  -45.777  -35.361  72.538 0.0000000000
60907  -46.577  -34.016  72.298 0.0000000000
67836  -49.240  -27.340  64.904 0.0000000000
67821  -50.705  -26.936  65.293 0.0000000000
67837  -50.338  -27.244  64.644 0.0000000000
67861  -50.871  -27.308  63.837 0.0000000000
66774  -52.613  -28.544  62.880 0.0000000000
65686  -52.867  -29.094  62.501 0.0000000000
65687  -53.340  -29.268  62.576 0.0000000000
64570  -54.449  -30.480  61.642 0.0000000000
64580  -54.282  -31.151  61.197 0.0000000000
64581  -54.909  -30.949  61.401 0.0000000000
63314  -54.936  -31.747  61.207 0.0000000000
69051  -53.790  -25.501  57.899 0.0000000000
69117  -54.761  -27.310  55.933 0.0000000000
67979  -54.749  -27.461  55.446 0.0000000000
65820  -53.452  -29.550  54.436 0.0000000000
70272  -53.519  -25.486  54.213 0.0000000000
73687  -54.938  -22.515  55.460 0.0000000000
63176  -50.473  -32.186  69.783 0.0000000000
63175  -50.297  -31.936  69.407 0.0000000000
64406  -49.708  -31.023  71.344 0.0000000000
65556  -49.770  -30.039  71.056 0.0000000000
66636  -49.921  -28.602  70.854 0.0000000000
66637  -50.039  -28.986  70.862 0.0000000000
66652  -50.631  -28.736  70.450 0.0000000000
68930  -51.188  -26.920  69.311 0.0000000000
70082  -51.094  -26.504  68.804 0.0000000000
68980  -49.207  -26.916  66.141 0.0000000000
63151  -47.430  -31.766  71.312 0.0000000000
65582  -47.359  -30.417  69.884 0.0000000000
65583  -47.552  -29.957  70.194 0.0000000000
66665  -47.697  -29.220  70.112 0.0000000000
66678  -47.177  -29.063  69.294 0.0000000000
67782  -47.754  -28.301  69.101 0.0000000000
67820  -49.099  -27.085  65.534 0.0000000000
33850  -23.338  -54.497  76.212 0.0000000000
35136  -23.930  -54.438  76.473 0.0000000000
35150  -24.440  -54.100  76.085 0.0000000000
37855  -26.592  -52.681  79.031 0.0000000000
41765  -29.666  -50.536  79.338 0.0000000000
40459  -29.982  -51.067  79.661 0.0000000000
40460  -30.564  -51.386  79.376 0.0000000000
37842  -30.926  -52.591  78.942 0.0000000000
36456  -31.904  -53.116  75.903 0.0000000000
36469  -31.979  -53.577  75.215 0.0000000000
35152  -32.427  -53.997  74.527 0.0000000000
35172  -34.708  -54.024  73.761 0.0000000000
39297  -35.763  -51.599  73.516 0.0000000000
39298  -36.790  -51.780  73.381 0.0000000000
37942  -37.897  -52.602  73.095 0.0000000000
36508  -38.155  -53.078  72.792 0.0000000000
39301  -40.864  -51.157  73.542 0.0000000000
37965  -41.315  -51.251  72.969 0.0000000000
41809  -38.965  -49.317  76.020 0.0000000000
41826  -39.824  -49.210  75.644 0.0000000000
43170  -40.469  -47.925  75.676 0.0000000000
43196  -40.049  -48.575  75.774 0.0000000000
41827  -40.753  -49.065  75.331 0.0000000000
41843  -40.931  -49.406  75.127 0.0000000000
41844  -41.309  -49.089  75.049 0.0000000000
41845  -41.768  -49.180  74.595 0.0000000000
43247  -42.167  -48.575  74.403 0.0000000000
41854  -42.048  -49.440  74.152 0.0000000000
43268  -42.314  -48.843  73.825 0.0000000000
47798  -43.522  -44.084  74.891 0.0000000000
47799  -44.221  -43.955  74.498 0.0000000000
49106  -44.705  -42.961  74.059 0.0000000000
47811  -44.867  -43.734  74.040 0.0000000000
55036  -43.602  -39.100  75.156 0.0000000000
53977  -43.714  -39.464  75.591 0.0000000000
53968  -45.756  -39.536  75.967 0.0000000000
58460  -45.271  -36.638  75.341 0.0000000000
57288  -45.263  -36.974  75.570 0.0000000000
56090  -45.205  -37.727  75.684 0.0000000000
57290  -46.012  -36.815  75.944 0.0000000000
56091  -45.598  -37.688  76.016 0.0000000000
55026  -45.674  -38.563  76.127 0.0000000000
53978  -46.426  -40.011  74.887 0.0000000000
52934  -47.136  -40.157  73.317 0.0000000000
58521  -49.196  -35.384  70.894 0.0000000000
58508  -49.399  -34.617  71.210 0.0000000000
58537  -49.360  -35.981  70.548 0.0000000000
58579  -51.654  -36.175  68.291 0.0000000000
59718  -51.431  -34.567  69.367 0.0000000000
32566  -23.130  -55.691  77.910 0.0000000000
67822  -51.213  -26.728  65.310 0.0000000000
68984  -52.695  -26.976  65.840 0.0000000000
68994  -52.998  -27.136  65.099 0.0000000000
68985  -53.150  -27.591  65.496 0.0000000000
66721  -53.059  -28.533  65.716 0.0000000000
65635  -53.209  -29.053  65.417 0.0000000000
66755  -54.701  -29.617  63.424 0.0000000000
66740  -54.574  -29.331  64.046 0.0000000000
65659  -54.578  -29.757  64.237 0.0000000000
64507  -54.491  -30.215  64.384 0.0000000000
65648  -54.000  -29.554  64.845 0.0000000000
64506  -53.886  -30.108  64.947 0.0000000000
63235  -53.660  -30.812  65.002 0.0000000000
62211  -54.436  -33.011  59.711 0.0000000000
62212  -55.417  -32.915  59.688 0.0000000000
66858  -54.096  -28.286  56.770 0.0000000000
65763  -54.431  -29.204  57.095 0.0000000000
62239  -55.768  -31.856  58.230 0.0000000000
64612  -56.767  -30.990  58.214 0.0000000000
63343  -56.200  -31.528  58.256 0.0000000000
62225  -55.898  -32.408  58.667 0.0000000000
59872  -57.292  -34.315  58.963 0.0000000000
58701  -56.984  -35.349  59.018 0.0000000000
32568  -24.015  -55.044  77.930 0.0000000000
33824  -22.683  -55.661  77.638 0.0000000000
33825  -23.187  -55.312  77.592 0.0000000000
33839  -24.004  -54.636  77.059 0.0000000000
33851  -33.588  -54.126  74.182 0.0000000000
33852  -33.803  -54.091  74.176 0.0000000000
33862  -33.707  -54.198  74.052 0.0000000000
33864  -34.788  -54.253  73.437 0.0000000000
33878  -33.852  -54.264  73.831 0.0000000000
35127  -31.056  -53.631  77.455 0.0000000000
35138  -24.632  -54.063  77.077 0.0000000000
35139  -31.035  -53.625  76.872 0.0000000000
35154  -33.540  -54.022  74.402 0.0000000000
35169  -32.887  -54.210  74.157 0.0000000000
35171  -34.297  -53.999  74.109 0.0000000000
35173  -35.256  -54.054  73.356 0.0000000000
35188  -35.791  -53.984  73.001 0.0000000000
35189  -36.538  -53.818  72.652 0.0000000000
36488  -34.053  -53.325  74.117 0.0000000000
36489  -34.472  -53.513  73.922 0.0000000000
36490  -35.234  -53.730  73.465 0.0000000000
36505  -35.244  -53.160  73.435 0.0000000000
37816  -24.790  -52.864  79.644 0.0000000000
37917  -34.534  -52.947  73.761 0.0000000000
37920  -39.756  -51.338  73.707 0.0000000000
37922  -41.327  -51.065  73.535 0.0000000000
37923  -41.588  -50.938  73.470 0.0000000000
37946  -41.038  -51.249  73.224 0.0000000000
37983  -41.201  -51.204  72.635 0.0000000000
39184  -28.832  -51.219  80.118 0.0000000000
39195  -30.812  -51.962  79.242 0.0000000000
39240  -32.281  -51.714  75.958 0.0000000000
39288  -41.534  -50.762  73.732 0.0000000000
39300  -40.535  -51.091  73.727 0.0000000000
40544  -41.857  -50.205  73.836 0.0000000000
40555  -41.793  -50.044  73.281 0.0000000000
41810  -39.656  -48.915  75.880 0.0000000000
43225  -41.455  -48.245  75.113 0.0000000000
44412  -41.395  -47.439  75.712 0.0000000000
45557  -43.132  -45.644  75.273 0.0000000000
46643  -42.575  -45.880  75.950 0.0000000000
46654  -43.336  -45.678  74.863 0.0000000000
50433  -44.323  -42.553  75.027 0.0000000000
51628  -44.988  -41.137  75.591 0.0000000000
51642  -43.732  -41.429  76.035 0.0000000000
51643  -43.995  -41.345  76.004 0.0000000000
51644  -44.828  -41.624  75.218 0.0000000000
52886  -43.495  -41.494  76.009 0.0000000000
52922  -46.314  -40.174  74.478 0.0000000000
53970  -46.818  -39.167  75.056 0.0000000000
56108  -45.192  -37.404  75.539 0.0000000000
57303  -45.209  -37.097  75.089 0.0000000000
57360  -50.558  -37.312  69.758 0.0000000000
58523  -50.391  -34.661  70.572 0.0000000000
58541  -51.300  -34.563  70.261 0.0000000000
58553  -51.428  -34.910  69.823 0.0000000000
58564  -51.516  -35.061  69.312 0.0000000000
59658  -45.967  -35.117  72.166 0.0000000000
59691  -51.031  -34.523  70.183 0.0000000000
59703  -50.708  -35.046  70.122 0.0000000000
59705  -51.434  -34.277  70.095 0.0000000000
60883  -48.019  -33.783  74.429 0.0000000000
60917  -46.625  -33.983  71.830 0.0000000000
60919  -48.767  -33.895  72.826 0.0000000000
60931  -50.809  -33.538  70.534 0.0000000000
60932  -51.091  -33.691  70.288 0.0000000000
62021  -47.984  -33.337  74.365 0.0000000000
62049  -49.719  -32.466  72.719 0.0000000000
62064  -50.825  -33.114  70.203 0.0000000000
62073  -51.254  -33.267  69.903 0.0000000000
62083  -51.227  -33.466  69.962 0.0000000000
62199  -53.834  -32.564  60.126 0.0000000000
62238  -55.260  -32.133  58.050 0.0000000000
63114  -48.169  -32.086  72.826 0.0000000000
63127  -48.210  -31.588  72.647 0.0000000000
63237  -54.161  -30.646  64.674 0.0000000000
64366  -48.479  -31.293  72.921 0.0000000000
64419  -47.593  -31.149  71.466 0.0000000000
64432  -47.432  -30.907  70.522 0.0000000000
64505  -53.565  -30.062  65.082 0.0000000000
64519  -54.889  -30.170  63.501 0.0000000000
64613  -57.426  -31.150  58.338 0.0000000000
65555  -49.510  -30.537  71.468 0.0000000000
65620  -52.368  -28.347  66.570 0.0000000000
65631  -51.242  -29.061  66.505 0.0000000000
65632  -51.740  -28.726  66.561 0.0000000000
65646  -53.211  -29.477  65.377 0.0000000000
65660  -54.987  -29.953  63.963 0.0000000000
65708  -55.055  -30.133  62.237 0.0000000000
65786  -57.735  -30.472  57.394 0.0000000000
65809  -56.977  -30.061  56.401 0.0000000000
66617  -48.221  -29.932  71.657 0.0000000000
66634  -48.455  -29.284  71.521 0.0000000000
66651  -47.898  -29.130  71.454 0.0000000000
66719  -51.758  -28.587  66.763 0.0000000000
66741  -55.066  -30.021  63.805 0.0000000000
66777  -54.625  -29.468  62.918 0.0000000000
66778  -54.935  -29.694  62.942 0.0000000000
67710  -49.088  -29.029  71.533 0.0000000000
67720  -48.761  -28.756  71.512 0.0000000000
67733  -48.241  -29.017  71.065 0.0000000000
67750  -47.802  -28.954  70.102 0.0000000000
67810  -53.353  -28.394  65.390 0.0000000000
67825  -54.275  -28.896  64.445 0.0000000000
67866  -54.261  -28.521  64.101 0.0000000000
68887  -49.810  -27.961  71.129 0.0000000000
68888  -50.149  -27.817  70.970 0.0000000000
68912  -48.833  -27.915  70.483 0.0000000000
68931  -51.515  -27.038  68.853 0.0000000000
68990  -49.531  -27.148  65.573 0.0000000000
68991  -50.012  -27.260  65.296 0.0000000000
68992  -51.619  -26.692  65.417 0.0000000000
68995  -53.471  -27.667  64.926 0.0000000000
68996  -53.826  -27.975  64.789 0.0000000000
69053  -54.734  -25.048  57.698 0.0000000000
69079  -54.625  -25.244  57.456 0.0000000000
70083  -51.322  -26.665  68.788 0.0000000000
70096  -51.104  -26.379  68.175 0.0000000000
70098  -51.609  -26.618  68.031 0.0000000000
70108  -51.435  -26.458  67.966 0.0000000000
70189  -55.217  -24.257  58.604 0.0000000000
71395  -55.591  -24.314  56.702 0.0000000000
72530  -55.984  -22.953  56.541 0.0000000000
74836  -55.808  -21.350  56.576 0.0000000000
74848  -55.824  -21.681  56.601 0.0000000000
74868  -53.132  -21.386  53.789 0.0000000000
77019  -53.693  -20.176  53.759 0.0000000000
