#!ascii label  , from subject 3607 vox2ras=TkReg
439
96199  -21.280  -2.762  2.358 0.0000000000
92046  -17.675  -6.241  6.518 0.0000000000
92095  -24.278  -6.954  3.065 0.0000000000
86827  -20.773  -10.726  5.000 0.0000000000
107046  -24.313  8.486  2.403 0.0000000000
104247  -25.125  5.477  2.589 0.0000000000
100348  -18.774  1.667  2.965 0.0000000000
83431  -19.056  -14.452  6.555 0.0000000000
89899  -19.068  -8.969  5.420 0.0000000000
88793  -18.447  -10.165  6.613 0.0000000000
105157  -24.196  6.543  2.141 0.0000000000
104259  -21.639  5.119  1.800 0.0000000000
95187  -18.900  -3.114  4.495 0.0000000000
98232  -17.261  -0.518  5.166 0.0000000000
97223  -19.964  -0.876  2.617 0.0000000000
99349  -23.292  0.528  1.674 0.0000000000
98282  -24.082  -1.003  1.905 0.0000000000
96202  -24.751  -2.579  2.605 0.0000000000
93118  -16.857  -4.743  6.183 0.0000000000
94175  -19.684  -4.087  4.147 0.0000000000
94212  -22.293  -4.450  2.594 0.0000000000
92073  -20.819  -7.119  4.421 0.0000000000
88849  -22.680  -9.081  3.980 0.0000000000
85730  -23.664  -11.508  4.563 0.0000000000
102411  -18.466  3.438  3.461 0.0000000000
102440  -21.845  3.429  1.496 0.0000000000
102412  -25.499  3.583  3.153 0.0000000000
86786  -17.908  -11.774  7.611 0.0000000000
85725  -20.461  -12.682  5.545 0.0000000000
88791  -17.524  -8.612  7.255 0.0000000000
87744  -17.322  -10.067  7.818 0.0000000000
105154  -21.272  6.080  1.858 0.0000000000
105152  -19.581  6.136  2.695 0.0000000000
95239  -18.747  -3.863  1.761 0.0000000000
96182  -19.405  -2.216  3.660 0.0000000000
96216  -20.630  -2.181  2.238 0.0000000000
97239  -22.090  -1.408  1.558 0.0000000000
96219  -23.143  -2.198  1.728 0.0000000000
97225  -24.595  -1.562  2.555 0.0000000000
95244  -23.133  -2.792  2.076 0.0000000000
92029  -17.250  -5.789  6.686 0.0000000000
93120  -18.437  -5.143  5.514 0.0000000000
93133  -19.308  -5.117  4.779 0.0000000000
93167  -20.400  -5.455  4.130 0.0000000000
92058  -19.241  -6.252  5.236 0.0000000000
88829  -19.760  -9.479  5.325 0.0000000000
88818  -20.757  -8.751  4.496 0.0000000000
87803  -21.240  -9.889  4.379 0.0000000000
87794  -22.701  -9.908  4.030 0.0000000000
86829  -21.948  -10.805  4.222 0.0000000000
107044  -22.455  8.561  2.980 0.0000000000
107036  -22.008  8.918  3.604 0.0000000000
108054  -23.949  9.442  2.755 0.0000000000
109009  -24.344  10.318  2.853 0.0000000000
108056  -25.526  9.142  2.785 0.0000000000
105158  -25.157  6.527  2.420 0.0000000000
99319  -18.222  0.605  4.256 0.0000000000
100317  -17.521  1.640  4.615 0.0000000000
101382  -18.614  2.504  3.184 0.0000000000
102424  -20.411  3.476  2.155 0.0000000000
101401  -20.748  2.551  1.989 0.0000000000
99335  -24.382  1.118  2.073 0.0000000000
101424  -24.361  2.235  1.997 0.0000000000
101383  -25.904  2.637  3.427 0.0000000000
93170  -23.458  -5.840  2.655 0.0000000000
94214  -24.277  -4.859  2.352 0.0000000000
84548  -18.295  -14.016  7.497 0.0000000000
85700  -18.501  -12.737  6.718 0.0000000000
85701  -19.295  -12.639  6.216 0.0000000000
84571  -19.873  -13.320  5.973 0.0000000000
90947  -17.484  -7.308  6.879 0.0000000000
90932  -18.359  -7.786  6.247 0.0000000000
88803  -17.668  -8.278  6.952 0.0000000000
88805  -18.546  -9.454  6.052 0.0000000000
87767  -19.103  -10.676  5.650 0.0000000000
106082  -22.451  7.639  2.624 0.0000000000
106083  -23.720  7.558  2.333 0.0000000000
105156  -23.157  6.565  2.144 0.0000000000
104244  -22.720  5.672  2.153 0.0000000000
104261  -22.979  4.982  2.101 0.0000000000
95170  -16.575  -3.061  5.570 0.0000000000
96165  -17.758  -1.652  5.020 0.0000000000
97214  -18.300  -0.655  4.242 0.0000000000
98281  -19.656  -0.217  2.832 0.0000000000
100369  -21.178  1.576  2.007 0.0000000000
98295  -21.812  -0.458  1.505 0.0000000000
98297  -23.790  -0.461  1.710 0.0000000000
99322  -25.321  0.329  2.800 0.0000000000
98272  -25.111  -0.824  2.767 0.0000000000
81014  -20.715  -16.107  6.304 0.0000000000
82267  -20.838  -15.133  5.516 0.0000000000
95172  -18.117  -3.208  5.473 0.0000000000
94174  -19.213  -3.979  4.279 0.0000000000
94210  -20.091  -4.263  2.992 0.0000000000
95224  -22.244  -3.287  2.336 0.0000000000
93149  -20.904  -4.566  3.267 0.0000000000
93168  -21.213  -5.246  3.355 0.0000000000
92093  -22.655  -6.804  3.113 0.0000000000
90960  -20.156  -7.452  5.048 0.0000000000
90986  -21.674  -8.144  4.243 0.0000000000
91003  -22.846  -8.495  2.804 0.0000000000
88865  -23.427  -9.030  3.062 0.0000000000
87783  -24.131  -10.159  4.575 0.0000000000
107048  -25.841  8.193  2.904 0.0000000000
103356  -20.119  4.360  2.328 0.0000000000
103373  -22.106  4.263  1.740 0.0000000000
102425  -23.960  3.824  2.250 0.0000000000
101421  -22.322  2.480  1.606 0.0000000000
102443  -24.198  3.037  1.996 0.0000000000
103346  -25.275  4.556  2.824 0.0000000000
95226  -24.088  -3.525  2.227 0.0000000000
95227  -25.044  -3.762  2.638 0.0000000000
87730  -17.358  -11.124  8.088 0.0000000000
87746  -18.139  -11.304  7.349 0.0000000000
86799  -19.288  -11.321  5.907 0.0000000000
86801  -20.554  -11.750  5.460 0.0000000000
83460  -21.386  -14.271  4.935 0.0000000000
84585  -21.899  -13.532  4.810 0.0000000000
86816  -21.817  -11.550  4.700 0.0000000000
105151  -18.892  6.053  3.135 0.0000000000
95242  -20.168  -2.950  1.904 0.0000000000
96240  -20.001  -2.732  0.616 0.0000000000
96198  -20.807  -2.653  2.295 0.0000000000
96217  -21.403  -2.113  2.052 0.0000000000
96218  -22.224  -2.379  1.863 0.0000000000
95243  -22.726  -2.651  1.983 0.0000000000
92028  -16.871  -6.121  7.063 0.0000000000
92047  -18.585  -6.213  5.723 0.0000000000
87791  -20.160  -9.872  5.342 0.0000000000
87792  -20.758  -10.100  4.724 0.0000000000
86838  -21.682  -10.404  4.250 0.0000000000
86828  -21.342  -10.761  4.598 0.0000000000
107045  -23.277  8.613  2.751 0.0000000000
108055  -24.810  9.359  2.560 0.0000000000
104246  -24.554  5.556  2.312 0.0000000000
105144  -25.880  6.496  2.946 0.0000000000
105143  -25.414  6.022  2.719 0.0000000000
104232  -25.468  5.497  3.096 0.0000000000
99332  -18.583  1.052  3.350 0.0000000000
99305  -18.337  1.025  4.212 0.0000000000
100334  -18.422  1.620  3.615 0.0000000000
100333  -18.313  1.841  3.816 0.0000000000
101399  -19.213  2.556  2.732 0.0000000000
100349  -19.500  1.636  2.585 0.0000000000
100335  -25.553  1.570  3.297 0.0000000000
100352  -24.948  1.559  2.617 0.0000000000
92094  -23.571  -6.863  3.016 0.0000000000
93171  -24.308  -6.008  2.734 0.0000000000
82256  -19.618  -15.397  6.381 0.0000000000
83419  -18.595  -14.535  7.201 0.0000000000
84560  -18.498  -13.673  7.055 0.0000000000
84561  -19.123  -13.533  6.322 0.0000000000
83432  -19.864  -14.411  5.828 0.0000000000
89888  -17.414  -7.918  7.156 0.0000000000
89889  -17.850  -7.954  6.683 0.0000000000
88792  -17.997  -9.572  7.204 0.0000000000
88817  -18.981  -10.088  5.500 0.0000000000
88806  -18.686  -10.313  6.002 0.0000000000
105155  -22.176  6.405  2.288 0.0000000000
104243  -22.029  5.642  2.022 0.0000000000
104245  -23.614  5.491  2.219 0.0000000000
104260  -22.375  5.000  1.925 0.0000000000
96144  -17.775  -2.685  5.392 0.0000000000
96166  -18.126  -2.215  4.866 0.0000000000
97222  -19.573  -1.255  3.045 0.0000000000
97215  -18.967  -1.137  3.976 0.0000000000
98280  -19.112  -0.226  3.426 0.0000000000
98293  -20.275  -0.329  2.354 0.0000000000
98294  -20.859  -0.453  1.700 0.0000000000
97240  -23.021  -1.438  1.461 0.0000000000
98296  -22.783  -0.466  1.467 0.0000000000
98298  -24.318  0.143  1.972 0.0000000000
98283  -24.525  -0.534  2.212 0.0000000000
96201  -24.134  -2.359  2.318 0.0000000000
97216  -25.233  -1.682  2.986 0.0000000000
96183  -25.468  -2.639  2.971 0.0000000000
81000  -20.996  -16.755  6.825 0.0000000000
94158  -16.459  -4.129  5.938 0.0000000000
94159  -17.401  -4.121  5.782 0.0000000000
94191  -19.823  -3.448  3.353 0.0000000000
94192  -20.211  -3.806  3.518 0.0000000000
94193  -20.743  -4.012  3.264 0.0000000000
93135  -20.104  -4.197  3.975 0.0000000000
92090  -20.187  -6.017  4.520 0.0000000000
92091  -20.740  -6.189  4.183 0.0000000000
92092  -21.517  -6.723  3.592 0.0000000000
89890  -18.505  -8.231  6.045 0.0000000000
89891  -18.811  -7.734  5.700 0.0000000000
89900  -19.484  -8.210  5.232 0.0000000000
88832  -21.279  -8.878  4.309 0.0000000000
88819  -21.050  -8.629  4.400 0.0000000000
89928  -21.832  -8.547  4.208 0.0000000000
90987  -22.001  -7.764  3.771 0.0000000000
89930  -22.765  -8.721  3.202 0.0000000000
89944  -23.360  -8.892  2.651 0.0000000000
88850  -22.939  -8.989  3.322 0.0000000000
86818  -23.083  -10.749  4.125 0.0000000000
87782  -23.475  -9.982  4.206 0.0000000000
86819  -23.774  -10.764  4.437 0.0000000000
106084  -24.720  7.513  2.200 0.0000000000
107047  -25.190  8.394  2.354 0.0000000000
106085  -25.449  7.507  2.431 0.0000000000
97196  -15.944  -1.365  4.999 0.0000000000
103344  -17.471  4.587  4.327 0.0000000000
103345  -18.177  4.493  3.736 0.0000000000
103354  -18.861  4.428  3.277 0.0000000000
102439  -21.088  3.453  1.691 0.0000000000
103371  -20.800  4.303  1.989 0.0000000000
103374  -22.787  4.250  1.990 0.0000000000
102441  -22.596  3.393  1.728 0.0000000000
100370  -21.979  1.531  1.744 0.0000000000
100371  -22.813  1.498  1.684 0.0000000000
101402  -24.643  2.614  2.381 0.0000000000
101423  -23.847  2.358  1.905 0.0000000000
102427  -25.015  3.603  2.603 0.0000000000
102426  -24.523  3.710  2.295 0.0000000000
95225  -23.148  -3.597  2.256 0.0000000000
94213  -23.297  -4.683  2.309 0.0000000000
85689  -17.647  -12.492  7.899 0.0000000000
86785  -17.497  -11.700  7.991 0.0000000000
87745  -17.748  -10.694  7.635 0.0000000000
85710  -20.050  -12.511  5.941 0.0000000000
86792  -18.827  -11.765  6.394 0.0000000000
86793  -19.521  -11.960  6.116 0.0000000000
86800  -19.964  -11.674  5.704 0.0000000000
85711  -20.406  -12.211  5.618 0.0000000000
82268  -21.455  -15.068  5.201 0.0000000000
85727  -21.569  -12.467  4.992 0.0000000000
88777  -17.116  -9.305  7.759 0.0000000000
88778  -17.533  -9.872  7.638 0.0000000000
106080  -20.554  6.670  2.414 0.0000000000
106079  -20.057  6.450  2.488 0.0000000000
105153  -20.334  5.939  2.155 0.0000000000
105170  -20.844  5.552  1.802 0.0000000000
95201  -19.483  -3.511  3.180 0.0000000000
95188  -19.195  -2.638  4.154 0.0000000000
96196  -19.722  -2.978  2.629 0.0000000000
141543  -19.876  -2.184  2.086 0.0000000000
97237  -20.261  -1.633  2.199 0.0000000000
97238  -21.160  -1.422  1.725 0.0000000000
97241  -23.710  -1.487  1.736 0.0000000000
97224  -24.102  -1.505  2.150 0.0000000000
96220  -23.679  -2.199  2.012 0.0000000000
95245  -23.652  -2.878  2.204 0.0000000000
93098  -16.963  -5.612  6.773 0.0000000000
93119  -17.387  -5.180  6.197 0.0000000000
93147  -19.938  -5.145  4.385 0.0000000000
93146  -19.656  -5.677  4.726 0.0000000000
93165  -19.837  -5.826  4.678 0.0000000000
92072  -20.291  -6.697  4.896 0.0000000000
89912  -19.721  -9.008  5.166 0.0000000000
89913  -20.229  -8.856  4.809 0.0000000000
88830  -20.288  -9.432  4.991 0.0000000000
88831  -20.937  -9.394  4.430 0.0000000000
88847  -21.441  -9.664  4.284 0.0000000000
87806  -22.638  -9.556  4.015 0.0000000000
86839  -22.041  -10.228  3.989 0.0000000000
86830  -22.495  -10.344  4.050 0.0000000000
86817  -22.451  -11.352  4.325 0.0000000000
106070  -22.006  8.320  3.068 0.0000000000
107037  -22.686  9.082  3.162 0.0000000000
109011  -25.736  9.594  3.101 0.0000000000
105159  -25.626  6.982  2.557 0.0000000000
100293  -16.382  2.192  5.701 0.0000000000
101364  -16.968  2.570  4.738 0.0000000000
101365  -17.672  2.505  4.223 0.0000000000
102422  -19.047  3.462  2.997 0.0000000000
101400  -19.985  2.568  2.407 0.0000000000
101420  -21.512  2.510  1.633 0.0000000000
100372  -23.599  1.502  1.794 0.0000000000
100351  -24.546  1.621  2.182 0.0000000000
101403  -25.020  2.601  3.106 0.0000000000
94215  -24.985  -5.075  2.876 0.0000000000
84547  -17.824  -13.494  7.823 0.0000000000
84559  -18.186  -13.102  7.253 0.0000000000
85699  -18.064  -12.568  7.429 0.0000000000
86791  -18.282  -11.843  7.051 0.0000000000
84582  -20.307  -13.122  5.598 0.0000000000
92045  -16.919  -6.885  7.266 0.0000000000
90948  -18.161  -7.288  6.311 0.0000000000
88804  -18.023  -8.667  6.722 0.0000000000
88816  -19.207  -9.599  5.411 0.0000000000
87779  -19.350  -9.998  5.439 0.0000000000
87780  -19.691  -10.334  5.469 0.0000000000
106069  -21.504  7.850  3.460 0.0000000000
97197  -17.536  -1.163  5.096 0.0000000000
96167  -18.853  -2.164  4.303 0.0000000000
97198  -17.960  -1.093  4.689 0.0000000000
98251  -17.954  -0.322  4.376 0.0000000000
98270  -18.175  0.126  4.111 0.0000000000
99321  -18.692  0.467  3.489 0.0000000000
99333  -19.086  0.715  2.955 0.0000000000
100350  -20.343  1.613  2.284 0.0000000000
99334  -19.911  0.675  2.505 0.0000000000
99347  -21.486  0.555  1.699 0.0000000000
99348  -22.394  0.521  1.604 0.0000000000
99351  -24.368  0.470  2.016 0.0000000000
99336  -24.595  0.661  2.197 0.0000000000
98273  -25.927  -0.699  3.353 0.0000000000
90990  -24.343  -7.789  2.860 0.0000000000
81013  -20.162  -15.878  6.295 0.0000000000
82257  -20.367  -15.402  5.883 0.0000000000
83433  -20.438  -14.873  5.599 0.0000000000
95171  -17.287  -3.242  5.555 0.0000000000
94160  -18.333  -4.126  5.393 0.0000000000
94190  -19.337  -3.721  2.892 0.0000000000
94209  -19.553  -3.757  2.402 0.0000000000
95222  -20.302  -3.215  2.711 0.0000000000
95223  -21.080  -3.430  2.740 0.0000000000
94211  -21.398  -4.169  2.899 0.0000000000
93148  -20.387  -4.610  3.776 0.0000000000
93169  -22.451  -5.612  2.968 0.0000000000
90949  -18.673  -7.220  5.821 0.0000000000
90959  -19.537  -7.097  5.448 0.0000000000
92059  -20.448  -7.148  4.857 0.0000000000
89901  -20.318  -8.242  4.750 0.0000000000
90961  -20.657  -7.732  4.661 0.0000000000
92074  -21.276  -7.276  4.030 0.0000000000
90988  -22.846  -7.911  3.015 0.0000000000
90989  -23.684  -7.671  2.671 0.0000000000
91005  -23.825  -8.416  2.638 0.0000000000
89931  -24.269  -8.607  3.069 0.0000000000
87807  -22.871  -9.114  3.824 0.0000000000
88833  -23.442  -9.265  3.876 0.0000000000
104240  -19.200  5.315  2.968 0.0000000000
104241  -19.889  5.244  2.531 0.0000000000
104242  -20.551  5.104  2.153 0.0000000000
104258  -21.087  5.001  1.866 0.0000000000
103357  -23.463  4.433  2.230 0.0000000000
103358  -24.176  4.609  2.359 0.0000000000
101422  -23.102  2.435  1.833 0.0000000000
102442  -23.408  3.383  2.046 0.0000000000
103359  -24.863  4.592  2.346 0.0000000000
87729  -17.071  -10.504  8.251 0.0000000000
87758  -18.227  -10.303  7.147 0.0000000000
87759  -18.429  -10.927  6.874 0.0000000000
88794  -18.600  -10.564  6.396 0.0000000000
86813  -19.632  -11.000  5.536 0.0000000000
86814  -20.295  -11.023  5.356 0.0000000000
83444  -20.276  -13.728  5.439 0.0000000000
83458  -20.501  -13.404  5.354 0.0000000000
84584  -21.211  -13.264  5.061 0.0000000000
85726  -20.877  -12.428  5.319 0.0000000000
86815  -21.087  -11.495  5.131 0.0000000000
82258  -21.189  -15.640  5.861 0.0000000000
83445  -20.751  -14.509  5.272 0.0000000000
83446  -21.195  -14.661  5.055 0.0000000000
83459  -20.789  -13.716  5.179 0.0000000000
84583  -20.687  -13.105  5.321 0.0000000000
86831  -22.784  -10.148  4.051 0.0000000000
86840  -22.343  -9.966  3.998 0.0000000000
87760  -18.801  -10.918  6.172 0.0000000000
87781  -20.382  -10.366  5.256 0.0000000000
87790  -19.632  -9.854  5.436 0.0000000000
87793  -21.349  -10.231  4.396 0.0000000000
87795  -22.958  -9.666  4.019 0.0000000000
87804  -21.683  -9.945  4.160 0.0000000000
87805  -22.208  -9.705  4.049 0.0000000000
88820  -23.815  -9.494  4.197 0.0000000000
88848  -21.840  -9.274  4.168 0.0000000000
88851  -23.151  -9.098  3.464 0.0000000000
88852  -23.681  -9.021  3.338 0.0000000000
88863  -23.044  -9.035  2.757 0.0000000000
88864  -23.172  -9.097  2.969 0.0000000000
89876  -18.515  -7.847  6.031 0.0000000000
89877  -18.595  -7.633  5.920 0.0000000000
89902  -20.906  -8.299  4.530 0.0000000000
89911  -19.440  -9.256  5.323 0.0000000000
89914  -21.346  -8.419  4.360 0.0000000000
89929  -22.432  -8.578  3.777 0.0000000000
89943  -22.922  -8.810  2.750 0.0000000000
89945  -23.755  -8.869  2.907 0.0000000000
90933  -18.459  -7.623  6.092 0.0000000000
90970  -19.937  -6.686  5.273 0.0000000000
90971  -20.064  -6.980  5.357 0.0000000000
90972  -21.305  -7.780  4.291 0.0000000000
90973  -21.514  -7.415  3.889 0.0000000000
91004  -23.231  -8.372  2.577 0.0000000000
92060  -20.498  -7.373  4.770 0.0000000000
92071  -19.834  -6.234  4.946 0.0000000000
92089  -20.034  -5.957  4.616 0.0000000000
93134  -19.888  -4.504  4.246 0.0000000000
93166  -20.005  -5.649  4.500 0.0000000000
94176  -19.917  -4.057  4.063 0.0000000000
94189  -18.713  -3.938  2.549 0.0000000000
94207  -18.612  -4.077  1.896 0.0000000000
94208  -19.006  -4.370  2.248 0.0000000000
94228  -18.911  -4.023  1.681 0.0000000000
94229  -19.013  -4.104  1.723 0.0000000000
94230  -19.318  -4.157  1.910 0.0000000000
95200  -18.778  -3.595  2.521 0.0000000000
95202  -19.389  -2.904  3.832 0.0000000000
95203  -20.505  -3.447  3.043 0.0000000000
95204  -20.585  -3.654  3.154 0.0000000000
95219  -18.558  -3.687  2.074 0.0000000000
95220  -18.995  -3.273  2.286 0.0000000000
95221  -19.816  -3.367  2.121 0.0000000000
95240  -18.997  -3.476  1.562 0.0000000000
95241  -19.525  -3.564  1.695 0.0000000000
95252  -19.116  -3.060  0.941 0.0000000000
95253  -19.496  -3.355  0.984 0.0000000000
95254  -20.159  -3.256  1.031 0.0000000000
95261  -19.247  -2.796  0.722 0.0000000000
95262  -19.482  -3.011  0.630 0.0000000000
95263  -19.803  -3.202  0.637 0.0000000000
96181  -19.656  -2.841  3.255 0.0000000000
96197  -19.839  -2.252  2.699 0.0000000000
96200  -21.735  -2.923  2.352 0.0000000000
96214  -19.418  -2.699  1.800 0.0000000000
96215  -19.791  -2.560  2.295 0.0000000000
96226  -18.960  -2.907  1.241 0.0000000000
96227  -19.773  -2.317  0.934 0.0000000000
96228  -20.202  -2.461  1.421 0.0000000000
96238  -19.152  -2.420  1.022 0.0000000000
96239  -19.480  -2.610  0.625 0.0000000000
97177  -16.443  -1.576  5.329 0.0000000000
97199  -18.403  -1.471  4.405 0.0000000000
97251  -19.824  -2.296  1.589 0.0000000000
98249  -16.074  -1.216  5.013 0.0000000000
98250  -17.656  -0.263  4.681 0.0000000000
98269  -17.954  0.216  4.357 0.0000000000
98271  -18.522  -0.102  3.807 0.0000000000
99304  -17.907  0.755  4.553 0.0000000000
99320  -18.458  0.785  3.888 0.0000000000
99346  -20.701  0.601  2.108 0.0000000000
99350  -24.112  0.673  1.891 0.0000000000
100306  -16.788  1.599  5.283 0.0000000000
100318  -18.211  1.631  4.138 0.0000000000
100319  -18.413  1.268  3.973 0.0000000000
100373  -24.191  1.573  1.941 0.0000000000
101381  -18.219  2.391  3.734 0.0000000000
102423  -19.677  3.485  2.533 0.0000000000
103355  -19.449  4.401  2.751 0.0000000000
103372  -21.436  4.281  1.754 0.0000000000
104231  -18.535  5.408  3.456 0.0000000000
105171  -21.202  5.462  1.752 0.0000000000
141541  -19.701  -2.279  1.805 0.0000000000
141542  -19.806  -2.117  1.808 0.0000000000
141544  -19.964  -1.975  2.323 0.0000000000
