#!ascii label  , from subject 3607 vox2ras=TkReg
846
77573  -21.511  -19.699  9.483 0.4285714328
78678  -22.002  -18.832  9.557 0.2857142985
78679  -23.123  -18.732  10.056 0.4285714328
78664  -23.918  -18.336  10.119 0.4285714328
79772  -22.297  -17.906  9.469 0.2857142985
79773  -23.584  -17.503  9.670 0.4285714328
80979  -22.765  -16.349  8.222 0.4285714328
82246  -22.669  -15.566  6.881 0.4285714328
82247  -23.274  -15.415  7.615 0.4285714328
83434  -22.491  -14.702  5.797 0.5714285970
83420  -22.766  -14.973  6.640 0.5714285970
83421  -23.466  -14.538  6.980 0.4285714328
83422  -24.176  -13.950  7.121 0.2857142985
84562  -23.204  -13.647  5.979 0.7142857313
83436  -23.628  -14.016  6.582 0.7142857313
85690  -24.765  -12.547  6.632 0.7142857313
85691  -25.109  -12.212  7.102 0.4285714328
84563  -23.747  -13.400  6.048 0.7142857313
84549  -24.539  -12.986  6.744 0.5714285970
86787  -25.759  -11.133  6.899 0.5714285970
85702  -24.649  -12.419  6.031 0.5714285970
86794  -24.909  -11.779  5.786 0.5714285970
86795  -25.225  -11.211  5.973 0.5714285970
87747  -26.290  -10.512  7.012 0.4285714328
87761  -26.084  -10.125  6.178 0.5714285970
88796  -26.688  -9.156  6.535 0.5714285970
87784  -24.609  -9.811  4.829 0.7142857313
88795  -26.352  -9.367  5.941 0.7142857313
88808  -26.452  -8.977  5.820 0.7142857313
89862  -27.192  -8.462  7.033 0.5714285970
87769  -25.183  -10.075  5.358 0.5714285970
87782  -23.475  -9.982  4.206 0.5714285970
88822  -25.017  -9.135  4.628 0.8571428657
89878  -27.122  -8.083  6.422 0.7142857313
89879  -27.536  -7.898  6.957 0.5714285970
88835  -24.572  -9.014  4.116 0.7142857313
88834  -24.159  -9.012  3.747 0.5714285970
90950  -27.006  -6.995  5.351 0.7142857313
90935  -27.580  -7.258  6.525 0.5714285970
89892  -26.111  -8.353  5.144 0.7142857313
90934  -27.166  -7.495  5.941 0.7142857313
90951  -27.392  -6.856  5.969 0.5714285970
89904  -26.230  -8.055  5.004 0.7142857313
92032  -27.836  -6.330  6.368 0.5714285970
89903  -25.767  -8.176  4.552 0.5714285970
90963  -26.453  -7.501  4.794 0.7142857313
92048  -27.049  -6.325  5.214 0.7142857313
93121  -27.722  -5.277  5.595 0.7142857313
93104  -27.907  -5.674  6.051 0.7142857313
92076  -26.089  -6.213  4.125 0.7142857313
92062  -26.645  -6.248  4.590 0.7142857313
92063  -27.169  -5.844  5.249 0.7142857313
94161  -27.751  -4.599  5.299 0.7142857313
93122  -28.209  -5.087  6.062 0.5714285970
93151  -26.131  -5.636  4.019 0.7142857313
92096  -24.911  -7.175  3.232 0.5714285970
94162  -28.439  -4.354  5.721 0.5714285970
95178  -28.999  -3.465  6.019 0.5714285970
93136  -26.606  -4.966  4.547 0.8571428657
95177  -28.595  -3.415  5.347 0.7142857313
95191  -28.029  -3.382  4.765 0.7142857313
94178  -27.321  -4.194  4.884 0.7142857313
97182  -28.126  -1.746  4.931 0.8571428657
96150  -28.377  -2.527  5.158 0.5714285970
95207  -26.826  -3.207  3.839 0.8571428657
94177  -26.721  -4.114  4.399 0.8571428657
95190  -27.254  -3.389  4.297 0.8571428657
97202  -27.476  -1.473  4.426 0.8571428657
98255  -27.598  -0.456  4.419 0.8571428657
99308  -27.284  0.576  4.380 0.8571428657
96170  -27.804  -2.509  4.525 0.8571428657
98254  -26.864  -0.651  3.922 0.8571428657
98274  -26.497  -0.172  3.638 1.0000000000
99324  -26.832  0.092  3.758 1.0000000000
97201  -26.761  -1.719  3.952 0.8571428657
100336  -26.297  1.770  3.821 1.0000000000
101383  -25.904  2.637  3.427 0.7142857313
99307  -26.677  1.195  4.089 1.0000000000
99323  -26.283  0.575  3.652 1.0000000000
104233  -26.047  5.633  3.837 1.0000000000
103346  -25.275  4.556  2.824 0.8571428657
105144  -25.880  6.496  2.946 0.8571428657
105145  -26.659  6.506  3.576 1.0000000000
108045  -26.677  9.364  3.551 0.8571428657
107038  -26.549  8.467  3.603 0.8571428657
106071  -26.370  7.430  3.307 1.0000000000
109954  -26.284  10.918  3.459 0.8571428657
108995  -26.967  10.178  3.571 0.8571428657
109010  -25.296  10.214  3.062 0.5714285970
109969  -25.449  11.452  2.984 0.7142857313
109970  -26.378  11.887  2.925 0.5714285970
109967  -23.858  11.210  3.143 0.5714285970
109009  -24.344  10.318  2.853 0.5714285970
110896  -23.886  12.257  3.055 0.4285714328
111833  -24.748  13.680  2.399 0.4285714328
110876  -23.823  12.108  4.497 0.2857142985
110887  -23.602  11.941  3.767 0.2857142985
110864  -24.082  11.752  5.361 0.2857142985
96151  -28.772  -2.577  5.898 0.5714285970
94179  -28.102  -4.025  5.138 0.7142857313
98236  -28.212  -0.719  4.932 0.8571428657
99309  -27.906  -0.017  4.681 0.8571428657
108962  -24.324  10.907  6.949 0.1428571492
79771  -21.572  -18.180  9.344 0.2857142985
79817  -21.261  -16.859  7.613 0.2857142985
79799  -22.481  -17.017  8.880 0.2857142985
79800  -23.288  -16.691  8.842 0.4285714328
80981  -24.179  -16.046  8.725 0.4285714328
81001  -21.706  -16.527  7.066 0.2857142985
80978  -21.893  -16.570  8.004 0.4285714328
82224  -23.743  -15.655  8.095 0.4285714328
82259  -22.129  -15.585  6.128 0.5714285970
83435  -23.046  -14.090  6.210 0.5714285970
84573  -22.858  -13.508  5.572 0.2857142985
85703  -25.018  -11.942  6.204 0.4285714328
85730  -23.664  -11.508  4.563 0.5714285970
87748  -26.793  -10.082  7.627 0.4285714328
86819  -23.774  -10.764  4.437 0.7142857313
87783  -24.131  -10.159  4.575 0.7142857313
87762  -26.462  -9.977  6.839 0.5714285970
88807  -25.934  -9.044  5.410 0.7142857313
89893  -26.589  -8.196  5.582 0.7142857313
88833  -23.442  -9.265  3.876 0.5714285970
88821  -24.312  -9.377  4.390 0.5714285970
93105  -28.340  -5.477  6.564 0.5714285970
89915  -24.506  -8.680  3.436 0.5714285970
92016  -28.013  -6.727  6.888 0.5714285970
92061  -26.069  -6.505  4.157 0.7142857313
90974  -25.296  -7.565  3.793 0.8571428657
93137  -27.162  -5.182  5.072 0.7142857313
96169  -27.123  -2.499  3.969 1.0000000000
98273  -25.927  -0.699  3.353 1.0000000000
100335  -25.553  1.570  3.297 0.8571428657
102412  -25.499  3.583  3.153 0.7142857313
102413  -26.209  3.600  3.592 1.0000000000
102398  -26.853  3.627  4.087 1.0000000000
103347  -25.693  4.556  3.484 0.7142857313
103334  -26.333  4.500  4.026 1.0000000000
102427  -25.015  3.603  2.603 0.7142857313
107048  -25.841  8.193  2.904 0.8571428657
106072  -26.912  7.159  3.750 1.0000000000
108994  -26.065  10.017  3.358 0.7142857313
111823  -23.351  12.995  4.194 0.2857142985
111831  -23.586  12.916  3.555 0.4285714328
110898  -25.482  12.606  2.407 0.4285714328
111832  -23.888  13.479  3.051 0.4285714328
111813  -23.927  12.865  4.503 0.2857142985
85729  -23.085  -12.007  4.428 0.4285714328
110897  -24.573  12.474  2.623 0.7142857313
77574  -22.577  -19.800  9.743 0.4285714328
77575  -23.699  -19.841  9.920 0.4285714328
78677  -20.940  -18.668  9.250 0.2857142985
77558  -24.172  -19.082  10.133 0.4285714328
79798  -21.279  -17.516  8.629 0.2857142985
81016  -21.950  -16.156  6.672 0.2857142985
81002  -22.450  -16.074  7.261 0.4285714328
81003  -22.989  -15.942  7.884 0.4285714328
83448  -22.624  -14.145  5.681 0.2857142985
84574  -23.293  -12.979  5.539 0.5714285970
85714  -23.739  -12.405  5.194 0.5714285970
86802  -24.469  -11.331  5.132 0.5714285970
87768  -24.657  -10.442  5.026 0.5714285970
88779  -27.150  -9.043  7.415 0.5714285970
89916  -24.878  -8.528  3.795 0.5714285970
92049  -27.424  -6.188  5.688 0.7142857313
90991  -24.773  -8.013  3.263 0.7142857313
90962  -26.002  -7.094  4.206 0.8571428657
92075  -25.554  -6.450  3.814 0.8571428657
95189  -26.625  -3.723  4.008 0.8571428657
101403  -25.020  2.601  3.106 0.8571428657
109953  -25.729  10.584  3.352 0.7142857313
109968  -24.515  11.331  2.789 0.5714285970
109952  -23.420  10.988  3.645 0.4285714328
110847  -23.620  11.317  5.574 0.2857142985
109919  -24.034  11.396  6.211 0.1428571492
85713  -22.974  -12.747  5.110 0.2857142985
113614  -25.165  16.062  2.285 0.2857142985
113604  -25.668  16.007  3.359 0.1428571492
112737  -25.158  14.882  2.672 0.2857142985
112743  -25.461  15.068  1.876 0.2857142985
112729  -25.058  14.848  3.587 0.1428571492
112727  -23.489  13.846  4.249 0.1428571492
112736  -24.494  14.315  3.095 0.2857142985
112728  -24.015  14.351  3.829 0.1428571492
112744  -25.761  14.999  1.207 0.2857142985
110915  -28.157  13.428  0.857 0.2857142985
111845  -27.140  14.398  0.586 0.2857142985
113592  -25.687  15.319  4.103 0.1428571492
110900  -27.701  12.627  1.746 0.2857142985
111843  -25.871  14.056  1.575 0.2857142985
111842  -25.232  14.246  2.001 0.2857142985
109973  -29.482  11.669  2.200 0.1428571492
110913  -26.466  13.645  1.398 0.2857142985
109025  -31.336  9.978  1.576 0.1428571492
109013  -30.389  10.631  2.577 0.1428571492
110901  -28.716  12.458  1.698 0.4285714328
110899  -26.419  12.804  1.788 0.2857142985
108039  -29.522  9.510  4.507 0.2857142985
109956  -28.230  11.215  3.246 0.4285714328
109971  -27.399  11.912  2.607 0.2857142985
107022  -29.836  8.203  5.424 0.1428571492
108048  -29.925  10.150  3.926 0.2857142985
108047  -27.856  9.671  4.137 0.5714285970
109955  -27.226  11.128  3.440 0.7142857313
106054  -29.554  7.482  5.742 0.1428571492
107021  -29.124  8.395  5.517 0.1428571492
108031  -27.860  8.984  4.910 0.4285714328
104213  -29.718  5.491  5.968 0.2857142985
105121  -28.369  6.405  5.446 0.7142857313
108046  -27.357  9.460  3.904 0.7142857313
105132  -27.320  6.570  4.172 0.8571428657
106052  -27.753  7.406  4.923 0.8571428657
107028  -27.227  8.473  4.241 0.5714285970
103322  -29.297  4.263  6.069 0.2857142985
107019  -27.726  8.316  4.906 0.7142857313
106060  -26.730  7.865  3.885 0.8571428657
104211  -28.130  5.391  5.137 0.7142857313
103300  -29.585  3.613  6.306 0.1428571492
97224  -24.102  -1.505  2.150 0.5714285970
99322  -25.321  0.329  2.800 0.8571428657
101369  -27.283  2.871  4.205 0.8571428657
104222  -26.607  5.237  4.334 0.8571428657
102382  -29.208  3.196  6.230 0.2857142985
103320  -27.553  4.488  5.111 0.8571428657
104223  -27.338  5.463  4.588 0.8571428657
106061  -27.130  7.480  4.214 0.8571428657
101341  -30.190  2.610  6.769 0.4285714328
103321  -28.336  4.424  5.586 0.7142857313
96220  -23.679  -2.199  2.012 0.2857142985
98272  -25.111  -0.824  2.767 0.5714285970
98283  -24.525  -0.534  2.212 0.5714285970
101384  -26.679  2.719  3.797 0.8571428657
102399  -27.368  3.587  4.679 0.8571428657
103335  -26.891  4.466  4.602 0.8571428657
101354  -28.718  2.466  5.873 0.4285714328
101370  -27.600  2.556  4.900 0.8571428657
101355  -29.504  2.262  6.390 0.4285714328
93171  -24.308  -6.008  2.734 0.7142857313
94213  -23.297  -4.683  2.309 0.4285714328
93172  -25.074  -6.251  2.946 0.7142857313
94194  -25.732  -4.299  3.086 0.8571428657
95227  -25.044  -3.762  2.638 0.5714285970
95245  -23.652  -2.878  2.204 0.5714285970
95244  -23.133  -2.792  2.076 0.4285714328
95205  -25.781  -3.372  3.024 0.8571428657
96202  -24.751  -2.579  2.605 0.5714285970
97225  -24.595  -1.562  2.555 0.5714285970
96168  -26.582  -2.345  3.760 0.8571428657
97217  -25.855  -1.833  3.392 0.7142857313
97216  -25.233  -1.682  2.986 0.5714285970
99296  -28.258  0.518  5.264 0.7142857313
100324  -27.498  1.561  4.845 0.7142857313
99281  -29.832  0.662  6.865 0.2857142985
100311  -28.915  1.458  5.855 0.4285714328
92095  -24.278  -6.954  3.065 0.4285714328
93170  -23.458  -5.840  2.655 0.4285714328
94195  -26.272  -4.531  3.812 0.7142857313
96184  -26.109  -2.651  3.444 0.8571428657
99297  -29.186  0.490  6.089 0.2857142985
98237  -28.801  -0.361  5.706 0.5714285970
89931  -24.269  -8.607  3.069 0.4285714328
91003  -22.846  -8.495  2.804 0.5714285970
93150  -25.600  -5.369  3.416 0.7142857313
97183  -28.615  -1.475  5.727 0.4285714328
98223  -29.436  -0.590  6.798 0.4285714328
86818  -23.083  -10.749  4.125 0.5714285970
90921  -28.024  -7.391  7.161 0.4285714328
92033  -28.264  -6.123  6.911 0.4285714328
95159  -29.212  -3.539  6.717 0.4285714328
96115  -29.372  -2.901  7.344 0.4285714328
82203  -25.211  -15.283  9.028 0.1428571492
94130  -28.750  -4.885  6.943 0.4285714328
95143  -29.393  -3.724  7.369 0.4285714328
83403  -25.120  -13.981  7.983 0.1428571492
84536  -25.524  -13.071  8.034 0.1428571492
86788  -26.249  -11.152  7.563 0.2857142985
89853  -28.506  -8.360  8.747 0.2857142985
93045  -29.741  -5.736  9.195 0.2857142985
91969  -29.037  -6.918  8.857 0.2857142985
93067  -29.366  -5.668  8.467 0.2857142985
91996  -28.880  -6.618  8.252 0.2857142985
90922  -28.472  -7.453  7.782 0.2857142985
93088  -29.104  -5.259  7.941 0.2857142985
82226  -25.078  -14.721  8.332 0.1428571492
83377  -25.756  -14.076  8.802 0.1428571492
82248  -23.983  -14.794  7.573 0.1428571492
84537  -25.922  -12.884  8.433 0.2857142985
85676  -26.004  -12.214  8.041 0.2857142985
87732  -27.610  -10.127  8.749 0.2857142985
88767  -28.433  -8.983  9.193 0.2857142985
88766  -28.118  -9.221  8.663 0.2857142985
87749  -27.258  -10.005  8.206 0.2857142985
85659  -27.769  -12.354  9.872 0.2857142985
84513  -26.328  -12.979  8.962 0.2857142985
86762  -26.937  -11.701  8.933 0.2857142985
85657  -26.638  -12.094  8.717 0.2857142985
86777  -27.232  -10.769  8.677 0.2857142985
80953  -24.706  -16.020  9.213 0.1428571492
80952  -23.991  -16.547  9.089 0.2857142985
76491  -23.238  -20.654  9.398 0.2857142985
76490  -22.115  -20.726  9.070 0.2857142985
79774  -24.579  -16.953  9.709 0.2857142985
76492  -24.354  -20.525  9.341 0.1428571492
75409  -22.373  -21.069  8.705 0.2857142985
75425  -22.154  -21.348  8.393 0.1428571492
84512  -25.891  -13.266  8.570 0.1428571492
85658  -26.969  -12.232  9.324 0.2857142985
86763  -27.379  -11.239  9.254 0.2857142985
89829  -28.772  -8.361  9.512 0.2857142985
90883  -28.895  -7.540  9.180 0.2857142985
92017  -28.435  -6.533  7.466 0.4285714328
94109  -29.544  -4.657  8.426 0.2857142985
94214  -24.277  -4.859  2.352 0.7142857313
94131  -29.185  -4.592  7.547 0.4285714328
96183  -25.468  -2.639  2.971 0.5714285970
100310  -28.075  1.751  5.380 0.7142857313
104234  -26.949  5.790  3.915 0.8571428657
109011  -25.736  9.594  3.101 0.4285714328
108057  -26.078  9.120  3.178 0.5714285970
107039  -26.990  8.947  3.753 0.7142857313
100312  -29.549  1.308  6.398 0.2857142985
105120  -27.897  6.242  4.772 0.8571428657
107027  -26.803  8.276  3.911 0.8571428657
104212  -28.840  5.414  5.710 0.5714285970
108033  -29.248  8.996  5.150 0.4285714328
108038  -28.334  9.651  4.460 0.4285714328
112716  -25.133  14.485  4.535 0.1428571492
110902  -29.315  12.298  1.605 0.2857142985
109012  -29.594  10.879  2.951 0.1428571492
112745  -26.190  14.800  0.954 0.2857142985
78665  -24.517  -18.481  10.044 0.1428571492
83378  -26.657  -14.014  9.559 0.1428571492
83379  -27.363  -13.971  9.860 0.1428571492
85692  -25.738  -11.650  7.448 0.2857142985
87731  -27.147  -10.454  8.323 0.2857142985
88750  -28.687  -9.373  9.865 0.2857142985
91005  -23.825  -8.416  2.638 0.5714285970
88780  -27.545  -9.350  8.078 0.2857142985
92093  -22.655  -6.804  3.113 0.2857142985
94090  -29.712  -5.069  8.978 0.2857142985
95120  -30.106  -3.864  8.757 0.2857142985
94215  -24.985  -5.075  2.876 0.7142857313
95225  -23.148  -3.597  2.256 0.4285714328
95119  -29.639  -3.824  8.073 0.4285714328
97241  -23.710  -1.487  1.736 0.2857142985
94146  -28.630  -4.677  6.397 0.4285714328
98282  -24.082  -1.003  1.905 0.2857142985
97132  -29.733  -2.491  7.947 0.1428571492
97152  -29.528  -1.773  7.429 0.4285714328
97170  -28.925  -1.812  6.572 0.4285714328
98203  -29.786  -0.930  7.547 0.1428571492
100323  -26.959  1.900  4.381 0.8571428657
102381  -28.495  3.438  5.910 0.7142857313
102365  -30.563  3.290  6.565 0.2857142985
103301  -30.050  3.830  6.318 0.1428571492
102364  -29.807  3.156  6.553 0.4285714328
103323  -30.286  4.614  6.004 0.1428571492
106053  -28.654  7.443  5.627 0.5714285970
104214  -30.582  5.512  5.592 0.1428571492
105122  -29.158  6.488  5.960 0.1428571492
106055  -30.308  7.583  5.370 0.1428571492
112715  -24.123  14.001  4.578 0.1428571492
107020  -28.261  8.310  5.284 0.5714285970
105133  -30.688  6.929  5.161 0.1428571492
107029  -29.625  8.755  5.126 0.1428571492
109972  -28.432  11.872  2.433 0.2857142985
109957  -28.998  11.263  2.945 0.2857142985
108049  -30.627  9.584  3.516 0.1428571492
108058  -30.907  9.967  2.714 0.1428571492
109014  -31.058  10.176  2.217 0.1428571492
110916  -29.053  12.662  1.109 0.2857142985
109986  -29.771  12.129  1.185 0.1428571492
109987  -30.422  11.361  0.913 0.1428571492
77560  -25.536  -19.611  10.233 0.1428571492
80955  -26.232  -16.051  9.808 0.1428571492
90884  -29.262  -7.594  9.845 0.2857142985
109038  -31.066  10.382  0.649 0.1428571492
110932  -29.062  12.754  0.033 0.2857142985
76489  -21.119  -20.318  9.157 0.2857142985
77559  -24.902  -19.177  9.895 0.1428571492
79761  -24.595  -17.801  9.988 0.1428571492
82225  -24.329  -15.436  8.349 0.1428571492
84550  -24.834  -13.356  7.467 0.2857142985
85675  -25.513  -12.487  7.774 0.2857142985
95206  -26.302  -3.524  3.511 0.7142857313
99295  -27.768  1.085  4.981 0.7142857313
98253  -26.344  -1.370  3.652 0.8571428657
111834  -25.496  13.456  1.961 0.2857142985
82202  -24.737  -15.579  8.890 0.1428571492
93087  -28.653  -5.518  7.343 0.4285714328
111824  -23.460  13.623  3.741 0.2857142985
111856  -26.428  14.677  0.679 0.2857142985
110914  -27.079  13.519  1.252 0.2857142985
111844  -26.466  14.307  1.135 0.2857142985
109974  -30.265  11.364  1.744 0.1428571492
109024  -30.829  10.683  1.625 0.1428571492
108998  -30.012  10.459  3.409 0.1428571492
108040  -30.312  9.111  4.249 0.1428571492
108996  -28.042  10.191  3.839 0.5714285970
107031  -30.940  8.193  4.314 0.1428571492
108997  -29.149  10.518  3.688 0.2857142985
108983  -28.687  10.039  4.209 0.4285714328
108037  -27.690  9.299  4.361 0.7142857313
99336  -24.595  0.661  2.197 0.4285714328
102380  -27.823  3.531  5.365 0.8571428657
101353  -28.058  2.731  5.577 0.4285714328
92094  -23.571  -6.863  3.016 0.5714285970
95226  -24.088  -3.525  2.227 0.4285714328
96201  -24.134  -2.359  2.318 0.5714285970
95224  -22.244  -3.287  2.336 0.2857142985
90990  -24.343  -7.789  2.860 0.5714285970
90989  -23.684  -7.671  2.671 0.5714285970
93066  -28.837  -5.902  7.918 0.4285714328
94163  -29.030  -4.116  6.255 0.4285714328
96094  -29.613  -3.179  7.851 0.4285714328
96130  -29.059  -2.695  6.681 0.4285714328
86776  -26.800  -11.223  8.393 0.2857142985
90910  -28.693  -7.505  8.481 0.2857142985
89864  -28.448  -8.129  8.096 0.2857142985
91997  -29.357  -6.338  8.826 0.2857142985
89863  -27.929  -8.377  7.496 0.2857142985
89852  -28.185  -8.734  8.176 0.2857142985
82204  -26.420  -15.289  9.650 0.1428571492
88749  -28.191  -9.618  9.196 0.2857142985
75410  -22.821  -21.167  8.797 0.1428571492
111815  -24.764  13.857  4.976 0.1428571492
77576  -24.653  -19.782  9.734 0.1428571492
78666  -25.182  -18.491  10.146 0.1428571492
106085  -25.449  7.507  2.431 0.5714285970
104246  -24.554  5.556  2.312 0.4285714328
105158  -25.157  6.527  2.420 0.4285714328
105159  -25.626  6.982  2.557 0.5714285970
104247  -25.125  5.477  2.589 0.4285714328
106086  -25.865  7.336  2.758 0.4285714328
103359  -24.863  4.592  2.346 0.4285714328
104232  -25.468  5.497  3.096 0.5714285970
105143  -25.414  6.022  2.719 0.5714285970
100352  -24.948  1.559  2.617 0.5714285970
93037  -30.686  -5.889  10.758 0.1428571492
94091  -30.170  -4.906  9.593 0.1428571492
82283  -22.122  -14.630  4.861 0.2857142985
93003  -31.458  -6.456  12.559 0.1428571492
93026  -30.698  -6.461  11.152 0.1428571492
94047  -31.614  -5.616  12.553 0.1428571492
93038  -31.159  -5.502  11.283 0.1428571492
94048  -32.138  -4.721  12.698 0.1428571492
82269  -22.191  -15.009  5.145 0.2857142985
89830  -29.209  -8.425  10.150 0.1428571492
90868  -30.229  -7.757  11.088 0.1428571492
91952  -30.655  -6.998  11.467 0.1428571492
91907  -32.893  -6.656  13.596 0.1428571492
91953  -31.089  -7.032  12.114 0.1428571492
90858  -36.167  -7.343  11.448 0.1428571492
91928  -34.299  -6.089  12.874 0.1428571492
91929  -35.042  -5.843  12.155 0.1428571492
82267  -20.838  -15.133  5.516 0.2857142985
87719  -28.625  -10.424  10.316 0.1428571492
88721  -29.013  -9.741  10.586 0.1428571492
87718  -28.093  -10.350  9.577 0.1428571492
88751  -29.263  -9.105  10.463 0.1428571492
90855  -30.660  -7.880  11.956 0.1428571492
89808  -30.240  -8.628  11.335 0.1428571492
91905  -31.687  -7.548  13.352 0.1428571492
90811  -32.923  -7.484  13.761 0.1428571492
89776  -35.164  -7.511  12.517 0.1428571492
90833  -34.875  -6.893  12.711 0.1428571492
82258  -21.189  -15.640  5.861 0.2857142985
81014  -20.715  -16.107  6.304 0.2857142985
81000  -20.996  -16.755  6.825 0.2857142985
86736  -28.927  -11.366  10.638 0.1428571492
87692  -29.215  -10.463  10.935 0.1428571492
88722  -29.677  -9.496  11.069 0.1428571492
89772  -30.791  -8.893  12.564 0.1428571492
90810  -32.250  -7.918  13.767 0.1428571492
89775  -34.488  -8.011  12.735 0.1428571492
89744  -32.886  -8.375  13.535 0.1428571492
90869  -36.856  -7.573  10.481 0.1428571492
84515  -27.849  -13.104  9.877 0.1428571492
85635  -28.552  -12.153  10.310 0.1428571492
86737  -29.734  -11.344  11.279 0.1428571492
85637  -30.051  -12.102  11.218 0.1428571492
87659  -31.164  -10.322  12.771 0.1428571492
88688  -31.677  -9.609  13.267 0.1428571492
88704  -30.383  -9.579  12.170 0.1428571492
89742  -31.752  -9.089  13.724 0.1428571492
89797  -35.412  -8.200  12.187 0.1428571492
89774  -33.594  -7.869  13.306 0.1428571492
89798  -36.309  -8.411  11.419 0.1428571492
84492  -28.489  -13.242  10.219 0.1428571492
84514  -27.217  -13.173  9.693 0.1428571492
85613  -30.492  -12.394  11.724 0.1428571492
85612  -30.005  -12.570  11.227 0.1428571492
85636  -29.413  -12.448  10.809 0.1428571492
86712  -30.305  -11.281  12.184 0.1428571492
87661  -32.701  -10.274  12.589 0.1428571492
86696  -32.182  -11.161  12.539 0.1428571492
88689  -32.428  -9.636  13.113 0.1428571492
88690  -33.454  -9.112  12.684 0.1428571492
89796  -34.675  -8.560  12.350 0.1428571492
88659  -32.642  -9.043  13.398 0.1428571492
84472  -31.855  -13.505  12.238 0.1428571492
84470  -29.945  -13.281  11.321 0.1428571492
85596  -31.707  -11.879  12.493 0.1428571492
85614  -31.359  -12.641  12.247 0.1428571492
86697  -32.853  -10.987  12.233 0.1428571492
85597  -32.223  -11.756  12.357 0.1428571492
88706  -34.475  -9.245  11.957 0.1428571492
87662  -33.328  -10.329  12.036 0.1428571492
86713  -30.909  -11.972  12.488 0.1428571492
86694  -30.726  -10.806  12.666 0.1428571492
89809  -36.962  -8.640  10.793 0.1428571492
90870  -37.259  -8.171  10.321 0.1428571492
92983  -31.708  -6.733  13.226 0.1428571492
90832  -34.097  -7.049  13.156 0.1428571492
91970  -29.503  -6.650  9.531 0.1428571492
94082  -30.625  -5.001  10.298 0.1428571492
88707  -35.571  -9.298  11.746 0.1428571492
90886  -37.494  -7.799  9.646 0.1428571492
101402  -24.643  2.614  2.381 0.4285714328
90857  -35.596  -6.899  12.066 0.1428571492
91955  -36.001  -6.644  11.410 0.1428571492
93004  -33.587  -5.445  13.055 0.1428571492
95096  -30.550  -4.457  10.034 0.1428571492
94110  -30.005  -4.471  9.076 0.1428571492
107047  -25.190  8.394  2.354 0.4285714328
110951  -29.489  12.087  -0.723 0.1428571492
81015  -21.486  -16.228  6.400 0.2857142985
93046  -30.150  -5.765  9.914 0.1428571492
84491  -27.793  -13.590  9.952 0.1428571492
86764  -28.117  -11.302  10.109 0.1428571492
91959  -29.651  -6.993  10.219 0.1428571492
91971  -30.019  -6.409  10.247 0.1428571492
93027  -31.178  -6.130  11.673 0.1428571492
94020  -31.808  -6.099  13.022 0.1428571492
91960  -30.219  -6.864  10.774 0.1428571492
94021  -32.199  -5.554  13.153 0.1428571492
94083  -31.149  -4.968  10.972 0.1428571492
94070  -31.960  -4.342  11.988 0.1428571492
89807  -29.742  -8.514  10.725 0.1428571492
90867  -29.678  -7.671  10.485 0.1428571492
91927  -33.562  -6.347  13.313 0.1428571492
90831  -33.455  -7.071  13.520 0.1428571492
90856  -31.069  -7.544  12.393 0.1428571492
89795  -30.517  -8.775  11.969 0.1428571492
90830  -31.184  -8.101  12.749 0.1428571492
88723  -30.203  -9.277  11.592 0.1428571492
90809  -31.703  -8.381  13.506 0.1428571492
88703  -29.901  -9.802  11.710 0.1428571492
87693  -29.644  -10.399  11.502 0.1428571492
89773  -31.277  -8.953  13.189 0.1428571492
88687  -30.958  -9.618  12.755 0.1428571492
88691  -34.244  -8.685  12.356 0.1428571492
84493  -29.291  -13.479  10.754 0.1428571492
86738  -30.162  -11.791  11.576 0.1428571492
87674  -30.525  -10.334  12.499 0.1428571492
87660  -31.893  -10.375  12.861 0.1428571492
86695  -31.215  -11.176  12.775 0.1428571492
87673  -29.970  -10.381  12.073 0.1428571492
88705  -33.811  -9.767  11.980 0.1428571492
75423  -20.208  -21.272  8.656 0.1428571492
76502  -21.475  -20.894  8.742 0.1428571492
76501  -20.509  -20.427  8.843 0.1428571492
77572  -20.637  -19.605  9.142 0.1428571492
78693  -20.656  -18.157  8.706 0.1428571492
79796  -19.582  -17.846  8.185 0.1428571492
79815  -19.832  -17.142  7.649 0.1428571492
79797  -20.348  -17.754  8.228 0.1428571492
79816  -20.631  -17.135  7.576 0.1428571492
80999  -20.052  -16.376  6.882 0.1428571492
82245  -19.286  -15.791  6.981 0.1428571492
82255  -18.975  -15.152  6.863 0.1428571492
83433  -20.438  -14.873  5.599 0.1428571492
82257  -20.367  -15.402  5.883 0.1428571492
82268  -21.455  -15.068  5.201 0.1428571492
83460  -21.386  -14.271  4.935 0.1428571492
83447  -22.347  -14.227  5.125 0.1428571492
83444  -20.276  -13.728  5.439 0.2857142985
85728  -22.356  -12.518  4.810 0.2857142985
87806  -22.638  -9.556  4.015 0.4285714328
88865  -23.427  -9.030  3.062 0.4285714328
89944  -23.360  -8.892  2.651 0.4285714328
99335  -24.382  1.118  2.073 0.2857142985
101424  -24.361  2.235  1.997 0.2857142985
104245  -23.614  5.491  2.219 0.2857142985
105157  -24.196  6.543  2.141 0.4285714328
84571  -19.873  -13.320  5.973 0.1428571492
83458  -20.501  -13.404  5.354 0.2857142985
84572  -22.429  -13.409  5.006 0.1428571492
77586  -20.263  -19.625  8.762 0.1428571492
80998  -19.264  -16.423  7.450 0.1428571492
82256  -19.618  -15.397  6.381 0.1428571492
83431  -19.056  -14.452  6.555 0.1428571492
83432  -19.864  -14.411  5.828 0.1428571492
85725  -20.461  -12.682  5.545 0.2857142985
84585  -21.899  -13.532  4.810 0.2857142985
84584  -21.211  -13.264  5.061 0.2857142985
85726  -20.877  -12.428  5.319 0.2857142985
85727  -21.569  -12.467  4.992 0.2857142985
86817  -22.451  -11.352  4.325 0.4285714328
86830  -22.495  -10.344  4.050 0.4285714328
88847  -21.441  -9.664  4.284 0.2857142985
98298  -24.318  0.143  1.972 0.2857142985
100351  -24.546  1.621  2.182 0.2857142985
101423  -23.847  2.358  1.905 0.2857142985
102426  -24.523  3.710  2.295 0.2857142985
103357  -23.463  4.433  2.230 0.2857142985
103374  -22.787  4.250  1.990 0.2857142985
86816  -21.817  -11.550  4.700 0.2857142985
99351  -24.368  0.470  2.016 0.2857142985
100372  -23.599  1.502  1.794 0.2857142985
99349  -23.292  0.528  1.674 0.2857142985
101422  -23.102  2.435  1.833 0.2857142985
102441  -22.596  3.393  1.728 0.2857142985
102443  -24.198  3.037  1.996 0.2857142985
102425  -23.960  3.824  2.250 0.2857142985
103358  -24.176  4.609  2.359 0.2857142985
101421  -22.322  2.480  1.606 0.2857142985
102442  -23.408  3.383  2.046 0.2857142985
87794  -22.701  -9.908  4.030 0.4285714328
87807  -22.871  -9.114  3.824 0.4285714328
78676  -20.538  -19.009  9.062 0.1428571492
76488  -20.703  -20.158  9.118 0.1428571492
81013  -20.162  -15.878  6.295 0.1428571492
75424  -21.076  -21.408  8.454 0.1428571492
77585  -19.865  -19.623  8.473 0.1428571492
78692  -20.230  -18.780  8.642 0.1428571492
84582  -20.307  -13.122  5.598 0.2857142985
86839  -22.041  -10.228  3.989 0.4285714328
104261  -22.979  4.982  2.101 0.2857142985
86829  -21.948  -10.805  4.222 0.4285714328
102440  -21.845  3.429  1.496 0.2857142985
90987  -22.001  -7.764  3.771 0.2857142985
89930  -22.765  -8.721  3.202 0.2857142985
114445  -24.620  17.223  -3.343 0.1428571492
114446  -25.422  16.670  -3.417 0.1428571492
114443  -25.731  15.907  -1.994 0.1428571492
110931  -27.604  14.731  -1.118 0.1428571492
115270  -24.401  18.314  -3.903 0.1428571492
112771  -25.667  15.431  -0.598 0.1428571492
113625  -24.609  15.913  0.316 0.1428571492
114426  -24.054  17.221  0.506 0.1428571492
90988  -22.846  -7.911  3.015 0.2857142985
114447  -26.230  15.998  -2.896 0.1428571492
141670  -26.798  15.350  -2.054 0.1428571492
113628  -25.098  15.849  0.108 0.1428571492
114435  -23.624  16.209  -0.678 0.1428571492
114432  -23.943  15.745  0.244 0.1428571492
113620  -24.893  16.000  1.201 0.1428571492
141653  -26.377  14.910  0.041 0.1428571492
88850  -22.939  -8.989  3.322 0.2857142985
114442  -24.559  16.946  -2.662 0.1428571492
115267  -24.145  17.841  -3.218 0.1428571492
114444  -26.242  15.796  -2.488 0.1428571492
114440  -24.573  15.930  -0.796 0.1428571492
116131  -23.993  18.738  -3.552 0.1428571492
113627  -24.775  15.810  -0.218 0.1428571492
141668  -27.209  15.197  -2.350 0.1428571492
100370  -21.979  1.531  1.744 0.1428571492
100371  -22.813  1.498  1.684 0.1428571492
103356  -20.119  4.360  2.328 0.1428571492
104242  -20.551  5.104  2.153 0.1428571492
98297  -23.790  -0.461  1.710 0.1428571492
103373  -22.106  4.263  1.740 0.1428571492
105153  -20.334  5.939  2.155 0.1428571492
105154  -21.272  6.080  1.858 0.1428571492
106080  -20.554  6.670  2.414 0.2857142985
94212  -22.293  -4.450  2.594 0.1428571492
97239  -22.090  -1.408  1.558 0.1428571492
97240  -23.021  -1.438  1.461 0.1428571492
98296  -22.783  -0.466  1.467 0.1428571492
104260  -22.375  5.000  1.925 0.1428571492
105156  -23.157  6.565  2.144 0.1428571492
105155  -22.176  6.405  2.288 0.1428571492
106083  -23.720  7.558  2.333 0.2857142985
108044  -23.192  9.560  3.119 0.2857142985
108043  -22.648  9.572  3.622 0.2857142985
108992  -23.065  10.227  3.646 0.2857142985
112714  -23.767  13.444  4.494 0.1428571492
109918  -23.464  11.078  6.181 0.1428571492
106084  -24.720  7.513  2.200 0.2857142985
107046  -24.313  8.486  2.403 0.2857142985
108055  -24.810  9.359  2.560 0.2857142985
107045  -23.277  8.613  2.751 0.2857142985
107037  -22.686  9.082  3.162 0.2857142985
109008  -23.640  10.295  3.160 0.2857142985
110886  -23.434  11.381  3.922 0.1428571492
108991  -22.672  9.997  4.034 0.2857142985
110877  -24.288  12.421  4.820 0.1428571492
109933  -24.383  11.941  5.912 0.1428571492
107036  -22.008  8.918  3.604 0.1428571492
106081  -21.410  7.028  2.557 0.2857142985
109951  -23.293  11.076  4.083 0.1428571492
108981  -22.897  10.373  4.176 0.2857142985
110863  -23.588  11.368  4.981 0.1428571492
109942  -23.170  10.743  4.657 0.1428571492
106067  -19.862  6.912  2.810 0.2857142985
108980  -22.763  9.998  4.626 0.1428571492
108960  -22.761  10.396  7.036 0.1428571492
108972  -22.887  10.080  5.555 0.1428571492
105130  -18.421  6.591  4.907 0.1428571492
98224  -30.094  0.151  7.298 0.1428571492
96219  -23.143  -2.198  1.728 0.1428571492
98295  -21.812  -0.458  1.505 0.1428571492
101342  -30.958  2.570  6.768 0.1428571492
100369  -21.178  1.576  2.007 0.1428571492
101401  -20.748  2.551  1.989 0.1428571492
101420  -21.512  2.510  1.633 0.1428571492
104258  -21.087  5.001  1.866 0.1428571492
105152  -19.581  6.136  2.695 0.1428571492
104243  -22.029  5.642  2.022 0.1428571492
106082  -22.451  7.639  2.624 0.1428571492
107044  -22.455  8.561  2.980 0.1428571492
108030  -22.348  9.363  5.146 0.2857142985
109932  -23.266  10.840  5.643 0.1428571492
110875  -23.482  11.448  4.298 0.1428571492
100297  -30.272  1.718  6.898 0.1428571492
109943  -23.124  10.708  4.012 0.2857142985
110865  -24.623  12.396  5.463 0.1428571492
95243  -22.726  -2.651  1.983 0.1428571492
108056  -25.526  9.142  2.785 0.2857142985
104244  -22.720  5.672  2.153 0.1428571492
99348  -22.394  0.521  1.604 0.1428571492
102439  -21.088  3.453  1.691 0.1428571492
99347  -21.486  0.555  1.699 0.1428571492
103371  -20.800  4.303  1.989 0.1428571492
105170  -20.844  5.552  1.802 0.1428571492
104259  -21.639  5.119  1.800 0.1428571492
106079  -20.057  6.450  2.488 0.1428571492
108036  -22.285  9.581  4.247 0.1428571492
108054  -23.949  9.442  2.755 0.2857142985
85701  -19.295  -12.639  6.216 0.1428571492
85711  -20.406  -12.211  5.618 0.1428571492
86801  -20.554  -11.750  5.460 0.1428571492
87759  -18.429  -10.927  6.874 0.1428571492
88806  -18.686  -10.313  6.002 0.1428571492
88817  -18.981  -10.088  5.500 0.1428571492
86813  -19.632  -11.000  5.536 0.1428571492
88816  -19.207  -9.599  5.411 0.1428571492
87780  -19.691  -10.334  5.469 0.1428571492
86815  -21.087  -11.495  5.131 0.1428571492
89912  -19.721  -9.008  5.166 0.1428571492
87792  -20.758  -10.100  4.724 0.1428571492
86838  -21.682  -10.404  4.250 0.1428571492
88831  -20.937  -9.394  4.430 0.1428571492
87803  -21.240  -9.889  4.379 0.1428571492
89899  -19.068  -8.969  5.420 0.1428571492
89913  -20.229  -8.856  4.809 0.1428571492
88832  -21.279  -8.878  4.309 0.1428571492
90986  -21.674  -8.144  4.243 0.1428571492
92092  -21.517  -6.723  3.592 0.1428571492
93169  -22.451  -5.612  2.968 0.1428571492
106068  -20.635  7.174  3.120 0.1428571492
86814  -20.295  -11.023  5.356 0.1428571492
85700  -18.501  -12.737  6.718 0.1428571492
86792  -18.827  -11.765  6.394 0.1428571492
87767  -19.103  -10.676  5.650 0.1428571492
88849  -22.680  -9.081  3.980 0.1428571492
86793  -19.521  -11.960  6.116 0.1428571492
85710  -20.050  -12.511  5.941 0.1428571492
86828  -21.342  -10.761  4.598 0.1428571492
89928  -21.832  -8.547  4.208 0.1428571492
86800  -19.964  -11.674  5.704 0.1428571492
86799  -19.288  -11.321  5.907 0.1428571492
88793  -18.447  -10.165  6.613 0.1428571492
87779  -19.350  -9.998  5.439 0.1428571492
88829  -19.760  -9.479  5.325 0.1428571492
87791  -20.160  -9.872  5.342 0.1428571492
86827  -20.773  -10.726  5.000 0.1428571492
88830  -20.288  -9.432  4.991 0.1428571492
88818  -20.757  -8.751  4.496 0.1428571492
88804  -18.023  -8.667  6.722 0.1428571492
85699  -18.064  -12.568  7.429 0.1428571492
76503  -21.920  -20.973  8.669 0.2857142985
79760  -24.173  -17.996  10.065 0.2857142985
80980  -23.604  -16.062  8.312 0.4285714328
82282  -21.852  -14.748  4.850 0.2857142985
83402  -24.592  -14.508  7.808 0.1428571492
83423  -24.675  -13.956  7.618 0.1428571492
83445  -20.751  -14.509  5.272 0.1428571492
83446  -21.195  -14.661  5.055 0.1428571492
83459  -20.789  -13.716  5.179 0.2857142985
83461  -21.956  -14.350  4.801 0.2857142985
84583  -20.687  -13.105  5.321 0.2857142985
85712  -22.635  -13.063  5.092 0.2857142985
86711  -29.846  -10.880  11.790 0.1428571492
86803  -24.921  -10.797  5.333 0.5714285970
86831  -22.784  -10.148  4.051 0.4285714328
86840  -22.343  -9.966  3.998 0.4285714328
87781  -20.382  -10.366  5.256 0.1428571492
87790  -19.632  -9.854  5.436 0.1428571492
87793  -21.349  -10.231  4.396 0.1428571492
87795  -22.958  -9.666  4.019 0.5714285970
87804  -21.683  -9.945  4.160 0.1428571492
87805  -22.208  -9.705  4.049 0.4285714328
88657  -31.858  -9.373  13.636 0.1428571492
88658  -32.143  -9.316  13.646 0.1428571492
88820  -23.815  -9.494  4.197 0.5714285970
88848  -21.840  -9.274  4.168 0.1428571492
88851  -23.151  -9.098  3.464 0.4285714328
88852  -23.681  -9.021  3.338 0.4285714328
88863  -23.044  -9.035  2.757 0.4285714328
88864  -23.172  -9.097  2.969 0.4285714328
89743  -32.249  -8.710  13.772 0.1428571492
89911  -19.440  -9.256  5.323 0.1428571492
89929  -22.432  -8.578  3.777 0.2857142985
89932  -24.626  -8.438  3.341 0.5714285970
89943  -22.922  -8.810  2.750 0.4285714328
89945  -23.755  -8.869  2.907 0.4285714328
90829  -30.751  -8.398  12.326 0.1428571492
90972  -21.305  -7.780  4.291 0.1428571492
91004  -23.231  -8.372  2.577 0.5714285970
91906  -32.225  -7.053  13.704 0.1428571492
91926  -31.368  -7.222  12.738 0.1428571492
92984  -32.270  -6.296  13.399 0.1428571492
92985  -32.898  -5.862  13.376 0.1428571492
94022  -32.831  -5.121  13.125 0.1428571492
94147  -29.120  -4.284  6.830 0.4285714328
95076  -32.555  -4.208  12.203 0.1428571492
96185  -26.611  -2.847  3.672 1.0000000000
97200  -26.296  -1.982  3.697 0.8571428657
99350  -24.112  0.673  1.891 0.2857142985
100350  -20.343  1.613  2.284 0.1428571492
100373  -24.191  1.573  1.941 0.2857142985
103372  -21.436  4.281  1.754 0.1428571492
105171  -21.202  5.462  1.752 0.1428571492
107030  -30.338  8.524  4.812 0.1428571492
108032  -28.694  9.106  5.147 0.5714285970
108982  -28.376  9.946  4.147 0.5714285970
108993  -25.686  10.255  3.320 0.7142857313
109934  -24.593  12.171  6.001 0.1428571492
111802  -24.833  12.896  5.323 0.1428571492
112747  -25.892  15.159  0.625 0.2857142985
112757  -25.283  15.711  -0.172 0.1428571492
113621  -25.316  15.558  0.792 0.1428571492
113626  -25.314  15.639  0.415 0.1428571492
113641  -26.360  15.666  -2.311 0.1428571492
114434  -23.296  16.705  -1.150 0.1428571492
114436  -23.982  15.584  -0.161 0.1428571492
114439  -23.999  16.589  -1.537 0.1428571492
115266  -24.121  18.766  -2.295 0.1428571492
115268  -24.728  17.357  -3.645 0.1428571492
115271  -25.123  17.582  -4.059 0.1428571492
116132  -24.974  18.612  -3.657 0.1428571492
141656  -25.575  15.402  0.064 0.1428571492
141663  -27.186  15.030  -1.850 0.1428571492
141673  -26.658  15.644  -2.669 0.1428571492
