#!ascii label  , from subject 3607 vox2ras=TkReg
985
121783  41.082  27.209  45.109 0.0000000000
124462  43.750  31.993  47.779 0.0000000000
115993  46.202  19.718  44.772 0.0000000000
119754  37.763  24.631  45.317 0.0000000000
117548  40.831  21.305  43.071 0.0000000000
122479  44.583  28.533  40.355 0.0000000000
123806  39.420  30.968  45.883 0.0000000000
126358  41.167  34.345  41.343 0.0000000000
111845  47.170  14.504  45.640 0.0000000000
112689  43.917  16.123  40.678 0.0000000000
123093  44.954  29.715  45.941 0.0000000000
118281  45.071  22.735  45.637 0.0000000000
120418  46.501  25.734  49.246 0.0000000000
116726  45.818  20.117  48.464 0.0000000000
128354  44.338  37.381  38.504 0.0000000000
125166  46.549  31.989  40.512 0.0000000000
117571  43.721  21.090  40.669 0.0000000000
120455  39.670  25.760  44.893 0.0000000000
118286  38.979  22.669  45.145 0.0000000000
119047  40.667  23.369  45.453 0.0000000000
123114  42.440  29.495  43.559 0.0000000000
122440  39.955  28.316  43.965 0.0000000000
125756  37.725  34.145  43.541 0.0000000000
111033  50.116  13.289  45.009 0.0000000000
111876  49.354  14.234  42.581 0.0000000000
110146  50.694  12.495  42.599 0.0000000000
125814  45.186  33.321  35.105 0.0000000000
123772  45.282  30.555  47.741 0.0000000000
121764  45.994  27.474  48.424 0.0000000000
123043  45.436  29.009  50.323 0.0000000000
117471  42.046  21.965  49.594 0.0000000000
118259  44.708  22.363  49.267 0.0000000000
115962  43.777  19.697  48.112 0.0000000000
114290  46.251  17.190  48.488 0.0000000000
125131  42.837  32.704  44.323 0.0000000000
125161  43.276  32.357  41.280 0.0000000000
125751  45.515  33.366  43.845 0.0000000000
123808  46.483  30.866  44.296 0.0000000000
118299  47.030  21.947  44.211 0.0000000000
117557  45.883  22.128  42.420 0.0000000000
116771  45.839  20.505  41.866 0.0000000000
117564  38.367  21.660  42.215 0.0000000000
119078  38.928  22.743  40.285 0.0000000000
121183  46.637  26.313  38.070 0.0000000000
122531  42.624  28.265  37.854 0.0000000000
124464  41.851  31.637  47.239 0.0000000000
122389  43.154  28.684  50.182 0.0000000000
131150  41.015  41.700  44.404 0.0000000000
129747  43.675  39.240  42.931 0.0000000000
125753  39.998  33.300  43.950 0.0000000000
114313  45.764  17.466  45.646 0.0000000000
115182  43.923  18.372  44.031 0.0000000000
112653  45.555  14.726  43.765 0.0000000000
112698  47.975  15.915  39.577 0.0000000000
122429  43.188  28.268  46.116 0.0000000000
120439  43.018  25.620  46.294 0.0000000000
121118  44.541  26.513  47.428 0.0000000000
119737  46.235  24.690  47.126 0.0000000000
118261  47.248  22.131  46.481 0.0000000000
120391  44.909  25.821  50.830 0.0000000000
118257  46.549  22.468  48.311 0.0000000000
115978  46.673  19.448  46.604 0.0000000000
115161  47.319  17.802  47.404 0.0000000000
112615  48.452  15.576  47.669 0.0000000000
129097  46.672  38.491  37.276 0.0000000000
125201  42.669  32.245  36.246 0.0000000000
124548  43.103  31.662  38.705 0.0000000000
123186  46.622  29.709  38.078 0.0000000000
122460  47.116  29.063  40.894 0.0000000000
123112  44.699  29.450  43.358 0.0000000000
117529  43.420  21.610  44.253 0.0000000000
118320  42.715  22.474  41.558 0.0000000000
117590  40.747  21.311  39.846 0.0000000000
115202  42.861  18.878  41.575 0.0000000000
121134  40.232  26.588  44.790 0.0000000000
119752  39.983  24.341  45.337 0.0000000000
120441  41.390  25.385  45.347 0.0000000000
122434  41.220  28.180  44.861 0.0000000000
123115  41.198  29.257  43.549 0.0000000000
121786  40.722  27.702  44.739 0.0000000000
121135  39.525  26.498  44.714 0.0000000000
110121  51.395  12.431  45.739 0.0000000000
111044  50.780  12.799  44.249 0.0000000000
110137  51.477  11.861  43.937 0.0000000000
115211  38.256  18.639  40.230 0.0000000000
124477  44.868  32.586  47.231 0.0000000000
123755  45.321  30.302  48.773 0.0000000000
124446  44.801  31.030  49.237 0.0000000000
116730  41.389  20.623  48.627 0.0000000000
116729  42.505  20.650  48.481 0.0000000000
125707  43.085  33.647  46.259 0.0000000000
125736  44.538  33.536  44.787 0.0000000000
125705  44.780  33.672  46.880 0.0000000000
125115  45.865  33.029  45.681 0.0000000000
117524  47.005  21.587  44.617 0.0000000000
117542  46.874  21.553  43.325 0.0000000000
116010  46.476  20.103  43.105 0.0000000000
119051  36.356  23.492  45.292 0.0000000000
118288  36.887  22.686  45.231 0.0000000000
118303  39.559  21.910  44.692 0.0000000000
117533  39.051  21.456  43.994 0.0000000000
117563  39.337  21.859  42.351 0.0000000000
118323  38.768  21.792  41.525 0.0000000000
118321  39.865  22.156  41.736 0.0000000000
121832  45.694  27.396  39.208 0.0000000000
121858  44.716  26.847  37.559 0.0000000000
122513  43.939  28.120  38.771 0.0000000000
120457  37.948  25.673  45.044 0.0000000000
119766  36.889  25.015  45.021 0.0000000000
123794  40.808  31.550  46.572 0.0000000000
123063  40.879  30.265  48.693 0.0000000000
123064  40.252  29.846  48.730 0.0000000000
125119  38.121  32.298  44.977 0.0000000000
125742  38.722  33.448  44.175 0.0000000000
124497  39.953  31.909  45.682 0.0000000000
125116  41.115  33.015  45.769 0.0000000000
112636  46.510  15.087  46.035 0.0000000000
113479  45.214  15.811  45.228 0.0000000000
111856  46.717  14.278  44.930 0.0000000000
111895  50.157  14.436  40.538 0.0000000000
112673  48.089  15.350  41.441 0.0000000000
112697  48.921  15.530  39.292 0.0000000000
123095  43.578  28.510  46.166 0.0000000000
121779  43.380  27.189  46.663 0.0000000000
122423  44.329  27.860  47.232 0.0000000000
121102  46.507  26.424  49.000 0.0000000000
121116  45.817  26.290  48.114 0.0000000000
119733  46.552  24.684  47.995 0.0000000000
119030  46.623  23.712  46.929 0.0000000000
119028  46.680  23.629  47.716 0.0000000000
121083  43.308  26.828  49.750 0.0000000000
121746  44.369  27.188  50.491 0.0000000000
120398  43.758  25.830  49.984 0.0000000000
117487  44.575  21.540  48.741 0.0000000000
118258  45.608  22.278  49.108 0.0000000000
117486  45.789  21.262  48.719 0.0000000000
117485  46.610  20.981  48.086 0.0000000000
116725  46.560  19.791  47.999 0.0000000000
115162  46.789  18.325  46.991 0.0000000000
115152  47.142  18.313  47.741 0.0000000000
113445  47.230  16.158  48.752 0.0000000000
114288  47.869  16.684  48.383 0.0000000000
128352  46.186  38.263  38.169 0.0000000000
127664  44.837  36.230  36.889 0.0000000000
127000  43.378  35.938  37.085 0.0000000000
127613  42.481  37.229  42.267 0.0000000000
128310  43.990  37.614  42.300 0.0000000000
126357  42.062  34.947  41.230 0.0000000000
125159  45.678  32.469  41.293 0.0000000000
125169  43.771  32.454  40.514 0.0000000000
125173  44.632  31.731  39.790 0.0000000000
123846  44.741  30.685  38.495 0.0000000000
123831  46.677  30.344  39.214 0.0000000000
123169  47.406  29.234  39.497 0.0000000000
123821  47.106  30.218  40.295 0.0000000000
123804  45.572  30.517  45.484 0.0000000000
123813  46.133  30.072  43.806 0.0000000000
123097  45.084  29.729  44.931 0.0000000000
123103  44.398  29.433  44.256 0.0000000000
119748  44.051  24.412  46.105 0.0000000000
119045  43.031  23.580  45.810 0.0000000000
118282  43.942  22.778  45.500 0.0000000000
118338  45.415  22.083  40.736 0.0000000000
118318  44.536  22.369  41.750 0.0000000000
118340  43.723  22.022  40.752 0.0000000000
118342  41.596  22.083  40.374 0.0000000000
116799  41.717  20.860  39.920 0.0000000000
113495  43.362  16.582  42.532 0.0000000000
114337  43.142  17.702  42.536 0.0000000000
113502  42.731  17.124  40.900 0.0000000000
120444  38.598  25.134  45.200 0.0000000000
119049  38.392  23.551  45.398 0.0000000000
119048  39.506  23.451  45.395 0.0000000000
118285  40.138  22.547  45.147 0.0000000000
118302  40.653  21.896  44.580 0.0000000000
123140  43.501  29.284  41.677 0.0000000000
121136  38.480  26.550  44.748 0.0000000000
111843  48.641  14.368  45.810 0.0000000000
111866  48.461  13.928  43.696 0.0000000000
111046  49.467  13.537  44.064 0.0000000000
111885  50.569  13.582  41.617 0.0000000000
123793  45.319  30.638  46.528 0.0000000000
122422  44.913  28.283  47.610 0.0000000000
123062  45.539  29.519  48.307 0.0000000000
122403  46.009  28.440  48.811 0.0000000000
121745  46.518  27.324  49.946 0.0000000000
119009  42.277  23.728  49.583 0.0000000000
119008  43.451  23.815  49.936 0.0000000000
117470  43.059  22.122  49.266 0.0000000000
116727  44.760  20.412  48.468 0.0000000000
115961  44.744  19.241  48.264 0.0000000000
115144  46.093  18.106  48.494 0.0000000000
115145  45.058  18.233  48.259 0.0000000000
113447  45.426  16.416  48.291 0.0000000000
112616  45.523  15.094  48.019 0.0000000000
129062  45.628  38.718  40.328 0.0000000000
125155  41.433  32.452  42.562 0.0000000000
125171  42.063  32.870  41.108 0.0000000000
124512  43.219  31.922  43.052 0.0000000000
125153  44.613  32.324  42.592 0.0000000000
125151  46.427  32.895  42.176 0.0000000000
124515  47.101  32.126  42.550 0.0000000000
125128  46.390  32.912  44.462 0.0000000000
124494  45.933  31.821  45.826 0.0000000000
118280  46.161  22.608  45.439 0.0000000000
117527  45.489  22.093  44.348 0.0000000000
117543  46.347  22.127  43.525 0.0000000000
117569  46.506  21.852  41.086 0.0000000000
116781  44.749  20.889  40.986 0.0000000000
113519  45.768  16.399  38.976 0.0000000000
113521  43.401  16.764  39.096 0.0000000000
117566  36.525  20.804  42.747 0.0000000000
118304  38.449  22.012  44.683 0.0000000000
117551  37.490  21.386  43.133 0.0000000000
117565  37.153  21.033  42.368 0.0000000000
116783  38.034  20.372  41.446 0.0000000000
116795  38.676  20.541  40.841 0.0000000000
116802  39.532  20.333  40.022 0.0000000000
120514  45.791  25.402  36.610 0.0000000000
121211  43.521  26.582  36.000 0.0000000000
124463  42.796  31.714  47.526 0.0000000000
123757  43.690  31.213  49.063 0.0000000000
123751  42.296  30.395  49.174 0.0000000000
122390  42.035  28.702  49.721 0.0000000000
121749  41.587  27.708  49.524 0.0000000000
120400  41.854  25.763  49.190 0.0000000000
119010  41.150  23.590  49.524 0.0000000000
131134  43.033  41.242  44.364 0.0000000000
129018  42.150  38.948  43.327 0.0000000000
127626  40.183  36.237  41.592 0.0000000000
125765  40.347  33.352  41.956 0.0000000000
125739  41.304  33.332  44.805 0.0000000000
125708  42.384  33.465  46.086 0.0000000000
115179  46.015  18.990  45.360 0.0000000000
115188  45.225  19.138  44.253 0.0000000000
114322  44.680  17.566  44.822 0.0000000000
113488  44.179  16.038  43.944 0.0000000000
112664  44.866  15.346  42.429 0.0000000000
111878  47.208  14.491  42.888 0.0000000000
112674  46.996  15.492  41.472 0.0000000000
112687  45.891  15.687  40.377 0.0000000000
121782  42.029  27.162  45.622 0.0000000000
121124  41.664  26.316  45.466 0.0000000000
121780  42.736  27.167  46.153 0.0000000000
120433  43.735  25.703  46.546 0.0000000000
119739  44.246  24.873  46.352 0.0000000000
121117  45.267  26.602  47.863 0.0000000000
120431  45.539  25.393  47.221 0.0000000000
119031  46.013  23.755  46.355 0.0000000000
118268  46.291  23.009  46.108 0.0000000000
118266  47.143  22.108  45.588 0.0000000000
116748  46.972  21.005  45.856 0.0000000000
123045  44.324  28.957  50.508 0.0000000000
121076  45.369  26.676  50.980 0.0000000000
119700  46.310  25.254  50.279 0.0000000000
119007  44.766  23.911  50.309 0.0000000000
119006  45.782  23.842  49.964 0.0000000000
119005  46.323  24.213  49.504 0.0000000000
117495  47.096  21.727  47.362 0.0000000000
117494  47.269  21.320  46.737 0.0000000000
115986  46.421  19.615  45.700 0.0000000000
115170  46.262  18.532  46.023 0.0000000000
113471  46.676  16.757  46.599 0.0000000000
113463  47.289  16.457  46.889 0.0000000000
115142  47.659  17.311  48.237 0.0000000000
113462  47.868  16.353  47.390 0.0000000000
111836  48.182  14.876  46.551 0.0000000000
111842  49.111  14.330  46.200 0.0000000000
127010  46.229  35.524  36.453 0.0000000000
125217  43.478  32.170  35.215 0.0000000000
122546  44.075  28.969  36.172 0.0000000000
125768  42.356  33.549  40.504 0.0000000000
126368  42.270  34.504  38.270 0.0000000000
125785  42.258  33.409  37.698 0.0000000000
123201  44.504  29.588  37.365 0.0000000000
122528  45.815  28.448  37.156 0.0000000000
122526  47.730  28.036  37.976 0.0000000000
121830  47.420  27.536  39.254 0.0000000000
122462  45.890  28.613  41.138 0.0000000000
123109  47.392  29.989  42.897 0.0000000000
123121  46.024  29.295  42.479 0.0000000000
123139  44.505  29.043  41.811 0.0000000000
123113  43.641  29.624  43.466 0.0000000000
123100  42.392  28.612  45.352 0.0000000000
119750  42.165  24.494  45.609 0.0000000000
118284  41.534  22.274  45.101 0.0000000000
117530  42.185  21.437  44.274 0.0000000000
117545  44.188  21.832  43.346 0.0000000000
117546  43.092  21.540  43.262 0.0000000000
117561  41.577  21.600  42.224 0.0000000000
118332  41.019  22.333  40.973 0.0000000000
117591  40.079  21.404  40.042 0.0000000000
116002  44.840  19.562  43.126 0.0000000000
116013  43.682  19.994  42.111 0.0000000000
116020  43.179  19.785  41.160 0.0000000000
113510  42.703  17.238  40.064 0.0000000000
116030  41.716  19.737  39.779 0.0000000000
109237  49.755  11.553  43.280 0.0000000000
110162  49.576  12.437  41.423 0.0000000000
121125  40.776  26.249  45.029 0.0000000000
121784  40.553  26.837  44.896 0.0000000000
110128  51.448  12.361  44.736 0.0000000000
124461  44.545  31.920  47.760 0.0000000000
124453  44.757  31.323  48.581 0.0000000000
124454  44.105  31.578  48.486 0.0000000000
125091  43.462  32.965  47.167 0.0000000000
125706  43.831  33.929  46.669 0.0000000000
125698  44.460  33.522  47.232 0.0000000000
125101  44.883  33.133  47.118 0.0000000000
116756  46.667  20.598  44.295 0.0000000000
116000  46.359  20.010  43.849 0.0000000000
119050  37.325  23.560  45.383 0.0000000000
117532  40.158  21.408  43.974 0.0000000000
117549  39.717  21.436  43.100 0.0000000000
117562  40.425  21.737  42.170 0.0000000000
122495  45.162  28.101  39.592 0.0000000000
122512  44.679  27.911  39.059 0.0000000000
122496  44.211  28.401  39.597 0.0000000000
119765  37.404  25.251  45.045 0.0000000000
119755  36.742  24.331  45.205 0.0000000000
123795  40.051  31.146  46.326 0.0000000000
123760  40.464  30.488  48.126 0.0000000000
123777  39.761  30.608  47.275 0.0000000000
124498  38.894  31.334  45.474 0.0000000000
125118  39.261  32.714  45.087 0.0000000000
123805  39.613  31.286  45.788 0.0000000000
124481  40.578  31.754  46.097 0.0000000000
112683  49.756  14.730  40.026 0.0000000000
123094  44.236  28.861  46.337 0.0000000000
123083  44.685  28.734  47.021 0.0000000000
120419  46.351  25.944  48.678 0.0000000000
120425  46.397  25.361  48.581 0.0000000000
119731  46.455  24.825  48.972 0.0000000000
120399  42.843  26.022  49.511 0.0000000000
115970  46.849  19.212  47.462 0.0000000000
115959  46.710  18.771  48.163 0.0000000000
112606  47.338  15.302  48.785 0.0000000000
129076  45.796  38.824  39.272 0.0000000000
129088  46.038  38.593  38.713 0.0000000000
128353  45.330  38.126  38.701 0.0000000000
128366  44.932  37.344  37.836 0.0000000000
126978  41.509  35.600  41.423 0.0000000000
126977  42.249  35.847  41.373 0.0000000000
125167  46.029  32.098  40.541 0.0000000000
125168  44.954  31.958  40.412 0.0000000000
124529  45.751  31.673  40.063 0.0000000000
124534  46.060  31.157  39.670 0.0000000000
124533  46.581  31.089  39.938 0.0000000000
123822  46.786  30.787  40.018 0.0000000000
124527  46.919  31.498  40.517 0.0000000000
123098  44.243  29.198  45.222 0.0000000000
119044  44.283  23.767  45.896 0.0000000000
117582  44.269  21.519  40.712 0.0000000000
117583  43.184  21.396  40.366 0.0000000000
117584  42.174  21.474  40.121 0.0000000000
112677  43.882  15.915  41.505 0.0000000000
113501  43.161  16.710  41.453 0.0000000000
120443  39.411  25.120  45.107 0.0000000000
119753  38.938  24.375  45.345 0.0000000000
123124  42.922  29.626  42.492 0.0000000000
123125  41.688  29.444  42.507 0.0000000000
123107  40.272  28.546  44.059 0.0000000000
123126  40.459  29.193  42.532 0.0000000000
120456  38.941  25.804  44.975 0.0000000000
111024  49.221  14.105  45.469 0.0000000000
111035  49.075  14.007  44.839 0.0000000000
111034  49.583  13.664  44.831 0.0000000000
111053  50.705  12.941  43.053 0.0000000000
111054  50.409  13.464  43.032 0.0000000000
111059  50.708  13.040  41.852 0.0000000000
111067  50.647  13.335  40.944 0.0000000000
110177  50.617  13.011  41.142 0.0000000000
126375  46.585  35.053  35.925 0.0000000000
125812  46.824  33.900  35.011 0.0000000000
123082  45.160  29.382  47.163 0.0000000000
123051  45.516  29.557  49.374 0.0000000000
122387  45.938  28.538  49.802 0.0000000000
122402  46.372  27.952  49.558 0.0000000000
122378  45.982  27.781  50.470 0.0000000000
118241  42.759  22.864  49.619 0.0000000000
116728  43.631  20.607  48.423 0.0000000000
114291  45.235  17.301  48.331 0.0000000000
113454  44.457  16.441  47.786 0.0000000000
112608  45.668  15.750  48.269 0.0000000000
112617  44.778  15.456  47.716 0.0000000000
125132  41.779  32.747  44.283 0.0000000000
125147  42.354  32.257  43.278 0.0000000000
125752  44.682  33.013  43.887 0.0000000000
125152  45.401  32.617  42.289 0.0000000000
125758  46.193  33.420  43.190 0.0000000000
125143  46.612  32.844  43.323 0.0000000000
125750  46.218  33.481  44.034 0.0000000000
124476  45.173  31.696  47.077 0.0000000000
118300  46.630  22.233  44.322 0.0000000000
117526  46.117  22.372  44.598 0.0000000000
118311  46.813  22.044  43.795 0.0000000000
116770  46.636  20.762  42.460 0.0000000000
117556  46.552  21.725  42.185 0.0000000000
116779  46.461  21.109  41.435 0.0000000000
116788  46.213  21.314  40.748 0.0000000000
116772  44.856  20.532  41.651 0.0000000000
117552  36.254  20.944  43.269 0.0000000000
118287  37.891  22.715  45.199 0.0000000000
117550  38.630  21.411  43.107 0.0000000000
117534  37.937  21.596  43.959 0.0000000000
117577  37.586  20.944  41.953 0.0000000000
118334  39.143  21.902  40.960 0.0000000000
117575  38.875  21.542  41.060 0.0000000000
117585  39.019  21.361  40.735 0.0000000000
116794  39.025  20.809  40.459 0.0000000000
121193  46.900  26.107  37.247 0.0000000000
121194  46.150  25.882  37.407 0.0000000000
121859  43.770  27.342  37.274 0.0000000000
121196  44.704  26.539  37.099 0.0000000000
121877  43.607  26.889  36.429 0.0000000000
121860  42.195  27.885  36.909 0.0000000000
124478  42.409  32.206  46.971 0.0000000000
123758  42.852  31.046  48.507 0.0000000000
124456  42.011  31.344  47.825 0.0000000000
123055  41.308  29.732  49.275 0.0000000000
120420  41.087  26.003  48.949 0.0000000000
119713  41.643  24.604  49.295 0.0000000000
130458  41.389  41.262  43.573 0.0000000000
131149  41.877  41.801  44.317 0.0000000000
129727  41.911  39.216  43.975 0.0000000000
129036  41.009  38.298  43.153 0.0000000000
128320  41.415  37.300  42.170 0.0000000000
125754  39.273  33.429  43.620 0.0000000000
125761  39.175  33.584  42.625 0.0000000000
125766  39.427  33.942  41.919 0.0000000000
125760  39.962  33.218  43.087 0.0000000000
125149  40.468  32.927  43.644 0.0000000000
125134  40.402  33.124  44.151 0.0000000000
124479  41.829  32.286  46.551 0.0000000000
125104  41.806  33.074  46.182 0.0000000000
125103  42.656  32.969  46.600 0.0000000000
115171  45.789  18.314  45.411 0.0000000000
114321  45.374  17.853  45.195 0.0000000000
114314  45.065  17.182  45.283 0.0000000000
112645  44.982  15.268  44.560 0.0000000000
113480  44.635  16.276  44.763 0.0000000000
112654  44.750  15.320  43.613 0.0000000000
112655  44.210  15.705  43.211 0.0000000000
111867  47.424  14.126  43.770 0.0000000000
111877  48.307  14.513  42.646 0.0000000000
112685  48.045  15.670  40.458 0.0000000000
112686  46.986  15.685  40.475 0.0000000000
112675  45.906  15.495  41.461 0.0000000000
112700  46.251  15.982  39.439 0.0000000000
112699  47.041  15.965  39.548 0.0000000000
122430  42.498  28.036  45.768 0.0000000000
121777  43.998  27.241  47.195 0.0000000000
121120  43.872  26.443  46.905 0.0000000000
120432  44.618  25.653  46.955 0.0000000000
122404  45.591  28.094  48.186 0.0000000000
121765  45.334  27.451  48.077 0.0000000000
120430  46.037  25.342  47.540 0.0000000000
120427  45.680  25.855  47.732 0.0000000000
119738  45.317  24.798  46.630 0.0000000000
118262  46.952  22.811  47.138 0.0000000000
118267  46.827  22.943  46.050 0.0000000000
117500  47.212  21.524  46.059 0.0000000000
123750  43.238  30.499  49.538 0.0000000000
123053  43.888  29.571  50.291 0.0000000000
121077  44.629  26.685  50.721 0.0000000000
121740  44.758  27.607  50.720 0.0000000000
120390  45.779  25.765  50.821 0.0000000000
118240  44.007  22.843  49.679 0.0000000000
118239  45.231  23.037  49.684 0.0000000000
118238  46.169  23.231  49.308 0.0000000000
119026  46.511  23.837  48.641 0.0000000000
116736  47.107  20.513  47.132 0.0000000000
116735  47.228  20.944  46.805 0.0000000000
116740  46.825  20.369  46.182 0.0000000000
114306  47.096  17.383  46.935 0.0000000000
115143  47.075  17.845  48.329 0.0000000000
113452  48.462  15.704  48.044 0.0000000000
113453  48.304  16.211  47.869 0.0000000000
112626  48.224  15.487  47.253 0.0000000000
111835  48.621  14.771  46.743 0.0000000000
129827  46.158  39.474  37.740 0.0000000000
129098  44.788  39.231  37.370 0.0000000000
129837  46.353  39.088  37.080 0.0000000000
128378  46.180  36.945  36.974 0.0000000000
126377  43.380  34.314  36.142 0.0000000000
126394  43.884  34.218  35.689 0.0000000000
125816  42.999  32.710  35.757 0.0000000000
123882  43.478  30.510  35.339 0.0000000000
123883  43.085  30.671  35.977 0.0000000000
125162  42.414  32.552  41.409 0.0000000000
125769  41.916  33.533  41.043 0.0000000000
125170  42.627  32.857  40.620 0.0000000000
125175  43.002  32.482  39.529 0.0000000000
125771  42.608  33.533  39.937 0.0000000000
125776  42.281  33.421  38.921 0.0000000000
125183  42.449  32.394  38.336 0.0000000000
123845  46.030  30.314  38.111 0.0000000000
123855  44.978  29.953  37.866 0.0000000000
123854  45.681  29.826  37.658 0.0000000000
122529  45.101  28.734  37.099 0.0000000000
123199  46.233  29.381  37.683 0.0000000000
121855  47.462  27.312  37.241 0.0000000000
122527  47.037  28.571  37.645 0.0000000000
123154  47.343  29.270  40.248 0.0000000000
122492  47.507  28.485  39.914 0.0000000000
122476  47.026  28.577  40.502 0.0000000000
122477  46.365  28.410  40.446 0.0000000000
122461  46.645  28.819  41.040 0.0000000000
124508  47.172  31.296  43.143 0.0000000000
123815  47.477  30.624  42.374 0.0000000000
123811  47.255  30.889  43.072 0.0000000000
123111  45.654  29.532  43.236 0.0000000000
123110  46.584  29.677  43.132 0.0000000000
123138  45.464  28.936  41.829 0.0000000000
123122  45.063  29.252  42.553 0.0000000000
123123  44.065  29.475  42.541 0.0000000000
123099  43.179  28.756  45.524 0.0000000000
123104  43.308  29.334  44.487 0.0000000000
120440  42.333  25.483  45.753 0.0000000000
118283  42.787  22.581  45.431 0.0000000000
117515  42.719  21.827  44.968 0.0000000000
117544  45.284  21.871  43.373 0.0000000000
117528  44.491  21.871  44.281 0.0000000000
117558  44.912  22.038  42.456 0.0000000000
118319  43.532  22.503  41.718 0.0000000000
117559  43.836  22.098  42.463 0.0000000000
117560  42.690  22.008  42.292 0.0000000000
117572  42.083  22.166  41.721 0.0000000000
117573  41.289  22.077  41.578 0.0000000000
117589  41.408  21.395  39.942 0.0000000000
118348  40.978  21.959  39.976 0.0000000000
116801  40.494  20.396  39.556 0.0000000000
115181  44.614  18.436  44.424 0.0000000000
115189  44.629  19.090  43.875 0.0000000000
115195  43.289  18.819  42.389 0.0000000000
113522  42.471  17.311  39.105 0.0000000000
121126  40.119  26.076  44.826 0.0000000000
120442  40.352  25.319  45.050 0.0000000000
119751  41.061  24.394  45.409 0.0000000000
123105  42.006  29.018  44.698 0.0000000000
123106  40.807  28.759  44.247 0.0000000000
122435  40.407  28.112  44.394 0.0000000000
122436  39.791  27.846  44.147 0.0000000000
121787  40.182  27.270  44.593 0.0000000000
111032  50.718  12.821  45.332 0.0000000000
110138  51.254  12.240  43.662 0.0000000000
109235  51.284  11.882  43.706 0.0000000000
124452  45.203  30.939  48.410 0.0000000000
123756  45.121  30.878  48.923 0.0000000000
123052  44.911  29.834  50.120 0.0000000000
117489  42.248  21.415  48.920 0.0000000000
115971  43.741  18.935  47.816 0.0000000000
125720  42.761  33.560  45.604 0.0000000000
125737  43.338  33.353  44.959 0.0000000000
125719  43.708  33.812  45.700 0.0000000000
125718  44.706  33.964  45.872 0.0000000000
125735  45.838  33.771  44.958 0.0000000000
125717  45.356  33.620  46.146 0.0000000000
125100  45.324  32.948  46.620 0.0000000000
118298  47.061  21.747  44.411 0.0000000000
117525  46.974  21.355  44.097 0.0000000000
116763  46.845  20.693  43.451 0.0000000000
116011  45.859  20.014  42.670 0.0000000000
118322  39.187  22.114  41.628 0.0000000000
118333  39.938  22.409  40.983 0.0000000000
121844  46.177  26.779  38.700 0.0000000000
121184  45.901  26.451  38.014 0.0000000000
121845  44.986  27.285  38.292 0.0000000000
121846  44.010  27.645  38.161 0.0000000000
122530  43.455  28.008  38.159 0.0000000000
120458  37.055  25.677  44.801 0.0000000000
119767  36.369  24.797  44.988 0.0000000000
124465  41.350  31.663  46.756 0.0000000000
123775  41.579  31.258  47.733 0.0000000000
123776  40.898  31.204  47.357 0.0000000000
125743  37.832  33.647  44.117 0.0000000000
125136  38.388  33.074  44.614 0.0000000000
125135  38.954  33.237  44.663 0.0000000000
125723  40.036  33.236  45.039 0.0000000000
125722  40.813  33.292  45.225 0.0000000000
125117  40.327  32.815  45.454 0.0000000000
124480  41.179  31.966  46.241 0.0000000000
113472  45.911  16.255  45.994 0.0000000000
113473  45.278  16.604  45.428 0.0000000000
112644  45.644  14.813  45.105 0.0000000000
111887  49.299  14.638  41.562 0.0000000000
111888  48.501  14.967  41.822 0.0000000000
111896  49.453  14.804  40.692 0.0000000000
112684  49.018  15.186  40.321 0.0000000000
122427  43.086  27.761  46.294 0.0000000000
122426  43.764  28.022  46.625 0.0000000000
121104  45.732  26.874  48.225 0.0000000000
121103  46.165  26.559  48.530 0.0000000000
120426  46.206  25.646  48.081 0.0000000000
119734  46.305  25.098  47.659 0.0000000000
119736  46.578  24.194  47.408 0.0000000000
121747  43.870  27.707  50.248 0.0000000000
121082  44.100  26.727  50.231 0.0000000000
120392  44.367  25.527  50.468 0.0000000000
113446  46.344  16.338  48.563 0.0000000000
114289  47.133  16.963  48.496 0.0000000000
113444  48.088  15.875  48.540 0.0000000000
129815  45.205  39.470  38.808 0.0000000000
129813  46.338  39.265  38.256 0.0000000000
128365  45.974  37.606  37.636 0.0000000000
127654  45.377  36.871  37.223 0.0000000000
127665  44.204  36.257  37.010 0.0000000000
126378  42.846  34.271  36.577 0.0000000000
128311  42.908  37.705  42.423 0.0000000000
129033  43.441  38.390  42.694 0.0000000000
127612  43.061  36.975  42.221 0.0000000000
127623  43.051  36.387  41.502 0.0000000000
125160  44.450  32.196  41.568 0.0000000000
125174  44.074  32.048  39.788 0.0000000000
124537  43.696  31.845  39.211 0.0000000000
124546  44.677  31.220  39.018 0.0000000000
123832  45.651  30.830  38.998 0.0000000000
123844  46.655  29.968  38.429 0.0000000000
123185  47.070  29.398  38.426 0.0000000000
123170  47.243  29.597  39.052 0.0000000000
123135  47.334  29.500  40.983 0.0000000000
123812  46.918  30.473  43.552 0.0000000000
123809  45.774  30.307  44.593 0.0000000000
123102  45.358  29.589  44.067 0.0000000000
119749  43.297  24.659  46.114 0.0000000000
117514  43.700  21.946  45.097 0.0000000000
118317  45.491  22.316  41.679 0.0000000000
118328  45.082  22.311  41.141 0.0000000000
118329  44.154  22.380  41.156 0.0000000000
118330  43.182  22.523  41.032 0.0000000000
118331  42.089  22.423  41.057 0.0000000000
118341  42.694  22.101  40.516 0.0000000000
114330  43.478  17.573  43.445 0.0000000000
114345  42.786  17.821  41.700 0.0000000000
122464  44.046  28.837  41.061 0.0000000000
122480  43.638  28.734  40.332 0.0000000000
123141  42.285  29.280  41.343 0.0000000000
121788  39.041  27.409  44.251 0.0000000000
125137  37.474  33.007  44.638 0.0000000000
124482  38.662  30.881  45.850 0.0000000000
111844  47.858  14.565  45.856 0.0000000000
111855  47.652  14.071  44.817 0.0000000000
111854  48.429  14.033  44.877 0.0000000000
111047  48.921  13.710  44.165 0.0000000000
111045  50.161  13.314  43.918 0.0000000000
111875  50.139  13.794  42.541 0.0000000000
111886  50.103  14.104  41.560 0.0000000000
111894  50.684  13.859  40.745 0.0000000000
122421  45.541  28.755  47.983 0.0000000000
121763  46.474  27.284  49.082 0.0000000000
121081  46.592  26.555  49.642 0.0000000000
120396  46.563  25.911  49.993 0.0000000000
119712  42.879  24.913  49.622 0.0000000000
117469  43.952  22.069  49.140 0.0000000000
117488  43.332  21.437  48.772 0.0000000000
115960  45.898  19.062  48.425 0.0000000000
112607  46.372  15.409  48.513 0.0000000000
111818  46.732  14.747  48.502 0.0000000000
129063  45.354  38.395  40.071 0.0000000000
125164  40.900  32.707  42.168 0.0000000000
125764  41.194  33.450  41.440 0.0000000000
125163  41.486  32.780  41.625 0.0000000000
125154  42.234  32.331  42.168 0.0000000000
124523  43.548  32.030  41.970 0.0000000000
125130  43.890  32.788  44.260 0.0000000000
124516  44.115  32.096  42.855 0.0000000000
124522  44.093  32.080  42.307 0.0000000000
125158  46.589  32.391  40.988 0.0000000000
124521  47.157  32.057  41.511 0.0000000000
124509  46.943  31.654  43.585 0.0000000000
125129  46.129  33.114  45.105 0.0000000000
124505  46.465  31.854  44.883 0.0000000000
124506  46.119  31.048  45.053 0.0000000000
119043  45.440  23.347  45.968 0.0000000000
117512  45.672  22.312  45.091 0.0000000000
118316  46.194  22.186  41.602 0.0000000000
117580  45.934  21.833  40.511 0.0000000000
116789  45.515  21.257  40.626 0.0000000000
117570  44.296  21.114  40.840 0.0000000000
113508  44.654  16.195  39.864 0.0000000000
113509  43.577  16.656  40.167 0.0000000000
113520  44.535  16.564  39.058 0.0000000000
116775  36.258  20.340  42.680 0.0000000000
118305  37.374  22.125  44.640 0.0000000000
117535  36.766  21.655  43.973 0.0000000000
116774  36.853  20.645  42.336 0.0000000000
116785  36.717  20.170  42.315 0.0000000000
116784  37.240  20.466  42.039 0.0000000000
117576  38.403  21.220  41.485 0.0000000000
116803  38.822  19.944  40.413 0.0000000000
121209  45.115  25.837  36.840 0.0000000000
120516  44.200  25.670  35.892 0.0000000000
122497  43.246  28.644  39.573 0.0000000000
122514  42.866  28.471  38.768 0.0000000000
123773  43.553  31.413  48.360 0.0000000000
123774  43.281  31.433  47.977 0.0000000000
123054  42.622  29.639  49.798 0.0000000000
123759  41.596  30.818  48.371 0.0000000000
121748  42.712  27.761  49.781 0.0000000000
121084  42.252  26.812  49.416 0.0000000000
118242  41.657  22.743  49.705 0.0000000000
130457  43.035  40.613  44.022 0.0000000000
129707  42.529  40.439  44.847 0.0000000000
129726  42.718  39.939  43.733 0.0000000000
129748  42.874  39.042  43.008 0.0000000000
128312  41.925  37.654  42.370 0.0000000000
127625  40.975  36.341  41.605 0.0000000000
126979  40.526  35.424  41.430 0.0000000000
126346  37.959  34.355  42.992 0.0000000000
126980  39.424  35.567  41.643 0.0000000000
126359  39.972  34.490  41.576 0.0000000000
125156  40.644  32.750  42.794 0.0000000000
125148  41.216  32.568  43.498 0.0000000000
125721  41.770  33.384  45.533 0.0000000000
125102  43.267  33.441  46.690 0.0000000000
115994  45.787  19.485  44.256 0.0000000000
115180  45.459  18.705  44.841 0.0000000000
114323  43.982  17.534  44.208 0.0000000000
113481  44.189  16.771  44.291 0.0000000000
113489  43.731  16.485  43.522 0.0000000000
112665  44.006  15.760  42.451 0.0000000000
112676  44.834  15.509  41.441 0.0000000000
111868  46.416  14.351  43.888 0.0000000000
111879  46.370  14.601  43.000 0.0000000000
112661  47.845  14.977  42.253 0.0000000000
112662  47.057  15.043  42.274 0.0000000000
112663  45.858  14.959  42.487 0.0000000000
112688  44.751  15.822  40.597 0.0000000000
113507  45.455  15.935  39.819 0.0000000000
122431  41.719  27.827  45.377 0.0000000000
121123  42.480  26.366  45.938 0.0000000000
121121  43.147  26.411  46.474 0.0000000000
119740  43.559  25.211  46.345 0.0000000000
119032  44.979  24.183  46.155 0.0000000000
121776  44.653  27.335  47.691 0.0000000000
120428  45.130  25.979  47.471 0.0000000000
119042  45.983  23.091  46.090 0.0000000000
118279  46.879  22.316  45.046 0.0000000000
118278  47.095  21.915  44.821 0.0000000000
117509  46.961  21.467  45.260 0.0000000000
116749  46.659  20.587  45.244 0.0000000000
123749  44.299  30.638  49.657 0.0000000000
123044  44.734  29.094  50.602 0.0000000000
121741  44.345  28.119  50.495 0.0000000000
122381  44.582  28.478  50.609 0.0000000000
122380  45.181  28.353  50.697 0.0000000000
121739  45.680  27.541  50.714 0.0000000000
121075  46.270  26.608  50.518 0.0000000000
119708  46.414  25.119  49.898 0.0000000000
119711  44.050  24.800  50.369 0.0000000000
119710  44.795  24.667  50.497 0.0000000000
118997  45.553  24.464  50.337 0.0000000000
119709  46.123  24.499  50.098 0.0000000000
114312  46.409  17.479  46.399 0.0000000000
113464  46.633  16.038  46.550 0.0000000000
112635  47.242  15.002  46.253 0.0000000000
115151  47.564  17.624  47.845 0.0000000000
114296  48.004  17.011  47.847 0.0000000000
114305  47.621  17.172  47.386 0.0000000000
112627  47.663  15.464  46.776 0.0000000000
111023  49.541  13.805  45.681 0.0000000000
111022  49.922  13.401  46.107 0.0000000000
126392  45.818  34.460  35.703 0.0000000000
127011  45.237  35.606  36.502 0.0000000000
126393  44.585  34.210  35.619 0.0000000000
125216  44.251  32.701  34.982 0.0000000000
124576  43.425  31.349  35.191 0.0000000000
123218  43.693  29.484  35.814 0.0000000000
122545  44.777  28.394  36.465 0.0000000000
128328  45.120  37.980  40.565 0.0000000000
128340  44.472  37.673  39.395 0.0000000000
126364  41.945  34.254  41.114 0.0000000000
126363  42.395  34.374  40.542 0.0000000000
127639  43.078  36.430  39.582 0.0000000000
127647  42.948  36.479  38.502 0.0000000000
127001  42.806  35.683  37.504 0.0000000000
126370  42.506  34.390  37.149 0.0000000000
125192  42.349  32.363  37.176 0.0000000000
124555  43.442  31.085  38.229 0.0000000000
123857  42.877  30.942  37.169 0.0000000000
124564  42.619  31.483  36.764 0.0000000000
123210  44.046  29.391  36.709 0.0000000000
121875  45.784  27.546  36.219 0.0000000000
121856  46.591  27.778  36.850 0.0000000000
121181  47.542  26.788  37.930 0.0000000000
122510  47.741  28.309  38.840 0.0000000000
121843  47.078  26.792  38.691 0.0000000000
121831  46.628  27.245  39.382 0.0000000000
122494  46.087  27.892  39.834 0.0000000000
122478  45.514  28.410  40.396 0.0000000000
124526  47.238  31.146  41.146 0.0000000000
123817  47.462  30.436  41.453 0.0000000000
123119  47.525  29.744  41.983 0.0000000000
123120  46.952  29.312  42.386 0.0000000000
123136  47.105  29.124  41.549 0.0000000000
123137  46.371  28.953  41.770 0.0000000000
122463  44.975  28.609  41.146 0.0000000000
122433  41.926  28.404  45.277 0.0000000000
119046  41.861  23.426  45.534 0.0000000000
118301  41.378  21.718  44.532 0.0000000000
117531  41.192  21.504  43.941 0.0000000000
117513  44.774  22.039  45.191 0.0000000000
117547  41.963  21.313  43.140 0.0000000000
117574  40.499  22.176  41.481 0.0000000000
118343  40.658  22.291  40.424 0.0000000000
119099  39.177  22.755  39.715 0.0000000000
116001  45.681  19.599  43.556 0.0000000000
115190  43.713  18.804  43.318 0.0000000000
116003  44.004  19.601  42.811 0.0000000000
116012  44.901  20.075  42.387 0.0000000000
116773  43.944  20.607  41.483 0.0000000000
116782  43.681  20.669  40.936 0.0000000000
114346  42.399  17.925  40.938 0.0000000000
114352  41.989  18.021  40.095 0.0000000000
115203  42.412  18.847  40.850 0.0000000000
116021  42.579  19.490  40.652 0.0000000000
116029  42.302  19.815  40.293 0.0000000000
116791  43.063  20.615  40.455 0.0000000000
116792  42.251  20.622  40.115 0.0000000000
116793  41.614  20.268  39.760 0.0000000000
109236  50.713  11.903  43.228 0.0000000000
109253  50.349  12.238  42.229 0.0000000000
109254  49.899  11.884  42.343 0.0000000000
109271  50.228  12.366  41.779 0.0000000000
109220  51.345  11.642  44.073 0.0000000000
109272  50.077  12.201  41.882 0.0000000000
110127  51.626  11.799  44.442 0.0000000000
110147  49.792  12.235  41.792 0.0000000000
110160  50.438  12.655  41.676 0.0000000000
110161  50.051  12.456  41.416 0.0000000000
111864  49.976  13.650  43.382 0.0000000000
111865  49.410  13.834  43.393 0.0000000000
111874  50.575  13.362  42.372 0.0000000000
111903  50.745  14.049  39.879 0.0000000000
112625  48.562  15.099  47.343 0.0000000000
112628  47.053  15.609  46.593 0.0000000000
112672  48.863  14.981  41.145 0.0000000000
116028  43.007  20.055  40.646 0.0000000000
116739  47.161  20.956  46.473 0.0000000000
116780  45.714  20.843  41.082 0.0000000000
116790  44.852  21.258  40.650 0.0000000000
117510  46.817  21.167  44.670 0.0000000000
117511  46.044  22.455  45.032 0.0000000000
117581  45.165  21.677  40.589 0.0000000000
117586  38.711  21.085  41.016 0.0000000000
117592  39.536  21.863  40.367 0.0000000000
118312  46.624  22.161  43.855 0.0000000000
118327  45.914  22.330  40.977 0.0000000000
118335  38.790  21.680  41.313 0.0000000000
118339  44.680  22.014  40.831 0.0000000000
118344  40.286  22.315  40.251 0.0000000000
118345  38.749  22.554  40.469 0.0000000000
118349  40.353  21.980  40.134 0.0000000000
118350  39.682  22.278  40.241 0.0000000000
118351  39.198  22.621  39.961 0.0000000000
118998  45.117  24.507  50.461 0.0000000000
119033  44.394  24.327  46.094 0.0000000000
119077  39.300  22.415  40.278 0.0000000000
119089  39.240  22.671  39.888 0.0000000000
119090  39.044  22.746  39.993 0.0000000000
119100  39.055  22.970  39.771 0.0000000000
119701  46.059  25.062  50.449 0.0000000000
119702  45.293  25.051  50.594 0.0000000000
119703  44.700  25.160  50.561 0.0000000000
120389  46.301  25.605  50.387 0.0000000000
120397  44.371  26.108  50.462 0.0000000000
120503  46.694  25.736  36.921 0.0000000000
121085  41.112  26.709  49.142 0.0000000000
121105  40.813  26.274  48.974 0.0000000000
121182  47.288  26.586  37.977 0.0000000000
121192  47.439  26.720  37.619 0.0000000000
121195  45.350  26.313  37.492 0.0000000000
121208  45.644  25.772  37.123 0.0000000000
121210  44.262  26.291  36.387 0.0000000000
121226  43.813  26.038  35.782 0.0000000000
121738  46.183  27.445  50.420 0.0000000000
121833  45.141  27.666  39.038 0.0000000000
121842  47.619  27.204  38.200 0.0000000000
121857  45.966  27.916  36.736 0.0000000000
121874  46.905  26.820  36.370 0.0000000000
122379  45.753  28.199  50.406 0.0000000000
122386  46.209  27.909  50.149 0.0000000000
122388  44.045  28.608  50.400 0.0000000000
122425  44.372  28.369  46.974 0.0000000000
122459  47.277  29.218  40.788 0.0000000000
122475  47.309  29.006  40.560 0.0000000000
122493  46.962  27.847  40.063 0.0000000000
122511  47.634  28.729  38.265 0.0000000000
122544  45.578  28.038  36.663 0.0000000000
122555  44.071  28.781  35.623 0.0000000000
123184  47.563  29.081  38.783 0.0000000000
123198  46.755  29.243  37.998 0.0000000000
123200  45.274  29.250  37.498 0.0000000000
123209  44.695  29.040  37.065 0.0000000000
123747  45.314  30.097  49.190 0.0000000000
123748  45.113  30.402  49.390 0.0000000000
123830  47.067  29.804  39.497 0.0000000000
123833  45.081  31.060  38.993 0.0000000000
123847  43.914  30.799  38.316 0.0000000000
123856  43.686  30.406  37.529 0.0000000000
123868  43.389  30.155  36.325 0.0000000000
123869  42.951  30.770  36.586 0.0000000000
124447  44.354  31.293  49.112 0.0000000000
124455  42.309  31.203  48.062 0.0000000000
124460  45.029  31.316  47.926 0.0000000000
124493  46.269  32.079  45.344 0.0000000000
124495  41.345  32.575  46.115 0.0000000000
124496  40.768  32.358  45.864 0.0000000000
124510  44.077  32.154  43.116 0.0000000000
124511  43.806  32.057  43.123 0.0000000000
124514  47.258  31.336  42.776 0.0000000000
124517  43.635  31.942  42.618 0.0000000000
124518  42.942  31.944  42.459 0.0000000000
124520  47.385  31.332  41.963 0.0000000000
124524  42.862  32.174  41.811 0.0000000000
124528  46.362  31.620  40.198 0.0000000000
124535  45.160  31.392  39.547 0.0000000000
124536  44.365  31.591  39.353 0.0000000000
124547  43.985  31.291  38.750 0.0000000000
124556  42.751  31.381  37.748 0.0000000000
124577  42.955  31.395  35.821 0.0000000000
125090  44.396  33.054  47.491 0.0000000000
125092  42.868  32.450  47.015 0.0000000000
125114  46.238  32.512  45.244 0.0000000000
125133  40.874  32.913  44.250 0.0000000000
125144  45.103  32.787  43.166 0.0000000000
125145  44.253  32.387  43.358 0.0000000000
125146  43.404  32.284  43.615 0.0000000000
125218  42.935  32.125  35.710 0.0000000000
125235  44.867  32.307  34.488 0.0000000000
125236  44.085  32.179  34.683 0.0000000000
125699  44.171  33.611  47.236 0.0000000000
125704  45.188  33.505  46.582 0.0000000000
125734  46.138  33.442  44.466 0.0000000000
125738  42.283  33.300  44.925 0.0000000000
125740  40.402  33.290  44.595 0.0000000000
125741  39.509  33.331  44.491 0.0000000000
125755  38.398  33.724  43.364 0.0000000000
125759  45.746  33.159  42.888 0.0000000000
125795  43.243  33.747  36.024 0.0000000000
125796  42.737  33.454  36.409 0.0000000000
125813  46.389  33.726  35.150 0.0000000000
125815  43.687  33.465  35.555 0.0000000000
126376  46.113  35.012  36.101 0.0000000000
126391  46.914  34.405  35.305 0.0000000000
127012  43.869  35.618  36.549 0.0000000000
127013  42.945  34.916  36.674 0.0000000000
127021  45.680  35.091  36.194 0.0000000000
127022  44.883  34.987  36.020 0.0000000000
127023  44.062  34.761  35.828 0.0000000000
127624  41.987  36.694  41.897 0.0000000000
127638  43.618  37.156  39.061 0.0000000000
127646  43.594  36.858  38.175 0.0000000000
127655  44.527  36.677  37.367 0.0000000000
127656  43.663  36.361  37.376 0.0000000000
127657  43.156  36.424  37.851 0.0000000000
127663  45.801  36.218  36.863 0.0000000000
128313  40.627  37.693  42.605 0.0000000000
128321  41.107  37.067  41.909 0.0000000000
128329  44.647  37.736  40.096 0.0000000000
128339  45.038  38.165  39.756 0.0000000000
128351  46.393  38.382  38.033 0.0000000000
128364  46.504  38.176  37.677 0.0000000000
128367  44.186  36.957  37.841 0.0000000000
129019  41.380  38.713  43.533 0.0000000000
129034  42.469  38.408  42.698 0.0000000000
129035  41.555  38.380  42.868 0.0000000000
129075  46.161  39.043  38.742 0.0000000000
129077  45.511  38.529  39.551 0.0000000000
129087  46.482  38.687  38.099 0.0000000000
129089  45.703  38.575  39.064 0.0000000000
129099  43.986  39.020  37.674 0.0000000000
129689  42.528  40.644  45.190 0.0000000000
129802  46.072  39.289  38.681 0.0000000000
129814  45.929  39.500  38.490 0.0000000000
129826  46.515  39.040  37.583 0.0000000000
129836  46.590  38.836  37.035 0.0000000000
129838  45.660  39.287  37.155 0.0000000000
130431  42.704  40.934  45.235 0.0000000000
130442  43.185  41.000  44.251 0.0000000000
130443  42.905  40.723  44.547 0.0000000000
131122  42.727  41.289  45.139 0.0000000000
131135  42.820  41.318  44.710 0.0000000000
131148  42.509  41.562  44.195 0.0000000000
131151  39.968  41.787  44.244 0.0000000000
