#!ascii label  , from subject 3607 vox2ras=TkReg
259
33420  41.323  -54.278  21.598 0.0000000000
29542  44.141  -57.234  11.077 0.0000000000
29383  46.297  -57.736  20.004 0.0000000000
29431  43.032  -57.251  17.401 0.0000000000
29492  49.352  -57.832  14.574 0.0000000000
30800  49.349  -56.914  17.767 0.0000000000
25885  49.479  -59.565  16.875 0.0000000000
28189  43.062  -58.784  14.163 0.0000000000
29481  39.394  -56.950  15.683 0.0000000000
32167  43.789  -56.523  20.711 0.0000000000
32229  45.417  -55.966  18.821 0.0000000000
29475  45.677  -57.739  15.876 0.0000000000
29528  46.909  -58.181  12.601 0.0000000000
27030  48.516  -59.159  12.751 0.0000000000
32137  39.721  -55.319  23.767 0.0000000000
29371  42.293  -57.367  22.750 0.0000000000
28087  44.706  -59.206  21.687 0.0000000000
29400  39.146  -57.233  18.915 0.0000000000
26965  49.505  -59.385  18.435 0.0000000000
28222  43.310  -58.520  12.288 0.0000000000
28209  41.804  -58.231  13.189 0.0000000000
30769  44.797  -57.091  20.181 0.0000000000
32214  46.208  -56.249  19.274 0.0000000000
30833  49.128  -56.585  16.143 0.0000000000
30835  46.839  -56.349  16.816 0.0000000000
30857  47.981  -56.914  15.445 0.0000000000
29495  46.682  -57.849  14.658 0.0000000000
29493  48.408  -57.685  14.333 0.0000000000
30901  48.461  -57.284  11.495 0.0000000000
28067  42.896  -58.831  22.945 0.0000000000
28089  43.394  -58.558  22.314 0.0000000000
26919  43.941  -59.404  22.577 0.0000000000
30806  42.424  -56.962  18.500 0.0000000000
29416  40.711  -57.425  18.238 0.0000000000
30874  38.026  -56.217  14.920 0.0000000000
29460  38.081  -56.843  16.395 0.0000000000
28126  47.922  -58.428  19.767 0.0000000000
29413  47.864  -56.831  18.898 0.0000000000
28135  49.499  -58.459  18.594 0.0000000000
29427  50.014  -57.866  17.016 0.0000000000
28182  50.022  -58.285  15.868 0.0000000000
29478  42.787  -58.039  15.728 0.0000000000
29457  40.870  -57.679  16.430 0.0000000000
29479  41.498  -58.075  15.190 0.0000000000
30872  39.808  -57.044  14.371 0.0000000000
32327  44.547  -55.189  10.303 0.0000000000
33419  42.226  -55.173  21.301 0.0000000000
32231  43.500  -56.459  18.987 0.0000000000
30818  44.023  -56.543  17.442 0.0000000000
32236  46.881  -55.748  18.407 0.0000000000
30816  46.111  -56.347  17.223 0.0000000000
29454  44.282  -57.250  16.341 0.0000000000
28169  44.865  -58.202  15.249 0.0000000000
28206  44.728  -59.060  13.629 0.0000000000
28231  45.267  -58.658  11.842 0.0000000000
28202  48.664  -58.599  13.498 0.0000000000
28218  48.005  -58.009  12.439 0.0000000000
29527  47.669  -57.603  11.838 0.0000000000
29561  45.528  -57.185  10.656 0.0000000000
34603  39.066  -53.804  23.225 0.0000000000
33394  40.460  -54.247  23.075 0.0000000000
30730  41.337  -56.316  23.257 0.0000000000
32154  42.254  -55.665  22.286 0.0000000000
30759  43.048  -56.355  21.570 0.0000000000
29378  44.272  -57.668  21.039 0.0000000000
28112  45.826  -58.409  20.546 0.0000000000
26916  46.294  -59.860  21.975 0.0000000000
26945  47.251  -59.115  20.749 0.0000000000
29435  39.372  -56.944  17.334 0.0000000000
34645  40.462  -53.851  22.071 0.0000000000
33421  40.186  -54.165  21.400 0.0000000000
28232  44.224  -58.343  11.591 0.0000000000
29529  42.844  -57.577  11.945 0.0000000000
30768  45.556  -57.104  19.805 0.0000000000
32191  45.034  -56.829  19.752 0.0000000000
30767  46.181  -57.090  19.619 0.0000000000
30855  49.626  -57.060  15.311 0.0000000000
30856  48.633  -56.911  15.469 0.0000000000
29471  48.899  -57.288  14.891 0.0000000000
29472  48.167  -57.170  14.906 0.0000000000
28245  48.300  -58.234  10.656 0.0000000000
26902  43.446  -59.534  23.167 0.0000000000
29432  42.486  -57.342  17.700 0.0000000000
29415  41.702  -57.264  18.366 0.0000000000
29433  41.353  -57.558  17.460 0.0000000000
30859  36.839  -56.261  15.617 0.0000000000
28136  49.110  -58.408  18.981 0.0000000000
28124  49.313  -58.980  19.150 0.0000000000
26980  49.817  -59.151  17.084 0.0000000000
29410  49.884  -58.265  17.442 0.0000000000
28145  49.920  -58.517  17.158 0.0000000000
29449  49.978  -57.799  16.500 0.0000000000
26990  49.886  -59.234  16.422 0.0000000000
28171  43.444  -58.406  15.023 0.0000000000
28172  42.576  -58.401  14.836 0.0000000000
29498  41.183  -58.073  13.884 0.0000000000
29516  40.699  -57.373  13.639 0.0000000000
30873  39.222  -56.660  14.534 0.0000000000
33418  42.772  -55.893  20.955 0.0000000000
33445  43.087  -56.216  20.453 0.0000000000
30804  43.848  -56.558  18.197 0.0000000000
32239  44.516  -56.337  17.894 0.0000000000
30801  48.266  -56.528  18.170 0.0000000000
30802  47.305  -56.079  18.663 0.0000000000
29452  46.362  -57.068  16.544 0.0000000000
29430  45.764  -56.869  16.952 0.0000000000
30836  44.622  -56.858  16.651 0.0000000000
29453  45.200  -57.158  16.470 0.0000000000
29476  44.772  -57.845  15.783 0.0000000000
29514  46.909  -58.157  13.748 0.0000000000
28186  46.082  -58.452  14.460 0.0000000000
28219  46.302  -58.679  13.210 0.0000000000
28220  45.433  -58.979  12.865 0.0000000000
28230  46.085  -58.571  12.339 0.0000000000
23484  47.163  -62.334  13.674 0.0000000000
25926  47.945  -60.217  12.453 0.0000000000
24770  47.799  -60.842  13.438 0.0000000000
28203  48.222  -58.283  13.104 0.0000000000
28217  48.290  -58.326  12.525 0.0000000000
30914  48.005  -56.840  11.153 0.0000000000
30902  48.241  -57.194  11.535 0.0000000000
29539  47.273  -57.137  10.911 0.0000000000
29540  46.355  -57.953  11.345 0.0000000000
29559  47.101  -56.754  10.463 0.0000000000
33373  39.140  -54.408  23.835 0.0000000000
33395  39.923  -54.183  23.407 0.0000000000
33372  40.099  -54.708  23.526 0.0000000000
29372  41.855  -57.094  23.042 0.0000000000
29353  41.307  -57.128  23.283 0.0000000000
30752  41.886  -56.323  22.876 0.0000000000
32135  41.239  -55.540  23.185 0.0000000000
30751  42.648  -56.472  22.177 0.0000000000
28088  44.109  -58.997  21.935 0.0000000000
29379  43.518  -57.608  21.653 0.0000000000
28104  44.446  -58.569  21.312 0.0000000000
29377  44.760  -58.199  20.964 0.0000000000
28103  45.231  -58.818  21.100 0.0000000000
25805  47.823  -60.583  22.629 0.0000000000
26915  47.202  -59.955  21.972 0.0000000000
26935  46.687  -59.379  21.248 0.0000000000
29434  40.315  -57.403  17.356 0.0000000000
29458  39.883  -57.181  16.453 0.0000000000
29437  37.488  -56.907  17.444 0.0000000000
28207  43.668  -59.031  13.347 0.0000000000
28208  42.654  -58.712  13.222 0.0000000000
33417  43.414  -56.321  20.505 0.0000000000
32192  44.338  -56.627  20.040 0.0000000000
30813  49.668  -56.773  16.861 0.0000000000
30814  48.651  -56.330  17.130 0.0000000000
30834  47.696  -56.650  16.237 0.0000000000
29451  46.962  -57.048  15.898 0.0000000000
29474  46.515  -57.538  15.581 0.0000000000
29473  47.361  -57.182  15.269 0.0000000000
29494  47.576  -57.655  14.369 0.0000000000
28229  48.296  -58.329  11.706 0.0000000000
29538  48.437  -57.555  11.070 0.0000000000
28090  42.745  -58.144  22.686 0.0000000000
29370  42.945  -57.491  22.208 0.0000000000
26918  44.581  -59.654  22.351 0.0000000000
29398  41.050  -57.205  18.972 0.0000000000
29417  39.735  -57.299  18.172 0.0000000000
29459  38.946  -56.727  16.470 0.0000000000
30858  37.671  -56.696  15.862 0.0000000000
30840  37.150  -56.712  16.353 0.0000000000
29382  46.985  -58.115  20.070 0.0000000000
29395  47.511  -57.645  19.494 0.0000000000
29394  48.305  -57.932  19.221 0.0000000000
29412  48.782  -57.616  18.773 0.0000000000
29411  49.724  -57.871  17.831 0.0000000000
29428  49.898  -57.332  17.227 0.0000000000
30812  50.129  -57.251  16.640 0.0000000000
30853  50.245  -57.196  15.926 0.0000000000
29455  43.292  -57.373  16.815 0.0000000000
29456  42.059  -57.778  16.580 0.0000000000
29480  40.230  -57.551  15.501 0.0000000000
28190  42.084  -58.561  14.080 0.0000000000
29499  40.361  -57.572  14.399 0.0000000000
29500  39.618  -57.193  14.913 0.0000000000
29501  38.958  -56.752  15.154 0.0000000000
30915  44.159  -56.659  10.883 0.0000000000
30805  43.160  -56.770  18.436 0.0000000000
30819  43.315  -56.992  17.667 0.0000000000
32237  46.245  -55.643  18.107 0.0000000000
30815  47.307  -55.960  17.548 0.0000000000
32238  45.290  -56.063  17.975 0.0000000000
30817  44.954  -56.513  17.134 0.0000000000
30837  44.086  -56.752  16.827 0.0000000000
29477  43.820  -57.865  15.804 0.0000000000
28170  44.349  -58.301  15.167 0.0000000000
28188  44.061  -58.803  14.373 0.0000000000
29496  45.905  -58.103  15.129 0.0000000000
28187  45.106  -58.507  14.662 0.0000000000
28221  44.403  -59.057  12.498 0.0000000000
29541  45.039  -57.878  11.093 0.0000000000
28183  50.024  -58.590  15.613 0.0000000000
28201  49.237  -58.639  14.250 0.0000000000
29511  48.939  -58.315  14.083 0.0000000000
29512  48.535  -58.173  13.863 0.0000000000
29513  47.798  -58.017  13.277 0.0000000000
29526  48.235  -57.623  11.715 0.0000000000
29562  44.840  -57.166  10.876 0.0000000000
30936  44.664  -56.361  10.588 0.0000000000
34604  38.336  -53.842  23.313 0.0000000000
34623  39.796  -53.844  22.881 0.0000000000
34621  41.036  -54.044  22.451 0.0000000000
29354  40.372  -57.297  23.634 0.0000000000
32136  40.413  -55.505  23.521 0.0000000000
33371  40.737  -54.838  23.243 0.0000000000
33393  41.212  -54.484  22.579 0.0000000000
33392  42.075  -54.893  22.064 0.0000000000
32169  42.646  -55.686  21.635 0.0000000000
32168  43.154  -56.215  21.051 0.0000000000
30758  43.643  -56.807  21.231 0.0000000000
29385  44.603  -57.344  20.578 0.0000000000
29384  45.151  -57.783  20.505 0.0000000000
28102  46.027  -58.954  20.925 0.0000000000
28111  46.623  -58.642  20.483 0.0000000000
29418  38.766  -57.100  18.119 0.0000000000
29436  38.285  -56.883  17.249 0.0000000000
26971  49.767  -59.100  17.685 0.0000000000
28105  43.885  -58.308  21.584 0.0000000000
28125  48.564  -58.566  19.443 0.0000000000
28144  49.999  -58.146  17.036 0.0000000000
28160  49.957  -58.183  16.777 0.0000000000
28161  49.979  -58.706  16.601 0.0000000000
28167  49.977  -58.240  16.273 0.0000000000
28168  50.054  -58.941  15.875 0.0000000000
28185  46.535  -58.262  14.216 0.0000000000
28204  46.353  -58.560  13.921 0.0000000000
28205  45.694  -58.875  13.840 0.0000000000
28233  43.521  -57.771  11.627 0.0000000000
29352  41.844  -57.633  23.156 0.0000000000
29396  46.640  -57.222  19.657 0.0000000000
29414  42.202  -57.209  18.193 0.0000000000
29426  50.194  -57.952  17.069 0.0000000000
29429  46.101  -56.837  16.983 0.0000000000
29450  50.073  -57.479  16.431 0.0000000000
29469  50.042  -57.667  15.900 0.0000000000
29482  38.493  -56.755  15.730 0.0000000000
29490  50.029  -58.072  15.696 0.0000000000
29497  45.248  -58.105  15.346 0.0000000000
29558  48.427  -57.473  10.527 0.0000000000
29560  46.522  -57.025  10.492 0.0000000000
30750  43.174  -56.894  21.772 0.0000000000
30757  44.253  -56.941  20.640 0.0000000000
30785  45.952  -56.806  19.509 0.0000000000
30820  42.875  -57.082  18.111 0.0000000000
30821  37.576  -56.850  16.803 0.0000000000
30830  50.133  -57.379  16.175 0.0000000000
30831  50.200  -57.163  16.148 0.0000000000
30832  49.975  -56.875  16.116 0.0000000000
30838  43.642  -56.848  17.156 0.0000000000
30839  37.607  -56.815  16.342 0.0000000000
30854  50.139  -57.207  15.744 0.0000000000
30913  48.408  -57.122  11.264 0.0000000000
32155  41.773  -55.331  22.610 0.0000000000
32215  45.567  -56.492  19.390 0.0000000000
34622  40.701  -53.978  22.552 0.0000000000
34644  41.040  -53.945  22.216 0.0000000000
