#!ascii label  , from subject 3607 vox2ras=TkReg
736
75316  22.667  -20.375  9.888 0.1428571492
73020  21.518  -21.668  9.341 0.1428571492
76627  22.498  -19.361  9.081 0.1428571492
75315  23.658  -20.453  10.507 0.1428571492
76626  22.899  -19.385  9.602 0.2857142985
75337  21.956  -20.343  8.936 0.1428571492
76613  23.470  -19.503  10.153 0.1428571492
78733  23.527  -17.669  8.486 0.5714285970
77733  23.651  -18.700  9.556 0.1428571492
78722  25.382  -17.606  9.324 0.2857142985
79805  26.598  -16.751  8.741 0.1428571492
78721  26.386  -17.183  9.496 0.2857142985
80901  27.849  -14.962  6.823 0.2857142985
80892  27.867  -15.172  7.794 0.1428571492
80902  27.120  -15.662  7.120 0.2857142985
83135  29.157  -13.126  6.134 0.2857142985
83098  28.846  -13.549  7.293 0.2857142985
85399  29.832  -11.924  4.758 0.2857142985
84267  29.487  -12.534  5.204 0.2857142985
86608  30.680  -10.475  4.652 0.2857142985
89943  31.655  -7.836  4.158 0.8571428657
87729  30.877  -9.616  4.174 0.4285714328
86589  30.873  -10.678  5.504 0.2857142985
91002  32.391  -6.944  3.996 0.7142857313
88853  30.740  -8.750  4.002 0.7142857313
92109  33.915  -5.117  3.943 0.8571428657
91022  32.861  -6.198  3.491 0.5714285970
91023  32.081  -6.283  3.517 0.8571428657
89944  30.757  -7.669  4.127 0.7142857313
94189  34.725  -3.849  2.506 0.4285714328
93177  33.685  -4.394  3.174 0.7142857313
92110  33.182  -5.301  3.451 0.8571428657
95312  34.630  -3.306  1.206 0.2857142985
96427  33.905  -2.937  1.174 0.5714285970
94190  33.759  -4.046  2.449 0.8571428657
94224  34.300  -3.711  1.699 0.7142857313
93194  33.094  -4.134  2.628 0.8571428657
96441  35.509  -2.620  0.505 0.1428571492
95305  33.869  -3.354  1.459 0.5714285970
94208  33.332  -3.769  2.076 0.8571428657
98555  34.803  -0.259  -0.317 0.1428571492
97544  34.998  -1.520  -0.188 0.1428571492
96436  34.254  -1.999  0.612 0.4285714328
95290  32.969  -3.151  2.051 0.8571428657
99585  33.947  1.354  -0.741 0.1428571492
98556  33.449  0.788  -0.375 0.1428571492
98552  34.195  -0.760  -0.326 0.1428571492
97541  33.330  -0.723  0.930 0.4285714328
97534  33.579  -1.406  1.128 0.5714285970
96428  33.624  -2.254  1.344 0.7142857313
95275  32.389  -2.681  2.934 0.8571428657
99586  32.802  1.696  -0.766 0.1428571492
98553  33.317  -0.086  0.285 0.5714285970
97527  33.233  -1.565  2.157 0.8571428657
96416  32.980  -2.402  2.283 0.8571428657
100686  33.216  2.470  -0.726 0.1428571492
100687  32.537  2.596  -0.389 0.2857142985
99580  32.335  1.198  0.258 0.1428571492
98548  32.719  -0.212  1.511 0.8571428657
101796  31.202  3.910  -0.345 0.1428571492
102896  31.239  4.599  -0.987 0.1428571492
100673  32.077  2.249  -0.039 0.4285714328
99581  31.415  2.003  0.606 0.8571428657
99575  31.692  1.592  1.490 0.8571428657
99566  32.654  0.470  2.475 0.8571428657
99551  32.722  0.122  3.140 0.8571428657
101780  31.903  3.176  -0.005 0.4285714328
99567  32.420  1.439  2.508 0.8571428657
102897  30.235  4.730  -0.595 0.2857142985
101781  31.073  3.752  0.340 0.5714285970
100674  31.678  2.918  0.608 0.8571428657
100660  31.617  2.657  1.456 0.8571428657
100649  31.940  2.397  2.459 0.8571428657
101761  31.858  3.454  2.320 0.8571428657
100634  31.936  2.002  3.504 0.8571428657
102898  29.037  4.631  -0.853 0.2857142985
102886  30.002  4.597  0.050 0.7142857313
101797  30.473  4.025  -0.154 0.5714285970
102885  30.576  4.166  0.334 0.8571428657
102850  31.967  4.254  3.214 0.8571428657
101750  31.860  3.139  3.458 0.8571428657
102877  30.556  5.015  0.623 0.8571428657
103845  31.136  5.581  1.292 0.8571428657
102865  31.726  4.617  2.055 0.8571428657
103830  32.189  5.445  2.676 0.7142857313
102849  32.152  4.996  2.900 0.7142857313
103846  30.232  5.578  0.389 0.8571428657
104807  30.540  6.513  0.769 0.8571428657
103831  31.954  5.494  2.132 0.8571428657
104806  31.157  6.679  1.471 0.8571428657
105743  30.783  7.430  1.201 0.8571428657
104799  31.847  6.396  2.254 0.7142857313
106688  29.661  8.260  -0.036 0.7142857313
105752  29.990  7.368  0.537 0.8571428657
106681  30.452  8.371  1.001 0.8571428657
108653  30.613  10.168  1.137 0.7142857313
106680  31.092  8.122  1.566 0.8571428657
109676  29.025  11.624  -2.588 0.1428571492
107665  30.195  9.267  0.511 0.8571428657
108661  30.221  10.208  0.020 0.7142857313
111470  28.507  13.087  -3.330 0.1428571492
109663  29.439  10.844  -1.140 0.5714285970
109664  29.015  11.526  -1.487 0.5714285970
110587  29.353  12.549  -0.881 0.5714285970
109677  28.407  12.138  -2.231 0.1428571492
113066  28.382  15.157  -3.548 0.1428571492
111451  28.514  13.255  -1.494 0.5714285970
113075  28.053  15.633  -4.162 0.1428571492
114768  28.945  17.596  -4.545 0.1428571492
110611  27.701  13.215  -2.746 0.1428571492
114772  28.617  17.934  -5.049 0.1428571492
110597  28.178  12.769  -1.939 0.5714285970
113904  27.916  16.878  -4.767 0.1428571492
113084  27.045  16.871  -4.669 0.1428571492
115604  28.504  18.682  -4.984 0.1428571492
114775  26.791  17.850  -5.090 0.1428571492
73002  22.694  -22.351  9.812 0.1428571492
73003  21.789  -22.119  9.658 0.1428571492
77724  24.103  -18.901  10.136 0.1428571492
77731  25.239  -18.154  10.081 0.2857142985
77732  24.564  -18.278  9.636 0.2857142985
80893  27.310  -15.792  8.105 0.2857142985
85422  30.075  -11.008  4.688 0.2857142985
88852  31.690  -8.721  4.295 0.4285714328
86635  30.256  -10.139  4.266 0.5714285970
93176  34.517  -4.343  3.620 0.2857142985
88854  29.941  -8.332  4.202 0.7142857313
142999  35.202  -3.664  1.952 0.1428571492
93195  32.395  -4.093  2.815 0.8571428657
99574  32.287  0.626  1.406 0.8571428657
98543  32.768  -0.295  2.441 0.8571428657
99552  32.559  0.865  3.781 0.8571428657
102887  29.238  4.948  -0.405 0.8571428657
105753  29.169  7.216  -0.142 0.8571428657
106701  29.244  8.512  -0.861 0.8571428657
108671  29.700  10.149  -1.014 0.7142857313
110610  28.030  12.681  -2.574 0.1428571492
112268  27.970  14.642  -3.602 0.1428571492
116391  29.305  19.362  -3.836 0.1428571492
73004  21.041  -22.175  9.996 0.1428571492
77741  24.142  -18.090  9.085 0.4285714328
78730  25.985  -17.130  8.598 0.2857142985
78723  24.690  -17.727  8.975 0.4285714328
78732  24.352  -17.645  8.459 0.2857142985
79812  26.945  -16.301  8.420 0.1428571492
81997  28.862  -13.717  7.712 0.2857142985
83112  29.178  -13.092  6.901 0.2857142985
83113  28.671  -13.608  6.629 0.2857142985
82012  28.076  -14.312  6.308 0.2857142985
87751  30.094  -9.580  4.086 0.7142857313
100685  34.168  2.389  -0.813 0.1428571492
101795  32.353  3.507  -0.326 0.1428571492
97528  32.960  -0.896  2.547 0.8571428657
97510  32.751  -1.430  3.095 1.0000000000
102908  30.228  5.121  -1.223 0.1428571492
102909  29.456  4.930  -1.367 0.1428571492
103876  28.530  5.297  -1.160 0.2857142985
104817  28.889  6.254  -0.375 0.5714285970
106689  29.046  7.820  -0.739 0.5714285970
107679  29.802  9.222  -0.526 0.7142857313
108683  29.388  10.538  -1.485 0.4285714328
108672  29.425  9.851  -1.570 0.2857142985
108684  29.334  10.375  -2.018 0.2857142985
109690  28.302  12.251  -2.739 0.1428571492
110617  28.066  12.766  -3.073 0.1428571492
112254  27.610  14.741  -2.485 0.2857142985
111471  28.101  13.684  -3.324 0.1428571492
113076  27.107  15.842  -4.287 0.1428571492
112263  27.333  14.864  -3.084 0.1428571492
113068  26.475  16.217  -4.154 0.1428571492
113897  28.761  16.696  -3.977 0.1428571492
115605  27.989  18.906  -5.118 0.1428571492
115606  26.530  18.843  -4.837 0.1428571492
116399  28.362  19.886  -3.962 0.1428571492
105768  28.404  6.890  -1.550 0.4285714328
106703  28.438  7.359  -2.116 0.4285714328
106702  28.687  8.059  -1.513 0.4285714328
107697  29.324  9.100  -1.894 0.4285714328
107680  29.336  9.142  -1.279 0.5714285970
75336  22.481  -19.858  9.378 0.1428571492
75317  22.144  -20.852  9.558 0.1428571492
73022  20.870  -21.951  9.409 0.1428571492
77734  23.003  -18.760  9.256 0.4285714328
75356  21.632  -19.873  8.389 0.2857142985
77742  23.546  -18.184  8.947 0.5714285970
77723  24.811  -18.790  10.398 0.1428571492
78731  25.224  -17.410  8.420 0.1428571492
79813  26.463  -16.673  8.047 0.1428571492
81998  28.441  -14.239  7.419 0.2857142985
91004  30.628  -6.702  3.980 0.7142857313
93178  32.753  -4.696  3.041 0.8571428657
96435  34.339  -2.663  0.853 0.5714285970
97540  33.917  -1.237  0.144 0.1428571492
97535  33.094  -0.827  1.779 0.8571428657
102876  30.904  4.445  0.866 0.8571428657
101768  31.524  3.645  1.261 0.8571428657
104816  29.617  6.382  0.239 0.8571428657
109665  28.475  12.201  -1.813 0.5714285970
109656  29.598  11.933  -0.859 0.5714285970
113074  28.671  15.894  -3.571 0.1428571492
111452  28.169  13.687  -1.822 0.4285714328
111472  27.673  14.243  -3.248 0.1428571492
115601  29.063  18.618  -4.602 0.1428571492
110618  27.739  13.482  -3.065 0.1428571492
111464  27.572  13.981  -2.851 0.1428571492
114776  28.237  18.126  -5.187 0.1428571492
81971  28.524  -14.993  9.143 0.1428571492
105767  28.550  7.106  -0.844 0.5714285970
83136  28.541  -13.468  5.761 0.5714285970
113059  27.283  15.758  -2.602 0.1428571492
83137  27.758  -13.562  5.530 0.5714285970
83139  25.903  -13.266  5.890 0.5714285970
83117  24.236  -13.582  6.375 0.2857142985
84269  27.365  -12.765  5.343 0.5714285970
84271  25.597  -12.340  5.556 0.5714285970
82016  24.785  -14.539  6.799 0.4285714328
84270  26.471  -12.644  5.474 0.5714285970
84247  23.614  -12.951  6.130 0.2857142985
84272  24.678  -12.098  5.587 0.4285714328
85423  29.399  -11.361  4.519 0.4285714328
85425  27.330  -11.220  4.640 0.5714285970
85427  25.970  -11.223  5.106 0.5714285970
86591  25.193  -10.767  5.218 0.4285714328
85454  28.270  -10.631  4.011 0.5714285970
86652  27.949  -10.288  3.872 0.5714285970
86611  26.725  -10.752  4.566 0.4285714328
86651  28.628  -9.830  3.514 0.7142857313
87754  27.455  -9.467  4.048 0.4285714328
87752  29.213  -9.563  4.007 0.4285714328
84273  23.641  -12.125  5.744 0.2857142985
84248  22.945  -12.735  6.234 0.2857142985
86612  25.806  -10.638  4.941 0.4285714328
86650  28.955  -9.844  4.028 0.7142857313
88874  29.119  -8.769  4.045 0.7142857313
88876  26.675  -8.261  3.997 0.4285714328
89963  28.025  -6.961  3.838 0.7142857313
89964  27.043  -7.195  4.037 0.5714285970
91025  28.386  -6.271  4.060 0.7142857313
91027  26.340  -6.253  3.751 0.2857142985
88873  29.842  -9.045  3.952 0.5714285970
88855  29.164  -7.984  4.378 0.5714285970
91005  29.839  -6.345  4.136 0.7142857313
91007  28.445  -5.414  4.022 0.7142857313
92095  29.222  -4.946  3.806 0.7142857313
92113  27.827  -4.833  4.158 0.7142857313
92114  26.798  -5.071  3.995 0.4285714328
93182  27.331  -3.989  3.983 0.4285714328
91024  31.617  -6.265  3.561 0.5714285970
92092  31.194  -6.150  3.608 0.5714285970
92094  29.929  -5.360  3.817 0.5714285970
93163  30.023  -4.382  3.624 0.7142857313
93165  28.780  -3.852  3.913 0.7142857313
95263  30.094  -2.629  4.221 0.7142857313
94178  28.581  -3.427  3.972 0.7142857313
94194  28.039  -3.137  3.818 0.5714285970
96386  29.249  -1.588  4.090 0.5714285970
93180  31.218  -4.142  3.247 0.5714285970
93162  30.829  -4.773  3.574 0.5714285970
94174  31.458  -3.243  3.447 0.7142857313
94175  30.924  -3.662  3.536 0.7142857313
96384  31.002  -1.926  3.993 0.8571428657
94195  27.091  -3.083  3.661 0.4285714328
96385  30.167  -1.763  4.303 0.7142857313
97496  31.301  -1.076  4.542 0.7142857313
96401  28.416  -1.490  3.652 0.5714285970
97497  30.041  -0.928  4.636 0.7142857313
94210  32.183  -3.451  2.859 0.5714285970
94176  30.063  -3.487  3.920 0.7142857313
96399  32.009  -1.899  3.711 0.8571428657
97512  31.641  -1.077  4.206 0.8571428657
98515  30.935  -0.142  4.935 0.7142857313
98516  29.706  -0.020  5.046 0.5714285970
99537  29.545  1.032  4.983 0.2857142985
97509  32.947  -1.978  2.652 0.7142857313
97495  31.735  -0.699  4.296 0.7142857313
100619  30.807  1.992  4.958 0.7142857313
98529  32.696  -0.549  3.182 0.7142857313
101734  31.366  2.628  4.401 0.8571428657
99535  31.647  0.628  4.646 0.8571428657
101735  30.430  3.110  5.146 0.7142857313
102830  31.369  4.051  4.455 0.7142857313
105742  31.379  7.441  1.924 0.7142857313
105733  31.700  7.470  2.858 0.7142857313
105724  31.530  7.429  3.878 0.7142857313
106673  30.941  8.742  1.690 0.8571428657
107646  31.295  9.321  2.957 0.7142857313
106651  31.034  8.296  4.178 0.7142857313
108641  31.278  10.266  3.571 0.7142857313
109642  31.217  11.094  2.891 0.7142857313
108642  30.992  10.774  3.937 0.5714285970
109645  31.256  11.158  1.875 0.7142857313
109637  31.018  11.189  3.562 0.5714285970
110574  31.403  12.161  1.781 0.4285714328
110571  31.362  11.902  2.615 0.5714285970
110568  30.853  11.980  3.742 0.5714285970
109646  31.004  10.715  1.376 0.5714285970
109624  30.077  11.125  4.402 0.5714285970
110575  31.237  12.517  1.206 0.5714285970
111424  31.509  12.786  2.599 0.5714285970
111420  30.872  12.825  3.733 0.5714285970
110556  30.288  11.870  4.199 0.4285714328
110557  29.687  11.754  4.391 0.5714285970
112198  30.370  13.057  4.131 0.5714285970
111407  30.478  12.476  4.081 0.5714285970
111432  31.320  13.588  1.162 0.5714285970
110558  29.013  12.009  4.545 0.4285714328
108632  28.739  10.365  4.687 0.4285714328
111408  29.791  12.549  4.347 0.5714285970
112200  28.759  14.081  4.486 0.4285714328
88851  32.539  -8.329  4.472 0.2857142985
93179  31.740  -4.705  3.066 0.5714285970
111409  28.870  12.988  4.490 0.4285714328
110559  28.109  12.263  4.759 0.2857142985
82014  26.398  -14.568  5.959 0.5714285970
84291  28.789  -12.161  4.669 0.2857142985
84268  28.321  -12.665  5.192 0.4285714328
83116  25.313  -13.841  6.291 0.5714285970
85424  28.319  -11.521  4.610 0.5714285970
85404  24.367  -11.053  5.356 0.4285714328
86638  26.486  -9.995  4.407 0.4285714328
85405  23.341  -11.222  5.684 0.2857142985
85428  24.279  -10.323  5.208 0.2857142985
90987  33.845  -7.148  4.275 0.2857142985
89966  25.184  -7.105  2.985 0.2857142985
91026  27.549  -6.018  3.968 0.7142857313
98530  32.431  -0.096  3.708 0.8571428657
99536  30.685  0.847  4.847 0.7142857313
104788  32.186  5.854  2.979 0.7142857313
104789  31.938  6.520  3.409 0.7142857313
103803  31.136  5.362  4.933 0.7142857313
108630  30.677  10.296  4.354 0.5714285970
109626  28.411  11.270  4.790 0.2857142985
109650  31.256  11.601  1.372 0.5714285970
109651  30.864  11.160  0.809 0.5714285970
110579  30.770  12.253  0.499 0.5714285970
112211  31.331  13.156  3.309 0.5714285970
112212  30.701  13.731  3.738 0.2857142985
86639  25.617  -9.620  4.638 0.4285714328
92111  32.394  -5.524  3.200 0.7142857313
89945  29.889  -7.356  4.367 0.5714285970
94209  32.708  -3.582  2.473 0.7142857313
96383  31.378  -2.263  3.776 0.7142857313
95276  32.010  -2.849  3.234 0.7142857313
100618  31.569  1.525  4.454 0.7142857313
107647  31.020  9.337  2.146 0.8571428657
83138  26.746  -13.865  5.592 0.4285714328
83140  24.988  -12.962  5.971 0.5714285970
83141  24.207  -12.748  5.935 0.4285714328
85400  27.833  -11.949  5.135 0.5714285970
85402  26.152  -11.775  5.226 0.5714285970
85401  26.957  -11.921  5.133 0.5714285970
85403  25.409  -11.312  5.306 0.4285714328
80917  25.321  -15.504  7.035 0.5714285970
85448  27.933  -10.856  4.313 0.5714285970
86610  27.098  -10.834  4.485 0.5714285970
86613  24.905  -10.170  5.041 0.4285714328
87755  26.145  -8.954  4.203 0.4285714328
87753  28.439  -9.303  3.960 0.5714285970
88875  28.096  -8.143  4.075 0.7142857313
89965  25.786  -7.444  3.415 0.4285714328
89984  25.450  -8.093  2.923 0.4285714328
88877  25.810  -8.403  3.422 0.4285714328
89946  28.874  -6.999  4.368 0.7142857313
92093  30.587  -5.808  3.714 0.7142857313
91006  29.105  -5.889  4.071 0.7142857313
93181  28.206  -3.943  4.108 0.7142857313
93161  31.225  -5.428  3.505 0.5714285970
94177  29.243  -3.279  4.078 0.7142857313
95264  29.295  -2.406  4.186 0.7142857313
95251  31.034  -2.482  4.128 0.5714285970
96402  27.551  -1.449  3.371 0.2857142985
98517  28.594  0.207  4.446 0.5714285970
98518  27.771  0.686  4.208 0.2857142985
106666  31.376  8.370  3.351 0.7142857313
108645  31.168  10.230  2.446 0.8571428657
112225  31.522  13.841  2.783 0.7142857313
112199  29.762  13.565  4.387 0.5714285970
86615  23.481  -9.876  5.432 0.1428571492
86640  24.931  -9.304  4.798 0.4285714328
77743  22.713  -18.455  8.874 0.4285714328
84245  30.112  -12.023  6.836 0.1428571492
84246  29.678  -12.636  6.350 0.1428571492
84266  30.153  -12.097  5.914 0.1428571492
87728  31.425  -9.595  4.602 0.1428571492
85382  30.597  -11.225  6.363 0.1428571492
85367  30.591  -11.532  7.493 0.1428571492
87714  31.777  -9.398  5.318 0.1428571492
86607  31.290  -10.113  5.103 0.1428571492
86577  31.102  -10.618  6.195 0.1428571492
88828  31.913  -8.866  4.730 0.1428571492
91000  34.339  -6.563  4.068 0.2857142985
92108  34.868  -5.183  3.782 0.1428571492
103819  31.828  5.352  3.724 0.5714285970
117149  27.698  21.303  -3.309 0.1428571492
115596  26.904  20.026  -2.565 0.1428571492
113890  26.782  17.059  -3.729 0.1428571492
103804  30.363  5.598  5.509 0.4285714328
104771  31.475  6.404  4.392 0.5714285970
105710  30.441  7.210  5.285 0.4285714328
114740  28.566  17.559  -0.121 0.2857142985
113037  30.448  15.463  0.531 0.2857142985
112235  31.245  14.275  0.982 0.2857142985
113045  29.818  15.523  -0.239 0.2857142985
104758  27.865  6.461  4.734 0.1428571492
107639  31.163  9.210  3.779 0.5714285970
113857  30.147  16.235  1.314 0.2857142985
111433  30.716  13.347  0.478 0.4285714328
106635  28.786  7.978  5.310 0.4285714328
107625  30.058  9.396  4.816 0.5714285970
113031  30.494  15.633  1.713 0.2857142985
106654  28.500  8.674  4.858 0.4285714328
107626  29.102  9.472  4.670 0.2857142985
112213  29.733  14.670  4.002 0.1428571492
112226  30.614  14.531  3.096 0.1428571492
112227  29.858  15.031  3.093 0.1428571492
106655  27.488  8.496  4.734 0.1428571492
113006  29.144  15.469  3.596 0.1428571492
113022  29.646  15.718  2.697 0.1428571492
107627  28.127  9.495  4.708 0.2857142985
111410  27.956  13.407  4.704 0.2857142985
110560  27.081  12.491  5.149 0.1428571492
112214  28.452  14.994  4.055 0.1428571492
112201  27.812  14.495  4.377 0.1428571492
112215  27.556  15.322  3.991 0.1428571492
112202  27.259  15.043  4.313 0.1428571492
78734  22.708  -17.551  8.552 0.4285714328
78745  22.862  -16.744  8.219 0.2857142985
84229  29.681  -12.608  7.269 0.1428571492
86588  31.386  -10.100  5.824 0.1428571492
109655  30.130  11.311  -0.636 0.4285714328
112245  29.193  14.597  -0.779 0.2857142985
113032  29.749  16.202  2.035 0.2857142985
113867  29.588  16.380  -0.149 0.2857142985
113847  29.079  16.503  2.716 0.2857142985
79814  22.316  -16.860  8.417 0.2857142985
80883  27.322  -16.001  8.665 0.1428571492
79804  27.236  -16.439  9.233 0.1428571492
83097  29.296  -13.246  7.778 0.1428571492
92090  34.201  -5.992  3.837 0.1428571492
89942  32.569  -7.830  4.064 0.1428571492
102831  30.216  4.699  5.090 0.4285714328
105694  28.290  7.239  5.076 0.2857142985
110586  30.164  12.478  -0.401 0.4285714328
113863  29.140  17.049  0.684 0.2857142985
113868  29.032  16.740  -0.407 0.2857142985
113047  28.554  15.701  -1.225 0.2857142985
113869  28.520  16.934  -1.099 0.2857142985
114750  27.705  18.747  -1.709 0.1428571492
114762  27.135  18.473  -3.367 0.1428571492
113007  28.149  15.756  3.768 0.2857142985
113858  29.303  16.752  1.664 0.2857142985
113889  27.391  17.824  -2.749 0.1428571492
113881  27.169  16.657  -2.944 0.1428571492
111443  28.704  13.909  -1.291 0.4285714328
114735  28.635  17.366  0.429 0.2857142985
113058  27.988  15.782  -1.908 0.2857142985
91001  33.417  -6.858  3.885 0.4285714328
111441  30.002  13.454  -0.334 0.2857142985
112253  28.094  14.676  -1.896 0.2857142985
104772  30.901  6.404  5.229 0.4285714328
106652  30.348  8.214  4.946 0.5714285970
108629  31.119  9.764  4.131 0.5714285970
107624  30.733  9.204  4.352 0.5714285970
112230  31.575  14.132  1.785 0.2857142985
113030  31.178  14.918  1.734 0.2857142985
85381  31.081  -10.744  6.639 0.1428571492
88827  32.497  -8.579  5.196 0.1428571492
103787  29.687  5.759  5.512 0.2857142985
113862  29.977  16.431  0.561 0.2857142985
113036  30.963  15.024  0.988 0.2857142985
112244  29.885  14.483  -0.266 0.2857142985
105693  29.102  7.204  5.324 0.2857142985
106634  29.609  7.841  5.380 0.4285714328
106653  29.409  8.619  5.028 0.4285714328
106636  28.052  7.960  5.006 0.2857142985
88850  33.191  -8.220  4.727 0.1428571492
102832  28.822  4.237  5.186 0.2857142985
113880  27.966  17.171  -2.055 0.2857142985
114761  27.387  18.998  -2.462 0.1428571492
95278  27.790  -2.299  3.464 0.4285714328
114717  27.824  17.670  2.432 0.1428571492
113864  28.324  17.400  1.072 0.1428571492
114718  27.359  18.210  2.370 0.1428571492
113001  27.052  15.934  4.193 0.1428571492
114700  27.771  17.685  3.304 0.1428571492
113848  28.446  17.152  2.596 0.1428571492
114729  27.821  17.749  1.705 0.1428571492
113837  27.586  16.136  3.712 0.1428571492
113820  27.484  16.257  3.939 0.1428571492
113836  28.232  16.613  3.657 0.1428571492
113819  28.136  16.776  4.288 0.1428571492
115543  27.537  18.483  3.358 0.1428571492
114675  28.621  17.619  4.749 0.1428571492
114684  28.363  17.661  3.988 0.1428571492
97513  28.105  -0.688  3.783 0.2857142985
113803  27.545  16.303  4.545 0.1428571492
115561  26.877  18.689  2.258 0.1428571492
113859  28.457  17.306  1.698 0.1428571492
114736  27.935  17.952  0.839 0.1428571492
114737  27.285  18.379  1.261 0.1428571492
113802  28.257  16.846  5.059 0.1428571492
86609  29.992  -10.654  4.473 0.4285714328
79822  26.359  -16.282  7.256 0.2857142985
79821  26.819  -16.145  7.771 0.1428571492
80924  27.009  -15.196  5.993 0.2857142985
80903  26.641  -15.832  6.914 0.1428571492
80923  27.239  -14.979  5.859 0.2857142985
78752  25.338  -16.647  7.451 0.2857142985
108631  29.689  10.326  4.658 0.4285714328
82027  27.974  -13.971  5.829 0.2857142985
79834  25.030  -16.025  7.250 0.4285714328
80914  27.781  -14.824  6.329 0.1428571492
80915  27.398  -15.148  6.223 0.1428571492
82028  27.531  -14.501  5.765 0.2857142985
82015  25.745  -14.694  6.408 0.4285714328
80916  26.464  -15.488  6.464 0.2857142985
105692  29.819  7.145  5.489 0.2857142985
79833  25.732  -16.232  7.062 0.2857142985
79824  24.087  -16.505  7.802 0.2857142985
78744  23.491  -16.989  8.178 0.2857142985
80904  24.650  -16.009  7.528 0.2857142985
80905  23.864  -15.749  7.594 0.2857142985
80918  24.342  -15.242  7.276 0.2857142985
87773  25.510  -8.513  3.762 0.2857142985
88891  25.106  -8.607  3.003 0.2857142985
92115  25.724  -5.286  3.782 0.1428571492
93183  26.168  -3.994  3.618 0.2857142985
98532  27.082  0.113  3.770 0.1428571492
99538  28.449  1.320  4.906 0.1428571492
100620  29.402  2.170  5.250 0.1428571492
99539  27.599  1.595  4.501 0.1428571492
100621  28.297  2.522  4.804 0.1428571492
100635  28.013  3.002  4.334 0.1428571492
103788  28.993  5.772  5.206 0.1428571492
104756  29.424  6.477  5.347 0.1428571492
103789  28.303  5.763  4.709 0.1428571492
109625  29.285  11.161  4.620 0.1428571492
107628  27.160  9.487  4.707 0.1428571492
109627  27.505  11.342  4.968 0.1428571492
79823  24.794  -16.681  7.609 0.1428571492
101737  28.274  3.463  4.484 0.1428571492
104757  28.682  6.500  5.033 0.1428571492
77744  21.990  -18.592  8.620 0.2857142985
87756  25.414  -8.822  4.392 0.2857142985
87774  25.050  -8.427  3.883 0.2857142985
93184  25.244  -4.564  3.577 0.1428571492
95279  26.922  -2.235  3.383 0.1428571492
96403  26.672  -1.410  3.255 0.1428571492
98533  26.323  0.565  3.563 0.1428571492
99540  26.782  1.619  4.096 0.1428571492
103790  27.490  5.596  4.262 0.1428571492
108634  26.934  10.395  4.943 0.1428571492
108633  27.803  10.401  4.816 0.1428571492
87757  24.796  -8.724  4.522 0.2857142985
78743  24.249  -17.141  8.013 0.2857142985
86614  24.203  -9.659  5.080 0.1428571492
101736  29.229  3.336  4.986 0.1428571492
102815  29.239  5.053  5.635 0.1428571492
79825  23.302  -16.226  7.898 0.2857142985
88893  24.097  -7.760  3.882 0.1428571492
78736  21.209  -17.343  9.161 0.1428571492
78735  21.870  -17.587  8.665 0.1428571492
80919  23.711  -15.179  7.380 0.1428571492
93175  35.252  -4.458  3.353 0.1428571492
92128  36.328  -4.843  2.278 0.1428571492
106718  28.615  7.071  -2.628 0.1428571492
76644  21.169  -19.085  7.902 0.1428571492
79826  22.420  -16.012  8.069 0.1428571492
80906  23.025  -15.237  7.526 0.1428571492
82017  23.628  -14.468  7.065 0.1428571492
83118  23.264  -13.487  6.624 0.1428571492
104860  28.902  6.087  -2.300 0.1428571492
106717  29.048  7.823  -2.412 0.1428571492
103890  29.051  5.336  -1.919 0.1428571492
76642  22.084  -19.411  8.529 0.1428571492
93174  35.641  -4.434  2.645 0.1428571492
77745  21.370  -18.726  8.849 0.1428571492
81999  22.942  -14.555  7.258 0.1428571492
73005  20.700  -21.771  9.750 0.1428571492
73021  21.217  -21.844  9.337 0.1428571492
74116  22.342  -21.426  9.778 0.1428571492
74142  21.811  -21.282  9.431 0.1428571492
74143  21.357  -21.201  9.136 0.1428571492
76643  21.267  -19.547  8.268 0.1428571492
76656  20.976  -19.850  7.101 0.1428571492
76657  20.482  -19.980  7.205 0.1428571492
76667  20.653  -20.016  6.992 0.1428571492
81985  28.491  -14.717  8.508 0.1428571492
82013  27.730  -14.742  6.096 0.1428571492
82029  26.890  -14.832  5.813 0.2857142985
83114  26.432  -14.197  5.823 0.5714285970
83115  26.117  -14.077  6.013 0.5714285970
84292  28.341  -12.078  4.899 0.5714285970
85426  26.482  -11.265  4.889 0.5714285970
85446  28.790  -10.567  4.262 0.5714285970
85447  28.512  -10.965  4.295 0.5714285970
85453  28.412  -10.467  3.590 0.5714285970
85455  27.990  -10.908  4.073 0.5714285970
85456  28.502  -10.679  3.115 0.5714285970
85457  28.295  -10.757  3.514 0.5714285970
85458  28.002  -11.084  3.905 0.5714285970
86590  25.468  -10.873  5.173 0.4285714328
86636  29.526  -10.250  4.275 0.7142857313
86637  27.287  -10.481  4.346 0.5714285970
86641  24.515  -9.093  4.804 0.4285714328
86653  28.702  -10.059  3.249 0.7142857313
86654  28.292  -10.514  3.333 0.5714285970
86655  28.119  -10.751  3.610 0.5714285970
87770  28.593  -9.857  4.010 0.4285714328
87771  28.160  -9.840  3.913 0.7142857313
87772  27.873  -9.872  3.979 0.7142857313
87775  24.569  -8.178  4.193 0.2857142985
88826  33.334  -8.140  5.441 0.1428571492
88892  24.542  -8.128  3.328 0.1428571492
89985  24.891  -7.593  2.870 0.2857142985
91003  31.501  -6.811  3.947 0.5714285970
92091  33.549  -5.943  3.620 0.5714285970
92096  28.624  -4.512  3.931 0.7142857313
92112  31.692  -5.750  3.325 0.5714285970
93164  29.300  -4.069  3.783 0.7142857313
93196  31.945  -3.998  2.910 0.8571428657
94191  31.573  -3.732  3.160 0.5714285970
94192  31.219  -3.839  3.276 0.5714285970
94193  28.716  -2.907  4.000 0.7142857313
94207  33.954  -4.027  1.965 0.7142857313
94225  33.747  -3.684  1.723 0.8571428657
94226  33.435  -3.381  1.744 0.5714285970
95249  31.339  -2.100  4.073 0.5714285970
95250  31.133  -2.268  4.062 0.5714285970
95260  31.355  -2.337  3.997 0.5714285970
95261  31.283  -2.704  3.848 0.5714285970
95262  30.790  -2.769  4.069 0.5714285970
95277  28.584  -2.302  3.806 0.7142857313
95291  32.487  -2.870  2.647 0.8571428657
95292  32.219  -3.056  2.891 0.7142857313
95306  33.394  -2.916  1.596 0.8571428657
96372  31.061  -2.055  4.132 0.5714285970
96373  31.115  -2.081  3.908 0.5714285970
96374  30.935  -2.239  3.895 0.5714285970
96382  31.244  -2.201  3.849 0.5714285970
96397  32.856  -2.213  2.623 0.8571428657
96398  32.621  -2.321  2.905 0.8571428657
96400  31.602  -1.353  4.100 0.8571428657
96417  32.693  -2.514  2.608 0.8571428657
96442  34.633  -1.853  0.118 0.1428571492
97498  29.056  -0.710  4.149 0.2857142985
97511  31.978  -0.888  3.890 0.8571428657
98514  31.933  -0.205  4.402 0.7142857313
98519  27.057  0.857  4.138 0.1428571492
98531  27.766  -0.061  3.886 0.1428571492
101752  27.966  3.420  4.033 0.1428571492
101782  30.455  4.043  0.140 0.5714285970
102814  29.868  5.207  5.658 0.1428571492
102864  32.079  5.123  2.429 0.7142857313
102899  28.666  4.907  -1.321 0.2857142985
102910  28.875  4.842  -1.519 0.2857142985
103818  32.176  5.407  3.116 0.7142857313
103861  29.387  5.469  -0.112 0.8571428657
103862  28.770  5.366  -0.593 0.8571428657
103877  28.675  5.314  -1.619 0.2857142985
103889  29.628  5.592  -1.679 0.1428571492
104755  30.143  6.440  5.524 0.4285714328
104798  32.160  5.814  2.478 0.7142857313
104830  28.432  6.126  -0.991 0.5714285970
104831  28.530  6.011  -1.568 0.2857142985
104844  29.169  6.302  -2.185 0.1428571492
104845  28.806  5.911  -1.959 0.1428571492
104859  29.002  6.611  -2.812 0.1428571492
104866  28.977  6.640  -3.282 0.1428571492
104867  28.836  6.601  -2.974 0.1428571492
104868  28.814  6.650  -3.414 0.1428571492
104869  28.716  6.685  -3.364 0.1428571492
105709  31.007  7.336  4.702 0.4285714328
105781  28.550  6.574  -2.025 0.1428571492
105794  29.278  7.025  -2.806 0.1428571492
105795  28.391  6.612  -2.549 0.1428571492
105805  29.145  6.869  -3.163 0.1428571492
105806  28.640  6.717  -2.972 0.1428571492
105807  28.748  6.682  -3.350 0.1428571492
106633  30.085  7.621  5.347 0.2857142985
106672  31.335  8.429  2.346 0.7142857313
106731  28.740  7.017  -2.923 0.1428571492
107656  30.616  9.313  1.430 0.8571428657
108646  30.847  9.914  1.819 0.7142857313
108652  31.010  10.437  1.741 0.7142857313
109638  30.670  11.220  4.039 0.5714285970
109689  28.418  12.176  -3.005 0.1428571492
110567  31.185  11.732  3.230 0.5714285970
110578  31.240  11.940  1.070 0.5714285970
110596  28.702  12.595  -1.440 0.5714285970
110598  27.860  13.156  -2.337 0.1428571492
110616  28.762  12.417  -3.203 0.1428571492
111419  31.279  12.412  3.252 0.5714285970
111428  31.437  13.159  1.760 0.5714285970
111429  31.078  12.986  1.031 0.4285714328
111442  29.155  13.526  -0.931 0.2857142985
111453  27.765  13.823  -2.399 0.4285714328
112236  30.594  14.348  0.341 0.2857142985
112246  28.654  14.658  -1.337 0.2857142985
112262  28.485  14.426  -3.318 0.1428571492
112269  27.457  15.132  -3.645 0.1428571492
113020  31.196  14.592  2.414 0.2857142985
113021  30.550  15.131  2.488 0.2857142985
113046  29.148  15.591  -0.707 0.2857142985
113067  26.805  15.783  -3.497 0.1428571492
113077  26.794  16.479  -4.489 0.1428571492
113082  27.722  16.220  -4.590 0.1428571492
113083  27.301  16.501  -4.641 0.1428571492
113835  28.858  16.078  3.362 0.2857142985
113891  26.551  16.764  -4.303 0.1428571492
113898  28.323  16.681  -4.597 0.1428571492
113899  26.581  17.302  -4.332 0.1428571492
113900  26.789  17.166  -4.592 0.1428571492
113905  27.446  17.132  -4.814 0.1428571492
113906  27.064  17.318  -4.868 0.1428571492
114701  27.495  18.183  2.908 0.1428571492
114769  28.429  17.313  -4.894 0.1428571492
114770  26.678  17.994  -4.162 0.1428571492
114771  26.591  17.815  -4.680 0.1428571492
114773  28.024  17.590  -5.044 0.1428571492
114774  27.346  17.687  -5.119 0.1428571492
114777  27.701  18.125  -5.250 0.1428571492
114778  27.094  18.206  -5.331 0.1428571492
114779  26.822  18.247  -5.308 0.1428571492
115603  26.588  18.397  -4.608 0.1428571492
115607  26.434  18.304  -5.027 0.1428571492
115608  27.992  18.478  -5.199 0.1428571492
115609  27.418  18.705  -5.285 0.1428571492
115610  26.698  18.637  -5.307 0.1428571492
115611  26.624  18.286  -5.178 0.1428571492
116402  28.314  19.309  -4.739 0.1428571492
116404  27.008  19.229  -4.691 0.1428571492
116405  26.983  19.093  -5.173 0.1428571492
116406  26.596  19.080  -5.125 0.1428571492
143007  34.922  -3.599  1.772 0.1428571492
143085  28.683  6.849  -3.176 0.1428571492
