#!ascii label  , from subject 3156 vox2ras=TkReg
585
14876  -45.572  -61.075  -5.507 0.0000000000
20457  -41.502  -56.000  -13.309 0.0000000000
19281  -40.206  -57.761  -3.262 0.0000000000
17122  -43.234  -59.512  -9.475 0.0000000000
19319  -35.898  -57.216  -7.792 0.0000000000
18123  -46.298  -58.688  0.863 0.0000000000
19231  -37.843  -57.071  -0.313 0.0000000000
21219  -33.705  -56.098  5.955 0.0000000000
22304  -37.983  -54.341  -2.680 0.0000000000
19302  -38.232  -58.227  -5.229 0.0000000000
22336  -35.593  -54.581  -4.432 0.0000000000
19211  -42.157  -58.057  0.212 0.0000000000
16988  -38.880  -58.894  2.490 0.0000000000
25251  -31.877  -51.628  7.616 0.0000000000
24242  -31.962  -52.795  3.849 0.0000000000
13794  -42.552  -62.840  -7.477 0.0000000000
19358  -42.291  -57.791  -10.804 0.0000000000
16050  -43.761  -59.665  -12.190 0.0000000000
18328  -44.399  -57.805  -13.538 0.0000000000
17042  -43.333  -59.436  -3.810 0.0000000000
15991  -44.012  -60.733  -7.568 0.0000000000
18257  -39.317  -58.668  -8.847 0.0000000000
19381  -38.450  -57.224  -10.892 0.0000000000
19251  -43.712  -57.149  -1.363 0.0000000000
22290  -40.483  -54.696  -1.058 0.0000000000
23306  -37.277  -53.458  -0.879 0.0000000000
19161  -37.620  -57.347  4.955 0.0000000000
19188  -35.237  -57.594  2.784 0.0000000000
22276  -33.992  -54.021  0.097 0.0000000000
26468  -34.635  -50.502  0.160 0.0000000000
16006  -42.604  -61.054  -10.250 0.0000000000
24474  -36.145  -52.774  -13.673 0.0000000000
21469  -39.345  -55.023  -14.787 0.0000000000
19460  -40.770  -57.557  -16.813 0.0000000000
23327  -37.494  -53.271  -2.476 0.0000000000
21320  -37.060  -55.042  -3.660 0.0000000000
14892  -43.909  -61.768  -7.010 0.0000000000
20418  -41.823  -56.749  -12.057 0.0000000000
19387  -44.615  -57.193  -12.100 0.0000000000
20443  -44.178  -55.916  -13.176 0.0000000000
19434  -44.574  -56.655  -15.137 0.0000000000
21473  -43.021  -55.618  -14.582 0.0000000000
18192  -41.492  -58.512  -3.289 0.0000000000
18208  -40.420  -58.799  -4.500 0.0000000000
19310  -36.623  -57.531  -6.423 0.0000000000
18238  -38.708  -58.635  -7.362 0.0000000000
19330  -37.577  -58.101  -8.150 0.0000000000
19356  -39.767  -58.276  -10.079 0.0000000000
19339  -37.418  -57.669  -9.326 0.0000000000
18167  -45.211  -58.131  -1.609 0.0000000000
20269  -44.728  -56.729  0.184 0.0000000000
18156  -39.633  -58.057  -0.201 0.0000000000
20284  -41.240  -56.093  -0.294 0.0000000000
20282  -38.531  -55.913  -0.436 0.0000000000
22288  -39.023  -54.244  -1.178 0.0000000000
21284  -37.013  -55.177  -0.463 0.0000000000
20221  -35.480  -56.875  5.542 0.0000000000
19176  -36.562  -57.688  4.005 0.0000000000
21234  -34.626  -56.535  4.191 0.0000000000
25305  -32.550  -51.268  3.232 0.0000000000
22256  -32.523  -54.483  2.274 0.0000000000
24269  -32.868  -52.263  1.488 0.0000000000
24283  -34.310  -52.369  -0.103 0.0000000000
17112  -43.183  -59.951  -8.514 0.0000000000
14945  -43.606  -61.014  -9.015 0.0000000000
17123  -43.625  -59.558  -10.082 0.0000000000
16048  -42.081  -60.678  -12.630 0.0000000000
25572  -35.405  -51.568  -14.439 0.0000000000
22446  -37.555  -54.440  -14.362 0.0000000000
20497  -38.601  -56.484  -16.689 0.0000000000
20311  -39.140  -56.158  -2.643 0.0000000000
19292  -39.104  -58.072  -4.276 0.0000000000
20328  -37.860  -56.233  -3.790 0.0000000000
20343  -36.784  -56.576  -4.595 0.0000000000
20353  -35.528  -56.347  -5.925 0.0000000000
18140  -43.291  -58.198  0.563 0.0000000000
17003  -39.909  -59.421  1.307 0.0000000000
18135  -37.519  -58.341  0.647 0.0000000000
23223  -32.672  -54.019  6.780 0.0000000000
22232  -33.043  -55.437  4.609 0.0000000000
24228  -32.178  -52.607  5.666 0.0000000000
26378  -32.546  -50.695  5.038 0.0000000000
27502  -33.501  -49.163  4.418 0.0000000000
18273  -42.946  -58.299  -10.408 0.0000000000
18263  -43.992  -58.852  -10.515 0.0000000000
18275  -44.395  -58.374  -11.128 0.0000000000
18309  -44.838  -58.379  -13.012 0.0000000000
18325  -41.881  -58.410  -13.357 0.0000000000
19431  -42.409  -57.764  -14.441 0.0000000000
19446  -42.678  -57.881  -15.317 0.0000000000
18388  -42.945  -58.803  -16.964 0.0000000000
17060  -45.102  -59.734  -4.659 0.0000000000
15979  -44.675  -60.716  -6.459 0.0000000000
15977  -42.924  -60.268  -7.094 0.0000000000
17110  -41.479  -59.529  -8.157 0.0000000000
18219  -39.404  -58.885  -5.555 0.0000000000
17098  -40.215  -59.324  -7.334 0.0000000000
18250  -41.343  -59.241  -8.831 0.0000000000
18271  -41.021  -58.529  -9.819 0.0000000000
19383  -40.266  -57.537  -11.174 0.0000000000
20416  -39.486  -56.865  -11.751 0.0000000000
18195  -44.802  -58.923  -3.012 0.0000000000
18177  -42.956  -58.271  -2.149 0.0000000000
19268  -42.139  -57.421  -2.018 0.0000000000
20286  -43.177  -56.678  -0.040 0.0000000000
21298  -41.855  -55.423  -1.059 0.0000000000
20296  -40.684  -55.410  -1.590 0.0000000000
22306  -39.608  -54.265  -2.005 0.0000000000
24314  -38.510  -52.949  -1.511 0.0000000000
24298  -36.740  -52.918  -1.014 0.0000000000
18090  -38.588  -57.754  3.718 0.0000000000
18105  -37.209  -58.143  2.752 0.0000000000
19209  -36.203  -57.632  0.540 0.0000000000
21245  -33.462  -55.958  3.410 0.0000000000
20258  -33.885  -56.681  1.334 0.0000000000
20279  -35.784  -55.922  -0.270 0.0000000000
22278  -35.830  -54.470  -0.537 0.0000000000
24285  -35.889  -52.661  -0.394 0.0000000000
14914  -43.673  -61.507  -7.847 0.0000000000
14943  -42.622  -61.493  -9.670 0.0000000000
16028  -42.973  -60.709  -11.556 0.0000000000
14961  -41.974  -61.799  -11.969 0.0000000000
20399  -36.512  -56.484  -10.347 0.0000000000
20437  -37.974  -56.205  -11.879 0.0000000000
21425  -39.138  -55.227  -12.893 0.0000000000
22424  -38.629  -54.608  -13.560 0.0000000000
22426  -40.224  -54.721  -13.938 0.0000000000
21488  -41.039  -55.586  -15.215 0.0000000000
20500  -42.718  -56.892  -16.451 0.0000000000
24324  -36.683  -52.492  -2.145 0.0000000000
23326  -36.921  -53.083  -2.430 0.0000000000
13776  -44.028  -61.989  -5.997 0.0000000000
14894  -45.380  -61.166  -5.967 0.0000000000
20441  -42.135  -56.407  -12.848 0.0000000000
20442  -43.175  -56.112  -12.870 0.0000000000
20458  -42.297  -55.889  -13.437 0.0000000000
20472  -43.639  -55.711  -14.178 0.0000000000
21448  -42.482  -55.599  -14.014 0.0000000000
19282  -40.846  -58.046  -3.205 0.0000000000
18209  -41.289  -58.997  -4.243 0.0000000000
18191  -40.645  -58.449  -3.709 0.0000000000
19320  -36.644  -57.610  -7.502 0.0000000000
19321  -37.323  -57.953  -7.006 0.0000000000
19329  -36.492  -57.369  -8.629 0.0000000000
18124  -46.632  -58.634  0.489 0.0000000000
18143  -46.015  -58.175  0.288 0.0000000000
19216  -45.789  -57.647  -0.063 0.0000000000
19215  -45.324  -57.421  0.223 0.0000000000
18155  -38.405  -57.995  -0.193 0.0000000000
19232  -39.109  -56.962  -0.411 0.0000000000
20281  -37.440  -56.006  -0.227 0.0000000000
21210  -33.031  -55.582  6.708 0.0000000000
20213  -34.543  -56.638  6.070 0.0000000000
21220  -34.959  -56.502  5.873 0.0000000000
20220  -34.976  -56.556  5.155 0.0000000000
20219  -34.238  -56.450  5.107 0.0000000000
26424  -32.796  -50.140  2.628 0.0000000000
24255  -32.547  -52.230  2.466 0.0000000000
25350  -33.286  -51.334  0.990 0.0000000000
26445  -33.367  -50.152  1.453 0.0000000000
17113  -43.689  -60.017  -9.019 0.0000000000
22469  -37.449  -54.865  -15.329 0.0000000000
21503  -39.051  -55.953  -15.865 0.0000000000
21502  -37.568  -55.608  -16.006 0.0000000000
21307  -38.508  -55.208  -2.679 0.0000000000
20329  -38.480  -56.330  -3.352 0.0000000000
21322  -38.305  -55.683  -3.052 0.0000000000
22337  -36.297  -54.598  -3.941 0.0000000000
21335  -36.609  -55.327  -4.159 0.0000000000
21334  -35.759  -55.344  -4.707 0.0000000000
20354  -36.369  -56.889  -5.538 0.0000000000
20342  -35.911  -56.059  -4.946 0.0000000000
18136  -38.953  -58.844  0.636 0.0000000000
18120  -38.291  -58.814  1.760 0.0000000000
23214  -32.208  -53.620  7.179 0.0000000000
24221  -32.049  -52.603  6.593 0.0000000000
23222  -32.404  -53.708  6.238 0.0000000000
26379  -32.872  -50.013  4.944 0.0000000000
13809  -42.193  -62.414  -8.875 0.0000000000
18274  -43.828  -58.184  -10.576 0.0000000000
19359  -43.334  -57.552  -10.878 0.0000000000
19401  -45.100  -56.958  -13.231 0.0000000000
18310  -45.115  -57.862  -12.694 0.0000000000
18329  -44.991  -57.635  -13.325 0.0000000000
18327  -43.600  -57.882  -13.617 0.0000000000
18346  -42.203  -57.899  -13.758 0.0000000000
19449  -44.389  -56.564  -15.536 0.0000000000
19433  -44.065  -57.172  -15.055 0.0000000000
19447  -43.522  -57.715  -15.907 0.0000000000
18365  -42.798  -58.305  -16.180 0.0000000000
18366  -43.313  -58.203  -16.559 0.0000000000
17059  -44.020  -59.892  -4.554 0.0000000000
15946  -44.572  -60.151  -5.200 0.0000000000
17100  -42.079  -59.914  -7.399 0.0000000000
17099  -41.115  -59.475  -7.336 0.0000000000
19291  -38.304  -57.509  -4.471 0.0000000000
18207  -39.634  -58.581  -4.754 0.0000000000
18218  -38.664  -58.579  -5.799 0.0000000000
18239  -39.514  -58.958  -7.566 0.0000000000
18248  -39.759  -58.854  -8.371 0.0000000000
18249  -40.626  -59.092  -8.507 0.0000000000
18259  -40.886  -58.841  -9.190 0.0000000000
19355  -38.203  -57.610  -10.356 0.0000000000
19382  -39.067  -57.448  -10.992 0.0000000000
20417  -40.658  -56.834  -11.947 0.0000000000
19252  -44.803  -57.242  -1.225 0.0000000000
18166  -44.412  -57.909  -1.672 0.0000000000
18165  -43.602  -57.845  -1.715 0.0000000000
19250  -42.850  -57.354  -1.538 0.0000000000
20298  -42.620  -56.300  -1.333 0.0000000000
19212  -42.656  -57.693  0.345 0.0000000000
19236  -43.188  -56.933  0.275 0.0000000000
19234  -41.759  -57.378  -0.105 0.0000000000
21288  -40.820  -55.109  -0.768 0.0000000000
21289  -42.043  -55.706  -0.537 0.0000000000
20297  -41.389  -55.703  -1.507 0.0000000000
21297  -40.770  -55.105  -1.252 0.0000000000
21309  -40.194  -54.895  -1.772 0.0000000000
22297  -40.180  -54.516  -1.373 0.0000000000
22287  -38.119  -54.249  -0.853 0.0000000000
23318  -38.780  -53.579  -1.405 0.0000000000
24300  -37.733  -53.023  -1.022 0.0000000000
24313  -37.464  -52.788  -1.427 0.0000000000
23290  -36.831  -53.099  -0.549 0.0000000000
19175  -35.686  -57.528  3.811 0.0000000000
19189  -36.461  -57.897  2.979 0.0000000000
18134  -36.722  -58.204  1.424 0.0000000000
19199  -36.053  -57.801  1.912 0.0000000000
22243  -32.513  -54.648  3.939 0.0000000000
22244  -33.115  -55.508  3.932 0.0000000000
21244  -32.664  -55.285  3.277 0.0000000000
22266  -33.282  -54.436  1.163 0.0000000000
21266  -33.435  -55.726  1.528 0.0000000000
21267  -33.969  -55.512  0.875 0.0000000000
20265  -34.429  -56.116  0.631 0.0000000000
21275  -34.574  -55.395  0.138 0.0000000000
21276  -35.361  -55.283  -0.334 0.0000000000
22277  -34.845  -54.368  -0.282 0.0000000000
25362  -34.943  -51.607  -0.188 0.0000000000
24284  -35.292  -52.518  -0.349 0.0000000000
25363  -35.658  -51.977  -0.466 0.0000000000
14915  -44.080  -61.120  -7.691 0.0000000000
16007  -42.886  -60.727  -9.982 0.0000000000
14944  -43.291  -61.154  -9.263 0.0000000000
13824  -42.146  -62.255  -10.087 0.0000000000
14952  -42.484  -61.552  -10.593 0.0000000000
16030  -44.025  -59.470  -11.332 0.0000000000
16015  -43.627  -59.775  -10.680 0.0000000000
16029  -43.599  -59.987  -11.555 0.0000000000
14969  -40.632  -61.794  -12.870 0.0000000000
14971  -42.451  -60.988  -12.168 0.0000000000
20385  -35.914  -56.409  -9.874 0.0000000000
20398  -35.939  -56.043  -10.238 0.0000000000
21424  -37.815  -55.430  -12.364 0.0000000000
20438  -38.745  -56.174  -12.217 0.0000000000
22447  -38.899  -54.697  -14.253 0.0000000000
22425  -39.502  -54.607  -13.826 0.0000000000
22448  -39.830  -54.674  -14.354 0.0000000000
21471  -41.187  -55.299  -14.660 0.0000000000
21470  -40.320  -55.004  -14.855 0.0000000000
20498  -39.941  -56.635  -16.102 0.0000000000
20499  -41.410  -56.840  -16.333 0.0000000000
19461  -42.194  -57.613  -16.989 0.0000000000
22320  -37.492  -54.502  -3.141 0.0000000000
23340  -37.358  -53.928  -3.025 0.0000000000
23339  -36.636  -53.275  -2.986 0.0000000000
22318  -36.062  -53.984  -3.641 0.0000000000
25257  -32.136  -51.637  7.014 0.0000000000
27470  -32.680  -50.429  7.095 0.0000000000
13795  -43.367  -62.192  -7.380 0.0000000000
19385  -42.634  -57.044  -11.358 0.0000000000
19386  -43.724  -56.828  -11.456 0.0000000000
20419  -42.941  -56.515  -12.088 0.0000000000
20421  -44.581  -56.479  -12.850 0.0000000000
20461  -45.213  -56.289  -13.955 0.0000000000
19417  -44.841  -57.036  -14.176 0.0000000000
21451  -45.169  -55.758  -14.209 0.0000000000
21491  -44.405  -55.827  -15.201 0.0000000000
21490  -43.535  -55.732  -15.269 0.0000000000
18193  -42.615  -58.774  -3.111 0.0000000000
18210  -42.264  -59.211  -3.994 0.0000000000
17056  -41.032  -59.362  -5.064 0.0000000000
19311  -37.292  -58.057  -6.094 0.0000000000
18217  -37.984  -58.264  -5.930 0.0000000000
18227  -37.777  -58.232  -6.582 0.0000000000
18246  -38.301  -58.382  -7.871 0.0000000000
19331  -38.338  -58.332  -8.340 0.0000000000
19341  -39.414  -58.525  -9.307 0.0000000000
19340  -38.583  -58.298  -9.108 0.0000000000
19237  -45.032  -57.012  -0.810 0.0000000000
20300  -44.643  -56.895  -0.793 0.0000000000
18157  -40.726  -58.022  -0.051 0.0000000000
19233  -40.407  -57.001  -0.334 0.0000000000
20283  -39.864  -55.730  -0.518 0.0000000000
21287  -39.821  -54.676  -0.593 0.0000000000
22289  -40.106  -54.316  -0.990 0.0000000000
21286  -38.925  -54.842  -0.459 0.0000000000
21285  -37.908  -55.072  -0.600 0.0000000000
22286  -37.279  -54.352  -0.768 0.0000000000
19149  -35.527  -57.033  5.773 0.0000000000
20222  -35.952  -57.294  5.329 0.0000000000
19160  -36.551  -57.330  4.843 0.0000000000
20228  -35.797  -57.152  5.026 0.0000000000
20227  -35.259  -56.873  4.550 0.0000000000
20240  -34.935  -57.071  3.702 0.0000000000
24243  -32.265  -52.400  3.220 0.0000000000
23262  -32.384  -53.949  2.643 0.0000000000
23250  -32.293  -52.847  2.724 0.0000000000
23274  -33.038  -53.128  1.043 0.0000000000
23286  -33.685  -53.246  0.291 0.0000000000
24282  -33.482  -52.296  0.592 0.0000000000
25361  -34.099  -51.464  0.318 0.0000000000
26446  -34.068  -50.027  0.767 0.0000000000
17101  -43.488  -60.406  -8.051 0.0000000000
16000  -43.755  -60.637  -8.414 0.0000000000
17102  -43.597  -60.420  -8.302 0.0000000000
16008  -43.548  -60.435  -9.502 0.0000000000
16049  -43.073  -60.264  -12.341 0.0000000000
23476  -36.000  -52.902  -14.660 0.0000000000
23477  -36.594  -53.547  -14.378 0.0000000000
23478  -36.978  -53.806  -13.927 0.0000000000
21468  -38.433  -55.038  -14.654 0.0000000000
21487  -39.861  -55.612  -15.360 0.0000000000
19459  -39.438  -57.308  -16.856 0.0000000000
19266  -39.770  -57.039  -2.637 0.0000000000
20330  -38.954  -56.675  -3.080 0.0000000000
19279  -38.526  -56.958  -3.844 0.0000000000
21321  -37.656  -55.313  -3.296 0.0000000000
20344  -37.662  -56.700  -4.319 0.0000000000
19290  -37.311  -57.300  -4.794 0.0000000000
19300  -36.968  -57.530  -5.499 0.0000000000
20362  -35.988  -56.972  -6.380 0.0000000000
19309  -36.042  -57.305  -7.015 0.0000000000
18141  -44.349  -58.430  0.698 0.0000000000
18139  -42.577  -58.527  0.527 0.0000000000
17004  -41.118  -59.554  0.986 0.0000000000
18138  -41.579  -58.681  0.236 0.0000000000
18137  -40.288  -58.993  0.239 0.0000000000
18154  -37.676  -57.852  -0.095 0.0000000000
22200  -32.614  -54.609  7.079 0.0000000000
22212  -32.713  -54.688  6.400 0.0000000000
22224  -32.961  -55.252  5.485 0.0000000000
22223  -32.514  -54.344  5.751 0.0000000000
23232  -32.247  -53.590  5.279 0.0000000000
24237  -32.045  -52.658  4.712 0.0000000000
25262  -32.199  -51.578  6.131 0.0000000000
25279  -32.303  -51.518  5.095 0.0000000000
25280  -32.565  -50.899  4.363 0.0000000000
26399  -32.809  -50.047  3.820 0.0000000000
27514  -33.292  -49.271  3.287 0.0000000000
18261  -42.679  -58.941  -9.790 0.0000000000
18262  -43.371  -58.945  -10.229 0.0000000000
17150  -44.479  -58.925  -11.687 0.0000000000
17172  -44.176  -58.921  -12.342 0.0000000000
18307  -42.621  -58.830  -12.960 0.0000000000
19432  -43.290  -57.563  -14.844 0.0000000000
19445  -42.126  -57.819  -14.983 0.0000000000
18364  -41.601  -58.107  -15.363 0.0000000000
18387  -42.228  -59.016  -16.463 0.0000000000
17076  -45.549  -60.156  -4.810 0.0000000000
15980  -45.364  -60.860  -5.950 0.0000000000
15965  -45.130  -60.326  -5.533 0.0000000000
15964  -44.203  -60.441  -5.925 0.0000000000
15978  -43.764  -60.532  -6.852 0.0000000000
17088  -43.283  -60.188  -6.212 0.0000000000
15989  -42.755  -60.160  -7.808 0.0000000000
17111  -42.499  -59.837  -8.250 0.0000000000
17121  -42.589  -59.469  -9.046 0.0000000000
18190  -39.783  -58.293  -3.910 0.0000000000
18220  -40.215  -59.055  -5.313 0.0000000000
18229  -39.252  -58.962  -6.606 0.0000000000
17084  -39.904  -59.346  -6.768 0.0000000000
17109  -40.731  -59.272  -7.854 0.0000000000
17120  -41.953  -59.471  -8.762 0.0000000000
18260  -41.805  -58.970  -9.358 0.0000000000
18272  -42.007  -58.380  -10.099 0.0000000000
19357  -41.160  -57.951  -10.532 0.0000000000
19384  -41.494  -57.357  -11.343 0.0000000000
20440  -41.010  -56.382  -12.878 0.0000000000
17061  -46.002  -59.724  -4.255 0.0000000000
17044  -45.469  -59.357  -3.710 0.0000000000
17043  -44.438  -59.366  -3.824 0.0000000000
18179  -45.049  -58.508  -2.276 0.0000000000
18178  -44.099  -58.363  -2.319 0.0000000000
18194  -43.725  -58.745  -3.119 0.0000000000
18176  -42.002  -58.188  -2.514 0.0000000000
19267  -41.072  -57.426  -2.588 0.0000000000
19214  -44.530  -57.379  0.399 0.0000000000
20287  -43.915  -56.448  -0.193 0.0000000000
21300  -43.303  -56.433  -0.588 0.0000000000
20285  -42.299  -56.513  -0.247 0.0000000000
21299  -42.765  -56.046  -0.833 0.0000000000
20313  -41.677  -56.558  -1.834 0.0000000000
20312  -40.406  -56.038  -1.991 0.0000000000
21308  -39.532  -55.050  -2.278 0.0000000000
22305  -38.978  -54.174  -2.358 0.0000000000
22296  -39.520  -54.056  -1.615 0.0000000000
23329  -39.216  -53.373  -2.026 0.0000000000
23328  -38.559  -53.287  -2.323 0.0000000000
24325  -38.062  -52.707  -2.029 0.0000000000
24312  -36.626  -52.744  -1.193 0.0000000000
19177  -37.476  -57.564  4.224 0.0000000000
19190  -37.391  -57.811  3.429 0.0000000000
18106  -38.432  -58.295  3.052 0.0000000000
18119  -37.446  -58.435  1.999 0.0000000000
19210  -37.137  -57.655  -0.020 0.0000000000
21233  -33.842  -56.160  4.307 0.0000000000
21246  -34.218  -56.362  3.751 0.0000000000
20238  -33.965  -56.389  3.213 0.0000000000
21255  -32.427  -55.028  2.720 0.0000000000
20257  -33.464  -56.265  2.090 0.0000000000
19197  -34.126  -57.282  1.888 0.0000000000
19198  -34.933  -57.363  1.492 0.0000000000
19208  -35.397  -56.906  0.574 0.0000000000
19230  -36.707  -57.031  -0.427 0.0000000000
20280  -36.515  -56.007  -0.217 0.0000000000
22285  -36.552  -54.498  -0.644 0.0000000000
23305  -36.628  -53.778  -0.766 0.0000000000
23287  -34.628  -53.296  -0.260 0.0000000000
23288  -35.766  -53.472  -0.531 0.0000000000
23289  -36.532  -53.088  -0.664 0.0000000000
25364  -36.168  -52.698  -0.455 0.0000000000
25373  -35.797  -51.875  -0.789 0.0000000000
14893  -44.770  -61.196  -6.602 0.0000000000
14913  -43.200  -61.901  -7.962 0.0000000000
14931  -43.807  -61.041  -8.556 0.0000000000
14930  -43.490  -61.389  -8.562 0.0000000000
14929  -42.895  -61.818  -8.626 0.0000000000
16014  -43.295  -60.416  -10.697 0.0000000000
14962  -42.306  -61.536  -11.560 0.0000000000
24333  -35.658  -52.482  -3.257 0.0000000000
21345  -35.019  -55.312  -5.361 0.0000000000
21352  -34.832  -55.793  -6.521 0.0000000000
20361  -35.468  -56.648  -7.049 0.0000000000
19328  -35.863  -57.026  -8.412 0.0000000000
20376  -36.331  -57.008  -9.215 0.0000000000
19353  -36.585  -57.005  -9.949 0.0000000000
20400  -37.581  -56.676  -10.802 0.0000000000
21392  -35.974  -55.535  -10.891 0.0000000000
21394  -37.416  -56.250  -11.240 0.0000000000
20415  -38.401  -56.740  -11.344 0.0000000000
20439  -39.859  -56.260  -12.581 0.0000000000
21426  -40.332  -55.630  -13.201 0.0000000000
23465  -37.215  -53.908  -13.434 0.0000000000
22423  -37.757  -54.368  -13.313 0.0000000000
22411  -38.155  -54.830  -12.957 0.0000000000
21446  -39.982  -54.881  -13.458 0.0000000000
21447  -41.143  -55.355  -13.837 0.0000000000
21472  -42.023  -55.357  -14.490 0.0000000000
21489  -42.277  -55.545  -15.178 0.0000000000
20487  -43.070  -56.297  -15.755 0.0000000000
20486  -41.889  -56.267  -15.699 0.0000000000
19462  -43.439  -57.767  -16.755 0.0000000000
13836  -42.137  -62.032  -11.055 0.0000000000
15947  -45.040  -59.986  -5.185 0.0000000000
15966  -45.632  -60.666  -5.135 0.0000000000
15990  -43.317  -60.368  -7.755 0.0000000000
15998  -42.737  -60.077  -8.098 0.0000000000
15999  -42.972  -60.144  -8.139 0.0000000000
16013  -42.825  -60.998  -10.797 0.0000000000
16970  -38.859  -58.608  2.846 0.0000000000
16971  -39.299  -58.659  2.940 0.0000000000
16989  -39.647  -59.239  2.377 0.0000000000
16996  -46.995  -58.967  1.177 0.0000000000
17002  -39.023  -59.306  1.714 0.0000000000
17075  -45.241  -60.039  -5.047 0.0000000000
17087  -42.374  -59.923  -6.440 0.0000000000
17097  -39.681  -59.218  -7.085 0.0000000000
17129  -44.180  -59.206  -10.857 0.0000000000
17149  -44.087  -59.442  -11.841 0.0000000000
18104  -36.810  -58.074  2.676 0.0000000000
18118  -36.765  -58.141  2.291 0.0000000000
18142  -45.365  -58.156  0.557 0.0000000000
18144  -46.535  -58.208  0.031 0.0000000000
18206  -38.829  -58.435  -4.933 0.0000000000
18228  -38.388  -58.495  -6.596 0.0000000000
18237  -37.997  -58.307  -7.268 0.0000000000
18240  -40.177  -59.058  -7.924 0.0000000000
18306  -41.624  -59.134  -12.874 0.0000000000
18326  -42.802  -58.117  -13.492 0.0000000000
19159  -35.937  -57.393  4.504 0.0000000000
19178  -38.487  -57.542  4.312 0.0000000000
19187  -34.501  -57.349  2.349 0.0000000000
19191  -38.105  -57.675  3.703 0.0000000000
19213  -43.492  -57.335  0.404 0.0000000000
19229  -35.813  -56.781  -0.225 0.0000000000
19235  -42.755  -57.038  0.160 0.0000000000
19253  -45.394  -57.814  -1.231 0.0000000000
19265  -39.210  -56.834  -2.910 0.0000000000
19280  -39.122  -57.312  -3.496 0.0000000000
19289  -36.772  -57.183  -5.010 0.0000000000
19301  -37.659  -57.858  -5.308 0.0000000000
19338  -36.668  -57.225  -9.504 0.0000000000
19354  -37.114  -57.186  -10.092 0.0000000000
19360  -44.192  -57.560  -11.151 0.0000000000
19361  -44.520  -57.799  -11.574 0.0000000000
19414  -42.606  -57.804  -13.888 0.0000000000
19430  -41.874  -57.824  -14.715 0.0000000000
19448  -44.152  -57.049  -15.947 0.0000000000
20214  -35.330  -56.473  5.795 0.0000000000
20225  -33.976  -56.370  4.868 0.0000000000
20226  -34.532  -56.484  4.694 0.0000000000
20239  -34.465  -56.649  3.372 0.0000000000
20248  -33.548  -56.215  2.761 0.0000000000
20249  -34.057  -56.753  2.531 0.0000000000
20250  -34.675  -57.034  2.965 0.0000000000
20259  -34.784  -56.646  0.850 0.0000000000
20266  -35.122  -56.191  0.118 0.0000000000
20267  -43.424  -56.876  0.292 0.0000000000
20268  -43.885  -56.761  0.305 0.0000000000
20270  -45.327  -56.981  -0.001 0.0000000000
20288  -44.868  -56.797  -0.397 0.0000000000
20289  -45.417  -57.201  -0.243 0.0000000000
20299  -43.821  -56.673  -0.797 0.0000000000
20310  -38.582  -55.865  -2.893 0.0000000000
20314  -42.327  -56.847  -1.651 0.0000000000
20345  -38.205  -56.713  -4.004 0.0000000000
20369  -35.485  -56.586  -8.122 0.0000000000
20375  -35.868  -56.603  -9.052 0.0000000000
20386  -36.280  -56.825  -9.677 0.0000000000
20401  -38.157  -57.058  -10.844 0.0000000000
20414  -37.748  -56.367  -11.393 0.0000000000
20420  -43.965  -56.298  -12.281 0.0000000000
20444  -44.867  -56.189  -13.497 0.0000000000
20459  -43.305  -55.897  -13.662 0.0000000000
20460  -44.148  -55.689  -13.842 0.0000000000
20473  -44.134  -55.597  -14.202 0.0000000000
20474  -45.063  -56.188  -14.709 0.0000000000
20488  -44.057  -56.406  -15.728 0.0000000000
20489  -44.643  -56.203  -15.280 0.0000000000
21221  -35.415  -56.354  5.821 0.0000000000
21228  -33.684  -56.205  5.125 0.0000000000
21229  -34.519  -56.494  5.560 0.0000000000
21230  -35.183  -56.525  5.740 0.0000000000
21235  -34.917  -56.884  4.028 0.0000000000
21247  -34.667  -56.643  3.849 0.0000000000
21256  -32.942  -55.523  2.375 0.0000000000
21283  -36.189  -55.233  -0.482 0.0000000000
21290  -42.794  -56.347  -0.488 0.0000000000
21291  -43.285  -56.520  -0.366 0.0000000000
21306  -37.982  -55.006  -2.747 0.0000000000
21336  -37.323  -56.029  -4.041 0.0000000000
21382  -35.421  -55.711  -9.789 0.0000000000
21393  -36.940  -56.016  -11.113 0.0000000000
21408  -37.420  -55.945  -11.658 0.0000000000
21427  -40.977  -55.840  -13.341 0.0000000000
21428  -44.780  -55.721  -13.757 0.0000000000
21429  -45.174  -55.900  -13.829 0.0000000000
21445  -39.329  -54.761  -13.415 0.0000000000
21449  -43.102  -55.828  -14.131 0.0000000000
21450  -44.579  -55.588  -14.217 0.0000000000
21474  -44.059  -55.591  -14.656 0.0000000000
21475  -44.778  -55.738  -14.707 0.0000000000
21492  -44.860  -55.917  -15.064 0.0000000000
22211  -32.524  -54.251  6.159 0.0000000000
22231  -32.570  -54.482  4.904 0.0000000000
22255  -32.340  -54.492  3.032 0.0000000000
22267  -34.061  -54.766  0.320 0.0000000000
22295  -39.091  -53.831  -1.484 0.0000000000
22307  -39.879  -54.412  -1.707 0.0000000000
22319  -36.921  -54.478  -3.519 0.0000000000
22449  -40.513  -54.938  -14.336 0.0000000000
23215  -32.826  -54.136  6.960 0.0000000000
23241  -32.092  -53.656  4.314 0.0000000000
23249  -32.203  -53.527  3.198 0.0000000000
23263  -32.414  -53.353  2.031 0.0000000000
23304  -36.165  -54.130  -0.617 0.0000000000
23307  -38.240  -53.541  -1.118 0.0000000000
23319  -39.071  -53.386  -1.693 0.0000000000
23338  -35.918  -53.288  -3.455 0.0000000000
23452  -37.371  -54.064  -12.958 0.0000000000
23463  -36.093  -52.943  -13.354 0.0000000000
24286  -36.521  -52.769  -0.517 0.0000000000
24299  -36.787  -52.951  -0.735 0.0000000000
24315  -39.024  -53.052  -1.837 0.0000000000
24326  -38.869  -52.905  -1.988 0.0000000000
24327  -39.105  -53.037  -2.077 0.0000000000
24484  -36.333  -52.895  -14.074 0.0000000000
25304  -32.342  -51.912  4.075 0.0000000000
25365  -36.653  -52.722  -0.184 0.0000000000
25374  -36.212  -52.647  -0.726 0.0000000000
25375  -36.514  -52.710  -0.386 0.0000000000
26467  -33.885  -50.692  0.702 0.0000000000
27471  -32.998  -49.934  7.474 0.0000000000
27534  -33.378  -49.330  2.262 0.0000000000
