#!ascii label  , from subject 3323 vox2ras=TkReg
2208
78526  -35.860  -35.462  63.135 0.0000000000
94500  -54.146  -23.399  38.916 0.0000000000
82624  -40.960  -33.053  46.656 0.0000000000
66592  -5.897  -47.146  64.417 0.0000000000
65414  -21.071  -45.388  61.905 0.0000000000
71913  -4.545  -40.156  62.929 0.0000000000
77198  -3.933  -38.158  71.193 0.0000000000
87983  -48.724  -29.614  43.103 0.0000000000
76118  -6.038  -37.927  53.373 0.0000000000
60412  -4.353  -49.868  69.571 0.0000000000
82487  -33.436  -33.792  57.737 0.0000000000
69189  -30.115  -40.585  60.278 0.0000000000
71890  -28.157  -39.257  63.755 0.0000000000
102149  -55.590  -19.000  40.161 0.0000000000
81291  -44.605  -32.256  44.505 0.0000000000
66645  -15.329  -44.119  60.237 0.0000000000
82501  -5.490  -33.595  56.974 0.0000000000
69158  -8.405  -42.664  65.100 0.0000000000
71946  -8.830  -41.339  60.462 0.0000000000
67860  -7.905  -45.958  59.835 0.0000000000
62785  -9.080  -47.069  72.129 0.0000000000
64007  -5.970  -47.141  73.651 0.0000000000
82568  -39.873  -32.495  51.060 0.0000000000
70532  -25.302  -41.644  65.906 0.0000000000
69211  -23.377  -42.873  58.962 0.0000000000
73245  -4.058  -39.752  66.864 0.0000000000
69131  -6.843  -43.602  68.902 0.0000000000
90613  -51.290  -26.304  40.695 0.0000000000
62806  -10.982  -47.106  68.341 0.0000000000
65356  -12.836  -45.812  64.233 0.0000000000
74706  -4.740  -38.615  58.057 0.0000000000
73392  -8.780  -40.128  55.774 0.0000000000
77173  -7.643  -38.447  75.728 0.0000000000
69090  -5.230  -44.006  72.544 0.0000000000
62809  -4.390  -48.492  66.751 0.0000000000
80994  -36.732  -33.650  63.233 0.0000000000
76055  -35.133  -37.841  61.208 0.0000000000
79731  -35.028  -35.377  60.814 0.0000000000
73285  -33.500  -38.249  62.513 0.0000000000
71969  -32.305  -39.688  59.702 0.0000000000
73268  -32.076  -38.029  63.266 0.0000000000
98277  -54.714  -21.331  39.510 0.0000000000
92003  -51.015  -25.670  36.983 0.0000000000
97020  -51.998  -22.418  37.620 0.0000000000
99645  -52.874  -20.494  38.319 0.0000000000
82648  -43.052  -32.941  45.566 0.0000000000
81209  -38.534  -34.138  46.976 0.0000000000
79887  -38.652  -32.861  44.776 0.0000000000
81310  -40.853  -32.451  43.523 0.0000000000
67807  -7.561  -45.007  64.932 0.0000000000
67820  -8.070  -44.720  62.813 0.0000000000
67830  -7.054  -46.493  62.068 0.0000000000
64168  -6.001  -47.500  59.724 0.0000000000
65407  -5.012  -47.614  61.838 0.0000000000
61570  -8.341  -48.390  69.346 0.0000000000
60401  -7.478  -48.461  70.732 0.0000000000
81154  -39.271  -32.953  54.020 0.0000000000
83936  -37.042  -32.670  56.842 0.0000000000
82525  -34.108  -33.061  55.249 0.0000000000
79783  -37.354  -34.184  54.142 0.0000000000
78635  -37.223  -34.393  51.649 0.0000000000
74608  -28.512  -38.831  68.037 0.0000000000
73316  -26.612  -39.875  60.393 0.0000000000
71932  -24.647  -40.566  61.273 0.0000000000
105956  -53.864  -15.664  38.461 0.0000000000
108319  -53.698  -13.613  38.959 0.0000000000
74602  -3.810  -38.955  68.578 0.0000000000
71813  -5.802  -41.096  68.591 0.0000000000
71790  -5.264  -41.401  70.526 0.0000000000
89308  -49.642  -28.492  42.171 0.0000000000
85504  -44.623  -30.257  42.146 0.0000000000
88011  -46.075  -28.840  41.432 0.0000000000
90636  -48.645  -26.455  40.086 0.0000000000
64033  -13.149  -45.641  71.831 0.0000000000
64064  -13.458  -45.945  69.652 0.0000000000
77306  -3.822  -36.603  61.419 0.0000000000
78573  -4.105  -36.452  58.725 0.0000000000
74690  -4.265  -39.081  60.128 0.0000000000
69206  -10.019  -43.309  58.592 0.0000000000
71999  -8.659  -40.799  57.936 0.0000000000
70641  -10.813  -42.718  55.965 0.0000000000
171792  -8.527  -40.743  73.399 0.0000000000
61556  -4.977  -48.538  72.227 0.0000000000
66529  -5.012  -45.315  73.424 0.0000000000
64041  -5.002  -47.614  71.629 0.0000000000
65288  -5.057  -46.974  70.481 0.0000000000
61576  -4.225  -49.643  67.588 0.0000000000
83893  -36.408  -32.670  59.244 0.0000000000
76007  -29.550  -38.302  65.815 0.0000000000
76010  -31.619  -37.795  64.498 0.0000000000
70559  -29.405  -39.881  62.191 0.0000000000
104719  -56.696  -16.121  40.087 0.0000000000
103440  -53.513  -17.787  37.930 0.0000000000
84096  -46.743  -31.939  43.044 0.0000000000
82719  -42.227  -31.772  42.612 0.0000000000
66674  -19.724  -44.171  58.413 0.0000000000
66632  -18.554  -43.776  61.696 0.0000000000
79766  -6.192  -35.668  55.416 0.0000000000
70546  -6.930  -40.395  64.206 0.0000000000
71929  -6.839  -41.074  61.421 0.0000000000
70555  -8.915  -41.984  63.255 0.0000000000
67846  -9.084  -44.179  60.734 0.0000000000
67889  -8.956  -46.019  57.716 0.0000000000
64003  -9.725  -45.937  74.397 0.0000000000
66511  -9.080  -44.578  74.599 0.0000000000
62772  -8.301  -48.197  74.484 0.0000000000
59189  -6.012  -48.772  71.694 0.0000000000
82589  -40.009  -31.152  48.559 0.0000000000
78655  -37.793  -33.453  49.413 0.0000000000
67816  -23.806  -43.623  64.278 0.0000000000
74652  -26.524  -39.765  65.186 0.0000000000
69173  -24.103  -42.787  62.733 0.0000000000
67851  -22.429  -44.239  60.416 0.0000000000
77290  -3.258  -36.716  63.259 0.0000000000
77283  -3.435  -37.051  65.038 0.0000000000
73272  -4.659  -39.656  64.679 0.0000000000
70516  -6.549  -41.011  65.906 0.0000000000
70507  -7.652  -42.987  67.060 0.0000000000
66577  -6.128  -45.894  66.334 0.0000000000
91958  -52.803  -25.271  39.529 0.0000000000
90673  -50.341  -26.379  38.347 0.0000000000
64017  -11.838  -45.797  72.994 0.0000000000
62792  -10.539  -46.521  70.876 0.0000000000
62815  -8.757  -47.681  67.245 0.0000000000
65375  -17.415  -45.350  63.790 0.0000000000
65343  -15.748  -45.567  65.614 0.0000000000
64091  -14.204  -46.098  67.539 0.0000000000
64102  -11.138  -46.129  66.407 0.0000000000
62823  -9.839  -47.701  64.718 0.0000000000
82481  -4.146  -33.525  58.257 0.0000000000
78580  -5.458  -36.192  57.585 0.0000000000
74739  -4.775  -38.775  55.776 0.0000000000
71961  -6.563  -40.412  59.503 0.0000000000
73353  -6.695  -39.715  57.324 0.0000000000
74753  -6.751  -39.372  54.712 0.0000000000
75944  -5.091  -38.168  73.325 0.0000000000
70419  -6.779  -42.631  74.790 0.0000000000
73170  -4.859  -41.087  74.716 0.0000000000
71776  -5.231  -41.268  72.427 0.0000000000
69116  -5.625  -43.857  71.000 0.0000000000
65304  -5.459  -46.603  68.279 0.0000000000
65338  -4.892  -48.042  65.536 0.0000000000
57892  -3.428  -52.006  66.155 0.0000000000
60427  -2.916  -50.843  65.380 0.0000000000
62831  -4.109  -49.017  63.548 0.0000000000
79667  -36.718  -34.915  63.435 0.0000000000
80962  -36.815  -34.088  64.089 0.0000000000
77296  -36.206  -36.402  62.306 0.0000000000
78555  -36.929  -36.174  61.821 0.0000000000
77288  -35.149  -36.350  62.947 0.0000000000
74688  -34.641  -38.047  61.431 0.0000000000
79655  -35.276  -34.615  63.691 0.0000000000
77282  -34.543  -36.220  63.297 0.0000000000
97008  -54.608  -22.585  38.831 0.0000000000
93275  -52.252  -24.507  38.593 0.0000000000
94531  -51.354  -23.967  38.093 0.0000000000
95735  -52.962  -23.025  38.718 0.0000000000
98289  -53.463  -21.762  38.802 0.0000000000
84062  -42.112  -32.373  46.107 0.0000000000
84053  -44.210  -32.672  46.634 0.0000000000
84040  -43.484  -32.117  47.517 0.0000000000
78681  -38.324  -33.913  45.418 0.0000000000
82662  -40.030  -32.855  45.312 0.0000000000
82663  -40.912  -32.488  45.154 0.0000000000
66600  -6.989  -46.364  64.273 0.0000000000
67812  -7.175  -45.943  63.148 0.0000000000
66599  -6.686  -46.521  63.637 0.0000000000
66626  -5.662  -47.357  61.928 0.0000000000
65369  -5.483  -47.598  63.222 0.0000000000
60421  -7.583  -49.498  67.528 0.0000000000
60417  -7.648  -49.475  68.271 0.0000000000
79772  -39.623  -33.342  56.511 0.0000000000
81111  -37.110  -34.099  55.991 0.0000000000
79785  -39.392  -33.725  55.427 0.0000000000
79795  -38.735  -33.423  54.215 0.0000000000
107141  -54.859  -14.996  39.378 0.0000000000
107156  -53.449  -15.299  38.390 0.0000000000
108289  -54.353  -12.934  40.052 0.0000000000
75967  -3.738  -38.396  70.471 0.0000000000
73212  -4.356  -39.829  69.652 0.0000000000
74584  -4.604  -39.822  70.334 0.0000000000
87995  -49.420  -29.399  42.652 0.0000000000
87997  -50.631  -29.271  43.022 0.0000000000
86783  -46.296  -30.482  42.360 0.0000000000
87991  -45.652  -29.744  41.538 0.0000000000
86819  -47.368  -29.796  41.996 0.0000000000
88013  -48.389  -28.599  41.469 0.0000000000
65284  -14.812  -45.271  71.498 0.0000000000
64055  -15.570  -45.608  70.196 0.0000000000
65380  -21.824  -44.952  63.679 0.0000000000
65394  -20.356  -45.366  62.619 0.0000000000
78614  -6.045  -36.836  53.188 0.0000000000
76041  -4.057  -38.435  62.059 0.0000000000
74680  -3.850  -38.973  61.106 0.0000000000
71926  -4.455  -40.445  62.025 0.0000000000
69223  -10.039  -44.002  57.715 0.0000000000
70629  -10.549  -42.488  57.040 0.0000000000
69265  -10.520  -43.978  55.906 0.0000000000
74546  -10.518  -40.205  73.510 0.0000000000
70443  -10.071  -41.724  74.483 0.0000000000
60408  -4.721  -49.466  70.323 0.0000000000
62789  -4.823  -48.171  71.595 0.0000000000
61564  -4.625  -48.905  70.453 0.0000000000
62799  -4.594  -48.726  69.586 0.0000000000
60415  -4.244  -50.199  68.657 0.0000000000
82430  -36.858  -33.291  60.901 0.0000000000
82457  -36.029  -33.769  60.496 0.0000000000
82459  -37.746  -32.787  59.878 0.0000000000
82477  -38.144  -32.612  59.055 0.0000000000
70554  -31.321  -40.053  62.611 0.0000000000
71873  -31.061  -38.998  63.310 0.0000000000
70568  -29.783  -40.175  61.513 0.0000000000
70581  -28.356  -39.862  60.548 0.0000000000
104705  -55.654  -17.328  40.455 0.0000000000
100933  -54.470  -19.151  38.654 0.0000000000
102172  -53.393  -18.660  37.991 0.0000000000
102162  -54.088  -18.509  38.679 0.0000000000
104734  -55.173  -16.473  39.458 0.0000000000
81315  -45.219  -31.760  44.133 0.0000000000
82680  -47.001  -32.127  44.329 0.0000000000
84075  -46.427  -32.340  44.959 0.0000000000
81312  -42.598  -32.063  43.993 0.0000000000
82696  -41.068  -32.433  42.931 0.0000000000
82698  -42.777  -31.648  43.334 0.0000000000
84117  -44.222  -31.388  43.211 0.0000000000
82502  -6.591  -33.540  56.707 0.0000000000
81114  -6.911  -35.158  55.806 0.0000000000
79759  -5.578  -34.965  56.564 0.0000000000
70537  -7.565  -41.399  64.762 0.0000000000
71901  -7.683  -40.733  63.434 0.0000000000
70548  -8.989  -41.895  64.186 0.0000000000
67832  -8.156  -44.879  61.806 0.0000000000
67833  -8.894  -44.058  62.002 0.0000000000
67861  -8.748  -44.799  59.693 0.0000000000
67876  -8.650  -45.278  58.635 0.0000000000
66656  -7.452  -46.360  59.177 0.0000000000
62775  -9.382  -46.355  73.261 0.0000000000
64009  -9.480  -46.841  74.825 0.0000000000
62778  -8.389  -47.389  73.428 0.0000000000
59202  -6.621  -49.567  69.698 0.0000000000
60405  -6.712  -48.958  70.706 0.0000000000
57871  -6.152  -49.865  69.867 0.0000000000
59195  -5.281  -49.751  70.416 0.0000000000
82572  -39.627  -31.950  49.878 0.0000000000
79817  -38.872  -33.633  51.900 0.0000000000
78647  -37.650  -33.745  50.369 0.0000000000
79844  -38.358  -33.183  49.639 0.0000000000
79857  -39.042  -33.024  48.687 0.0000000000
69156  -25.560  -42.669  66.848 0.0000000000
67805  -23.785  -43.609  65.954 0.0000000000
69163  -25.093  -43.221  65.198 0.0000000000
73255  -29.486  -38.716  65.210 0.0000000000
71840  -28.220  -38.802  65.843 0.0000000000
73265  -27.559  -38.964  64.648 0.0000000000
70579  -24.004  -41.787  60.678 0.0000000000
70565  -24.372  -41.595  61.912 0.0000000000
70580  -23.957  -42.181  61.432 0.0000000000
67853  -22.496  -43.504  61.731 0.0000000000
67867  -22.896  -44.205  59.990 0.0000000000
66676  -21.066  -44.580  58.726 0.0000000000
75992  -2.903  -37.987  67.275 0.0000000000
76011  -3.162  -38.393  65.452 0.0000000000
76024  -3.632  -38.549  64.815 0.0000000000
74623  -4.545  -39.706  65.763 0.0000000000
71858  -5.256  -40.471  65.892 0.0000000000
73246  -4.698  -40.094  66.309 0.0000000000
71815  -6.666  -42.332  68.719 0.0000000000
71829  -6.881  -41.960  68.085 0.0000000000
69139  -7.117  -43.606  68.098 0.0000000000
67799  -7.124  -44.509  66.867 0.0000000000
66568  -6.618  -44.925  68.066 0.0000000000
90640  -51.607  -25.682  40.032 0.0000000000
93240  -54.050  -25.343  40.989 0.0000000000
90596  -53.048  -25.740  41.813 0.0000000000
90611  -49.713  -26.623  41.083 0.0000000000
90654  -50.691  -26.190  39.262 0.0000000000
90655  -51.151  -25.950  39.071 0.0000000000
65258  -13.012  -45.235  72.850 0.0000000000
62798  -11.749  -47.242  70.058 0.0000000000
62793  -11.615  -46.718  70.775 0.0000000000
62801  -10.805  -47.324  69.326 0.0000000000
62805  -9.430  -47.021  68.702 0.0000000000
62811  -9.487  -46.945  67.649 0.0000000000
67848  -16.318  -43.598  60.445 0.0000000000
66614  -17.443  -44.163  62.242 0.0000000000
66613  -16.325  -44.036  62.097 0.0000000000
65372  -13.618  -44.926  63.535 0.0000000000
65358  -15.414  -45.475  64.492 0.0000000000
65342  -14.537  -45.806  65.387 0.0000000000
65328  -14.905  -45.878  66.289 0.0000000000
65327  -13.748  -45.776  66.367 0.0000000000
64104  -13.327  -45.812  67.094 0.0000000000
65340  -12.639  -45.931  65.761 0.0000000000
62824  -10.353  -47.330  63.986 0.0000000000
82463  -3.301  -33.689  59.565 0.0000000000
77321  -4.611  -37.644  58.854 0.0000000000
78574  -4.373  -36.416  57.984 0.0000000000
76068  -4.554  -37.726  57.807 0.0000000000
77346  -4.646  -37.319  56.742 0.0000000000
74719  -4.715  -38.669  57.309 0.0000000000
71930  -7.799  -40.901  61.532 0.0000000000
71943  -6.161  -40.960  60.366 0.0000000000
71945  -8.094  -40.575  60.619 0.0000000000
73374  -8.990  -40.365  56.628 0.0000000000
71998  -7.811  -40.641  57.926 0.0000000000
73373  -8.087  -40.093  56.450 0.0000000000
74731  -6.878  -39.490  55.943 0.0000000000
73391  -7.931  -39.772  55.481 0.0000000000
74769  -8.139  -39.292  53.451 0.0000000000
75937  -6.058  -38.162  74.706 0.0000000000
63993  -7.240  -45.905  74.273 0.0000000000
69058  -7.547  -44.069  74.716 0.0000000000
66520  -6.451  -45.277  73.955 0.0000000000
67763  -5.110  -44.975  72.991 0.0000000000
70416  -5.670  -43.119  74.369 0.0000000000
70438  -5.391  -42.802  73.433 0.0000000000
71770  -4.797  -41.404  73.241 0.0000000000
69099  -5.047  -42.780  72.231 0.0000000000
70457  -5.154  -42.248  71.580 0.0000000000
69103  -5.392  -44.358  71.587 0.0000000000
64074  -4.660  -48.040  68.452 0.0000000000
65296  -4.878  -46.655  69.162 0.0000000000
65311  -4.923  -47.483  67.937 0.0000000000
65312  -5.044  -47.307  67.279 0.0000000000
64088  -4.585  -48.032  66.526 0.0000000000
57891  -3.198  -52.170  65.438 0.0000000000
59215  -3.204  -51.427  66.014 0.0000000000
82407  -37.688  -32.962  61.876 0.0000000000
76064  -34.475  -38.446  59.891 0.0000000000
77325  -34.531  -37.124  59.832 0.0000000000
78564  -35.508  -36.247  61.119 0.0000000000
79719  -37.053  -35.040  61.893 0.0000000000
71923  -32.550  -40.211  62.141 0.0000000000
71938  -32.663  -38.663  61.011 0.0000000000
74693  -33.602  -39.009  60.252 0.0000000000
74655  -33.170  -38.063  63.079 0.0000000000
99621  -55.297  -20.224  39.598 0.0000000000
95747  -50.666  -23.426  37.408 0.0000000000
98301  -50.975  -22.005  37.479 0.0000000000
99644  -51.721  -20.691  38.080 0.0000000000
98287  -52.029  -21.726  37.877 0.0000000000
98267  -54.216  -20.679  38.945 0.0000000000
81271  -43.448  -33.195  44.912 0.0000000000
82649  -45.532  -32.560  45.682 0.0000000000
81251  -44.198  -32.738  45.864 0.0000000000
82607  -45.477  -33.032  47.491 0.0000000000
78670  -37.610  -34.342  47.433 0.0000000000
78679  -37.564  -33.877  46.325 0.0000000000
78708  -37.949  -34.007  44.645 0.0000000000
79919  -38.519  -33.562  43.979 0.0000000000
81286  -38.735  -33.082  43.468 0.0000000000
81287  -39.845  -32.772  43.840 0.0000000000
81270  -42.160  -32.880  44.624 0.0000000000
67808  -8.156  -43.897  64.636 0.0000000000
67815  -8.628  -43.587  63.849 0.0000000000
67814  -8.129  -44.505  63.828 0.0000000000
67819  -7.444  -45.404  62.644 0.0000000000
67844  -7.479  -46.144  61.143 0.0000000000
66655  -7.156  -46.742  59.887 0.0000000000
66642  -6.200  -47.197  61.211 0.0000000000
65425  -5.083  -47.530  61.020 0.0000000000
61566  -8.538  -47.971  70.189 0.0000000000
61559  -8.461  -47.541  71.398 0.0000000000
61565  -7.927  -48.467  70.243 0.0000000000
82566  -40.003  -32.653  52.408 0.0000000000
83921  -35.413  -32.384  57.502 0.0000000000
83933  -34.169  -32.677  56.691 0.0000000000
82512  -35.617  -32.711  56.137 0.0000000000
81124  -36.994  -33.180  54.942 0.0000000000
79781  -36.595  -34.121  53.846 0.0000000000
78610  -37.624  -34.271  53.376 0.0000000000
79806  -38.548  -33.247  53.061 0.0000000000
71826  -27.051  -39.532  67.341 0.0000000000
71921  -27.722  -39.848  62.337 0.0000000000
71920  -26.370  -40.172  62.694 0.0000000000
73306  -25.269  -39.884  61.245 0.0000000000
71966  -23.736  -40.702  59.728 0.0000000000
105975  -52.425  -15.833  37.575 0.0000000000
107166  -52.033  -15.030  37.346 0.0000000000
108339  -51.848  -13.885  37.472 0.0000000000
109476  -51.833  -12.604  37.019 0.0000000000
73233  -3.504  -39.380  67.446 0.0000000000
73235  -4.741  -40.520  67.495 0.0000000000
73224  -4.634  -40.588  68.784 0.0000000000
71798  -5.471  -41.238  69.656 0.0000000000
70479  -6.123  -42.098  69.614 0.0000000000
90593  -50.743  -27.009  41.544 0.0000000000
89282  -51.114  -27.908  42.428 0.0000000000
86836  -44.672  -28.852  40.908 0.0000000000
88031  -45.125  -28.287  40.527 0.0000000000
89331  -46.734  -27.253  40.589 0.0000000000
88033  -46.879  -28.023  41.431 0.0000000000
89306  -48.636  -27.666  41.305 0.0000000000
64019  -13.272  -45.138  72.661 0.0000000000
64034  -14.299  -45.443  71.896 0.0000000000
64053  -13.392  -46.042  70.530 0.0000000000
64063  -12.575  -46.705  69.868 0.0000000000
65390  -12.706  -45.757  62.059 0.0000000000
64121  -11.898  -46.170  64.057 0.0000000000
79721  -2.961  -35.143  60.641 0.0000000000
79734  -3.205  -35.297  59.882 0.0000000000
78558  -3.509  -36.304  60.458 0.0000000000
76063  -4.604  -37.987  59.709 0.0000000000
73311  -4.553  -39.186  59.380 0.0000000000
70590  -9.772  -42.236  59.791 0.0000000000
71964  -8.946  -41.062  59.442 0.0000000000
71983  -9.700  -41.525  58.377 0.0000000000
72001  -10.107  -41.397  57.535 0.0000000000
73394  -10.417  -40.782  56.153 0.0000000000
75956  -10.041  -38.639  72.536 0.0000000000
73181  -9.152  -39.312  73.611 0.0000000000
74536  -7.476  -40.315  74.087 0.0000000000
62770  -4.721  -47.817  74.293 0.0000000000
65248  -4.904  -46.207  74.180 0.0000000000
64021  -3.907  -47.152  73.862 0.0000000000
65264  -4.106  -46.407  73.432 0.0000000000
66544  -5.053  -45.926  72.395 0.0000000000
66548  -5.217  -46.036  71.659 0.0000000000
65281  -5.365  -46.962  71.716 0.0000000000
64062  -4.749  -47.963  69.486 0.0000000000
62808  -4.338  -48.776  67.397 0.0000000000
81099  -33.541  -34.850  57.564 0.0000000000
79743  -34.366  -35.558  60.147 0.0000000000
81089  -34.445  -34.673  59.056 0.0000000000
83906  -34.724  -32.902  58.356 0.0000000000
83908  -36.924  -32.724  58.303 0.0000000000
171923  -38.968  -32.476  57.685 0.0000000000
71856  -29.444  -38.772  64.519 0.0000000000
74631  -31.798  -37.812  64.288 0.0000000000
73266  -30.516  -38.609  64.055 0.0000000000
70551  -29.085  -39.696  62.971 0.0000000000
71935  -27.695  -39.718  61.161 0.0000000000
102183  -52.195  -18.742  37.507 0.0000000000
104757  -53.940  -16.251  38.359 0.0000000000
105942  -55.428  -15.754  39.543 0.0000000000
85508  -47.326  -31.018  43.353 0.0000000000
85493  -49.113  -30.726  43.678 0.0000000000
82682  -47.806  -31.663  44.199 0.0000000000
82694  -39.069  -32.966  42.544 0.0000000000
85521  -44.054  -30.559  42.443 0.0000000000
85523  -45.525  -30.926  42.795 0.0000000000
65431  -20.168  -44.408  60.368 0.0000000000
65412  -20.001  -44.480  61.414 0.0000000000
66646  -19.022  -43.608  60.473 0.0000000000
67864  -17.147  -43.286  59.587 0.0000000000
79775  -7.046  -35.882  55.025 0.0000000000
77366  -5.422  -37.072  54.702 0.0000000000
71899  -5.849  -40.325  63.475 0.0000000000
71915  -5.786  -40.909  62.461 0.0000000000
71900  -6.724  -40.488  63.468 0.0000000000
71917  -7.644  -41.082  62.409 0.0000000000
71931  -8.621  -41.314  61.513 0.0000000000
69166  -9.175  -42.859  63.214 0.0000000000
69171  -9.355  -42.993  62.282 0.0000000000
70578  -9.630  -42.118  60.611 0.0000000000
69195  -9.695  -43.093  59.538 0.0000000000
69073  -10.084  -43.396  74.804 0.0000000000
65235  -9.778  -44.940  74.753 0.0000000000
64000  -8.196  -46.646  74.456 0.0000000000
62765  -7.236  -47.868  74.486 0.0000000000
61557  -7.159  -47.721  71.949 0.0000000000
61551  -6.618  -49.028  73.049 0.0000000000
61544  -5.954  -48.418  73.553 0.0000000000
60396  -5.155  -48.685  72.152 0.0000000000
60409  -4.788  -49.747  70.198 0.0000000000
59206  -4.478  -50.920  69.139 0.0000000000
82605  -40.923  -32.561  47.435 0.0000000000
84025  -42.291  -31.599  48.771 0.0000000000
84009  -42.051  -31.239  49.603 0.0000000000
82524  -32.920  -33.491  55.379 0.0000000000
78662  -36.963  -33.634  48.326 0.0000000000
81211  -39.254  -33.411  47.522 0.0000000000
66596  -22.664  -44.471  64.741 0.0000000000
66617  -23.107  -45.158  62.848 0.0000000000
74610  -29.258  -38.757  66.776 0.0000000000
73241  -28.093  -39.063  66.683 0.0000000000
71867  -25.809  -40.811  65.470 0.0000000000
71904  -25.788  -40.170  63.753 0.0000000000
71903  -25.000  -41.199  63.970 0.0000000000
70539  -25.158  -42.199  64.867 0.0000000000
67825  -24.199  -43.363  63.549 0.0000000000
66635  -22.689  -44.257  62.556 0.0000000000
65434  -21.654  -44.734  61.550 0.0000000000
65469  -20.875  -44.605  59.130 0.0000000000
111750  -52.261  -10.812  36.956 0.0000000000
112931  -52.772  -9.878  36.361 0.0000000000
110613  -53.476  -10.883  35.033 0.0000000000
76039  -3.650  -37.227  62.455 0.0000000000
74658  -4.057  -38.793  63.044 0.0000000000
78515  -3.123  -36.651  64.055 0.0000000000
74659  -4.273  -38.757  63.708 0.0000000000
71896  -4.415  -39.953  63.759 0.0000000000
71877  -5.888  -40.294  64.532 0.0000000000
70526  -6.470  -40.709  65.187 0.0000000000
70527  -7.013  -41.378  65.421 0.0000000000
71842  -5.986  -41.119  66.597 0.0000000000
70517  -7.064  -41.746  66.438 0.0000000000
69153  -7.787  -43.448  66.260 0.0000000000
67800  -7.641  -44.291  66.324 0.0000000000
66586  -6.673  -45.474  65.690 0.0000000000
66585  -6.136  -46.118  65.531 0.0000000000
93249  -53.460  -24.749  39.497 0.0000000000
90635  -47.644  -26.484  39.928 0.0000000000
90671  -48.202  -25.969  38.397 0.0000000000
90690  -48.767  -25.925  37.873 0.0000000000
90692  -50.941  -26.590  37.583 0.0000000000
90694  -52.005  -26.085  37.985 0.0000000000
64011  -10.781  -45.525  73.706 0.0000000000
62780  -9.747  -46.394  72.610 0.0000000000
64032  -12.270  -46.162  72.133 0.0000000000
62787  -10.536  -46.305  71.679 0.0000000000
62791  -9.587  -46.673  71.159 0.0000000000
61574  -8.396  -48.057  68.526 0.0000000000
66616  -19.109  -44.387  63.085 0.0000000000
65376  -18.360  -45.325  63.878 0.0000000000
65360  -17.576  -45.576  64.618 0.0000000000
65373  -15.090  -44.572  63.496 0.0000000000
65359  -16.546  -45.507  64.589 0.0000000000
65330  -16.799  -45.595  66.474 0.0000000000
65317  -16.185  -46.024  67.536 0.0000000000
64079  -16.091  -46.209  68.407 0.0000000000
64066  -15.794  -46.153  69.377 0.0000000000
64077  -13.722  -45.994  68.689 0.0000000000
64090  -12.909  -45.829  67.803 0.0000000000
64089  -11.640  -46.203  67.727 0.0000000000
62821  -11.100  -46.574  64.290 0.0000000000
64112  -10.807  -46.330  65.636 0.0000000000
62812  -10.389  -46.625  67.147 0.0000000000
61583  -9.104  -48.216  65.805 0.0000000000
82491  -4.632  -33.643  57.376 0.0000000000
81061  -4.197  -34.919  58.868 0.0000000000
81076  -4.614  -34.621  58.352 0.0000000000
81090  -4.945  -34.803  57.228 0.0000000000
78585  -5.390  -36.227  56.743 0.0000000000
77355  -4.811  -37.155  55.640 0.0000000000
77376  -4.535  -38.079  54.257 0.0000000000
73305  -4.534  -40.931  60.644 0.0000000000
71942  -5.090  -41.069  60.168 0.0000000000
71977  -5.576  -39.540  58.475 0.0000000000
71980  -7.403  -40.645  58.590 0.0000000000
71979  -6.748  -40.366  58.675 0.0000000000
71995  -5.658  -39.267  57.408 0.0000000000
72014  -5.241  -38.946  56.526 0.0000000000
73388  -5.857  -39.171  55.399 0.0000000000
73424  -6.055  -38.978  54.131 0.0000000000
73447  -6.967  -39.431  52.944 0.0000000000
70421  -8.445  -42.683  74.452 0.0000000000
71740  -7.381  -41.547  74.885 0.0000000000
73156  -6.757  -40.948  75.711 0.0000000000
69068  -5.975  -43.701  74.489 0.0000000000
71751  -5.618  -42.165  75.407 0.0000000000
74539  -5.699  -39.725  75.557 0.0000000000
75935  -4.629  -38.589  74.410 0.0000000000
74552  -5.151  -39.919  73.091 0.0000000000
74572  -4.713  -39.595  71.660 0.0000000000
73202  -5.083  -40.925  71.405 0.0000000000
70468  -5.663  -42.403  70.390 0.0000000000
69118  -5.956  -43.996  69.861 0.0000000000
66554  -5.297  -46.022  70.722 0.0000000000
66556  -5.533  -45.290  69.840 0.0000000000
66563  -5.796  -45.181  69.347 0.0000000000
65314  -5.843  -46.023  67.730 0.0000000000
66576  -5.687  -46.370  66.251 0.0000000000
65339  -5.313  -47.722  65.225 0.0000000000
57882  -3.678  -51.694  67.947 0.0000000000
57893  -3.539  -52.171  66.598 0.0000000000
59213  -3.948  -51.114  67.807 0.0000000000
60419  -4.143  -50.352  67.627 0.0000000000
60424  -3.559  -50.528  66.443 0.0000000000
61580  -3.740  -49.296  65.977 0.0000000000
61591  -3.462  -50.017  64.922 0.0000000000
61586  -3.495  -49.220  65.362 0.0000000000
62818  -3.812  -48.525  65.123 0.0000000000
64110  -4.649  -48.260  64.877 0.0000000000
65353  -5.137  -47.982  63.519 0.0000000000
64126  -4.681  -48.289  62.925 0.0000000000
62858  -4.623  -48.654  61.162 0.0000000000
79657  -37.016  -34.470  63.965 0.0000000000
79656  -36.350  -34.852  63.972 0.0000000000
77289  -35.744  -36.075  62.515 0.0000000000
78538  -36.480  -35.598  62.570 0.0000000000
77295  -35.609  -36.883  62.711 0.0000000000
78514  -35.457  -35.192  63.499 0.0000000000
78525  -35.073  -35.663  63.151 0.0000000000
80961  -36.146  -34.067  64.159 0.0000000000
95725  -54.845  -23.016  38.167 0.0000000000
97004  -54.934  -22.754  38.730 0.0000000000
95720  -54.907  -23.036  38.670 0.0000000000
93276  -52.931  -23.892  38.750 0.0000000000
94516  -52.486  -23.692  38.477 0.0000000000
94517  -53.154  -23.381  38.807 0.0000000000
95724  -53.974  -22.927  38.778 0.0000000000
82625  -41.619  -32.504  46.132 0.0000000000
84051  -42.291  -32.241  46.690 0.0000000000
82645  -40.153  -33.313  45.788 0.0000000000
82646  -40.988  -32.935  45.731 0.0000000000
66593  -6.333  -46.502  64.687 0.0000000000
66598  -6.061  -47.102  63.483 0.0000000000
79771  -38.655  -33.882  55.614 0.0000000000
74583  -4.373  -39.212  70.774 0.0000000000
87984  -49.227  -29.681  43.113 0.0000000000
86798  -47.651  -29.824  43.016 0.0000000000
87993  -46.944  -29.717  41.859 0.0000000000
87994  -48.589  -29.318  42.251 0.0000000000
64046  -16.482  -45.611  70.872 0.0000000000
64045  -15.295  -45.129  71.168 0.0000000000
65396  -21.828  -45.460  62.847 0.0000000000
65379  -21.079  -45.209  63.695 0.0000000000
65395  -21.094  -45.528  62.714 0.0000000000
77378  -5.650  -37.498  53.610 0.0000000000
74669  -4.191  -38.823  62.381 0.0000000000
74670  -4.135  -38.767  61.813 0.0000000000
73299  -4.292  -39.546  62.008 0.0000000000
69244  -10.503  -43.490  56.864 0.0000000000
70435  -10.703  -42.197  74.589 0.0000000000
61568  -4.460  -49.368  69.607 0.0000000000
82431  -37.442  -33.008  61.288 0.0000000000
82432  -38.342  -32.314  61.215 0.0000000000
82460  -38.946  -32.322  59.670 0.0000000000
70562  -31.724  -40.306  62.179 0.0000000000
70561  -30.904  -40.339  62.239 0.0000000000
69175  -29.648  -40.345  60.660 0.0000000000
103411  -55.027  -17.966  40.491 0.0000000000
100924  -55.222  -19.199  38.985 0.0000000000
102154  -54.734  -18.479  38.875 0.0000000000
102148  -54.729  -18.784  39.794 0.0000000000
103421  -54.616  -17.799  39.577 0.0000000000
82679  -45.869  -32.100  44.390 0.0000000000
82678  -45.155  -32.510  44.742 0.0000000000
81290  -43.523  -32.656  44.419 0.0000000000
81313  -43.554  -31.759  44.225 0.0000000000
81314  -44.635  -31.695  44.162 0.0000000000
83924  -5.276  -32.460  57.110 0.0000000000
81101  -6.134  -34.658  56.520 0.0000000000
81100  -5.325  -34.559  56.762 0.0000000000
70538  -8.392  -42.078  64.943 0.0000000000
69162  -8.591  -42.766  64.667 0.0000000000
67845  -8.026  -45.170  60.813 0.0000000000
67875  -8.041  -46.113  58.527 0.0000000000
62774  -9.090  -47.226  73.727 0.0000000000
62779  -8.700  -46.772  72.923 0.0000000000
59197  -6.502  -49.455  70.159 0.0000000000
83996  -40.527  -31.815  50.630 0.0000000000
83985  -40.748  -32.236  51.787 0.0000000000
81109  -33.327  -34.881  57.291 0.0000000000
79830  -38.538  -33.232  50.804 0.0000000000
81179  -38.940  -32.620  50.335 0.0000000000
71837  -25.443  -41.442  66.722 0.0000000000
70525  -25.228  -41.936  66.569 0.0000000000
69154  -24.342  -42.717  66.108 0.0000000000
70531  -24.667  -42.425  65.602 0.0000000000
71870  -28.807  -38.833  64.117 0.0000000000
71855  -28.721  -38.911  65.185 0.0000000000
71889  -27.382  -39.271  63.743 0.0000000000
69196  -23.783  -42.917  60.074 0.0000000000
67882  -23.376  -43.611  59.685 0.0000000000
67881  -22.519  -43.498  59.104 0.0000000000
66694  -21.708  -43.703  58.931 0.0000000000
67896  -21.580  -42.996  58.305 0.0000000000
74611  -3.086  -38.950  67.201 0.0000000000
76003  -2.879  -38.303  66.477 0.0000000000
74621  -3.268  -39.260  66.258 0.0000000000
74633  -3.780  -39.178  65.638 0.0000000000
74622  -4.146  -39.538  66.024 0.0000000000
70481  -6.749  -42.857  69.076 0.0000000000
70494  -6.892  -42.820  68.395 0.0000000000
67797  -6.984  -44.411  67.733 0.0000000000
67794  -6.731  -44.512  68.568 0.0000000000
90614  -52.130  -26.197  40.774 0.0000000000
90615  -52.906  -25.759  41.107 0.0000000000
90612  -50.534  -26.427  41.002 0.0000000000
90638  -50.271  -26.326  40.076 0.0000000000
90639  -50.811  -25.886  40.033 0.0000000000
62802  -11.790  -47.165  69.197 0.0000000000
67834  -16.637  -43.684  61.384 0.0000000000
66630  -15.651  -43.758  61.327 0.0000000000
65357  -14.158  -45.611  64.353 0.0000000000
65341  -13.201  -45.954  65.274 0.0000000000
65326  -12.951  -45.531  65.935 0.0000000000
64114  -12.603  -46.101  64.847 0.0000000000
83879  -2.980  -33.222  59.700 0.0000000000
74698  -4.603  -38.695  58.802 0.0000000000
76067  -4.617  -38.067  58.175 0.0000000000
76077  -4.532  -38.286  57.380 0.0000000000
73337  -5.047  -38.855  57.911 0.0000000000
73410  -8.731  -39.719  55.091 0.0000000000
73411  -9.472  -40.004  55.219 0.0000000000
77179  -8.255  -38.109  75.372 0.0000000000
75938  -6.707  -38.173  74.824 0.0000000000
63998  -6.795  -46.532  74.163 0.0000000000
66508  -6.814  -45.265  74.397 0.0000000000
63997  -6.174  -46.326  73.762 0.0000000000
67766  -5.049  -44.935  72.683 0.0000000000
69083  -5.339  -43.831  73.081 0.0000000000
69084  -5.375  -43.089  72.911 0.0000000000
69085  -5.053  -42.579  72.901 0.0000000000
69091  -5.211  -43.172  72.451 0.0000000000
69098  -5.127  -43.247  72.073 0.0000000000
69097  -5.229  -43.998  72.049 0.0000000000
64087  -4.563  -47.893  67.543 0.0000000000
65302  -4.892  -47.446  68.481 0.0000000000
55189  -3.012  -53.749  64.006 0.0000000000
56521  -3.261  -52.875  64.690 0.0000000000
56526  -3.032  -53.215  64.117 0.0000000000
81013  -37.101  -33.514  62.500 0.0000000000
76061  -34.768  -38.212  60.532 0.0000000000
77326  -34.725  -37.740  60.230 0.0000000000
77320  -35.250  -37.408  60.892 0.0000000000
79703  -36.796  -34.501  62.507 0.0000000000
81036  -36.869  -34.098  62.047 0.0000000000
73296  -33.045  -38.583  62.241 0.0000000000
71924  -32.878  -39.763  61.975 0.0000000000
73302  -33.419  -38.542  61.800 0.0000000000
74695  -34.598  -38.612  60.795 0.0000000000
74701  -34.413  -38.986  60.141 0.0000000000
76030  -33.926  -37.285  62.913 0.0000000000
76021  -33.969  -37.035  63.340 0.0000000000
74656  -33.619  -37.755  62.804 0.0000000000
73295  -32.529  -38.686  62.295 0.0000000000
98269  -55.119  -20.846  39.835 0.0000000000
100926  -56.183  -19.761  39.509 0.0000000000
100947  -56.076  -20.314  39.303 0.0000000000
91986  -50.613  -26.128  37.007 0.0000000000
92002  -50.220  -25.457  36.768 0.0000000000
93297  -50.637  -24.944  37.058 0.0000000000
95748  -51.305  -23.413  37.727 0.0000000000
97038  -51.353  -22.588  37.578 0.0000000000
97037  -50.430  -22.710  37.522 0.0000000000
98302  -51.467  -21.968  37.529 0.0000000000
99658  -51.431  -21.544  37.680 0.0000000000
98276  -54.038  -21.870  39.190 0.0000000000
98275  -53.551  -21.116  38.808 0.0000000000
98268  -54.650  -20.829  39.484 0.0000000000
84041  -44.483  -32.665  47.292 0.0000000000
84028  -45.360  -32.524  47.856 0.0000000000
79877  -37.838  -34.513  46.963 0.0000000000
79878  -38.190  -34.168  46.499 0.0000000000
79886  -38.498  -33.366  45.266 0.0000000000
78689  -38.311  -33.891  44.979 0.0000000000
78709  -38.313  -33.624  44.483 0.0000000000
78730  -37.915  -33.753  44.309 0.0000000000
79899  -38.886  -33.148  44.346 0.0000000000
82664  -42.000  -32.789  45.013 0.0000000000
81269  -40.993  -32.370  44.582 0.0000000000
67818  -7.080  -46.134  62.708 0.0000000000
67831  -7.505  -45.649  61.869 0.0000000000
67843  -6.816  -46.739  61.382 0.0000000000
66627  -6.388  -47.039  62.084 0.0000000000
65408  -5.296  -47.493  62.017 0.0000000000
66641  -5.504  -47.422  61.213 0.0000000000
66640  -5.164  -47.490  61.393 0.0000000000
65442  -5.006  -47.924  60.392 0.0000000000
65424  -4.695  -47.940  60.980 0.0000000000
61569  -7.912  -48.671  69.769 0.0000000000
81165  -39.172  -32.838  52.776 0.0000000000
83922  -36.499  -32.431  57.531 0.0000000000
83935  -36.093  -32.318  56.638 0.0000000000
81126  -37.620  -34.106  55.639 0.0000000000
81110  -36.720  -33.812  55.589 0.0000000000
81142  -37.229  -33.858  54.540 0.0000000000
81141  -36.978  -33.559  54.198 0.0000000000
79782  -36.817  -34.727  54.209 0.0000000000
78608  -36.867  -35.008  53.717 0.0000000000
78598  -37.441  -34.435  53.885 0.0000000000
79794  -38.187  -33.921  53.278 0.0000000000
73221  -27.524  -39.185  67.647 0.0000000000
73222  -28.296  -39.177  67.474 0.0000000000
73308  -26.735  -39.550  61.045 0.0000000000
71934  -26.839  -39.733  61.693 0.0000000000
73315  -25.813  -39.627  60.602 0.0000000000
105967  -53.227  -15.944  38.126 0.0000000000
104766  -52.201  -16.224  37.374 0.0000000000
107139  -53.249  -14.512  38.512 0.0000000000
107155  -52.622  -14.738  38.119 0.0000000000
107138  -52.842  -14.484  38.370 0.0000000000
109456  -52.692  -12.849  38.146 0.0000000000
73234  -3.837  -39.823  67.908 0.0000000000
73223  -4.021  -39.930  69.148 0.0000000000
73213  -4.808  -40.342  69.821 0.0000000000
89290  -50.321  -27.863  42.138 0.0000000000
89281  -50.814  -27.738  42.217 0.0000000000
86794  -44.282  -29.783  41.782 0.0000000000
88010  -45.651  -29.271  41.425 0.0000000000
86817  -45.106  -29.272  41.312 0.0000000000
86837  -45.160  -28.602  41.120 0.0000000000
88032  -45.759  -27.977  41.175 0.0000000000
88014  -49.189  -28.810  41.973 0.0000000000
89307  -49.416  -27.791  41.576 0.0000000000
90592  -50.114  -27.278  41.444 0.0000000000
64027  -14.980  -45.590  72.167 0.0000000000
64054  -14.392  -45.418  70.304 0.0000000000
64044  -14.234  -45.244  71.209 0.0000000000
64152  -12.000  -46.279  61.491 0.0000000000
78557  -3.307  -35.903  60.827 0.0000000000
79722  -3.126  -35.535  60.389 0.0000000000
77314  -3.601  -36.460  60.830 0.0000000000
76057  -4.437  -38.118  60.393 0.0000000000
74689  -4.521  -38.710  59.452 0.0000000000
73312  -4.558  -39.847  59.870 0.0000000000
70602  -9.889  -42.282  58.876 0.0000000000
70603  -10.161  -42.503  58.340 0.0000000000
72002  -10.487  -41.883  57.282 0.0000000000
72019  -10.587  -41.553  56.669 0.0000000000
73376  -10.386  -40.954  56.709 0.0000000000
72032  -10.839  -41.461  55.470 0.0000000000
73183  -9.896  -40.243  73.608 0.0000000000
73182  -9.634  -39.623  73.540 0.0000000000
71771  -8.786  -40.186  73.426 0.0000000000
74542  -8.465  -39.165  73.805 0.0000000000
171789  -7.647  -40.764  73.549 0.0000000000
62777  -4.434  -47.830  73.545 0.0000000000
64014  -4.209  -47.105  74.338 0.0000000000
64031  -5.051  -47.358  72.799 0.0000000000
65273  -5.163  -46.701  72.628 0.0000000000
64051  -4.729  -47.768  70.577 0.0000000000
62803  -4.493  -48.807  68.527 0.0000000000
79757  -33.184  -35.774  57.554 0.0000000000
79758  -33.534  -35.397  57.840 0.0000000000
78571  -34.788  -36.272  60.409 0.0000000000
78578  -34.069  -36.353  59.333 0.0000000000
82475  -35.726  -33.289  59.783 0.0000000000
82456  -35.165  -33.871  60.226 0.0000000000
82474  -34.897  -33.725  59.475 0.0000000000
82489  -34.463  -33.812  58.735 0.0000000000
83892  -35.421  -32.954  59.076 0.0000000000
83907  -35.890  -32.442  58.402 0.0000000000
83895  -38.528  -32.571  58.258 0.0000000000
70608  -30.899  -39.988  58.663 0.0000000000
76009  -31.222  -37.780  65.036 0.0000000000
74629  -30.223  -38.288  64.999 0.0000000000
73256  -30.227  -38.538  64.519 0.0000000000
77280  -33.473  -36.411  64.422 0.0000000000
74644  -32.053  -37.863  63.933 0.0000000000
71907  -30.295  -39.796  63.109 0.0000000000
71872  -30.370  -38.916  63.627 0.0000000000
71892  -29.977  -39.454  63.381 0.0000000000
70543  -29.316  -39.426  63.454 0.0000000000
70558  -28.501  -39.742  62.367 0.0000000000
70566  -28.265  -39.713  61.606 0.0000000000
71950  -27.677  -39.755  60.028 0.0000000000
105928  -56.749  -15.992  39.771 0.0000000000
99643  -50.867  -20.352  38.097 0.0000000000
100955  -52.417  -19.661  37.806 0.0000000000
102171  -52.875  -18.185  37.614 0.0000000000
104755  -53.085  -17.255  37.600 0.0000000000
104756  -53.123  -16.702  37.700 0.0000000000
104744  -53.645  -17.224  37.845 0.0000000000
105943  -56.475  -16.103  39.814 0.0000000000
105926  -55.623  -15.507  39.762 0.0000000000
84120  -46.923  -31.623  43.044 0.0000000000
84098  -47.562  -31.501  43.662 0.0000000000
84097  -47.071  -31.915  43.241 0.0000000000
84066  -47.660  -32.515  45.122 0.0000000000
82669  -47.760  -32.364  44.869 0.0000000000
81235  -45.857  -32.995  46.597 0.0000000000
81253  -45.929  -32.735  46.055 0.0000000000
82675  -39.472  -32.882  43.103 0.0000000000
82674  -38.759  -32.821  43.060 0.0000000000
82676  -40.291  -32.745  43.179 0.0000000000
82718  -41.583  -32.083  42.497 0.0000000000
84140  -42.313  -31.244  42.288 0.0000000000
84141  -43.365  -31.017  42.537 0.0000000000
82722  -45.624  -31.542  43.486 0.0000000000
84143  -45.361  -31.286  43.007 0.0000000000
84144  -45.846  -30.965  43.134 0.0000000000
85507  -46.678  -30.721  42.968 0.0000000000
66659  -19.196  -43.355  59.192 0.0000000000
67880  -18.158  -42.901  58.732 0.0000000000
81115  -7.376  -34.390  55.700 0.0000000000
81113  -6.225  -35.254  56.017 0.0000000000
79767  -6.744  -35.488  55.335 0.0000000000
78592  -5.861  -36.419  54.935 0.0000000000
71902  -8.392  -41.326  63.307 0.0000000000
71918  -8.427  -41.405  62.421 0.0000000000
70563  -9.235  -41.897  62.458 0.0000000000
67821  -8.830  -43.893  63.031 0.0000000000
69183  -9.410  -43.101  61.266 0.0000000000
69184  -9.596  -43.080  60.369 0.0000000000
67847  -9.595  -43.645  60.095 0.0000000000
67877  -9.529  -44.476  58.668 0.0000000000
65444  -6.400  -47.289  59.804 0.0000000000
65445  -6.912  -46.564  59.215 0.0000000000
65464  -5.994  -47.109  59.044 0.0000000000
66513  -10.555  -44.483  74.708 0.0000000000
65243  -10.023  -45.472  74.715 0.0000000000
62767  -8.860  -47.715  74.843 0.0000000000
64008  -9.135  -47.096  75.274 0.0000000000
62766  -7.974  -48.133  74.798 0.0000000000
62760  -8.093  -47.348  74.626 0.0000000000
61558  -7.720  -47.721  71.461 0.0000000000
59190  -6.208  -48.818  71.412 0.0000000000
60394  -6.323  -48.434  72.062 0.0000000000
61545  -6.622  -48.906  73.798 0.0000000000
60393  -5.764  -48.708  72.070 0.0000000000
60392  -5.439  -48.719  72.501 0.0000000000
60398  -5.540  -49.064  71.407 0.0000000000
59201  -5.007  -50.373  69.887 0.0000000000
59194  -4.946  -49.746  70.394 0.0000000000
59200  -4.801  -50.234  69.902 0.0000000000
59199  -4.633  -50.003  70.010 0.0000000000
82590  -40.216  -31.857  47.895 0.0000000000
84038  -41.376  -31.830  47.876 0.0000000000
84024  -40.942  -31.599  48.867 0.0000000000
82511  -34.657  -32.499  56.029 0.0000000000
82510  -33.306  -33.088  56.345 0.0000000000
79828  -36.866  -33.521  50.031 0.0000000000
78654  -37.132  -33.580  49.497 0.0000000000
78663  -37.625  -33.809  48.420 0.0000000000
82576  -39.518  -31.784  48.790 0.0000000000
81196  -39.037  -33.305  48.291 0.0000000000
81197  -39.379  -32.621  48.121 0.0000000000
81212  -40.176  -33.042  47.407 0.0000000000
67810  -24.452  -44.213  65.084 0.0000000000
66597  -23.403  -44.200  64.969 0.0000000000
66607  -22.948  -43.814  64.093 0.0000000000
66606  -22.882  -44.664  63.637 0.0000000000
71854  -27.777  -38.982  65.755 0.0000000000
73242  -28.463  -38.798  66.239 0.0000000000
73253  -26.919  -39.626  65.785 0.0000000000
71853  -26.901  -39.723  66.143 0.0000000000
73263  -26.453  -39.933  65.562 0.0000000000
71933  -25.501  -40.368  61.919 0.0000000000
73294  -26.403  -39.722  63.891 0.0000000000
71919  -24.878  -40.573  63.010 0.0000000000
70556  -24.422  -41.834  63.332 0.0000000000
71887  -24.983  -41.617  64.516 0.0000000000
70549  -24.821  -42.221  64.194 0.0000000000
69167  -24.848  -42.983  63.629 0.0000000000
67852  -22.355  -43.792  60.897 0.0000000000
66649  -22.154  -44.280  61.669 0.0000000000
65453  -21.503  -44.348  60.718 0.0000000000
65452  -21.118  -44.676  60.324 0.0000000000
65471  -21.597  -44.706  59.973 0.0000000000
66692  -20.764  -44.195  57.976 0.0000000000
66691  -20.289  -44.100  57.775 0.0000000000
110603  -52.427  -11.733  37.433 0.0000000000
110607  -51.955  -11.573  36.418 0.0000000000
111747  -52.629  -10.804  37.730 0.0000000000
111761  -52.992  -10.132  35.613 0.0000000000
111751  -53.609  -9.643  36.182 0.0000000000
78539  -3.261  -36.111  62.636 0.0000000000
77297  -3.402  -36.821  62.916 0.0000000000
77298  -3.342  -37.600  62.970 0.0000000000
77284  -3.352  -36.898  65.685 0.0000000000
74648  -4.443  -39.090  64.530 0.0000000000
76033  -3.797  -38.511  64.157 0.0000000000
74647  -4.607  -38.960  64.032 0.0000000000
73287  -4.576  -39.111  63.794 0.0000000000
71875  -4.562  -39.911  64.124 0.0000000000
71897  -4.654  -40.076  63.756 0.0000000000
71876  -5.137  -40.088  64.678 0.0000000000
71859  -5.859  -40.586  65.513 0.0000000000
71827  -5.576  -40.946  67.399 0.0000000000
70506  -7.355  -42.566  67.473 0.0000000000
71843  -6.736  -41.704  67.248 0.0000000000
70518  -7.615  -42.668  66.605 0.0000000000
69146  -7.689  -43.185  66.773 0.0000000000
69152  -7.661  -44.038  66.725 0.0000000000
66578  -6.616  -45.285  66.594 0.0000000000
93248  -52.719  -24.954  39.090 0.0000000000
91947  -53.297  -25.361  39.924 0.0000000000
84026  -43.405  -31.561  48.463 0.0000000000
90634  -46.527  -26.448  39.585 0.0000000000
90652  -49.449  -26.180  39.201 0.0000000000
90651  -48.470  -25.927  39.208 0.0000000000
90672  -49.221  -25.948  38.441 0.0000000000
90691  -49.925  -26.041  37.681 0.0000000000
90656  -52.101  -25.500  39.401 0.0000000000
90676  -51.612  -26.219  38.546 0.0000000000
91957  -52.451  -25.285  39.009 0.0000000000
93256  -52.440  -25.083  38.760 0.0000000000
65251  -11.751  -44.935  73.629 0.0000000000
64016  -10.772  -45.626  73.187 0.0000000000
64023  -10.753  -45.763  72.670 0.0000000000
64025  -12.909  -45.854  72.575 0.0000000000
62788  -11.488  -46.346  71.521 0.0000000000
62796  -9.522  -47.089  70.320 0.0000000000
62810  -8.566  -47.280  68.007 0.0000000000
61575  -8.793  -47.441  68.795 0.0000000000
61578  -8.197  -48.230  67.596 0.0000000000
61582  -8.169  -48.423  66.564 0.0000000000
66633  -19.400  -44.048  62.128 0.0000000000
66603  -17.393  -44.612  63.167 0.0000000000
66604  -18.267  -44.709  63.412 0.0000000000
66612  -15.057  -44.032  62.305 0.0000000000
65392  -14.134  -44.204  62.872 0.0000000000
65344  -16.778  -45.494  65.484 0.0000000000
66588  -16.227  -45.495  66.060 0.0000000000
65329  -15.829  -45.663  66.496 0.0000000000
65315  -14.492  -46.073  66.808 0.0000000000
65316  -15.157  -46.123  67.072 0.0000000000
64092  -15.389  -46.258  67.851 0.0000000000
64078  -14.950  -46.295  68.586 0.0000000000
64065  -14.638  -46.035  69.511 0.0000000000
64103  -12.480  -45.735  66.567 0.0000000000
62825  -11.246  -46.899  63.533 0.0000000000
62820  -10.307  -46.675  64.955 0.0000000000
62817  -10.100  -46.627  66.008 0.0000000000
62819  -9.693  -47.576  65.491 0.0000000000
62816  -9.435  -47.513  66.550 0.0000000000
83898  -3.794  -32.718  58.351 0.0000000000
85316  -4.114  -32.073  57.982 0.0000000000
83911  -4.322  -32.706  57.815 0.0000000000
78566  -3.625  -36.302  59.744 0.0000000000
81060  -3.704  -34.503  59.161 0.0000000000
79735  -4.011  -35.519  59.024 0.0000000000
78575  -5.259  -36.205  58.033 0.0000000000
79745  -4.758  -35.566  58.339 0.0000000000
79746  -5.881  -35.799  58.422 0.0000000000
81091  -5.709  -35.152  58.111 0.0000000000
78581  -6.209  -36.056  57.907 0.0000000000
79754  -5.692  -35.653  57.338 0.0000000000
78584  -4.999  -36.738  57.084 0.0000000000
76099  -4.482  -37.692  55.890 0.0000000000
76089  -4.489  -37.503  56.219 0.0000000000
76098  -4.522  -38.222  55.684 0.0000000000
77364  -4.518  -37.929  54.698 0.0000000000
74740  -4.675  -38.547  55.270 0.0000000000
71927  -4.830  -41.089  61.466 0.0000000000
71928  -5.836  -41.304  61.347 0.0000000000
71960  -5.804  -40.260  59.411 0.0000000000
71982  -9.195  -40.955  58.602 0.0000000000
71981  -8.372  -40.708  58.682 0.0000000000
74721  -6.957  -40.268  57.581 0.0000000000
73339  -6.765  -40.353  58.011 0.0000000000
73338  -6.570  -39.940  58.050 0.0000000000
71978  -6.209  -39.782  58.348 0.0000000000
73352  -6.373  -39.697  57.738 0.0000000000
71996  -6.101  -39.322  57.177 0.0000000000
74741  -6.601  -39.372  55.019 0.0000000000
73389  -6.250  -39.179  55.496 0.0000000000
73407  -6.324  -39.337  54.641 0.0000000000
73406  -5.861  -39.243  54.702 0.0000000000
73425  -6.281  -39.188  53.826 0.0000000000
73426  -6.731  -39.373  53.761 0.0000000000
74565  -5.092  -38.570  73.021 0.0000000000
67753  -9.552  -43.924  74.534 0.0000000000
70422  -9.444  -42.699  74.740 0.0000000000
69072  -8.910  -43.482  74.501 0.0000000000
69070  -7.098  -43.678  74.765 0.0000000000
70420  -7.582  -42.631  74.500 0.0000000000
73164  -7.240  -41.025  75.367 0.0000000000
71739  -6.641  -41.868  75.638 0.0000000000
66530  -4.863  -45.638  73.750 0.0000000000
66518  -5.571  -45.312  73.640 0.0000000000
67749  -5.814  -44.580  73.808 0.0000000000
73169  -5.169  -41.936  74.623 0.0000000000
71750  -5.474  -42.487  74.957 0.0000000000
73162  -5.201  -41.863  75.104 0.0000000000
73163  -5.613  -41.172  75.561 0.0000000000
73171  -5.345  -40.552  75.244 0.0000000000
74538  -5.136  -38.976  75.013 0.0000000000
74544  -5.007  -39.619  74.502 0.0000000000
71769  -5.100  -41.141  72.993 0.0000000000
73179  -4.995  -40.561  73.335 0.0000000000
74551  -5.216  -40.329  72.854 0.0000000000
74563  -4.867  -39.423  72.532 0.0000000000
73189  -5.316  -40.382  72.307 0.0000000000
73191  -4.925  -40.315  71.350 0.0000000000
71781  -5.161  -41.560  71.809 0.0000000000
70467  -5.386  -42.437  71.121 0.0000000000
69117  -5.925  -43.515  70.129 0.0000000000
67776  -5.688  -44.724  70.375 0.0000000000
65297  -5.010  -46.427  68.847 0.0000000000
66555  -5.359  -45.850  69.945 0.0000000000
66562  -5.203  -45.762  68.989 0.0000000000
66567  -6.095  -45.525  68.366 0.0000000000
66566  -5.577  -46.056  68.456 0.0000000000
65324  -4.850  -47.664  66.093 0.0000000000
65313  -5.527  -46.414  67.223 0.0000000000
65325  -5.298  -47.038  66.262 0.0000000000
66584  -5.716  -46.801  65.411 0.0000000000
57888  -3.597  -52.240  67.479 0.0000000000
56514  -3.512  -52.477  65.665 0.0000000000
57887  -3.380  -51.824  67.236 0.0000000000
59216  -3.528  -51.228  66.885 0.0000000000
60423  -2.899  -50.984  65.860 0.0000000000
60428  -3.047  -50.631  65.832 0.0000000000
61579  -3.875  -49.557  66.561 0.0000000000
61585  -3.304  -50.104  65.651 0.0000000000
61592  -3.551  -49.165  64.625 0.0000000000
62822  -3.980  -48.595  64.313 0.0000000000
64119  -4.725  -48.314  63.956 0.0000000000
64120  -4.949  -48.194  64.368 0.0000000000
64127  -4.627  -48.422  63.432 0.0000000000
64118  -4.864  -48.172  63.401 0.0000000000
79686  -36.607  -34.252  63.081 0.0000000000
79668  -36.832  -34.219  63.600 0.0000000000
77312  -35.933  -36.855  61.736 0.0000000000
77304  -36.469  -36.525  62.027 0.0000000000
79685  -36.765  -35.033  62.782 0.0000000000
74668  -34.392  -37.561  62.541 0.0000000000
74678  -33.997  -38.225  61.797 0.0000000000
76038  -35.210  -37.441  62.479 0.0000000000
76047  -35.353  -37.595  61.896 0.0000000000
78512  -34.189  -35.336  63.686 0.0000000000
78513  -34.589  -35.339  63.363 0.0000000000
76022  -34.589  -36.746  63.134 0.0000000000
80960  -35.311  -34.033  63.913 0.0000000000
97009  -54.531  -21.703  39.458 0.0000000000
98278  -54.909  -21.161  39.576 0.0000000000
93298  -51.242  -25.012  37.990 0.0000000000
93299  -51.765  -24.197  38.378 0.0000000000
94532  -51.990  -23.687  38.121 0.0000000000
95734  -52.478  -23.106  38.053 0.0000000000
97021  -52.399  -22.391  38.102 0.0000000000
97022  -53.272  -22.383  38.706 0.0000000000
97007  -54.188  -22.381  38.462 0.0000000000
84063  -42.590  -32.453  46.062 0.0000000000
84052  -43.501  -32.468  46.515 0.0000000000
81229  -38.792  -34.088  46.264 0.0000000000
81230  -39.011  -33.754  45.652 0.0000000000
82643  -38.984  -32.812  45.638 0.0000000000
81267  -39.189  -32.556  45.203 0.0000000000
81268  -39.616  -32.643  44.731 0.0000000000
82647  -41.894  -32.515  45.643 0.0000000000
66594  -6.843  -45.885  64.833 0.0000000000
67813  -7.433  -45.644  63.748 0.0000000000
66611  -6.395  -46.623  62.787 0.0000000000
66610  -6.169  -47.080  62.969 0.0000000000
64137  -5.175  -47.540  62.280 0.0000000000
60418  -8.149  -49.069  67.980 0.0000000000
60414  -8.000  -48.917  68.648 0.0000000000
59214  -7.176  -49.978  66.899 0.0000000000
79764  -38.562  -33.326  56.459 0.0000000000
82514  -37.517  -33.376  56.493 0.0000000000
79763  -38.128  -33.952  55.775 0.0000000000
79770  -37.794  -34.072  55.055 0.0000000000
79784  -38.087  -33.901  54.402 0.0000000000
81143  -39.508  -33.416  54.868 0.0000000000
75988  -29.010  -38.454  67.955 0.0000000000
73327  -25.312  -39.776  59.792 0.0000000000
107158  -54.533  -15.315  39.002 0.0000000000
105955  -53.524  -15.701  38.349 0.0000000000
107157  -54.292  -15.269  38.714 0.0000000000
107140  -54.123  -14.634  38.769 0.0000000000
75972  -3.732  -38.263  69.376 0.0000000000
74594  -4.135  -39.249  69.780 0.0000000000
74595  -4.475  -39.807  69.897 0.0000000000
88015  -49.568  -28.949  42.347 0.0000000000
87996  -50.108  -29.023  42.686 0.0000000000
86801  -50.621  -29.758  42.910 0.0000000000
86796  -46.008  -30.437  42.041 0.0000000000
86795  -45.073  -30.082  41.603 0.0000000000
87992  -46.355  -29.665  41.656 0.0000000000
88012  -47.233  -29.100  41.567 0.0000000000
88034  -47.671  -28.288  41.432 0.0000000000
64035  -15.258  -45.546  71.838 0.0000000000
65365  -22.073  -44.828  64.741 0.0000000000
78603  -6.620  -36.583  53.750 0.0000000000
78604  -7.420  -36.387  53.659 0.0000000000
78615  -6.778  -36.794  52.851 0.0000000000
76049  -3.935  -37.365  61.931 0.0000000000
77307  -4.049  -37.236  61.393 0.0000000000
76050  -4.160  -38.013  61.518 0.0000000000
73304  -4.118  -40.191  60.913 0.0000000000
69207  -10.312  -42.781  58.134 0.0000000000
69224  -10.436  -43.074  57.719 0.0000000000
73172  -10.537  -40.756  73.731 0.0000000000
71762  -9.175  -41.262  73.852 0.0000000000
61560  -4.859  -48.695  71.513 0.0000000000
61555  -4.979  -48.395  72.387 0.0000000000
62794  -4.616  -48.463  70.568 0.0000000000
61572  -4.354  -49.536  68.646 0.0000000000
81034  -36.337  -34.060  61.161 0.0000000000
81054  -35.235  -34.427  60.661 0.0000000000
82429  -36.510  -33.512  60.733 0.0000000000
82458  -36.843  -33.137  60.211 0.0000000000
83876  -36.940  -32.861  59.648 0.0000000000
83894  -37.489  -32.628  59.051 0.0000000000
71970  -32.336  -39.512  59.189 0.0000000000
73282  -31.459  -38.473  63.067 0.0000000000
71894  -31.395  -39.233  62.680 0.0000000000
70553  -30.615  -39.992  62.833 0.0000000000
70567  -28.999  -40.199  61.155 0.0000000000
104718  -55.954  -16.400  40.207 0.0000000000
100944  -53.692  -19.420  38.401 0.0000000000
100956  -53.055  -19.433  37.990 0.0000000000
100945  -53.978  -18.938  38.570 0.0000000000
102173  -53.764  -18.719  38.421 0.0000000000
103430  -53.833  -17.749  38.341 0.0000000000
103441  -53.934  -17.437  38.219 0.0000000000
104733  -54.669  -17.194  39.297 0.0000000000
104717  -55.088  -17.256  39.957 0.0000000000
82723  -46.094  -31.707  43.521 0.0000000000
82702  -46.550  -31.875  43.591 0.0000000000
84076  -47.053  -32.311  44.843 0.0000000000
84065  -47.366  -32.535  45.242 0.0000000000
81311  -41.725  -32.251  43.668 0.0000000000
82697  -42.049  -32.173  43.088 0.0000000000
84083  -42.943  -31.525  43.002 0.0000000000
84115  -42.879  -31.431  42.733 0.0000000000
82720  -44.059  -31.470  43.538 0.0000000000
82700  -45.247  -31.617  43.951 0.0000000000
66673  -18.790  -43.734  58.075 0.0000000000
81102  -7.059  -34.281  56.290 0.0000000000
79760  -5.669  -35.467  56.302 0.0000000000
70547  -7.360  -40.629  64.198 0.0000000000
71880  -8.268  -41.275  64.212 0.0000000000
67862  -9.693  -44.055  59.619 0.0000000000
67874  -7.651  -46.359  58.078 0.0000000000
64010  -9.577  -45.908  74.018 0.0000000000
62769  -9.309  -46.412  73.830 0.0000000000
62773  -8.724  -48.096  74.079 0.0000000000
59198  -6.796  -49.308  69.896 0.0000000000
60406  -6.965  -48.920  70.322 0.0000000000
59193  -6.361  -49.211  70.873 0.0000000000
59196  -5.994  -49.618  70.392 0.0000000000
59191  -5.447  -49.340  71.110 0.0000000000
57870  -5.683  -50.022  69.853 0.0000000000
57869  -5.215  -50.383  69.787 0.0000000000
85436  -40.578  -31.496  49.535 0.0000000000
85435  -40.363  -31.714  49.973 0.0000000000
82542  -35.887  -32.738  54.081 0.0000000000
78636  -37.792  -34.287  51.335 0.0000000000
79816  -38.278  -33.877  51.101 0.0000000000
79829  -38.112  -33.539  50.169 0.0000000000
79843  -38.083  -33.443  49.734 0.0000000000
78656  -38.071  -33.313  48.943 0.0000000000
81187  -38.799  -32.747  49.551 0.0000000000
81188  -39.198  -32.631  49.036 0.0000000000
69155  -25.113  -43.026  66.627 0.0000000000
67806  -24.612  -43.736  65.440 0.0000000000
67811  -25.267  -43.905  64.909 0.0000000000
74628  -29.569  -38.413  65.554 0.0000000000
73243  -29.108  -38.593  65.839 0.0000000000
73254  -28.827  -38.754  65.639 0.0000000000
71869  -27.988  -38.914  64.956 0.0000000000
74641  -27.088  -39.278  64.931 0.0000000000
70564  -24.279  -41.177  61.107 0.0000000000
69186  -23.929  -42.477  61.893 0.0000000000
69172  -23.710  -42.877  62.103 0.0000000000
69185  -23.231  -42.533  61.407 0.0000000000
67868  -22.701  -43.132  60.572 0.0000000000
67866  -22.508  -44.364  60.062 0.0000000000
66677  -21.557  -44.319  59.274 0.0000000000
66678  -22.142  -44.038  59.509 0.0000000000
66693  -21.188  -43.901  58.292 0.0000000000
107169  -51.151  -14.638  35.806 0.0000000000
77269  -3.085  -37.538  65.968 0.0000000000
76013  -3.976  -39.046  65.313 0.0000000000
74634  -4.339  -39.362  65.293 0.0000000000
73258  -4.852  -39.869  65.437 0.0000000000
71814  -6.436  -41.742  68.654 0.0000000000
71828  -6.338  -41.283  67.761 0.0000000000
69145  -7.537  -43.619  67.201 0.0000000000
66573  -6.595  -45.112  67.478 0.0000000000
90657  -52.599  -25.447  39.739 0.0000000000
90641  -52.620  -25.600  40.175 0.0000000000
91928  -53.630  -25.333  41.631 0.0000000000
90610  -48.894  -26.868  41.048 0.0000000000
90637  -49.558  -26.415  40.106 0.0000000000
90653  -50.277  -26.334  39.134 0.0000000000
89362  -50.807  -26.481  38.448 0.0000000000
64013  -12.479  -45.376  73.047 0.0000000000
64052  -12.565  -46.641  70.679 0.0000000000
64042  -12.455  -46.336  71.421 0.0000000000
62797  -10.664  -46.744  70.027 0.0000000000
62800  -9.689  -47.047  69.506 0.0000000000
67835  -17.448  -43.833  61.581 0.0000000000
66631  -17.897  -44.033  61.745 0.0000000000
67822  -16.859  -43.906  61.766 0.0000000000
66602  -16.379  -44.472  62.914 0.0000000000
65391  -13.398  -44.906  62.508 0.0000000000
64113  -11.882  -46.193  65.240 0.0000000000
62832  -10.654  -47.435  63.081 0.0000000000
61594  -9.344  -48.152  64.015 0.0000000000
82480  -3.625  -33.516  58.843 0.0000000000
77322  -4.186  -37.424  59.396 0.0000000000
77328  -4.539  -37.305  58.221 0.0000000000
77329  -4.615  -36.887  57.828 0.0000000000
77337  -4.699  -37.112  57.487 0.0000000000
77345  -4.489  -37.695  57.059 0.0000000000
76088  -4.419  -37.897  56.634 0.0000000000
74729  -4.739  -38.741  56.619 0.0000000000
71944  -7.123  -40.667  60.543 0.0000000000
71962  -7.376  -40.409  59.620 0.0000000000
73356  -9.149  -40.677  57.364 0.0000000000
73355  -8.332  -40.454  57.285 0.0000000000
73354  -7.393  -40.126  57.309 0.0000000000
73371  -6.430  -39.127  56.320 0.0000000000
73372  -7.204  -39.675  56.213 0.0000000000
73390  -7.406  -39.626  55.571 0.0000000000
74743  -7.519  -39.565  55.265 0.0000000000
74768  -7.410  -39.374  53.810 0.0000000000
74755  -7.721  -39.462  54.630 0.0000000000
65233  -8.270  -45.371  74.487 0.0000000000
69059  -8.172  -43.935  74.511 0.0000000000
66509  -7.407  -45.101  74.609 0.0000000000
67739  -7.084  -44.647  74.769 0.0000000000
67751  -6.573  -44.528  74.456 0.0000000000
67759  -5.337  -44.859  73.403 0.0000000000
69080  -5.619  -43.987  73.808 0.0000000000
69079  -5.457  -43.972  73.431 0.0000000000
71748  -5.441  -42.522  73.950 0.0000000000
71760  -5.303  -42.109  73.959 0.0000000000
71761  -4.849  -41.590  73.715 0.0000000000
70446  -4.692  -42.031  72.829 0.0000000000
70451  -4.840  -42.225  72.403 0.0000000000
69105  -5.051  -42.946  71.978 0.0000000000
69104  -5.223  -43.202  71.694 0.0000000000
69115  -5.623  -44.720  71.273 0.0000000000
65295  -4.870  -47.280  69.326 0.0000000000
65289  -5.094  -46.572  69.925 0.0000000000
65303  -5.140  -47.078  68.394 0.0000000000
56513  -3.374  -52.635  65.241 0.0000000000
59218  -2.982  -51.585  65.426 0.0000000000
59222  -2.900  -51.736  64.859 0.0000000000
61602  -3.688  -49.882  64.250 0.0000000000
76072  -33.955  -38.109  59.783 0.0000000000
77332  -33.937  -37.334  59.094 0.0000000000
77333  -34.206  -37.813  59.637 0.0000000000
78572  -34.937  -37.008  60.551 0.0000000000
78563  -35.172  -35.990  60.761 0.0000000000
78554  -36.242  -36.189  61.659 0.0000000000
79718  -36.298  -35.260  61.594 0.0000000000
81035  -36.680  -34.021  61.637 0.0000000000
70570  -31.017  -40.117  61.573 0.0000000000
70571  -31.943  -40.013  61.587 0.0000000000
70572  -31.827  -39.416  60.913 0.0000000000
71951  -32.318  -39.214  60.549 0.0000000000
74686  -33.666  -38.483  61.419 0.0000000000
73319  -33.713  -38.714  60.780 0.0000000000
73330  -32.645  -38.974  59.872 0.0000000000
74712  -32.902  -38.322  59.744 0.0000000000
76020  -33.387  -37.368  64.116 0.0000000000
77281  -34.042  -36.150  63.864 0.0000000000
74645  -33.172  -37.848  63.432 0.0000000000
73283  -32.086  -38.413  62.753 0.0000000000
71909  -32.044  -39.906  62.419 0.0000000000
100925  -55.645  -19.565  39.508 0.0000000000
102150  -56.382  -18.855  40.426 0.0000000000
102156  -56.283  -19.375  39.979 0.0000000000
94530  -50.884  -24.174  37.484 0.0000000000
94529  -50.304  -24.200  36.753 0.0000000000
95761  -49.692  -23.764  36.538 0.0000000000
95746  -50.095  -23.294  36.862 0.0000000000
99657  -50.902  -21.280  37.728 0.0000000000
98288  -52.850  -21.656  38.610 0.0000000000
99619  -54.196  -20.119  38.937 0.0000000000
99611  -54.914  -19.453  39.393 0.0000000000
81272  -44.427  -32.731  44.883 0.0000000000
81252  -44.899  -32.590  45.779 0.0000000000
81234  -45.002  -33.144  46.596 0.0000000000
82626  -44.081  -32.702  46.214 0.0000000000
81213  -45.298  -33.353  47.160 0.0000000000
78680  -38.013  -33.782  45.805 0.0000000000
78688  -37.763  -34.091  45.293 0.0000000000
78747  -37.346  -34.301  43.865 0.0000000000
79918  -37.826  -33.539  43.493 0.0000000000
81288  -41.352  -32.324  44.115 0.0000000000
81289  -42.462  -32.618  44.286 0.0000000000
69157  -8.192  -43.193  65.278 0.0000000000
69161  -8.358  -43.334  64.727 0.0000000000
67859  -7.132  -46.599  60.654 0.0000000000
66654  -6.653  -47.053  60.558 0.0000000000
65427  -6.268  -47.318  60.609 0.0000000000
65426  -5.834  -47.471  60.703 0.0000000000
65443  -5.698  -47.667  60.146 0.0000000000
62790  -9.062  -47.240  71.403 0.0000000000
61563  -8.468  -47.812  70.764 0.0000000000
61562  -7.915  -48.108  70.696 0.0000000000
60407  -7.420  -48.731  70.217 0.0000000000
60413  -7.587  -49.119  69.052 0.0000000000
60411  -7.344  -49.020  69.678 0.0000000000
60410  -7.023  -49.109  69.881 0.0000000000
59203  -7.010  -49.475  69.319 0.0000000000
81172  -39.345  -33.142  51.509 0.0000000000
83920  -34.258  -32.822  57.416 0.0000000000
83919  -33.625  -32.792  56.998 0.0000000000
83934  -35.054  -32.589  56.717 0.0000000000
82526  -35.831  -32.645  55.177 0.0000000000
82513  -36.477  -33.326  56.104 0.0000000000
82527  -36.624  -33.128  55.508 0.0000000000
81123  -36.649  -32.765  54.357 0.0000000000
81140  -36.509  -33.097  53.738 0.0000000000
79791  -36.180  -33.431  52.937 0.0000000000
79804  -36.674  -34.229  53.181 0.0000000000
78623  -37.270  -34.439  52.646 0.0000000000
78624  -37.779  -34.332  52.405 0.0000000000
79805  -38.350  -34.062  52.179 0.0000000000
71825  -26.444  -40.354  67.316 0.0000000000
71838  -26.329  -40.535  66.713 0.0000000000
71906  -28.097  -40.003  63.007 0.0000000000
71905  -27.157  -39.854  63.430 0.0000000000
73326  -24.286  -39.777  59.808 0.0000000000
73314  -24.780  -39.878  60.600 0.0000000000
71948  -24.158  -40.574  60.567 0.0000000000
70591  -23.440  -41.834  59.501 0.0000000000
105974  -51.754  -15.778  37.103 0.0000000000
107167  -52.649  -15.458  37.860 0.0000000000
107171  -52.168  -15.566  37.430 0.0000000000
107165  -51.497  -14.962  36.706 0.0000000000
108346  -51.614  -14.481  37.053 0.0000000000
108345  -51.513  -13.960  36.469 0.0000000000
109475  -51.588  -13.388  36.785 0.0000000000
109457  -53.564  -12.461  39.018 0.0000000000
73244  -3.362  -39.594  67.136 0.0000000000
70492  -6.232  -41.668  69.062 0.0000000000
70480  -6.449  -42.557  69.370 0.0000000000
69130  -6.336  -43.516  69.534 0.0000000000
91907  -51.002  -26.669  41.411 0.0000000000
90594  -51.444  -26.698  41.485 0.0000000000
90585  -51.054  -27.455  41.985 0.0000000000
89291  -50.830  -28.588  42.791 0.0000000000
86816  -44.427  -29.463  41.203 0.0000000000
88009  -44.366  -29.101  40.759 0.0000000000
89330  -45.731  -27.390  40.345 0.0000000000
89332  -47.958  -27.494  40.847 0.0000000000
65266  -13.800  -45.129  72.369 0.0000000000
64026  -13.896  -45.548  72.192 0.0000000000
64043  -13.352  -45.930  71.278 0.0000000000
62807  -11.806  -47.013  68.671 0.0000000000
66644  -14.123  -44.161  59.809 0.0000000000
66643  -13.670  -44.565  60.059 0.0000000000
66628  -13.563  -44.293  60.519 0.0000000000
65410  -13.342  -44.801  61.309 0.0000000000
65371  -12.491  -45.522  63.202 0.0000000000
65355  -12.263  -45.805  63.793 0.0000000000
64128  -11.713  -46.209  63.044 0.0000000000
62833  -11.174  -47.021  62.765 0.0000000000
81058  -2.998  -34.535  60.464 0.0000000000
81059  -3.176  -34.477  59.969 0.0000000000
79733  -2.945  -34.920  60.175 0.0000000000
78565  -3.284  -35.863  60.251 0.0000000000
77315  -3.845  -37.084  60.633 0.0000000000
73324  -4.721  -39.170  58.680 0.0000000000
71947  -9.347  -41.621  59.925 0.0000000000
71965  -9.580  -41.516  59.204 0.0000000000
70617  -10.395  -42.263  57.780 0.0000000000
72000  -9.365  -41.094  57.849 0.0000000000
73357  -9.629  -40.956  57.424 0.0000000000
73375  -9.901  -40.700  56.897 0.0000000000
73393  -9.663  -40.380  55.937 0.0000000000
74556  -9.652  -39.001  73.579 0.0000000000
75947  -9.387  -38.329  73.553 0.0000000000
75940  -9.000  -38.342  74.263 0.0000000000
75934  -8.393  -38.753  74.702 0.0000000000
75928  -8.117  -39.071  75.467 0.0000000000
62762  -5.069  -47.388  74.413 0.0000000000
65249  -5.226  -46.512  74.214 0.0000000000
64005  -4.847  -46.996  74.443 0.0000000000
65257  -3.930  -46.303  74.103 0.0000000000
64020  -4.132  -47.189  73.400 0.0000000000
65265  -3.830  -46.752  73.763 0.0000000000
66535  -4.580  -45.690  73.627 0.0000000000
66540  -4.785  -45.766  72.992 0.0000000000
67770  -4.953  -44.982  72.159 0.0000000000
66545  -5.313  -46.419  72.163 0.0000000000
66549  -5.406  -46.586  71.963 0.0000000000
79762  -33.353  -35.207  57.454 0.0000000000
81087  -33.475  -34.303  57.875 0.0000000000
78577  -33.728  -36.380  58.491 0.0000000000
81073  -34.399  -34.548  60.214 0.0000000000
79752  -34.120  -35.318  59.534 0.0000000000
79751  -33.831  -35.590  58.617 0.0000000000
81088  -33.794  -34.610  58.295 0.0000000000
82488  -33.848  -33.643  58.183 0.0000000000
83923  -37.289  -32.713  57.571 0.0000000000
83909  -37.705  -32.811  58.074 0.0000000000
83937  -38.109  -32.605  57.206 0.0000000000
79765  -39.227  -32.692  56.995 0.0000000000
76008  -29.934  -38.108  65.457 0.0000000000
73267  -31.241  -38.489  63.732 0.0000000000
74643  -31.363  -38.280  64.098 0.0000000000
74630  -31.192  -38.164  64.457 0.0000000000
71857  -29.951  -38.664  64.086 0.0000000000
70534  -29.107  -39.061  63.728 0.0000000000
70541  -28.585  -39.484  63.465 0.0000000000
71922  -28.131  -39.887  62.633 0.0000000000
70557  -28.152  -39.718  62.113 0.0000000000
71949  -27.160  -39.816  60.664 0.0000000000
71967  -27.039  -40.289  59.744 0.0000000000
102184  -52.832  -18.942  37.685 0.0000000000
102182  -51.120  -18.577  37.505 0.0000000000
104745  -54.273  -16.867  38.445 0.0000000000
104746  -54.598  -16.142  38.869 0.0000000000
104758  -54.275  -15.998  38.614 0.0000000000
107126  -55.488  -15.306  39.712 0.0000000000
107127  -55.545  -14.898  39.872 0.0000000000
86785  -48.944  -29.996  43.540 0.0000000000
85492  -48.322  -30.787  43.476 0.0000000000
85484  -48.952  -31.172  43.777 0.0000000000
82681  -47.532  -31.906  44.353 0.0000000000
82650  -46.156  -32.546  45.524 0.0000000000
82651  -47.070  -32.837  45.807 0.0000000000
85522  -44.911  -30.857  42.535 0.0000000000
85505  -45.375  -30.567  42.317 0.0000000000
85506  -45.989  -30.720  42.867 0.0000000000
65413  -20.479  -44.887  61.781 0.0000000000
66647  -19.539  -44.131  60.952 0.0000000000
67865  -18.251  -43.146  60.018 0.0000000000
67849  -17.346  -43.440  60.730 0.0000000000
66658  -14.990  -44.186  59.346 0.0000000000
66657  -14.541  -44.834  58.920 0.0000000000
78593  -6.556  -36.406  54.557 0.0000000000
78602  -5.896  -36.710  54.048 0.0000000000
71914  -5.074  -40.583  62.648 0.0000000000
71916  -6.739  -40.944  62.388 0.0000000000
69164  -8.853  -42.773  63.934 0.0000000000
70577  -9.450  -41.958  61.495 0.0000000000
66512  -9.938  -44.375  74.642 0.0000000000
65234  -8.934  -45.261  74.654 0.0000000000
64002  -9.464  -46.356  74.992 0.0000000000
65241  -9.112  -45.751  75.004 0.0000000000
63996  -8.718  -46.094  74.642 0.0000000000
63995  -8.247  -45.990  74.344 0.0000000000
62758  -6.946  -46.861  74.313 0.0000000000
62764  -6.461  -47.444  73.983 0.0000000000
61554  -8.409  -47.374  72.140 0.0000000000
61553  -7.851  -47.459  72.612 0.0000000000
61547  -7.968  -48.063  73.447 0.0000000000
60395  -6.702  -48.061  71.849 0.0000000000
61552  -7.217  -48.387  72.780 0.0000000000
61546  -7.587  -48.555  73.944 0.0000000000
61541  -7.184  -48.402  74.251 0.0000000000
61540  -6.534  -48.262  74.043 0.0000000000
61539  -5.789  -47.944  73.767 0.0000000000
61543  -5.317  -48.191  73.896 0.0000000000
61548  -5.096  -48.156  73.260 0.0000000000
60397  -5.275  -49.115  71.386 0.0000000000
60403  -4.931  -49.301  70.931 0.0000000000
61561  -4.891  -48.923  71.418 0.0000000000
59205  -4.458  -50.246  69.615 0.0000000000
59209  -4.270  -50.885  68.635 0.0000000000
84050  -41.586  -32.238  47.212 0.0000000000
84008  -41.324  -31.490  49.855 0.0000000000
81122  -32.312  -34.165  55.965 0.0000000000
82540  -33.116  -33.503  54.356 0.0000000000
79867  -38.360  -34.253  47.691 0.0000000000
78665  -38.227  -33.578  48.578 0.0000000000
79868  -38.558  -33.752  48.125 0.0000000000
82602  -38.731  -33.855  46.987 0.0000000000
81231  -39.783  -33.362  47.012 0.0000000000
81232  -40.235  -33.333  46.891 0.0000000000
67801  -23.789  -43.905  66.383 0.0000000000
66591  -23.296  -43.927  65.774 0.0000000000
66589  -22.514  -44.672  65.378 0.0000000000
65366  -22.687  -44.889  64.198 0.0000000000
65397  -22.504  -45.388  63.031 0.0000000000
65415  -21.832  -45.759  61.995 0.0000000000
74609  -28.984  -39.063  67.647 0.0000000000
73232  -28.989  -38.716  66.376 0.0000000000
73231  -28.634  -39.070  66.901 0.0000000000
71839  -27.427  -39.361  66.557 0.0000000000
71852  -25.931  -40.690  66.185 0.0000000000
73280  -26.674  -39.325  64.165 0.0000000000
73293  -26.077  -39.943  64.335 0.0000000000
73279  -26.232  -40.018  64.955 0.0000000000
70540  -25.318  -41.609  65.310 0.0000000000
69165  -25.179  -43.174  64.479 0.0000000000
67817  -24.914  -43.816  64.184 0.0000000000
67824  -23.515  -43.587  63.467 0.0000000000
67837  -23.268  -43.345  62.549 0.0000000000
67838  -23.836  -43.356  63.029 0.0000000000
66618  -23.169  -44.308  63.174 0.0000000000
66634  -22.729  -44.940  62.115 0.0000000000
65435  -22.297  -45.189  61.863 0.0000000000
65433  -21.025  -44.503  61.298 0.0000000000
65450  -20.314  -44.519  59.759 0.0000000000
66661  -20.383  -44.592  59.437 0.0000000000
66675  -20.486  -44.597  58.771 0.0000000000
110606  -51.625  -12.073  36.153 0.0000000000
110611  -51.593  -11.837  35.634 0.0000000000
111760  -52.372  -10.550  36.180 0.0000000000
110612  -52.371  -11.073  35.407 0.0000000000
110614  -54.403  -10.639  34.678 0.0000000000
78547  -3.233  -35.666  61.861 0.0000000000
76048  -3.929  -36.866  62.060 0.0000000000
76040  -3.656  -38.159  62.447 0.0000000000
73298  -4.413  -39.421  62.875 0.0000000000
77291  -3.176  -37.225  63.671 0.0000000000
76023  -3.209  -38.117  64.405 0.0000000000
76032  -3.420  -38.281  63.448 0.0000000000
73286  -4.491  -39.368  63.531 0.0000000000
71912  -4.455  -39.855  63.376 0.0000000000
71898  -5.137  -40.293  63.659 0.0000000000
70535  -6.426  -40.520  64.702 0.0000000000
70536  -6.912  -40.730  64.728 0.0000000000
70528  -7.678  -42.335  65.613 0.0000000000
71841  -5.111  -40.811  66.690 0.0000000000
67804  -7.857  -44.178  65.598 0.0000000000
67803  -7.276  -44.853  66.024 0.0000000000
94501  -54.125  -23.631  39.185 0.0000000000
94502  -54.734  -23.543  39.372 0.0000000000
93250  -54.519  -24.066  39.646 0.0000000000
86786  -49.617  -29.912  43.492 0.0000000000
84039  -42.411  -31.790  47.691 0.0000000000
90650  -47.545  -25.864  39.070 0.0000000000
90670  -47.396  -25.642  38.319 0.0000000000
90689  -47.818  -25.863  37.818 0.0000000000
90705  -49.224  -25.660  37.439 0.0000000000
91987  -51.363  -26.187  37.185 0.0000000000
90674  -51.002  -26.717  37.977 0.0000000000
90693  -51.611  -26.299  37.758 0.0000000000
91988  -51.865  -25.852  37.758 0.0000000000
93274  -51.967  -24.904  38.384 0.0000000000
93257  -53.100  -24.219  39.053 0.0000000000
64004  -10.511  -45.571  73.969 0.0000000000
64015  -9.853  -45.807  73.492 0.0000000000
64022  -9.921  -45.874  72.804 0.0000000000
65259  -13.563  -45.373  72.916 0.0000000000
64018  -12.868  -45.711  72.941 0.0000000000
64024  -11.879  -46.089  72.687 0.0000000000
62782  -11.378  -46.135  72.111 0.0000000000
62781  -10.637  -46.011  72.270 0.0000000000
62786  -9.726  -46.566  71.950 0.0000000000
62795  -9.040  -47.463  70.821 0.0000000000
61571  -8.902  -47.595  69.155 0.0000000000
60425  -7.576  -49.170  66.559 0.0000000000
65393  -19.840  -44.769  62.430 0.0000000000
65377  -19.450  -44.922  63.653 0.0000000000
66615  -18.401  -44.156  62.692 0.0000000000
66605  -18.821  -44.788  63.563 0.0000000000
65345  -17.787  -45.585  65.579 0.0000000000
66629  -14.451  -44.126  61.096 0.0000000000
66601  -15.716  -44.310  62.722 0.0000000000
65374  -16.365  -45.173  63.659 0.0000000000
65331  -18.075  -45.689  66.581 0.0000000000
65318  -17.344  -45.963  67.471 0.0000000000
64067  -16.912  -46.212  69.275 0.0000000000
64076  -12.344  -46.265  68.843 0.0000000000
64075  -11.763  -46.804  68.380 0.0000000000
64122  -12.336  -46.102  64.606 0.0000000000
61589  -9.356  -48.357  65.025 0.0000000000
61588  -8.324  -48.577  65.368 0.0000000000
83912  -4.790  -32.556  57.381 0.0000000000
82492  -5.018  -33.074  57.176 0.0000000000
81075  -3.992  -34.026  58.672 0.0000000000
79744  -3.876  -35.922  58.186 0.0000000000
79736  -4.405  -35.134  58.699 0.0000000000
82500  -4.894  -34.154  56.852 0.0000000000
79753  -5.331  -35.111  56.730 0.0000000000
78589  -5.455  -36.358  55.785 0.0000000000
78588  -4.976  -36.733  56.380 0.0000000000
77356  -5.404  -36.803  55.281 0.0000000000
77365  -4.958  -37.597  54.674 0.0000000000
76117  -5.523  -37.955  53.665 0.0000000000
73313  -4.576  -40.535  60.269 0.0000000000
71941  -4.828  -40.445  59.882 0.0000000000
71959  -5.188  -39.799  59.454 0.0000000000
71976  -5.098  -39.333  58.507 0.0000000000
71963  -8.199  -40.662  59.594 0.0000000000
71994  -5.262  -39.069  57.517 0.0000000000
73368  -4.972  -38.952  56.549 0.0000000000
72030  -5.161  -38.915  55.935 0.0000000000
72016  -6.105  -38.682  56.588 0.0000000000
73387  -5.438  -38.986  55.582 0.0000000000
74751  -4.895  -38.996  55.347 0.0000000000
73405  -5.404  -39.104  54.786 0.0000000000
74766  -5.443  -38.710  54.350 0.0000000000
74779  -6.129  -38.560  53.478 0.0000000000
73445  -6.055  -39.142  52.944 0.0000000000
73446  -6.499  -39.340  52.995 0.0000000000
73461  -6.758  -39.559  52.468 0.0000000000
73428  -7.520  -39.334  53.357 0.0000000000
73448  -7.489  -39.361  52.955 0.0000000000
75959  -4.274  -38.563  71.372 0.0000000000
70423  -10.416  -42.729  75.002 0.0000000000
70433  -9.448  -42.192  74.703 0.0000000000
71742  -8.958  -42.011  74.557 0.0000000000
69071  -7.946  -43.430  74.444 0.0000000000
71741  -7.941  -41.676  74.190 0.0000000000
171794  -7.367  -41.121  73.750 0.0000000000
171788  -7.292  -41.210  74.082 0.0000000000
73157  -7.393  -40.497  75.520 0.0000000000
74535  -7.489  -39.629  75.662 0.0000000000
66519  -6.067  -45.211  73.702 0.0000000000
67750  -6.094  -44.460  74.083 0.0000000000
69069  -6.411  -43.632  74.649 0.0000000000
69067  -5.751  -43.845  74.155 0.0000000000
70418  -6.074  -42.704  75.180 0.0000000000
73155  -6.199  -41.342  75.977 0.0000000000
74534  -6.761  -40.095  75.901 0.0000000000
74540  -6.830  -39.349  75.568 0.0000000000
75931  -5.531  -38.486  74.976 0.0000000000
77177  -5.091  -37.750  74.855 0.0000000000
77187  -3.928  -37.637  73.707 0.0000000000
73180  -4.676  -40.618  73.831 0.0000000000
74553  -4.906  -39.432  73.428 0.0000000000
74554  -4.860  -38.670  73.204 0.0000000000
74564  -4.905  -38.887  72.862 0.0000000000
75951  -4.303  -39.112  72.068 0.0000000000
74573  -4.736  -39.878  70.980 0.0000000000
73203  -4.905  -40.608  70.798 0.0000000000
71789  -5.116  -41.547  71.212 0.0000000000
69129  -6.253  -42.902  69.733 0.0000000000
67774  -5.137  -44.948  71.784 0.0000000000
67780  -5.445  -45.266  71.372 0.0000000000
67781  -5.750  -45.188  70.885 0.0000000000
67782  -5.730  -44.861  70.582 0.0000000000
66551  -5.621  -44.841  70.166 0.0000000000
67788  -5.990  -44.455  69.607 0.0000000000
67789  -6.475  -44.214  69.217 0.0000000000
67793  -6.289  -44.852  69.115 0.0000000000
66572  -6.100  -45.831  67.212 0.0000000000
66571  -5.775  -46.120  66.741 0.0000000000
59210  -4.347  -51.295  68.574 0.0000000000
60416  -4.274  -49.971  68.228 0.0000000000
61577  -4.247  -49.870  67.732 0.0000000000
62813  -4.060  -48.954  66.507 0.0000000000
61590  -3.121  -50.451  65.187 0.0000000000
62814  -4.093  -48.685  65.955 0.0000000000
64101  -4.524  -48.245  65.693 0.0000000000
64111  -5.122  -48.123  64.648 0.0000000000
65354  -5.366  -47.848  64.095 0.0000000000
65368  -5.138  -47.766  63.011 0.0000000000
64159  -4.629  -48.212  60.997 0.0000000000
57876  -6.589  -49.788  69.390 0.0000000000
59192  -5.822  -49.181  71.160 0.0000000000
60391  -5.266  -48.559  72.800 0.0000000000
60399  -6.561  -48.630  71.324 0.0000000000
60400  -7.090  -48.396  71.200 0.0000000000
60402  -4.807  -49.088  71.020 0.0000000000
60404  -4.847  -49.435  70.924 0.0000000000
60420  -4.278  -49.974  67.927 0.0000000000
60422  -7.803  -48.904  67.255 0.0000000000
60426  -7.737  -48.816  66.864 0.0000000000
61538  -5.470  -48.013  74.053 0.0000000000
61542  -4.937  -48.182  74.071 0.0000000000
61549  -5.485  -48.571  73.207 0.0000000000
61550  -5.925  -49.054  73.136 0.0000000000
61573  -4.295  -49.755  68.051 0.0000000000
61584  -3.011  -50.453  65.404 0.0000000000
61595  -9.882  -47.706  63.361 0.0000000000
62759  -7.375  -47.123  74.426 0.0000000000
62761  -8.624  -47.417  74.962 0.0000000000
62763  -5.405  -47.722  74.149 0.0000000000
62768  -9.317  -47.215  74.313 0.0000000000
62771  -5.012  -48.077  74.272 0.0000000000
62776  -4.196  -47.545  73.486 0.0000000000
62783  -4.994  -47.915  72.865 0.0000000000
62784  -4.987  -48.259  72.899 0.0000000000
62804  -8.703  -47.348  68.539 0.0000000000
62865  -4.499  -48.980  60.442 0.0000000000
63994  -7.612  -45.959  74.276 0.0000000000
63999  -7.517  -46.504  74.317 0.0000000000
64001  -8.851  -46.599  75.095 0.0000000000
64006  -5.587  -46.842  74.005 0.0000000000
64093  -15.869  -46.192  67.944 0.0000000000
64138  -5.076  -47.460  62.156 0.0000000000
64148  -4.855  -47.665  61.970 0.0000000000
64149  -5.083  -47.524  62.010 0.0000000000
64169  -6.071  -47.321  59.497 0.0000000000
65231  -7.024  -45.684  74.320 0.0000000000
65232  -7.614  -45.492  74.411 0.0000000000
65236  -10.167  -44.988  74.762 0.0000000000
65238  -5.772  -45.790  73.703 0.0000000000
65239  -5.839  -46.045  73.739 0.0000000000
65240  -6.516  -45.839  73.946 0.0000000000
65242  -9.539  -45.717  74.995 0.0000000000
65256  -3.782  -45.993  73.920 0.0000000000
65260  -14.139  -45.135  72.254 0.0000000000
65274  -5.332  -46.600  72.343 0.0000000000
65275  -14.841  -45.545  71.858 0.0000000000
65276  -14.999  -45.447  71.676 0.0000000000
65282  -5.455  -46.738  72.175 0.0000000000
65283  -14.661  -45.418  71.703 0.0000000000
65305  -5.736  -46.202  68.062 0.0000000000
65352  -5.117  -47.839  63.306 0.0000000000
65367  -4.943  -47.976  62.966 0.0000000000
65370  -11.990  -45.846  63.559 0.0000000000
65381  -22.605  -44.992  63.592 0.0000000000
65388  -5.012  -47.691  62.437 0.0000000000
65389  -5.307  -47.507  62.496 0.0000000000
65416  -22.505  -45.458  62.368 0.0000000000
65430  -13.545  -44.532  59.723 0.0000000000
65432  -20.563  -44.438  60.851 0.0000000000
65446  -7.199  -46.427  58.926 0.0000000000
65451  -20.653  -44.696  59.734 0.0000000000
65470  -21.187  -44.702  59.489 0.0000000000
66510  -8.149  -44.875  74.588 0.0000000000
66521  -9.913  -44.092  74.544 0.0000000000
66522  -10.059  -43.993  74.507 0.0000000000
66536  -4.000  -45.747  74.046 0.0000000000
66550  -5.596  -45.083  70.194 0.0000000000
66557  -5.633  -44.887  69.872 0.0000000000
66561  -4.915  -46.118  69.236 0.0000000000
66579  -15.993  -45.547  66.299 0.0000000000
66580  -16.211  -45.563  66.352 0.0000000000
66587  -15.904  -45.511  66.093 0.0000000000
66590  -22.747  -44.490  65.778 0.0000000000
66595  -22.399  -44.775  65.160 0.0000000000
66625  -5.280  -47.478  61.645 0.0000000000
66648  -21.941  -44.133  60.913 0.0000000000
66650  -22.342  -44.232  62.138 0.0000000000
66662  -22.083  -44.450  60.082 0.0000000000
66663  -22.417  -44.301  59.838 0.0000000000
66670  -7.431  -46.379  58.594 0.0000000000
67738  -6.700  -44.933  74.440 0.0000000000
67740  -7.835  -44.469  74.628 0.0000000000
67741  -8.627  -44.206  74.545 0.0000000000
67742  -10.456  -43.888  74.670 0.0000000000
67752  -6.910  -44.290  74.827 0.0000000000
67754  -10.234  -43.775  74.632 0.0000000000
67760  -5.585  -44.783  73.597 0.0000000000
67775  -5.664  -44.972  70.367 0.0000000000
67783  -5.696  -44.459  70.073 0.0000000000
67809  -8.521  -43.316  64.363 0.0000000000
67823  -17.025  -44.054  61.917 0.0000000000
67836  -18.056  -43.858  61.532 0.0000000000
67850  -18.162  -43.559  61.062 0.0000000000
67858  -6.642  -46.848  60.968 0.0000000000
69057  -7.147  -44.186  74.863 0.0000000000
69060  -10.378  -43.599  74.744 0.0000000000
69086  -4.779  -42.300  72.994 0.0000000000
69092  -4.939  -42.506  72.631 0.0000000000
69093  -4.849  -42.411  72.789 0.0000000000
69151  -25.624  -42.548  67.017 0.0000000000
69159  -24.160  -42.758  65.939 0.0000000000
69160  -24.183  -43.093  65.835 0.0000000000
69176  -30.087  -40.077  61.025 0.0000000000
69177  -30.460  -39.982  61.293 0.0000000000
69190  -30.481  -40.012  60.767 0.0000000000
70417  -5.798  -42.932  74.744 0.0000000000
70429  -5.501  -43.049  73.692 0.0000000000
70430  -5.568  -43.316  73.945 0.0000000000
70431  -5.639  -42.659  74.937 0.0000000000
70432  -5.711  -42.563  75.143 0.0000000000
70434  -9.897  -42.148  74.783 0.0000000000
70439  -5.105  -42.368  73.349 0.0000000000
70440  -4.754  -42.086  73.143 0.0000000000
70441  -4.722  -42.295  73.253 0.0000000000
70442  -9.654  -41.726  74.496 0.0000000000
70447  -4.767  -42.257  72.942 0.0000000000
70458  -4.978  -42.423  71.971 0.0000000000
70493  -6.378  -42.013  69.183 0.0000000000
70514  -25.471  -42.323  66.979 0.0000000000
70515  -25.305  -42.203  66.836 0.0000000000
70523  -24.295  -42.541  65.933 0.0000000000
70524  -24.673  -42.312  66.223 0.0000000000
70529  -8.178  -42.583  65.299 0.0000000000
70530  -24.288  -42.755  65.838 0.0000000000
70533  -28.994  -39.236  63.650 0.0000000000
70542  -28.824  -39.453  63.464 0.0000000000
70544  -30.753  -39.860  62.996 0.0000000000
70545  -30.984  -39.820  62.910 0.0000000000
70550  -28.581  -39.671  63.210 0.0000000000
70552  -29.830  -39.838  62.925 0.0000000000
70560  -30.158  -40.229  62.273 0.0000000000
70569  -30.407  -40.266  61.684 0.0000000000
70596  -31.558  -39.864  59.201 0.0000000000
70616  -10.102  -41.946  58.213 0.0000000000
71736  -5.559  -42.639  74.638 0.0000000000
71737  -5.651  -42.762  74.769 0.0000000000
71738  -5.977  -41.942  75.803 0.0000000000
71749  -5.477  -42.545  74.353 0.0000000000
71752  -7.045  -41.369  75.499 0.0000000000
71753  -9.429  -41.842  74.564 0.0000000000
71759  -5.394  -42.600  73.728 0.0000000000
71768  -5.292  -40.984  72.810 0.0000000000
71775  -5.356  -41.063  72.525 0.0000000000
71777  -4.833  -41.658  72.681 0.0000000000
71782  -4.903  -41.830  72.234 0.0000000000
71799  -6.510  -42.204  69.013 0.0000000000
71800  -6.585  -42.472  69.059 0.0000000000
71836  -25.251  -42.009  66.759 0.0000000000
71868  -27.398  -39.250  65.657 0.0000000000
71871  -29.504  -38.901  63.770 0.0000000000
71874  -4.309  -39.892  64.025 0.0000000000
71878  -6.495  -40.231  64.245 0.0000000000
71879  -7.811  -40.890  64.224 0.0000000000
71888  -25.401  -40.855  64.732 0.0000000000
71891  -28.734  -39.162  63.701 0.0000000000
71893  -30.675  -39.608  63.153 0.0000000000
71895  -32.199  -39.133  62.544 0.0000000000
71908  -30.529  -39.845  63.051 0.0000000000
71910  -32.523  -39.428  62.018 0.0000000000
71911  -32.510  -38.799  61.968 0.0000000000
71925  -32.654  -38.759  61.625 0.0000000000
71936  -32.761  -40.194  61.846 0.0000000000
71937  -32.321  -39.396  61.550 0.0000000000
71952  -32.648  -38.685  60.593 0.0000000000
71958  -4.920  -39.468  58.987 0.0000000000
71997  -6.324  -39.256  56.906 0.0000000000
72015  -5.653  -38.742  56.418 0.0000000000
72017  -6.182  -39.000  56.757 0.0000000000
72018  -10.319  -41.090  57.002 0.0000000000
72031  -5.300  -38.845  56.117 0.0000000000
73161  -5.269  -42.199  74.816 0.0000000000
73178  -5.210  -40.628  73.006 0.0000000000
73185  -5.316  -40.616  72.658 0.0000000000
73186  -5.428  -40.896  72.265 0.0000000000
73190  -5.245  -40.579  71.891 0.0000000000
73230  -27.844  -39.221  67.098 0.0000000000
73252  -26.538  -39.967  65.969 0.0000000000
73257  -30.912  -38.447  64.200 0.0000000000
73264  -27.185  -39.332  65.312 0.0000000000
73269  -32.736  -38.136  63.090 0.0000000000
73270  -4.465  -39.747  63.873 0.0000000000
73271  -4.546  -39.469  64.062 0.0000000000
73281  -27.368  -38.893  64.145 0.0000000000
73284  -33.013  -38.358  62.787 0.0000000000
73297  -33.650  -38.351  62.140 0.0000000000
73303  -33.772  -38.361  61.923 0.0000000000
73307  -26.098  -39.579  61.340 0.0000000000
73309  -33.406  -38.566  61.152 0.0000000000
73310  -34.002  -38.772  60.951 0.0000000000
73317  -32.607  -38.837  60.284 0.0000000000
73318  -33.199  -38.604  60.454 0.0000000000
73325  -4.799  -39.477  59.302 0.0000000000
73329  -32.520  -39.295  60.099 0.0000000000
73340  -7.083  -40.596  57.803 0.0000000000
73342  -25.026  -39.743  59.118 0.0000000000
73351  -4.932  -38.887  57.181 0.0000000000
73369  -5.718  -38.746  55.831 0.0000000000
73370  -6.055  -38.561  55.960 0.0000000000
73386  -5.063  -39.026  55.681 0.0000000000
73404  -4.966  -39.091  55.120 0.0000000000
73408  -6.813  -39.384  54.398 0.0000000000
73409  -8.229  -39.600  54.909 0.0000000000
73423  -5.924  -38.813  54.123 0.0000000000
73427  -7.166  -39.394  53.389 0.0000000000
73443  -6.090  -38.699  53.758 0.0000000000
73444  -6.079  -38.914  53.502 0.0000000000
73462  -7.327  -39.589  52.375 0.0000000000
74533  -6.164  -40.621  76.014 0.0000000000
74537  -4.903  -38.724  75.000 0.0000000000
74541  -7.359  -39.111  75.655 0.0000000000
74543  -4.855  -38.889  74.790 0.0000000000
74545  -5.311  -40.248  74.968 0.0000000000
74555  -9.158  -38.713  73.802 0.0000000000
74562  -5.211  -40.071  72.602 0.0000000000
74571  -5.157  -39.965  72.171 0.0000000000
74612  -3.639  -39.082  67.728 0.0000000000
74620  -29.311  -38.454  66.094 0.0000000000
74632  -3.376  -38.982  65.644 0.0000000000
74640  -26.775  -39.562  65.223 0.0000000000
74642  -27.289  -39.013  64.623 0.0000000000
74646  -33.615  -37.453  63.094 0.0000000000
74653  -26.692  -39.502  64.873 0.0000000000
74654  -26.988  -39.103  64.563 0.0000000000
74657  -34.125  -37.397  62.753 0.0000000000
74660  -4.323  -38.750  64.174 0.0000000000
74667  -33.962  -37.958  62.299 0.0000000000
74677  -33.824  -38.396  61.588 0.0000000000
74679  -34.642  -37.805  62.078 0.0000000000
74684  -26.306  -39.483  61.154 0.0000000000
74685  -26.531  -39.539  61.174 0.0000000000
74687  -34.024  -38.503  61.163 0.0000000000
74691  -26.108  -39.416  60.998 0.0000000000
74692  -26.392  -39.501  60.868 0.0000000000
74694  -33.961  -39.056  60.550 0.0000000000
74699  -33.325  -38.758  60.073 0.0000000000
74707  -6.786  -40.113  57.663 0.0000000000
74708  -6.812  -40.383  57.761 0.0000000000
74713  -33.988  -38.778  59.781 0.0000000000
74720  -6.933  -40.033  57.474 0.0000000000
74730  -6.604  -39.285  55.610 0.0000000000
74742  -7.094  -39.432  55.333 0.0000000000
74752  -4.895  -38.809  54.888 0.0000000000
74754  -7.131  -39.398  54.443 0.0000000000
74767  -7.065  -39.421  53.802 0.0000000000
74778  -5.818  -38.483  53.947 0.0000000000
75927  -7.696  -38.862  75.856 0.0000000000
75929  -4.702  -38.467  74.802 0.0000000000
75930  -4.980  -38.394  74.995 0.0000000000
75932  -6.318  -38.764  75.182 0.0000000000
75933  -7.182  -38.627  75.397 0.0000000000
75936  -4.730  -38.827  73.965 0.0000000000
75942  -4.352  -38.191  73.969 0.0000000000
75943  -4.659  -38.293  73.613 0.0000000000
75946  -9.252  -38.335  73.967 0.0000000000
75953  -5.208  -38.321  72.598 0.0000000000
76012  -3.642  -38.857  65.294 0.0000000000
76025  -4.047  -38.908  64.969 0.0000000000
76031  -34.672  -37.148  62.910 0.0000000000
76034  -4.082  -38.723  64.529 0.0000000000
76056  -4.523  -38.387  59.772 0.0000000000
76062  -4.772  -38.072  59.136 0.0000000000
76078  -4.476  -37.894  57.416 0.0000000000
76087  -4.528  -38.430  56.648 0.0000000000
76097  -4.636  -38.556  56.194 0.0000000000
76107  -4.642  -38.300  54.766 0.0000000000
76116  -5.007  -38.326  54.037 0.0000000000
76127  -5.774  -38.259  53.666 0.0000000000
76128  -6.199  -38.176  53.219 0.0000000000
77174  -7.983  -38.413  75.834 0.0000000000
77175  -4.447  -38.241  74.594 0.0000000000
77176  -4.585  -37.907  74.722 0.0000000000
77180  -4.045  -37.950  74.310 0.0000000000
77181  -4.299  -37.390  74.395 0.0000000000
77182  -5.465  -37.621  74.511 0.0000000000
77183  -6.222  -37.694  74.286 0.0000000000
77188  -4.357  -37.433  73.447 0.0000000000
77270  -3.214  -37.030  65.846 0.0000000000
77303  -35.864  -37.018  62.236 0.0000000000
77305  -3.717  -36.369  62.188 0.0000000000
77313  -36.461  -36.439  61.828 0.0000000000
77327  -4.645  -37.786  58.610 0.0000000000
77336  -4.575  -37.549  57.450 0.0000000000
77354  -4.612  -37.725  55.308 0.0000000000
77377  -4.800  -37.838  53.995 0.0000000000
78404  -4.789  -37.258  74.636 0.0000000000
78405  -5.142  -37.293  74.647 0.0000000000
78406  -3.830  -37.125  73.988 0.0000000000
78411  -3.795  -37.054  73.505 0.0000000000
78497  -34.407  -34.866  63.586 0.0000000000
78527  -3.230  -36.497  63.040 0.0000000000
78537  -36.704  -35.659  62.517 0.0000000000
78545  -36.881  -35.787  62.443 0.0000000000
78546  -36.924  -36.082  62.314 0.0000000000
78576  -5.995  -36.221  58.154 0.0000000000
78579  -4.869  -36.643  57.630 0.0000000000
78582  -33.156  -36.115  57.565 0.0000000000
78586  -32.850  -36.179  57.354 0.0000000000
78596  -36.900  -35.233  54.021 0.0000000000
78597  -37.239  -35.135  53.984 0.0000000000
78609  -37.152  -34.589  53.523 0.0000000000
78622  -36.888  -34.293  52.943 0.0000000000
78673  -38.190  -33.822  48.394 0.0000000000
78690  -38.504  -33.403  44.600 0.0000000000
78707  -37.447  -34.190  44.686 0.0000000000
78729  -37.621  -33.882  44.146 0.0000000000
79684  -36.889  -35.533  62.497 0.0000000000
79701  -37.104  -35.778  62.374 0.0000000000
79702  -37.115  -35.446  62.286 0.0000000000
79720  -37.065  -34.817  62.149 0.0000000000
79732  -35.619  -35.403  61.277 0.0000000000
79747  -6.389  -35.645  58.405 0.0000000000
79748  -6.852  -35.466  58.475 0.0000000000
79755  -6.166  -35.718  58.366 0.0000000000
79756  -6.599  -35.476  58.492 0.0000000000
79769  -37.411  -34.075  54.529 0.0000000000
79774  -6.465  -36.153  55.033 0.0000000000
79780  -36.369  -33.543  53.454 0.0000000000
79792  -36.530  -34.014  53.334 0.0000000000
79793  -36.665  -34.584  53.624 0.0000000000
79845  -38.741  -32.959  49.114 0.0000000000
79856  -38.539  -33.273  48.749 0.0000000000
79865  -37.844  -34.562  47.222 0.0000000000
79866  -38.068  -34.508  47.269 0.0000000000
79879  -38.539  -33.988  45.758 0.0000000000
79936  -37.433  -34.093  43.593 0.0000000000
80979  -36.733  -33.693  63.624 0.0000000000
80980  -36.846  -33.211  63.191 0.0000000000
81014  -37.261  -33.212  62.647 0.0000000000
81055  -35.714  -34.683  61.146 0.0000000000
81077  -5.751  -35.343  58.406 0.0000000000
81078  -6.622  -35.381  58.548 0.0000000000
81079  -7.032  -35.359  58.611 0.0000000000
81092  -6.360  -35.364  58.498 0.0000000000
81093  -6.815  -35.259  58.570 0.0000000000
81098  -33.273  -34.354  57.472 0.0000000000
81103  -7.424  -34.030  56.084 0.0000000000
81112  -37.810  -33.902  56.107 0.0000000000
81125  -37.200  -34.067  55.183 0.0000000000
81180  -39.119  -32.429  49.622 0.0000000000
81210  -38.706  -33.833  47.376 0.0000000000
81233  -44.551  -32.749  46.314 0.0000000000
81248  -38.780  -32.681  45.452 0.0000000000
81249  -38.766  -32.918  45.452 0.0000000000
81250  -38.735  -32.652  45.006 0.0000000000
81254  -46.470  -32.838  45.993 0.0000000000
81266  -38.998  -32.541  45.426 0.0000000000
81292  -45.213  -31.933  44.220 0.0000000000
81333  -43.935  -31.606  44.000 0.0000000000
81334  -44.377  -31.555  43.878 0.0000000000
82461  -2.932  -34.212  60.654 0.0000000000
82476  -36.431  -33.138  59.891 0.0000000000
82498  -33.348  -33.403  57.307 0.0000000000
82499  -33.750  -33.311  57.737 0.0000000000
82515  -7.667  -33.826  55.857 0.0000000000
82571  -39.927  -31.610  49.754 0.0000000000
82573  -39.350  -32.241  49.320 0.0000000000
82603  -38.962  -33.640  46.924 0.0000000000
82604  -39.402  -33.508  46.816 0.0000000000
82606  -44.894  -33.279  47.164 0.0000000000
82627  -44.580  -32.881  46.678 0.0000000000
82644  -39.357  -33.294  45.715 0.0000000000
82660  -39.173  -32.753  45.528 0.0000000000
82661  -39.418  -32.859  45.473 0.0000000000
82665  -42.630  -33.399  44.973 0.0000000000
82666  -45.287  -32.568  45.221 0.0000000000
82667  -45.820  -32.379  44.917 0.0000000000
82668  -47.394  -32.266  44.722 0.0000000000
82677  -43.170  -31.482  43.067 0.0000000000
82699  -43.386  -31.494  43.433 0.0000000000
82701  -45.723  -31.787  44.033 0.0000000000
82703  -47.164  -31.856  43.821 0.0000000000
82704  -47.465  -31.726  43.993 0.0000000000
82721  -44.791  -31.474  43.537 0.0000000000
82746  -41.861  -31.724  42.342 0.0000000000
82747  -45.046  -31.408  43.075 0.0000000000
82748  -45.238  -31.438  43.285 0.0000000000
83877  -37.303  -32.865  59.718 0.0000000000
83891  -34.952  -33.358  58.885 0.0000000000
83905  -34.126  -33.132  57.939 0.0000000000
83995  -40.035  -31.841  50.175 0.0000000000
84042  -45.059  -32.938  47.455 0.0000000000
84064  -46.833  -32.501  45.276 0.0000000000
84077  -47.505  -32.406  44.931 0.0000000000
84084  -46.153  -32.242  44.682 0.0000000000
84085  -46.516  -32.218  44.590 0.0000000000
84086  -48.482  -31.396  44.014 0.0000000000
84095  -43.165  -31.417  42.862 0.0000000000
84099  -49.312  -30.779  43.869 0.0000000000
84116  -43.619  -31.362  42.978 0.0000000000
84118  -45.842  -31.324  43.266 0.0000000000
84119  -46.299  -31.411  43.248 0.0000000000
84121  -47.157  -31.618  43.315 0.0000000000
84142  -44.420  -31.234  42.843 0.0000000000
85483  -48.753  -31.092  43.643 0.0000000000
85490  -46.228  -30.582  42.584 0.0000000000
85491  -46.472  -30.524  42.591 0.0000000000
86782  -46.078  -30.545  42.284 0.0000000000
86784  -48.410  -30.003  43.402 0.0000000000
86788  -50.839  -29.910  42.977 0.0000000000
86797  -46.744  -30.206  42.285 0.0000000000
86799  -49.585  -29.853  43.006 0.0000000000
86800  -50.056  -29.895  42.824 0.0000000000
86802  -50.836  -29.637  43.029 0.0000000000
86818  -45.427  -28.886  41.337 0.0000000000
86820  -47.943  -29.508  41.838 0.0000000000
86838  -45.527  -28.549  41.291 0.0000000000
87998  -50.826  -29.318  43.208 0.0000000000
89287  -45.871  -29.731  41.569 0.0000000000
89288  -46.019  -29.590  41.550 0.0000000000
89289  -49.941  -27.690  41.665 0.0000000000
89292  -50.885  -28.881  43.283 0.0000000000
89304  -45.799  -29.513  41.493 0.0000000000
89305  -45.987  -29.355  41.489 0.0000000000
89348  -50.425  -26.360  38.984 0.0000000000
89349  -50.676  -26.332  38.816 0.0000000000
89350  -50.922  -26.288  38.757 0.0000000000
89361  -50.521  -26.401  38.638 0.0000000000
89363  -51.061  -26.457  38.439 0.0000000000
90642  -52.864  -25.457  39.829 0.0000000000
90675  -51.276  -26.480  38.165 0.0000000000
91906  -50.803  -26.809  41.417 0.0000000000
91926  -50.782  -26.611  41.290 0.0000000000
91927  -50.990  -26.499  41.210 0.0000000000
91946  -53.482  -25.458  40.646 0.0000000000
91971  -51.862  -25.540  38.334 0.0000000000
91972  -51.861  -25.551  38.547 0.0000000000
91989  -52.078  -25.859  38.081 0.0000000000
92004  -51.424  -25.778  37.353 0.0000000000
92025  -49.718  -25.289  36.720 0.0000000000
93255  -52.031  -25.335  38.571 0.0000000000
94504  -53.911  -23.452  38.877 0.0000000000
94505  -53.657  -23.509  38.935 0.0000000000
95718  -54.145  -23.226  38.736 0.0000000000
95719  -54.520  -23.167  38.648 0.0000000000
95721  -54.923  -22.927  39.346 0.0000000000
95723  -53.928  -23.247  38.799 0.0000000000
95733  -51.995  -22.932  37.569 0.0000000000
95749  -51.864  -23.442  37.807 0.0000000000
97005  -54.855  -22.331  39.512 0.0000000000
98270  -54.964  -21.050  39.945 0.0000000000
99612  -55.106  -19.598  39.543 0.0000000000
99620  -54.587  -19.831  39.348 0.0000000000
99631  -53.827  -20.269  38.615 0.0000000000
99632  -55.589  -20.651  39.597 0.0000000000
99633  -55.756  -20.589  39.444 0.0000000000
100920  -55.329  -18.924  39.138 0.0000000000
100921  -55.291  -19.158  39.401 0.0000000000
100932  -54.166  -19.745  38.787 0.0000000000
100934  -55.953  -20.138  39.166 0.0000000000
100935  -56.344  -20.118  39.343 0.0000000000
100946  -55.912  -20.388  39.406 0.0000000000
102155  -55.926  -19.353  39.793 0.0000000000
102161  -53.733  -18.154  38.414 0.0000000000
103410  -54.652  -18.072  40.089 0.0000000000
103422  -54.788  -17.765  40.083 0.0000000000
103423  -56.730  -16.015  39.844 0.0000000000
103424  -57.100  -16.307  39.744 0.0000000000
103425  -57.448  -16.398  39.318 0.0000000000
103431  -54.210  -17.726  38.741 0.0000000000
103432  -56.803  -16.318  39.159 0.0000000000
103433  -57.194  -16.317  39.301 0.0000000000
103434  -57.407  -16.551  39.174 0.0000000000
103439  -53.023  -17.600  37.600 0.0000000000
104704  -55.239  -17.486  40.362 0.0000000000
104716  -54.776  -17.369  39.603 0.0000000000
104720  -57.212  -16.191  39.433 0.0000000000
104735  -56.213  -16.207  39.756 0.0000000000
104736  -57.070  -16.279  39.078 0.0000000000
104737  -57.455  -16.371  39.027 0.0000000000
104743  -53.369  -17.445  37.714 0.0000000000
105921  -56.433  -15.604  40.385 0.0000000000
105927  -55.957  -15.545  40.000 0.0000000000
105929  -57.403  -16.085  39.178 0.0000000000
105944  -57.260  -16.163  39.047 0.0000000000
105945  -57.506  -16.154  38.950 0.0000000000
105957  -54.478  -15.651  38.836 0.0000000000
105965  -51.573  -15.470  36.783 0.0000000000
105966  -51.719  -15.398  37.067 0.0000000000
105968  -54.021  -15.899  38.500 0.0000000000
105969  -54.265  -15.813  38.646 0.0000000000
107142  -55.253  -14.600  39.698 0.0000000000
107170  -51.908  -15.493  37.261 0.0000000000
108318  -52.742  -14.048  38.369 0.0000000000
108338  -51.492  -13.751  36.948 0.0000000000
109479  -51.756  -12.263  36.406 0.0000000000
171790  -7.783  -41.077  73.579 0.0000000000
171791  -7.526  -40.882  75.079 0.0000000000
171793  -8.540  -40.509  73.363 0.0000000000
171795  -8.184  -40.516  73.346 0.0000000000
171796  -8.017  -40.839  73.397 0.0000000000
171900  -38.641  -32.451  58.974 0.0000000000
171906  -39.136  -32.429  57.979 0.0000000000
171916  -39.021  -32.511  57.146 0.0000000000
171925  -40.156  -31.502  49.671 0.0000000000
171926  -39.923  -31.163  49.289 0.0000000000
171927  -40.071  -31.728  49.968 0.0000000000
171928  -40.244  -31.041  48.893 0.0000000000
171929  -40.459  -31.214  49.027 0.0000000000
171930  -43.003  -31.537  43.244 0.0000000000
