#!ascii label  , from subject 3323 vox2ras=TkReg
1249
73067  19.090  -36.611  55.619 0.0000000000
63152  33.040  -42.623  60.681 0.0000000000
96955  42.986  -19.032  40.922 0.0000000000
82763  32.284  -30.898  47.943 0.0000000000
73060  35.114  -38.087  55.358 0.0000000000
108038  55.800  -11.083  38.745 0.0000000000
94371  42.677  -21.813  45.270 0.0000000000
90497  37.679  -24.308  44.040 0.0000000000
70259  13.921  -39.601  54.748 0.0000000000
68751  26.160  -39.696  58.254 0.0000000000
68800  29.766  -40.712  54.528 0.0000000000
74514  22.396  -35.532  51.908 0.0000000000
100745  48.999  -16.645  38.456 0.0000000000
70175  22.248  -39.709  60.392 0.0000000000
71594  18.120  -36.899  61.904 0.0000000000
98203  47.767  -18.294  41.682 0.0000000000
71580  12.923  -39.243  61.046 0.0000000000
61930  10.499  -45.855  59.397 0.0000000000
84073  36.981  -28.773  46.628 0.0000000000
78563  31.827  -34.193  53.055 0.0000000000
73192  32.435  -38.868  49.058 0.0000000000
67503  31.005  -40.827  50.622 0.0000000000
93043  42.733  -23.078  46.698 0.0000000000
91790  40.623  -23.404  44.996 0.0000000000
89145  40.035  -24.937  45.692 0.0000000000
95627  44.120  -21.489  47.501 0.0000000000
73130  17.884  -37.541  51.879 0.0000000000
71745  15.802  -39.214  51.964 0.0000000000
74457  16.753  -37.377  55.096 0.0000000000
71688  22.734  -37.695  56.778 0.0000000000
74433  24.877  -35.876  55.986 0.0000000000
73105  21.623  -36.048  54.143 0.0000000000
73148  19.930  -36.438  51.255 0.0000000000
98221  43.818  -18.744  39.512 0.0000000000
96888  44.515  -18.693  43.228 0.0000000000
98185  45.707  -18.388  41.628 0.0000000000
99458  45.548  -17.743  39.376 0.0000000000
72958  18.009  -36.529  64.380 0.0000000000
74358  14.504  -36.822  61.316 0.0000000000
74312  14.321  -36.619  64.917 0.0000000000
68660  10.333  -41.217  66.657 0.0000000000
67228  11.356  -41.889  63.415 0.0000000000
61899  9.755  -45.046  61.517 0.0000000000
59533  8.494  -48.295  60.182 0.0000000000
60685  8.594  -46.644  63.186 0.0000000000
78546  33.777  -34.200  54.335 0.0000000000
75833  32.968  -36.497  53.904 0.0000000000
75880  32.094  -36.904  51.277 0.0000000000
73144  34.399  -38.197  51.393 0.0000000000
73164  28.017  -37.191  51.497 0.0000000000
68861  30.707  -40.637  52.375 0.0000000000
71814  29.152  -38.287  49.440 0.0000000000
70402  29.720  -39.943  47.894 0.0000000000
84045  35.044  -30.390  47.177 0.0000000000
85363  35.448  -28.592  44.708 0.0000000000
84063  32.677  -30.359  45.477 0.0000000000
110560  59.858  -9.211  36.417 0.0000000000
108082  57.218  -11.154  36.168 0.0000000000
96890  42.682  -20.229  43.877 0.0000000000
95652  40.479  -21.512  43.082 0.0000000000
96864  44.720  -19.453  45.429 0.0000000000
67309  29.888  -40.595  59.328 0.0000000000
65987  31.689  -41.662  56.938 0.0000000000
68785  28.906  -39.765  56.090 0.0000000000
73103  26.935  -36.975  53.700 0.0000000000
75883  24.570  -34.809  50.394 0.0000000000
98231  50.956  -17.993  40.670 0.0000000000
101916  51.008  -15.837  39.775 0.0000000000
104306  52.089  -13.604  38.900 0.0000000000
106850  52.872  -11.629  37.449 0.0000000000
71647  21.356  -38.304  58.344 0.0000000000
73029  18.875  -36.512  57.984 0.0000000000
71591  19.562  -38.917  60.610 0.0000000000
68737  24.037  -40.196  58.616 0.0000000000
98234  48.573  -17.862  40.079 0.0000000000
74381  15.278  -37.118  58.555 0.0000000000
71649  13.168  -39.130  57.783 0.0000000000
65995  11.824  -42.459  57.295 0.0000000000
70136  12.899  -39.325  64.885 0.0000000000
67275  11.638  -42.421  60.127 0.0000000000
58221  6.370  -46.829  64.407 0.0000000000
87786  39.385  -26.891  46.767 0.0000000000
82742  34.702  -31.249  50.005 0.0000000000
79956  34.465  -32.525  51.902 0.0000000000
81357  31.993  -32.190  50.982 0.0000000000
77224  30.998  -35.063  50.660 0.0000000000
75927  32.614  -36.744  48.215 0.0000000000
74622  32.685  -37.442  44.254 0.0000000000
66035  31.366  -42.683  55.282 0.0000000000
66076  33.162  -43.037  52.677 0.0000000000
68858  33.790  -40.739  53.109 0.0000000000
68936  32.909  -40.883  48.983 0.0000000000
70429  31.761  -39.505  46.581 0.0000000000
87815  37.286  -26.993  45.275 0.0000000000
87851  34.630  -26.688  43.017 0.0000000000
90445  42.585  -24.537  46.937 0.0000000000
90463  41.207  -24.400  45.953 0.0000000000
89110  41.347  -24.906  47.438 0.0000000000
93033  43.584  -22.965  47.724 0.0000000000
73108  18.717  -36.912  53.798 0.0000000000
73110  17.409  -37.265  53.818 0.0000000000
74455  18.241  -37.140  54.882 0.0000000000
71690  21.071  -37.072  56.552 0.0000000000
73064  22.323  -37.151  55.912 0.0000000000
73085  20.495  -36.388  54.932 0.0000000000
73107  19.525  -36.328  53.753 0.0000000000
96978  43.535  -19.230  40.083 0.0000000000
96904  43.511  -19.001  42.664 0.0000000000
96903  44.613  -18.577  42.096 0.0000000000
96931  43.693  -18.722  41.578 0.0000000000
96977  44.104  -18.558  40.205 0.0000000000
65823  10.359  -42.681  65.761 0.0000000000
65833  10.482  -42.808  64.694 0.0000000000
63097  9.746  -44.104  63.570 0.0000000000
60711  9.304  -46.697  61.347 0.0000000000
60696  8.962  -46.329  62.151 0.0000000000
59494  8.618  -46.828  62.389 0.0000000000
75802  33.560  -36.356  55.886 0.0000000000
74449  34.248  -37.223  54.354 0.0000000000
75843  34.124  -37.142  52.853 0.0000000000
74490  35.151  -38.175  52.722 0.0000000000
63199  33.471  -42.450  59.310 0.0000000000
74531  27.497  -36.677  50.748 0.0000000000
71795  28.668  -38.044  50.903 0.0000000000
74549  28.159  -37.400  48.807 0.0000000000
74564  28.330  -37.660  47.946 0.0000000000
84031  34.230  -30.487  47.905 0.0000000000
84062  33.774  -29.716  45.920 0.0000000000
106830  54.946  -11.727  39.661 0.0000000000
108037  56.426  -11.222  39.407 0.0000000000
109255  57.286  -10.478  38.310 0.0000000000
108055  58.222  -10.147  38.045 0.0000000000
108057  56.645  -10.798  37.146 0.0000000000
95640  42.606  -20.795  44.599 0.0000000000
95651  41.285  -21.225  43.058 0.0000000000
94392  41.534  -21.969  44.441 0.0000000000
91802  39.193  -23.756  44.108 0.0000000000
93092  39.042  -23.147  43.471 0.0000000000
91804  37.318  -23.857  43.198 0.0000000000
94356  43.067  -21.940  46.497 0.0000000000
95633  43.595  -21.121  45.658 0.0000000000
96877  43.810  -19.938  45.151 0.0000000000
70268  15.437  -39.504  53.153 0.0000000000
68791  13.571  -40.257  54.817 0.0000000000
67337  28.274  -39.755  58.888 0.0000000000
68748  29.117  -40.433  57.763 0.0000000000
68767  27.636  -39.288  56.890 0.0000000000
74473  23.464  -35.889  53.989 0.0000000000
74451  25.553  -36.479  54.950 0.0000000000
74493  24.957  -36.125  52.817 0.0000000000
74513  25.519  -36.168  52.085 0.0000000000
77210  23.846  -35.106  51.236 0.0000000000
75885  22.328  -35.382  50.587 0.0000000000
78625  31.307  -34.858  48.382 0.0000000000
99480  49.342  -17.229  39.178 0.0000000000
100731  51.043  -16.902  39.713 0.0000000000
100744  49.881  -16.529  38.940 0.0000000000
104317  51.053  -14.076  37.469 0.0000000000
105625  51.693  -13.060  37.177 0.0000000000
105609  52.482  -12.739  38.280 0.0000000000
70204  21.332  -38.913  59.569 0.0000000000
71607  19.875  -38.779  59.702 0.0000000000
70177  20.647  -39.497  60.954 0.0000000000
68729  23.297  -39.997  59.800 0.0000000000
70222  22.103  -38.694  58.872 0.0000000000
98216  49.173  -18.218  40.607 0.0000000000
98217  48.183  -18.164  40.755 0.0000000000
99484  46.452  -17.337  38.207 0.0000000000
72991  18.874  -36.877  60.090 0.0000000000
73012  16.987  -36.076  58.493 0.0000000000
72980  16.435  -36.521  60.098 0.0000000000
72973  13.286  -37.929  61.603 0.0000000000
74366  13.697  -37.757  60.028 0.0000000000
71612  12.742  -39.187  59.928 0.0000000000
68754  12.373  -41.037  57.987 0.0000000000
68739  12.555  -41.083  59.097 0.0000000000
70126  12.758  -39.920  65.252 0.0000000000
64481  10.572  -43.759  61.446 0.0000000000
67256  11.312  -42.503  61.177 0.0000000000
64498  11.215  -43.980  59.857 0.0000000000
64536  11.299  -44.136  58.512 0.0000000000
81424  36.246  -31.002  48.451 0.0000000000
78547  32.499  -34.538  53.971 0.0000000000
79923  34.367  -33.645  53.554 0.0000000000
79925  32.499  -33.430  53.311 0.0000000000
79957  33.513  -32.403  51.422 0.0000000000
79937  31.803  -32.867  52.722 0.0000000000
79958  30.838  -33.278  50.902 0.0000000000
77207  31.154  -35.066  51.679 0.0000000000
74548  33.079  -38.001  50.104 0.0000000000
75914  32.415  -37.388  49.253 0.0000000000
74576  32.761  -37.779  48.197 0.0000000000
74598  33.232  -37.634  46.659 0.0000000000
73228  33.118  -38.621  46.447 0.0000000000
67378  30.485  -41.225  55.793 0.0000000000
66011  31.494  -42.007  55.890 0.0000000000
66060  30.966  -41.644  54.752 0.0000000000
67482  30.757  -40.966  51.358 0.0000000000
67435  31.010  -42.010  52.790 0.0000000000
67457  31.858  -42.115  51.516 0.0000000000
67454  33.368  -41.430  52.634 0.0000000000
67478  32.719  -41.166  51.326 0.0000000000
70326  33.138  -39.909  50.537 0.0000000000
68938  31.587  -40.686  49.257 0.0000000000
71860  29.382  -38.924  46.745 0.0000000000
71833  30.597  -39.442  47.172 0.0000000000
86572  38.550  -27.846  46.332 0.0000000000
87801  39.181  -26.978  45.847 0.0000000000
86582  37.257  -27.663  45.625 0.0000000000
84099  33.952  -29.301  43.707 0.0000000000
86596  35.305  -27.711  44.389 0.0000000000
112987  59.564  -8.233  36.117 0.0000000000
93058  42.566  -22.551  45.959 0.0000000000
93075  41.566  -22.714  45.074 0.0000000000
91779  41.081  -23.670  45.537 0.0000000000
91781  40.089  -24.264  45.320 0.0000000000
90482  38.989  -24.550  45.389 0.0000000000
94323  44.722  -22.207  48.205 0.0000000000
94343  43.481  -22.119  47.250 0.0000000000
71744  16.615  -38.649  51.976 0.0000000000
71706  16.400  -38.036  53.988 0.0000000000
73091  15.444  -38.388  54.658 0.0000000000
70240  24.805  -38.532  57.899 0.0000000000
70239  25.866  -38.884  57.295 0.0000000000
73062  24.260  -36.552  56.604 0.0000000000
74453  23.141  -36.134  54.883 0.0000000000
74496  21.545  -35.548  53.091 0.0000000000
74515  21.492  -35.732  51.588 0.0000000000
73127  20.609  -35.811  52.309 0.0000000000
73149  18.735  -36.854  51.432 0.0000000000
101933  48.530  -15.967  37.657 0.0000000000
68710  22.331  -39.929  61.832 0.0000000000
99406  46.600  -17.789  43.911 0.0000000000
99421  46.895  -18.336  42.424 0.0000000000
98204  46.786  -18.042  41.254 0.0000000000
98218  46.661  -17.845  40.378 0.0000000000
98219  45.215  -17.870  40.204 0.0000000000
98220  44.219  -17.950  39.915 0.0000000000
71579  17.843  -37.130  62.682 0.0000000000
72972  16.457  -36.922  61.041 0.0000000000
74348  16.325  -36.334  63.359 0.0000000000
74343  14.070  -36.662  63.231 0.0000000000
72961  13.350  -37.611  63.059 0.0000000000
68657  11.895  -39.799  65.334 0.0000000000
67208  11.181  -41.247  65.067 0.0000000000
65863  10.879  -42.669  63.203 0.0000000000
61913  10.000  -45.310  60.494 0.0000000000
60730  9.217  -46.750  60.226 0.0000000000
77160  32.968  -35.476  55.245 0.0000000000
75834  31.925  -36.331  54.151 0.0000000000
77206  31.852  -35.935  52.133 0.0000000000
75861  32.742  -36.842  52.129 0.0000000000
75878  34.253  -37.275  51.590 0.0000000000
73177  33.098  -38.798  50.221 0.0000000000
70289  28.128  -38.678  52.897 0.0000000000
68839  30.356  -40.448  53.148 0.0000000000
70307  29.306  -38.763  52.075 0.0000000000
70327  29.902  -39.648  50.962 0.0000000000
70350  30.011  -40.137  49.756 0.0000000000
70374  29.744  -40.190  48.842 0.0000000000
71812  29.591  -39.217  48.364 0.0000000000
73209  28.856  -38.401  47.345 0.0000000000
84060  36.056  -29.983  46.870 0.0000000000
85353  36.315  -28.416  45.725 0.0000000000
84076  34.657  -29.426  45.364 0.0000000000
84077  33.579  -29.751  44.866 0.0000000000
109253  59.802  -10.285  37.246 0.0000000000
109278  59.353  -10.067  36.294 0.0000000000
96932  42.547  -18.999  42.027 0.0000000000
96956  41.812  -19.667  41.092 0.0000000000
95689  41.453  -20.334  41.839 0.0000000000
94394  40.369  -22.264  43.912 0.0000000000
94432  38.959  -21.786  43.028 0.0000000000
98105  45.382  -20.065  47.895 0.0000000000
98120  45.703  -19.316  46.971 0.0000000000
98129  45.908  -18.520  45.670 0.0000000000
96876  44.664  -19.146  44.352 0.0000000000
96889  43.350  -19.676  44.043 0.0000000000
64506  31.872  -41.459  60.169 0.0000000000
64527  31.972  -42.032  59.134 0.0000000000
65946  30.977  -41.062  58.671 0.0000000000
67379  30.122  -40.447  56.153 0.0000000000
67399  29.701  -40.101  55.713 0.0000000000
71685  26.718  -37.820  55.783 0.0000000000
71684  27.402  -38.260  55.321 0.0000000000
70277  28.190  -38.671  53.883 0.0000000000
73125  27.236  -37.326  52.839 0.0000000000
74532  26.545  -36.104  51.015 0.0000000000
75900  26.278  -35.351  49.645 0.0000000000
101914  52.577  -15.356  40.193 0.0000000000
101931  50.650  -15.765  38.864 0.0000000000
103087  51.946  -14.563  39.159 0.0000000000
103074  53.029  -14.375  40.077 0.0000000000
105608  53.195  -12.583  39.166 0.0000000000
106831  53.849  -11.628  38.541 0.0000000000
108039  54.915  -11.030  38.463 0.0000000000
108058  55.775  -10.766  37.514 0.0000000000
73046  20.361  -36.875  56.844 0.0000000000
73047  19.545  -36.626  56.944 0.0000000000
73028  19.801  -36.795  58.183 0.0000000000
72990  19.625  -37.201  59.815 0.0000000000
71593  18.849  -37.326  61.514 0.0000000000
70154  20.445  -39.106  62.109 0.0000000000
71578  18.579  -37.569  62.396 0.0000000000
71554  18.480  -37.267  64.271 0.0000000000
63133  32.211  -43.114  61.241 0.0000000000
64488  30.577  -42.597  61.070 0.0000000000
65925  29.402  -40.937  60.857 0.0000000000
67311  27.541  -40.390  59.707 0.0000000000
67313  25.555  -40.356  59.861 0.0000000000
68752  24.876  -39.614  58.625 0.0000000000
70242  23.012  -38.447  58.365 0.0000000000
71669  22.127  -38.165  57.662 0.0000000000
98201  50.695  -19.031  40.728 0.0000000000
98233  49.300  -17.941  40.350 0.0000000000
99481  48.600  -17.374  38.811 0.0000000000
99468  47.191  -17.544  39.240 0.0000000000
98253  47.702  -17.549  39.107 0.0000000000
100746  48.148  -16.773  38.141 0.0000000000
73049  17.414  -36.452  56.824 0.0000000000
74416  16.348  -36.908  56.447 0.0000000000
73052  14.628  -38.308  56.486 0.0000000000
75756  15.075  -36.585  59.884 0.0000000000
74382  14.560  -37.751  58.083 0.0000000000
71673  13.840  -39.053  56.496 0.0000000000
68773  13.006  -40.604  56.056 0.0000000000
67367  12.286  -42.615  56.154 0.0000000000
71546  13.015  -38.406  64.317 0.0000000000
70155  12.444  -39.427  62.470 0.0000000000
68705  11.486  -40.433  61.965 0.0000000000
70168  11.890  -39.856  60.569 0.0000000000
67322  11.768  -42.214  58.990 0.0000000000
58228  7.377  -46.902  64.143 0.0000000000
89096  41.000  -25.448  47.609 0.0000000000
82814  37.303  -29.540  47.215 0.0000000000
82803  36.277  -30.581  47.651 0.0000000000
82786  34.810  -30.865  48.376 0.0000000000
82761  34.073  -30.643  48.884 0.0000000000
79973  34.559  -32.516  50.887 0.0000000000
81387  33.457  -32.093  49.855 0.0000000000
81388  32.229  -31.942  49.211 0.0000000000
81373  31.247  -32.539  49.590 0.0000000000
78592  30.510  -33.840  49.754 0.0000000000
78605  31.183  -35.146  49.180 0.0000000000
77223  31.670  -35.859  50.963 0.0000000000
77259  31.946  -36.512  48.917 0.0000000000
77276  31.891  -36.283  48.076 0.0000000000
74599  32.630  -36.874  46.757 0.0000000000
74621  33.433  -37.357  45.029 0.0000000000
71703  35.230  -39.503  55.220 0.0000000000
64570  32.186  -42.241  57.332 0.0000000000
64592  32.561  -42.523  56.150 0.0000000000
64613  33.332  -43.628  55.564 0.0000000000
67415  31.169  -41.490  53.617 0.0000000000
66057  32.153  -43.102  54.053 0.0000000000
67396  35.007  -42.979  54.629 0.0000000000
67413  35.001  -41.769  53.484 0.0000000000
70274  35.358  -40.390  53.622 0.0000000000
71721  35.375  -39.343  53.687 0.0000000000
71758  33.674  -39.167  52.691 0.0000000000
71775  33.369  -39.400  50.637 0.0000000000
71810  32.658  -39.674  49.322 0.0000000000
70373  30.903  -40.326  48.509 0.0000000000
70399  32.436  -40.133  47.619 0.0000000000
71856  32.665  -39.276  46.659 0.0000000000
73229  32.593  -38.738  46.143 0.0000000000
89112  39.988  -25.602  46.406 0.0000000000
89129  39.189  -26.025  45.476 0.0000000000
89148  37.548  -25.689  44.983 0.0000000000
86595  36.190  -27.581  44.801 0.0000000000
87832  35.798  -26.702  44.371 0.0000000000
89164  36.444  -25.229  43.742 0.0000000000
108083  56.393  -11.142  36.486 0.0000000000
90427  42.668  -24.737  47.744 0.0000000000
90446  41.597  -24.562  46.675 0.0000000000
90428  42.015  -24.750  47.416 0.0000000000
90426  43.238  -24.436  47.617 0.0000000000
73086  19.435  -36.472  54.830 0.0000000000
73087  18.737  -36.717  54.675 0.0000000000
73066  20.251  -36.920  56.056 0.0000000000
73065  21.318  -36.701  55.980 0.0000000000
96979  42.445  -19.350  40.074 0.0000000000
96954  43.947  -18.748  40.732 0.0000000000
64399  9.921  -43.402  65.144 0.0000000000
63098  9.471  -44.478  63.652 0.0000000000
61877  9.441  -45.266  62.886 0.0000000000
61871  8.760  -45.045  63.769 0.0000000000
74411  34.483  -37.636  55.740 0.0000000000
74432  34.147  -37.084  55.338 0.0000000000
74431  34.724  -37.593  54.868 0.0000000000
74448  34.712  -37.692  54.089 0.0000000000
73079  35.126  -38.113  54.324 0.0000000000
63151  33.643  -42.258  60.955 0.0000000000
63175  33.146  -42.071  59.931 0.0000000000
74566  26.688  -36.273  48.880 0.0000000000
74550  27.527  -37.078  49.559 0.0000000000
74565  27.527  -36.933  48.116 0.0000000000
84009  33.178  -30.361  47.995 0.0000000000
84032  33.281  -30.264  47.333 0.0000000000
106829  55.792  -11.501  39.503 0.0000000000
109236  56.561  -10.685  38.607 0.0000000000
109256  56.732  -10.589  37.837 0.0000000000
109237  56.187  -10.559  38.077 0.0000000000
94391  42.178  -21.862  44.762 0.0000000000
95641  42.018  -21.202  44.135 0.0000000000
90496  38.509  -24.284  44.606 0.0000000000
91803  38.324  -23.578  43.445 0.0000000000
91805  36.860  -24.085  42.963 0.0000000000
90498  36.929  -24.557  43.462 0.0000000000
94370  42.958  -21.819  45.885 0.0000000000
95634  43.026  -21.193  45.326 0.0000000000
70269  14.787  -39.869  53.880 0.0000000000
68810  13.744  -40.453  54.262 0.0000000000
67338  27.109  -39.737  59.157 0.0000000000
68750  27.792  -39.645  58.082 0.0000000000
68768  26.620  -39.211  57.296 0.0000000000
74494  23.767  -36.174  52.995 0.0000000000
74472  24.674  -35.945  53.956 0.0000000000
75848  23.387  -35.746  52.445 0.0000000000
75847  23.939  -36.116  52.209 0.0000000000
75864  23.151  -35.338  51.720 0.0000000000
75865  22.312  -35.450  51.476 0.0000000000
70188  21.749  -39.496  60.032 0.0000000000
70189  20.892  -39.112  60.202 0.0000000000
70176  21.901  -39.524  60.993 0.0000000000
70187  22.454  -39.687  59.945 0.0000000000
96952  48.704  -18.407  41.562 0.0000000000
96975  48.912  -18.386  41.139 0.0000000000
72979  17.748  -36.923  60.864 0.0000000000
72992  17.432  -36.564  59.581 0.0000000000
71581  13.123  -38.748  61.325 0.0000000000
72981  13.278  -38.351  60.604 0.0000000000
71596  12.744  -38.955  60.436 0.0000000000
71611  12.973  -39.645  59.965 0.0000000000
70179  12.971  -40.041  60.409 0.0000000000
70110  12.231  -39.392  66.255 0.0000000000
63166  10.568  -44.726  60.005 0.0000000000
64480  10.614  -43.651  60.789 0.0000000000
64499  11.051  -44.544  59.452 0.0000000000
63188  11.035  -45.092  59.157 0.0000000000
78564  31.303  -34.074  52.210 0.0000000000
77197  31.301  -34.984  52.574 0.0000000000
73178  32.841  -38.471  49.649 0.0000000000
74562  32.626  -38.118  49.269 0.0000000000
73208  33.007  -38.696  47.595 0.0000000000
67398  30.001  -40.778  55.140 0.0000000000
67397  30.566  -41.411  54.926 0.0000000000
67417  30.140  -41.055  54.345 0.0000000000
67481  30.816  -41.344  50.956 0.0000000000
67480  31.446  -41.778  50.699 0.0000000000
67456  32.453  -41.645  51.940 0.0000000000
68882  31.869  -41.236  50.531 0.0000000000
67501  32.307  -40.944  50.344 0.0000000000
68910  31.284  -40.621  50.233 0.0000000000
85342  38.047  -28.647  46.508 0.0000000000
86573  37.804  -28.213  46.002 0.0000000000
85352  37.004  -28.386  46.176 0.0000000000
93059  41.748  -22.966  45.889 0.0000000000
93044  42.161  -23.230  46.372 0.0000000000
90447  40.775  -24.685  46.289 0.0000000000
90464  40.561  -24.585  45.680 0.0000000000
90480  40.208  -24.711  45.596 0.0000000000
90481  39.801  -24.520  45.401 0.0000000000
89146  39.362  -25.124  45.610 0.0000000000
94322  44.788  -22.013  49.000 0.0000000000
91767  42.998  -23.814  46.944 0.0000000000
93042  43.258  -22.983  46.945 0.0000000000
93057  43.039  -22.493  46.366 0.0000000000
73089  16.906  -37.450  54.262 0.0000000000
71725  16.662  -37.829  53.213 0.0000000000
71707  15.697  -38.654  53.846 0.0000000000
73090  16.052  -37.898  54.649 0.0000000000
71668  23.266  -38.089  57.592 0.0000000000
71667  24.175  -37.793  57.695 0.0000000000
71687  23.604  -37.326  57.117 0.0000000000
73084  21.788  -36.293  54.955 0.0000000000
73083  22.796  -36.665  55.381 0.0000000000
74454  22.506  -36.291  54.853 0.0000000000
74474  22.292  -36.049  54.046 0.0000000000
74475  21.567  -35.811  53.799 0.0000000000
73106  20.801  -35.864  53.745 0.0000000000
73129  18.544  -37.049  52.549 0.0000000000
73128  19.619  -36.276  52.509 0.0000000000
73150  18.187  -37.537  51.557 0.0000000000
98147  45.846  -18.193  43.662 0.0000000000
96930  44.778  -18.722  41.188 0.0000000000
98160  45.653  -18.397  42.536 0.0000000000
98184  46.755  -18.387  42.086 0.0000000000
98205  45.606  -18.024  40.982 0.0000000000
71555  18.075  -36.615  63.992 0.0000000000
72966  17.177  -36.587  62.993 0.0000000000
72959  17.388  -36.234  63.848 0.0000000000
74342  15.280  -36.464  63.722 0.0000000000
74330  14.317  -36.864  64.152 0.0000000000
72960  13.594  -37.691  63.791 0.0000000000
68659  10.543  -40.881  66.133 0.0000000000
68673  11.070  -40.959  65.461 0.0000000000
64439  10.468  -43.577  62.901 0.0000000000
63127  10.453  -44.460  62.190 0.0000000000
64461  11.030  -43.949  62.030 0.0000000000
61914  9.715  -46.061  59.855 0.0000000000
61900  9.694  -46.010  60.941 0.0000000000
59532  8.787  -47.403  60.703 0.0000000000
59479  8.607  -46.693  62.882 0.0000000000
59480  8.257  -47.075  62.916 0.0000000000
75818  33.541  -36.707  54.696 0.0000000000
75803  33.088  -35.897  55.542 0.0000000000
75819  32.665  -36.192  54.946 0.0000000000
75820  32.011  -36.075  54.608 0.0000000000
75845  32.393  -36.354  53.092 0.0000000000
75844  33.153  -37.179  52.988 0.0000000000
74510  34.814  -37.884  51.844 0.0000000000
74529  34.111  -37.756  50.889 0.0000000000
74547  33.814  -38.279  50.404 0.0000000000
71760  28.251  -38.143  52.093 0.0000000000
70308  28.628  -38.720  52.477 0.0000000000
71759  28.759  -38.324  51.713 0.0000000000
71794  28.954  -38.278  50.369 0.0000000000
70328  29.593  -38.971  50.899 0.0000000000
70352  29.877  -38.576  49.885 0.0000000000
70351  30.235  -39.516  50.070 0.0000000000
70375  29.813  -39.085  49.177 0.0000000000
70376  29.615  -38.595  49.295 0.0000000000
74563  28.687  -38.020  47.637 0.0000000000
84075  35.662  -29.249  45.795 0.0000000000
84061  34.905  -29.777  46.333 0.0000000000
108056  57.393  -10.581  37.339 0.0000000000
108080  59.008  -10.032  37.331 0.0000000000
108081  58.304  -10.518  36.574 0.0000000000
109279  58.709  -10.462  35.601 0.0000000000
96905  42.724  -20.119  42.989 0.0000000000
96933  41.976  -19.932  42.273 0.0000000000
96906  42.128  -20.432  42.767 0.0000000000
95667  40.965  -21.006  42.229 0.0000000000
95668  39.776  -21.383  42.099 0.0000000000
91789  41.101  -23.203  45.006 0.0000000000
93060  41.039  -22.569  44.400 0.0000000000
93077  40.312  -22.843  44.465 0.0000000000
91820  38.157  -23.019  42.871 0.0000000000
93112  38.591  -22.609  43.000 0.0000000000
93113  38.002  -22.543  42.401 0.0000000000
94433  38.600  -21.818  42.301 0.0000000000
95603  44.719  -21.442  48.239 0.0000000000
96833  45.467  -20.550  48.525 0.0000000000
96835  44.485  -20.851  47.904 0.0000000000
96865  44.173  -20.411  45.962 0.0000000000
98131  44.664  -19.664  46.466 0.0000000000
98130  45.361  -18.932  45.962 0.0000000000
98139  45.646  -18.522  44.951 0.0000000000
65923  31.305  -41.593  59.861 0.0000000000
65945  31.332  -41.651  59.151 0.0000000000
68766  28.685  -39.914  57.164 0.0000000000
67358  29.720  -40.348  57.254 0.0000000000
67380  29.435  -40.103  56.556 0.0000000000
68786  28.445  -39.138  55.522 0.0000000000
73044  25.440  -37.438  56.859 0.0000000000
71665  26.035  -37.796  56.871 0.0000000000
73061  25.608  -36.883  56.301 0.0000000000
74470  26.460  -36.696  54.128 0.0000000000
71705  26.934  -37.272  55.205 0.0000000000
71704  27.456  -37.722  54.641 0.0000000000
70267  27.904  -38.690  54.906 0.0000000000
71722  27.475  -38.021  53.370 0.0000000000
73126  26.803  -36.803  52.999 0.0000000000
75862  25.007  -35.722  51.490 0.0000000000
74533  25.898  -35.787  51.550 0.0000000000
75882  25.559  -35.324  50.692 0.0000000000
75881  26.320  -35.717  50.370 0.0000000000
75901  25.386  -34.508  49.544 0.0000000000
74516  20.663  -36.157  51.275 0.0000000000
74535  20.632  -36.360  50.603 0.0000000000
101905  51.147  -16.070  40.113 0.0000000000
100730  51.616  -16.781  40.029 0.0000000000
101915  51.642  -15.863  40.150 0.0000000000
100728  52.958  -15.829  40.383 0.0000000000
101929  52.099  -15.182  39.811 0.0000000000
103090  49.631  -14.877  37.222 0.0000000000
101932  49.490  -15.599  38.085 0.0000000000
104316  52.031  -14.184  37.998 0.0000000000
103088  51.195  -14.748  38.473 0.0000000000
103075  52.454  -14.126  39.524 0.0000000000
104304  53.533  -13.527  39.985 0.0000000000
104305  52.648  -13.341  39.539 0.0000000000
106832  52.938  -11.952  38.464 0.0000000000
106849  53.889  -11.350  37.353 0.0000000000
71671  20.380  -37.014  57.222 0.0000000000
71648  20.437  -37.399  57.913 0.0000000000
71627  20.217  -37.482  59.596 0.0000000000
71608  19.996  -37.608  60.471 0.0000000000
71609  19.365  -37.223  60.924 0.0000000000
71592  19.773  -37.960  61.353 0.0000000000
70165  21.415  -39.555  61.818 0.0000000000
70145  20.715  -38.082  62.763 0.0000000000
71564  19.178  -38.006  62.958 0.0000000000
71565  18.519  -37.490  63.303 0.0000000000
63134  31.564  -43.117  60.878 0.0000000000
67286  27.891  -40.608  60.420 0.0000000000
68727  24.447  -40.766  59.351 0.0000000000
67314  24.920  -40.573  59.675 0.0000000000
68753  24.278  -39.465  58.633 0.0000000000
70220  23.720  -39.003  58.826 0.0000000000
71646  21.911  -38.646  58.221 0.0000000000
71670  20.944  -37.503  57.123 0.0000000000
96957  41.204  -19.835  40.685 0.0000000000
98251  48.873  -17.649  39.593 0.0000000000
98252  48.253  -17.641  39.342 0.0000000000
99457  46.141  -17.734  39.750 0.0000000000
98236  46.849  -17.734  39.639 0.0000000000
99483  47.085  -17.409  38.438 0.0000000000
99482  47.889  -17.395  38.576 0.0000000000
100747  47.355  -16.962  37.802 0.0000000000
73048  18.323  -36.674  57.044 0.0000000000
73030  17.735  -36.361  57.738 0.0000000000
73013  15.987  -36.518  58.060 0.0000000000
73031  16.598  -36.306  57.284 0.0000000000
73032  15.928  -36.670  57.435 0.0000000000
74417  15.540  -37.430  56.472 0.0000000000
74396  15.305  -37.194  57.427 0.0000000000
74357  15.655  -37.040  61.831 0.0000000000
74364  15.332  -36.668  60.495 0.0000000000
71628  13.395  -39.036  58.596 0.0000000000
74373  14.381  -37.469  59.309 0.0000000000
73014  13.784  -38.482  58.620 0.0000000000
73033  14.197  -38.513  57.464 0.0000000000
70224  13.384  -39.837  56.885 0.0000000000
70246  13.123  -40.415  56.615 0.0000000000
67346  12.113  -41.830  57.521 0.0000000000
67366  12.208  -42.234  56.760 0.0000000000
65996  11.854  -43.062  56.723 0.0000000000
70146  12.540  -39.150  63.805 0.0000000000
68687  11.394  -40.773  64.113 0.0000000000
68696  11.504  -40.897  63.456 0.0000000000
67255  11.540  -41.402  61.543 0.0000000000
67274  11.790  -41.556  60.535 0.0000000000
68713  11.725  -40.391  60.801 0.0000000000
67296  12.109  -41.681  59.596 0.0000000000
67297  11.665  -42.466  59.432 0.0000000000
59463  7.787  -46.318  64.322 0.0000000000
59453  7.247  -45.779  65.413 0.0000000000
59455  6.684  -46.458  64.945 0.0000000000
58229  7.042  -47.018  64.144 0.0000000000
85331  39.032  -27.961  47.348 0.0000000000
82801  37.365  -30.155  47.635 0.0000000000
82816  36.534  -30.281  47.380 0.0000000000
82802  36.891  -30.621  47.631 0.0000000000
81405  35.465  -31.107  49.400 0.0000000000
82785  35.726  -31.048  48.268 0.0000000000
82760  34.977  -31.073  49.290 0.0000000000
82743  34.128  -31.170  49.813 0.0000000000
79935  34.469  -32.887  53.017 0.0000000000
81356  32.619  -32.348  51.374 0.0000000000
79974  33.925  -32.519  50.380 0.0000000000
81371  32.975  -32.239  50.675 0.0000000000
81372  32.188  -32.173  50.103 0.0000000000
81358  31.287  -32.593  50.487 0.0000000000
78591  30.551  -34.150  50.288 0.0000000000
77244  30.934  -34.936  49.835 0.0000000000
77242  31.878  -36.863  49.735 0.0000000000
74577  32.797  -37.080  47.433 0.0000000000
73247  33.280  -37.958  45.852 0.0000000000
64571  31.938  -42.013  57.630 0.0000000000
64549  32.111  -42.258  58.260 0.0000000000
64593  32.083  -42.184  56.087 0.0000000000
64615  32.078  -42.842  55.514 0.0000000000
64591  33.091  -42.867  56.150 0.0000000000
64614  32.502  -43.442  55.575 0.0000000000
67437  30.393  -40.951  53.737 0.0000000000
67436  30.758  -41.297  53.128 0.0000000000
66077  32.300  -43.048  52.956 0.0000000000
66078  31.581  -42.641  53.347 0.0000000000
66056  33.060  -43.336  53.711 0.0000000000
66032  34.063  -43.400  54.832 0.0000000000
66055  33.905  -43.016  53.259 0.0000000000
67395  34.627  -42.133  54.834 0.0000000000
67414  34.473  -42.568  53.928 0.0000000000
68859  33.181  -40.959  52.610 0.0000000000
68836  34.793  -41.120  52.943 0.0000000000
70287  34.384  -40.229  53.214 0.0000000000
71739  35.304  -39.798  53.569 0.0000000000
70304  33.377  -40.107  52.313 0.0000000000
70349  32.780  -40.138  49.992 0.0000000000
70348  32.976  -39.833  50.303 0.0000000000
70369  32.811  -39.940  49.727 0.0000000000
71793  32.948  -39.519  50.008 0.0000000000
70370  32.852  -40.254  49.009 0.0000000000
70401  30.235  -40.045  47.812 0.0000000000
71858  31.116  -39.192  46.384 0.0000000000
70400  31.413  -39.878  47.380 0.0000000000
70427  32.954  -40.057  47.026 0.0000000000
71857  32.053  -39.059  45.919 0.0000000000
87785  40.204  -26.161  47.312 0.0000000000
87799  40.174  -25.809  46.776 0.0000000000
87800  39.762  -26.245  46.507 0.0000000000
87814  37.994  -26.591  45.486 0.0000000000
87830  37.704  -25.983  45.151 0.0000000000
85354  35.793  -28.819  45.226 0.0000000000
85362  36.024  -28.258  45.182 0.0000000000
87834  34.806  -27.328  43.581 0.0000000000
87850  35.152  -26.116  43.686 0.0000000000
87849  36.017  -25.828  44.098 0.0000000000
112986  59.726  -7.887  36.314 0.0000000000
114180  60.287  -7.297  35.877 0.0000000000
114179  60.487  -7.204  35.421 0.0000000000
108084  55.600  -11.179  36.480 0.0000000000
91768  42.357  -23.923  46.566 0.0000000000
91756  43.685  -23.990  47.103 0.0000000000
71742  18.106  -37.139  53.094 0.0000000000
71723  18.163  -37.042  53.554 0.0000000000
74477  17.774  -37.182  54.402 0.0000000000
74456  17.603  -37.288  54.997 0.0000000000
71689  21.743  -37.446  56.658 0.0000000000
96953  44.688  -18.445  40.609 0.0000000000
72952  17.295  -36.203  64.790 0.0000000000
74310  16.569  -36.245  65.541 0.0000000000
64419  10.078  -43.659  63.934 0.0000000000
61885  9.731  -44.933  62.331 0.0000000000
61886  9.419  -45.714  61.856 0.0000000000
61876  9.659  -44.865  62.701 0.0000000000
60684  8.942  -46.283  63.220 0.0000000000
60679  8.447  -45.693  64.060 0.0000000000
75832  33.796  -36.929  53.685 0.0000000000
74469  34.445  -37.453  53.510 0.0000000000
74491  34.776  -37.632  52.727 0.0000000000
74509  34.917  -38.422  52.258 0.0000000000
71777  28.523  -37.915  51.366 0.0000000000
73180  28.300  -37.482  50.610 0.0000000000
73179  28.421  -37.774  49.600 0.0000000000
73194  28.592  -38.063  48.763 0.0000000000
84046  34.068  -30.134  46.859 0.0000000000
84047  32.987  -30.059  46.520 0.0000000000
106814  55.317  -12.432  40.177 0.0000000000
95649  42.435  -20.653  43.747 0.0000000000
95650  42.029  -20.881  43.244 0.0000000000
95642  41.426  -21.402  43.817 0.0000000000
95643  40.912  -21.651  43.613 0.0000000000
91791  39.854  -23.712  44.915 0.0000000000
93091  39.485  -22.864  44.056 0.0000000000
91821  37.660  -23.265  42.667 0.0000000000
95631  43.629  -21.251  46.630 0.0000000000
96850  43.997  -20.474  47.055 0.0000000000
95639  43.134  -20.426  45.098 0.0000000000
68811  13.605  -41.370  54.110 0.0000000000
67386  13.131  -41.819  54.441 0.0000000000
67336  29.308  -40.212  58.402 0.0000000000
68749  28.601  -40.301  57.959 0.0000000000
74452  24.215  -35.694  55.141 0.0000000000
74471  25.946  -36.448  53.745 0.0000000000
74492  26.172  -36.466  52.770 0.0000000000
75846  24.652  -36.209  51.963 0.0000000000
77226  24.136  -35.013  50.905 0.0000000000
75902  24.074  -34.756  49.477 0.0000000000
75884  23.527  -34.847  50.623 0.0000000000
78626  30.828  -33.951  48.197 0.0000000000
99467  50.264  -17.179  39.643 0.0000000000
99466  51.095  -17.408  40.134 0.0000000000
100732  50.610  -16.540  39.445 0.0000000000
101917  50.829  -16.221  39.506 0.0000000000
104318  50.496  -14.321  37.022 0.0000000000
105610  52.182  -13.482  38.017 0.0000000000
105624  52.402  -12.463  37.436 0.0000000000
106851  52.445  -12.360  36.873 0.0000000000
71625  21.068  -38.694  59.017 0.0000000000
71626  20.624  -38.163  58.992 0.0000000000
71606  20.678  -38.813  59.441 0.0000000000
70190  19.925  -39.416  60.343 0.0000000000
68738  23.414  -40.145  59.056 0.0000000000
70201  23.342  -39.569  58.947 0.0000000000
70202  22.789  -39.429  59.301 0.0000000000
70203  21.995  -39.143  59.470 0.0000000000
96974  49.282  -18.471  40.908 0.0000000000
99469  46.318  -17.573  38.909 0.0000000000
73011  18.215  -36.642  58.820 0.0000000000
72993  16.340  -36.926  59.033 0.0000000000
74351  13.835  -37.156  62.054 0.0000000000
74359  13.688  -37.390  60.965 0.0000000000
72995  13.243  -38.714  59.587 0.0000000000
71629  13.147  -39.531  58.967 0.0000000000
70225  12.812  -40.228  57.516 0.0000000000
70205  12.649  -40.302  58.628 0.0000000000
67321  12.040  -41.744  58.536 0.0000000000
70125  12.739  -38.811  65.764 0.0000000000
70137  12.365  -39.709  64.312 0.0000000000
65899  10.792  -43.338  61.746 0.0000000000
67241  11.133  -42.201  62.254 0.0000000000
67257  10.907  -42.908  61.486 0.0000000000
65916  11.216  -43.155  60.445 0.0000000000
65934  11.497  -43.077  59.545 0.0000000000
64515  11.441  -44.467  59.061 0.0000000000
81423  36.583  -30.808  48.694 0.0000000000
81404  35.927  -31.024  49.203 0.0000000000
81385  35.161  -31.403  50.047 0.0000000000
79924  33.463  -33.464  53.569 0.0000000000
79936  33.256  -32.734  52.653 0.0000000000
81338  32.633  -32.480  52.020 0.0000000000
81339  31.913  -32.553  51.721 0.0000000000
81340  31.398  -32.698  51.207 0.0000000000
79938  31.286  -33.214  51.738 0.0000000000
78578  30.814  -34.149  51.326 0.0000000000
75898  32.458  -37.373  50.416 0.0000000000
65988  31.053  -41.505  56.362 0.0000000000
64594  31.955  -42.000  56.726 0.0000000000
66012  30.847  -41.789  55.527 0.0000000000
66037  30.859  -41.773  55.075 0.0000000000
66059  31.352  -41.857  54.463 0.0000000000
68885  30.560  -40.427  51.458 0.0000000000
67459  30.615  -41.444  51.997 0.0000000000
67458  31.041  -42.129  51.604 0.0000000000
67433  32.464  -42.352  52.374 0.0000000000
66075  33.665  -42.622  52.687 0.0000000000
67455  33.035  -41.444  52.314 0.0000000000
68860  32.759  -40.905  51.842 0.0000000000
70305  32.950  -40.369  52.050 0.0000000000
68881  32.897  -40.562  50.817 0.0000000000
68908  32.565  -40.433  49.837 0.0000000000
68937  32.462  -41.068  49.032 0.0000000000
71834  29.954  -39.354  47.437 0.0000000000
71859  30.227  -38.905  46.667 0.0000000000
71878  30.452  -38.538  45.762 0.0000000000
71877  31.180  -38.576  45.516 0.0000000000
71893  30.690  -38.452  45.083 0.0000000000
86562  38.954  -27.604  46.924 0.0000000000
87787  39.029  -27.343  46.383 0.0000000000
86581  38.222  -27.528  45.779 0.0000000000
85364  34.530  -28.637  44.141 0.0000000000
110561  59.433  -9.277  35.707 0.0000000000
93074  42.185  -22.396  45.377 0.0000000000
91769  41.754  -23.890  46.088 0.0000000000
90495  39.250  -24.109  44.981 0.0000000000
89162  37.887  -24.696  44.703 0.0000000000
95615  44.783  -21.491  48.442 0.0000000000
95626  44.627  -21.864  47.913 0.0000000000
94342  44.201  -22.228  47.752 0.0000000000
71726  15.838  -38.807  52.698 0.0000000000
71708  14.795  -38.846  54.650 0.0000000000
70218  25.176  -39.336  58.009 0.0000000000
71666  25.122  -37.819  57.315 0.0000000000
73045  24.925  -37.258  56.807 0.0000000000
73063  23.309  -37.247  56.081 0.0000000000
73082  23.605  -36.352  55.716 0.0000000000
74434  24.216  -36.010  55.934 0.0000000000
74495  22.689  -35.531  52.775 0.0000000000
73147  20.640  -35.992  51.606 0.0000000000
68720  22.516  -40.169  61.241 0.0000000000
99405  47.077  -17.813  44.259 0.0000000000
98146  47.025  -17.764  43.520 0.0000000000
98159  46.658  -18.228  42.787 0.0000000000
99438  47.145  -18.309  42.418 0.0000000000
98183  47.691  -18.295  42.403 0.0000000000
96976  44.485  -18.195  40.277 0.0000000000
98237  44.842  -17.848  39.431 0.0000000000
72971  17.100  -36.730  61.976 0.0000000000
74356  16.342  -36.675  62.610 0.0000000000
74349  15.354  -36.533  62.847 0.0000000000
74341  16.275  -35.907  64.140 0.0000000000
74350  14.460  -36.607  62.357 0.0000000000
75734  13.834  -36.693  62.762 0.0000000000
72967  13.340  -37.738  62.417 0.0000000000
71568  13.103  -38.396  62.197 0.0000000000
68658  11.482  -40.273  65.926 0.0000000000
68672  11.441  -40.629  65.001 0.0000000000
67218  11.286  -41.495  64.530 0.0000000000
67229  11.145  -42.512  63.706 0.0000000000
63146  10.134  -44.345  61.254 0.0000000000
78533  33.685  -34.859  55.345 0.0000000000
78534  32.945  -34.817  54.828 0.0000000000
77178  31.931  -35.691  54.175 0.0000000000
77196  31.777  -35.462  53.346 0.0000000000
75860  33.786  -36.923  52.123 0.0000000000
75879  33.343  -37.342  51.337 0.0000000000
74530  33.329  -37.565  50.674 0.0000000000
68819  29.120  -39.862  53.555 0.0000000000
68818  29.728  -40.681  53.960 0.0000000000
70288  28.817  -39.273  52.773 0.0000000000
68840  29.776  -39.518  52.748 0.0000000000
68863  29.827  -39.436  52.213 0.0000000000
71776  28.926  -38.441  51.230 0.0000000000
70306  29.839  -39.476  51.654 0.0000000000
68886  30.218  -39.873  51.437 0.0000000000
68913  30.108  -40.017  50.853 0.0000000000
68912  30.322  -40.246  50.448 0.0000000000
68940  30.241  -40.315  49.765 0.0000000000
68939  30.674  -40.466  49.499 0.0000000000
71835  29.539  -39.338  47.733 0.0000000000
73193  28.709  -38.341  48.037 0.0000000000
71836  29.083  -38.888  47.829 0.0000000000
71861  28.954  -38.942  47.150 0.0000000000
84059  36.826  -29.356  46.881 0.0000000000
84074  36.464  -29.023  46.340 0.0000000000
84088  35.291  -29.147  45.043 0.0000000000
84089  34.443  -29.250  44.511 0.0000000000
109277  60.121  -9.914  36.776 0.0000000000
95666  41.664  -20.668  42.556 0.0000000000
94393  41.030  -22.081  44.099 0.0000000000
94411  39.594  -21.886  43.399 0.0000000000
98121  44.694  -19.961  47.464 0.0000000000
98138  46.171  -18.337  45.351 0.0000000000
63154  32.045  -41.989  60.442 0.0000000000
63176  32.630  -41.843  59.664 0.0000000000
64550  31.817  -41.942  58.622 0.0000000000
65968  31.380  -40.920  57.385 0.0000000000
67335  30.503  -40.406  57.959 0.0000000000
67357  30.629  -40.767  56.787 0.0000000000
68801  29.406  -39.961  54.835 0.0000000000
70238  26.819  -38.928  56.810 0.0000000000
70257  27.268  -38.814  55.882 0.0000000000
73081  26.346  -37.034  55.425 0.0000000000
68802  28.642  -39.278  54.387 0.0000000000
68820  28.606  -39.311  53.749 0.0000000000
70276  28.537  -39.230  53.328 0.0000000000
71741  27.443  -38.111  52.572 0.0000000000
73145  27.241  -37.374  52.096 0.0000000000
73146  26.933  -36.777  52.532 0.0000000000
74512  26.594  -36.341  52.005 0.0000000000
74511  27.282  -36.607  51.536 0.0000000000
74551  26.643  -36.361  50.045 0.0000000000
74534  21.410  -36.179  50.075 0.0000000000
81406  32.035  -31.982  48.199 0.0000000000
101913  53.388  -15.252  40.377 0.0000000000
101930  51.402  -15.292  39.422 0.0000000000
101928  52.398  -15.135  39.989 0.0000000000
103073  54.078  -14.663  39.967 0.0000000000
105607  53.920  -12.571  39.897 0.0000000000
108059  54.693  -11.102  37.252 0.0000000000
73009  20.406  -37.085  58.839 0.0000000000
73010  19.512  -36.798  59.099 0.0000000000
72978  18.774  -36.880  60.907 0.0000000000
70164  21.878  -39.641  61.586 0.0000000000
70166  20.335  -39.451  61.483 0.0000000000
71576  19.593  -39.080  61.574 0.0000000000
71577  19.172  -38.266  62.059 0.0000000000
71566  17.910  -36.922  63.533 0.0000000000
71545  18.921  -37.455  65.060 0.0000000000
72951  18.399  -36.691  64.929 0.0000000000
63131  33.688  -42.538  61.622 0.0000000000
63132  32.969  -42.692  61.479 0.0000000000
64507  31.210  -41.865  60.375 0.0000000000
65924  30.491  -41.423  60.159 0.0000000000
65905  30.361  -41.751  61.017 0.0000000000
67284  29.745  -40.830  60.169 0.0000000000
67310  28.689  -40.190  59.553 0.0000000000
67312  26.514  -40.310  60.002 0.0000000000
67339  26.181  -39.824  59.426 0.0000000000
70219  24.535  -38.949  58.579 0.0000000000
70241  23.929  -38.298  58.351 0.0000000000
70221  22.855  -38.894  58.856 0.0000000000
96971  51.190  -18.800  40.892 0.0000000000
98214  50.791  -18.790  40.752 0.0000000000
98215  49.976  -18.627  40.690 0.0000000000
98232  50.231  -17.880  40.463 0.0000000000
98250  49.525  -17.527  39.907 0.0000000000
98235  47.697  -17.800  39.800 0.0000000000
101934  47.653  -16.140  37.350 0.0000000000
74435  18.875  -36.668  56.145 0.0000000000
74414  17.849  -36.761  56.291 0.0000000000
74437  17.392  -37.163  55.697 0.0000000000
73050  16.856  -36.502  56.631 0.0000000000
74438  16.607  -37.255  55.798 0.0000000000
74439  15.924  -37.380  55.892 0.0000000000
73070  15.294  -38.182  55.618 0.0000000000
71691  14.189  -38.889  55.562 0.0000000000
75751  14.608  -37.010  59.820 0.0000000000
74397  14.658  -37.838  57.209 0.0000000000
71692  14.265  -38.651  56.098 0.0000000000
70244  13.780  -39.582  55.466 0.0000000000
70260  13.576  -40.078  55.214 0.0000000000
68792  13.026  -40.908  55.119 0.0000000000
67387  12.616  -42.078  54.889 0.0000000000
68774  12.611  -41.244  56.604 0.0000000000
68794  12.400  -42.269  55.895 0.0000000000
67388  12.417  -42.534  55.519 0.0000000000
72953  13.554  -37.416  64.723 0.0000000000
71556  12.972  -38.521  63.074 0.0000000000
71567  12.897  -39.060  61.877 0.0000000000
67240  11.455  -41.276  62.546 0.0000000000
68695  11.745  -40.548  62.958 0.0000000000
70147  12.120  -39.794  63.336 0.0000000000
68712  11.718  -39.669  60.820 0.0000000000
70167  12.217  -39.243  60.875 0.0000000000
68730  12.959  -41.267  59.805 0.0000000000
65953  11.714  -42.219  58.552 0.0000000000
65973  11.662  -42.273  58.003 0.0000000000
64535  11.270  -43.553  58.150 0.0000000000
64558  11.321  -43.642  57.246 0.0000000000
60680  8.449  -46.451  63.716 0.0000000000
59472  7.906  -46.735  63.919 0.0000000000
58236  7.791  -47.058  63.739 0.0000000000
58237  7.501  -47.115  63.772 0.0000000000
59465  7.158  -46.633  64.470 0.0000000000
89095  41.822  -25.186  48.124 0.0000000000
85332  38.641  -28.545  47.066 0.0000000000
84057  38.055  -29.177  46.963 0.0000000000
84058  37.456  -29.027  46.831 0.0000000000
82815  36.838  -30.003  47.260 0.0000000000
84044  35.653  -30.615  47.615 0.0000000000
82784  36.593  -31.033  48.057 0.0000000000
84029  35.541  -30.915  47.863 0.0000000000
84030  35.194  -30.833  47.817 0.0000000000
82787  34.440  -30.622  48.390 0.0000000000
84008  33.642  -30.469  48.393 0.0000000000
82762  33.036  -30.551  48.695 0.0000000000
81370  35.452  -31.570  50.714 0.0000000000
79990  34.673  -32.413  50.129 0.0000000000
81386  34.446  -32.000  49.840 0.0000000000
82744  33.124  -31.043  49.461 0.0000000000
82745  32.332  -31.093  48.855 0.0000000000
79975  30.584  -33.245  49.983 0.0000000000
79993  30.587  -33.788  49.318 0.0000000000
78606  30.673  -34.264  49.269 0.0000000000
77277  31.598  -35.651  47.434 0.0000000000
75899  31.776  -36.692  50.442 0.0000000000
77243  31.545  -35.827  49.782 0.0000000000
77260  31.505  -35.739  48.616 0.0000000000
75945  32.107  -36.231  46.658 0.0000000000
75964  33.824  -36.968  45.150 0.0000000000
74620  33.924  -37.052  44.728 0.0000000000
73078  35.406  -38.853  54.630 0.0000000000
63201  32.606  -42.465  58.738 0.0000000000
63222  32.760  -42.544  58.475 0.0000000000
64547  32.821  -42.583  57.887 0.0000000000
64569  32.459  -42.386  57.132 0.0000000000
64546  33.358  -42.601  57.918 0.0000000000
64589  34.282  -42.701  56.085 0.0000000000
67416  30.782  -41.296  54.117 0.0000000000
66079  31.520  -41.986  53.715 0.0000000000
66034  31.822  -43.431  54.959 0.0000000000
66033  32.741  -43.814  54.790 0.0000000000
64612  33.765  -43.524  55.510 0.0000000000
66008  34.615  -42.272  55.914 0.0000000000
67377  34.531  -41.975  55.450 0.0000000000
67412  35.216  -41.373  53.912 0.0000000000
70266  35.155  -40.200  54.605 0.0000000000
71720  35.591  -39.645  54.143 0.0000000000
73102  35.189  -38.647  53.622 0.0000000000
73124  34.425  -38.615  52.917 0.0000000000
73143  34.385  -38.579  51.942 0.0000000000
70324  33.174  -39.839  51.696 0.0000000000
71774  33.495  -39.480  51.598 0.0000000000
73163  34.020  -38.704  50.991 0.0000000000
73191  32.776  -39.271  49.674 0.0000000000
71811  32.883  -39.604  48.274 0.0000000000
70372  31.929  -40.352  48.411 0.0000000000
70371  32.606  -40.344  48.561 0.0000000000
70398  32.996  -40.112  47.869 0.0000000000
71832  33.082  -39.487  47.247 0.0000000000
73248  32.569  -38.010  45.406 0.0000000000
71876  31.641  -38.114  45.040 0.0000000000
73262  31.838  -37.636  44.076 0.0000000000
89111  40.545  -25.136  46.932 0.0000000000
89128  39.760  -25.469  45.874 0.0000000000
89113  39.611  -26.084  45.975 0.0000000000
89147  38.229  -25.279  45.284 0.0000000000
89163  37.282  -25.189  44.482 0.0000000000
86583  36.503  -27.834  45.328 0.0000000000
86594  36.873  -27.311  45.146 0.0000000000
87831  36.861  -26.282  45.003 0.0000000000
87848  36.640  -25.600  44.398 0.0000000000
106866  56.763  -11.600  36.047 0.0000000000
58245  7.842  -47.182  63.439 0.0000000000
59464  7.476  -46.425  64.447 0.0000000000
59473  7.666  -46.794  64.057 0.0000000000
60675  7.569  -45.871  64.678 0.0000000000
63111  9.759  -44.365  62.928 0.0000000000
63112  9.549  -44.705  63.112 0.0000000000
63145  10.137  -43.963  61.044 0.0000000000
63153  32.429  -42.452  60.460 0.0000000000
63165  10.461  -44.116  60.617 0.0000000000
63174  33.645  -42.396  60.113 0.0000000000
63177  32.312  -41.369  60.087 0.0000000000
63200  32.956  -42.489  59.119 0.0000000000
63223  32.537  -42.469  58.413 0.0000000000
64400  9.742  -44.042  64.519 0.0000000000
64420  9.758  -44.063  63.928 0.0000000000
64487  31.285  -42.646  60.592 0.0000000000
64505  32.235  -41.704  59.551 0.0000000000
64508  30.568  -42.040  60.828 0.0000000000
64514  11.806  -43.770  58.980 0.0000000000
64526  32.278  -42.316  58.886 0.0000000000
64528  31.721  -41.549  59.610 0.0000000000
64548  32.475  -42.470  58.143 0.0000000000
64568  32.915  -42.465  57.033 0.0000000000
64590  33.891  -43.140  56.028 0.0000000000
65847  10.686  -42.903  63.794 0.0000000000
65862  11.028  -42.316  63.207 0.0000000000
65880  10.885  -42.377  62.916 0.0000000000
65881  10.717  -42.997  62.402 0.0000000000
65898  10.857  -43.219  61.188 0.0000000000
65935  11.534  -42.883  59.248 0.0000000000
65954  11.517  -42.798  58.720 0.0000000000
65955  11.564  -42.743  59.054 0.0000000000
65967  31.698  -41.506  58.044 0.0000000000
65974  11.455  -42.937  57.646 0.0000000000
66009  34.501  -43.025  55.645 0.0000000000
66010  31.652  -42.273  55.666 0.0000000000
66031  34.988  -42.977  55.230 0.0000000000
66036  31.022  -42.109  55.175 0.0000000000
66058  31.307  -42.864  54.284 0.0000000000
67219  11.189  -42.363  64.301 0.0000000000
67227  11.504  -41.158  63.091 0.0000000000
67242  10.833  -42.801  61.788 0.0000000000
67285  29.003  -40.551  60.283 0.0000000000
67298  11.606  -42.654  59.280 0.0000000000
67323  11.643  -42.509  59.089 0.0000000000
67359  29.210  -40.223  57.081 0.0000000000
67430  34.599  -41.576  53.011 0.0000000000
67431  34.103  -41.966  52.681 0.0000000000
67432  33.232  -42.256  52.380 0.0000000000
67434  31.723  -42.254  52.480 0.0000000000
67479  32.252  -41.438  50.773 0.0000000000
67500  32.631  -40.846  50.614 0.0000000000
67502  31.214  -41.097  50.624 0.0000000000
68704  11.726  -39.690  61.524 0.0000000000
68711  22.040  -39.809  62.227 0.0000000000
68721  12.700  -41.095  60.289 0.0000000000
68728  23.715  -40.829  59.223 0.0000000000
68735  25.672  -39.804  59.290 0.0000000000
68736  25.023  -40.085  59.174 0.0000000000
68765  29.007  -40.396  57.439 0.0000000000
68775  12.398  -42.049  56.222 0.0000000000
68793  12.495  -41.835  55.666 0.0000000000
68816  35.141  -40.898  54.177 0.0000000000
68817  35.269  -41.099  53.475 0.0000000000
68837  33.965  -41.272  53.124 0.0000000000
68838  30.873  -41.021  52.778 0.0000000000
68862  30.390  -39.860  52.214 0.0000000000
68880  32.850  -40.542  51.742 0.0000000000
68883  31.590  -40.993  50.499 0.0000000000
68884  30.647  -40.680  50.920 0.0000000000
68909  31.827  -40.839  50.066 0.0000000000
68911  30.737  -40.524  50.393 0.0000000000
70156  11.837  -39.909  62.475 0.0000000000
70178  19.932  -39.377  60.950 0.0000000000
70180  12.573  -40.254  60.368 0.0000000000
70191  13.225  -40.073  60.187 0.0000000000
70192  13.219  -40.512  59.841 0.0000000000
70223  21.557  -38.721  59.052 0.0000000000
70243  22.359  -38.613  58.390 0.0000000000
70245  13.575  -40.057  55.989 0.0000000000
70258  26.640  -38.448  56.613 0.0000000000
70275  35.140  -40.759  53.164 0.0000000000
70286  34.890  -40.078  53.354 0.0000000000
70325  33.062  -40.011  51.243 0.0000000000
70428  32.280  -39.736  46.798 0.0000000000
71557  13.155  -38.110  62.718 0.0000000000
71595  12.710  -39.397  60.457 0.0000000000
71597  12.656  -38.922  60.031 0.0000000000
71610  13.079  -39.847  60.293 0.0000000000
71650  12.793  -39.735  58.213 0.0000000000
71672  13.832  -39.391  55.873 0.0000000000
71686  24.386  -37.296  57.179 0.0000000000
71724  17.649  -37.263  53.320 0.0000000000
71740  34.621  -39.362  53.331 0.0000000000
71813  29.312  -38.577  48.663 0.0000000000
72982  12.862  -38.746  60.105 0.0000000000
72994  13.794  -38.174  59.250 0.0000000000
72996  12.777  -38.926  59.870 0.0000000000
73015  13.481  -39.001  58.944 0.0000000000
73051  15.149  -37.952  56.340 0.0000000000
73068  18.547  -36.740  55.080 0.0000000000
73069  16.084  -37.540  55.366 0.0000000000
73071  14.571  -38.492  55.929 0.0000000000
73080  26.642  -36.895  54.665 0.0000000000
73088  18.449  -36.960  54.641 0.0000000000
73101  35.429  -39.081  54.089 0.0000000000
73104  26.463  -36.687  53.281 0.0000000000
73109  18.142  -36.979  54.075 0.0000000000
73162  33.800  -38.957  51.843 0.0000000000
74344  13.611  -37.085  62.708 0.0000000000
74365  14.414  -37.074  60.284 0.0000000000
74372  15.382  -36.760  59.492 0.0000000000
74374  13.743  -38.005  59.519 0.0000000000
74395  15.903  -36.829  56.983 0.0000000000
74413  18.567  -36.662  56.402 0.0000000000
74415  17.100  -36.894  56.279 0.0000000000
74418  14.973  -37.674  56.734 0.0000000000
74436  18.270  -36.840  55.628 0.0000000000
74450  26.162  -36.639  54.376 0.0000000000
74468  35.058  -37.895  53.462 0.0000000000
74476  18.215  -37.096  54.493 0.0000000000
75735  13.791  -36.902  62.508 0.0000000000
75742  14.060  -36.568  62.734 0.0000000000
75743  13.959  -36.702  62.471 0.0000000000
75750  14.787  -36.671  60.015 0.0000000000
75757  14.832  -36.835  59.672 0.0000000000
75821  31.801  -35.960  54.584 0.0000000000
75835  31.794  -36.061  54.352 0.0000000000
75859  34.403  -37.343  52.209 0.0000000000
75863  24.159  -35.674  51.705 0.0000000000
75928  32.013  -36.514  47.304 0.0000000000
77161  32.346  -35.607  54.606 0.0000000000
77162  32.018  -35.829  54.631 0.0000000000
77179  31.888  -35.831  54.422 0.0000000000
77208  24.923  -35.392  51.097 0.0000000000
77209  24.447  -35.337  51.247 0.0000000000
77225  24.709  -35.200  50.868 0.0000000000
77227  23.811  -34.938  50.940 0.0000000000
78607  30.549  -33.923  49.523 0.0000000000
79976  30.576  -33.629  49.541 0.0000000000
79989  35.133  -32.129  50.529 0.0000000000
79991  34.170  -32.447  49.930 0.0000000000
79992  30.656  -33.337  49.062 0.0000000000
82759  35.577  -31.156  49.011 0.0000000000
85343  37.451  -28.598  46.419 0.0000000000
86584  35.232  -27.524  44.252 0.0000000000
86585  35.035  -27.545  44.128 0.0000000000
86586  34.852  -27.621  44.053 0.0000000000
86598  34.694  -27.631  43.862 0.0000000000
87816  35.300  -27.305  44.177 0.0000000000
87817  35.061  -27.359  43.946 0.0000000000
87818  34.884  -27.476  43.860 0.0000000000
87833  35.287  -26.907  43.911 0.0000000000
87835  34.725  -27.515  43.720 0.0000000000
89127  40.265  -25.047  46.138 0.0000000000
89130  35.496  -27.096  44.262 0.0000000000
89131  35.317  -27.162  44.113 0.0000000000
89149  35.411  -26.930  44.103 0.0000000000
89150  35.182  -27.137  43.905 0.0000000000
90444  43.212  -24.465  47.093 0.0000000000
90465  40.247  -24.502  45.469 0.0000000000
91780  40.396  -24.074  45.353 0.0000000000
93061  40.710  -22.665  44.372 0.0000000000
93062  40.403  -22.625  44.282 0.0000000000
93076  41.033  -22.755  44.562 0.0000000000
93078  40.039  -22.561  44.123 0.0000000000
93111  39.035  -22.353  43.494 0.0000000000
94372  40.811  -22.464  44.264 0.0000000000
94373  40.558  -22.485  44.182 0.0000000000
94374  40.417  -22.385  44.141 0.0000000000
94395  40.220  -22.441  44.049 0.0000000000
95602  44.727  -21.454  48.318 0.0000000000
95616  44.590  -21.474  48.002 0.0000000000
96815  44.670  -21.280  48.314 0.0000000000
96816  44.500  -21.211  48.003 0.0000000000
96834  44.879  -20.680  48.385 0.0000000000
96972  51.043  -18.973  40.873 0.0000000000
96973  49.671  -18.596  40.780 0.0000000000
98106  44.853  -20.335  47.963 0.0000000000
98202  50.541  -18.961  40.769 0.0000000000
98213  51.400  -18.272  40.952 0.0000000000
99439  46.968  -18.383  42.193 0.0000000000
100720  51.267  -16.448  39.938 0.0000000000
100721  50.971  -16.588  39.685 0.0000000000
100722  50.837  -16.450  39.575 0.0000000000
101906  50.962  -16.262  39.827 0.0000000000
101907  50.764  -16.386  39.330 0.0000000000
103086  52.441  -14.804  39.826 0.0000000000
109257  56.341  -10.654  37.627 0.0000000000
111786  59.535  -8.659  36.050 0.0000000000
113004  59.586  -8.394  35.858 0.0000000000
115374  60.558  -6.882  35.441 0.0000000000
