#!ascii label  , from subject 3323 vox2ras=TkReg
1426
122162  21.479  -0.241  -17.667 0.2500000000
122161  21.986  -0.431  -17.799 0.2500000000
121065  22.493  -0.880  -17.691 0.7500000000
125348  20.675  2.853  -16.646 0.2500000000
124288  20.999  2.219  -16.608 0.1250000000
125347  21.383  2.823  -17.199 0.3750000000
124287  21.560  1.410  -17.029 0.2500000000
123227  21.377  0.287  -17.556 0.2500000000
123248  23.254  0.558  -18.102 0.7500000000
123250  21.497  0.134  -18.090 0.3750000000
121064  23.061  -1.392  -17.676 0.8750000000
122160  22.730  -0.389  -18.078 0.8750000000
121063  24.019  -1.415  -18.218 0.8750000000
125346  22.031  2.172  -17.432 0.3750000000
124286  22.027  1.707  -17.440 0.3750000000
124311  22.548  1.541  -17.757 0.8750000000
124339  25.653  1.430  -19.034 1.0000000000
124309  24.881  1.259  -18.644 1.0000000000
124310  23.852  1.632  -18.593 0.8750000000
122157  25.510  -0.506  -18.503 1.0000000000
123247  24.279  0.551  -18.383 0.8750000000
122186  26.305  -0.499  -18.678 1.0000000000
126404  20.733  3.754  -16.809 0.2500000000
125377  21.951  2.850  -17.624 0.7500000000
126427  23.350  3.046  -18.898 0.8750000000
125410  23.761  2.600  -19.006 0.8750000000
125375  23.118  2.497  -18.516 0.7500000000
125407  26.307  2.549  -19.376 1.0000000000
124340  24.668  1.888  -19.251 1.0000000000
125409  24.406  2.719  -19.382 1.0000000000
123293  28.078  1.095  -19.606 1.0000000000
124338  26.868  1.614  -19.096 1.0000000000
123275  27.551  0.622  -19.212 1.0000000000
123277  25.824  0.669  -18.872 1.0000000000
126389  20.001  3.711  -16.202 0.1250000000
126429  21.781  3.592  -18.116 0.6250000000
126453  23.762  3.625  -19.199 1.0000000000
126428  22.778  3.505  -18.761 0.8750000000
126452  24.905  3.561  -19.489 1.0000000000
126471  28.120  3.053  -19.993 1.0000000000
125406  27.258  2.583  -19.456 1.0000000000
125408  25.287  2.562  -19.563 1.0000000000
126451  25.878  3.483  -19.628 1.0000000000
124365  28.410  2.048  -20.168 1.0000000000
124337  27.682  1.723  -19.510 1.0000000000
124336  30.059  1.589  -19.484 1.0000000000
123292  28.533  0.885  -19.967 1.0000000000
131517  18.884  7.894  -15.622 0.2500000000
127460  20.370  4.485  -16.553 0.2500000000
127481  20.654  4.550  -17.085 0.3750000000
127480  21.171  4.602  -17.670 0.5000000000
127530  22.154  4.748  -18.907 1.0000000000
127529  22.734  4.559  -19.098 1.0000000000
127526  25.516  4.447  -19.566 1.0000000000
127527  24.517  4.531  -19.546 1.0000000000
126470  28.513  3.312  -19.929 1.0000000000
126449  27.711  3.394  -19.779 1.0000000000
128560  26.840  5.102  -19.436 1.0000000000
127522  29.774  4.146  -19.509 1.0000000000
125404  30.616  2.469  -19.245 1.0000000000
126446  30.920  3.426  -19.348 1.0000000000
125403  31.165  2.852  -19.195 1.0000000000
131551  19.833  8.501  -17.187 0.5000000000
130457  19.143  7.366  -15.981 0.3750000000
129466  19.634  6.571  -16.327 0.3750000000
129493  20.042  6.549  -17.115 0.5000000000
129492  20.842  6.579  -17.839 0.5000000000
129541  22.689  6.567  -19.505 0.8750000000
128564  23.131  5.558  -19.401 1.0000000000
130522  23.156  7.491  -19.594 1.0000000000
128577  26.593  5.805  -19.809 1.0000000000
128563  24.164  5.531  -19.637 1.0000000000
129535  29.017  5.911  -19.399 1.0000000000
128576  27.026  5.605  -19.788 1.0000000000
127478  31.025  4.456  -17.835 1.0000000000
127503  30.595  4.295  -18.778 1.0000000000
126425  31.752  3.315  -18.485 0.8750000000
131536  19.196  8.466  -16.129 0.5000000000
130474  20.239  7.539  -17.547 0.5000000000
131550  20.467  8.538  -17.997 0.6250000000
131597  21.734  8.531  -19.381 0.6250000000
130523  22.319  7.571  -19.435 1.0000000000
129516  21.128  7.107  -18.322 0.7500000000
130521  24.057  7.382  -19.695 1.0000000000
130471  28.871  6.850  -17.616 1.0000000000
130494  27.941  7.212  -19.245 1.0000000000
130517  27.445  6.778  -19.807 1.0000000000
130544  26.306  7.114  -20.357 1.0000000000
129489  29.514  6.195  -17.577 1.0000000000
129513  29.446  5.998  -18.719 1.0000000000
129536  27.961  6.094  -19.452 1.0000000000
128508  31.462  5.320  -17.065 0.8750000000
128509  30.372  5.238  -17.807 1.0000000000
127477  32.203  4.375  -17.838 0.8750000000
131598  21.365  8.999  -19.191 0.8750000000
132692  24.224  9.020  -19.371 1.0000000000
130546  23.933  9.005  -21.183 1.0000000000
130472  28.244  7.488  -17.945 1.0000000000
131570  26.780  8.668  -18.573 1.0000000000
130520  25.002  7.457  -19.875 1.0000000000
132657  28.079  9.114  -17.529 1.0000000000
128479  31.576  5.637  -16.315 1.0000000000
129488  30.493  5.920  -16.907 1.0000000000
130450  28.671  8.012  -17.221 1.0000000000
129458  30.619  6.375  -16.025 1.0000000000
132660  20.162  9.513  -17.635 0.5000000000
132675  20.847  9.559  -18.372 0.8750000000
132696  21.683  9.621  -19.234 1.0000000000
134827  24.619  10.986  -19.234 1.0000000000
132693  23.429  9.376  -19.634 1.0000000000
132695  22.149  9.505  -19.843 1.0000000000
133706  26.900  10.631  -16.604 1.0000000000
133723  26.614  10.407  -17.385 1.0000000000
132641  29.070  9.441  -15.627 1.0000000000
133705  27.601  10.368  -16.407 1.0000000000
132643  27.698  9.978  -17.062 1.0000000000
131529  30.629  8.317  -15.600 1.0000000000
132642  28.203  9.505  -16.779 1.0000000000
130447  31.209  7.329  -15.866 0.8750000000
139051  22.019  15.402  -19.219 1.0000000000
137972  20.268  14.731  -18.451 0.3750000000
139064  22.453  15.041  -19.501 0.8750000000
135912  24.226  12.484  -19.157 1.0000000000
134798  26.987  11.152  -15.708 1.0000000000
134800  25.792  11.777  -17.090 1.0000000000
140050  22.611  17.016  -17.738 0.8750000000
139033  23.183  16.031  -18.212 1.0000000000
139050  22.775  15.412  -19.136 1.0000000000
136888  23.443  14.690  -18.534 1.0000000000
139032  24.250  15.813  -17.832 1.0000000000
136906  24.789  13.260  -18.055 1.0000000000
135853  26.654  12.364  -16.219 1.0000000000
136867  25.719  13.163  -16.456 1.0000000000
135852  27.183  12.063  -15.645 1.0000000000
140051  21.932  17.137  -17.665 0.7500000000
139015  24.738  15.242  -17.088 1.0000000000
136827  26.860  14.578  -15.446 1.0000000000
137952  25.252  14.720  -16.475 1.0000000000
137951  25.998  14.109  -16.479 1.0000000000
140064  23.803  16.927  -17.916 1.0000000000
139031  24.904  16.080  -17.326 1.0000000000
137930  25.582  15.348  -16.232 1.0000000000
146560  21.221  23.471  -12.810 0.1250000000
146559  21.587  23.289  -12.582 0.1250000000
146592  21.743  22.860  -14.107 0.2500000000
146575  21.297  23.486  -13.599 0.1250000000
146574  22.375  23.878  -13.885 0.3750000000
147420  21.748  24.668  -13.706 0.2500000000
146590  23.270  23.771  -14.323 0.5000000000
147419  22.607  24.466  -14.175 0.2500000000
147450  24.018  25.499  -15.059 0.3750000000
148248  20.359  25.197  -12.996 0.2500000000
147432  22.376  25.311  -14.306 0.2500000000
148247  21.999  25.713  -13.723 0.2500000000
149118  22.514  26.634  -14.465 0.2500000000
147451  23.453  25.784  -14.861 0.2500000000
148275  23.233  26.096  -15.020 0.2500000000
148274  23.639  26.076  -15.273 0.3750000000
148255  22.965  26.107  -14.554 0.2500000000
148273  24.473  26.118  -15.534 0.3750000000
149135  23.750  26.589  -15.800 0.2500000000
122131  20.850  -0.503  -16.221 0.1250000000
124312  21.680  0.718  -17.883 0.2500000000
124279  20.655  1.488  -16.173 0.1250000000
122203  28.777  0.304  -20.123 1.0000000000
132659  26.623  9.795  -17.819 1.0000000000
121018  21.167  -1.469  -16.227 0.1250000000
118645  24.083  -2.863  -17.673 0.7500000000
125320  20.447  2.174  -16.020 0.1250000000
119876  25.266  -2.363  -18.438 1.0000000000
123217  20.563  0.427  -16.101 0.1250000000
121089  26.674  -1.265  -18.879 1.0000000000
122184  27.852  -0.535  -19.816 1.0000000000
122183  29.011  -0.501  -20.194 1.0000000000
127461  19.830  4.700  -16.244 0.3750000000
129445  19.230  6.600  -15.438 0.2500000000
125372  32.304  2.461  -18.306 0.8750000000
127476  33.150  4.227  -17.126 0.8750000000
125345  32.679  3.089  -18.029 0.8750000000
128506  33.594  5.187  -17.079 0.8750000000
137973  19.492  14.229  -17.819 0.1250000000
136889  19.747  13.218  -17.455 0.1250000000
132661  19.572  9.505  -16.832 0.3750000000
134847  21.636  11.382  -19.267 0.6250000000
132640  30.180  9.241  -15.504 1.0000000000
129457  31.703  6.276  -16.040 0.8750000000
139035  21.136  15.341  -18.309 0.5000000000
139034  22.247  15.796  -18.365 0.8750000000
137994  20.091  14.017  -18.422 0.3750000000
136909  21.645  13.386  -18.725 0.8750000000
134777  28.073  11.365  -15.267 1.0000000000
135832  28.627  12.534  -14.939 1.0000000000
136844  28.097  12.933  -15.144 1.0000000000
139016  22.780  16.692  -17.981 1.0000000000
136846  26.698  13.655  -15.823 1.0000000000
141066  22.891  18.496  -17.841 0.8750000000
142031  24.439  18.177  -16.813 1.0000000000
140034  25.627  16.686  -16.487 1.0000000000
137929  26.144  14.917  -15.894 1.0000000000
145675  21.795  22.431  -12.159 0.1250000000
144743  21.935  21.260  -13.506 0.1250000000
144768  22.666  21.371  -15.005 0.6250000000
146609  22.991  22.674  -14.471 0.6250000000
146589  24.256  23.656  -15.148 0.5000000000
146561  20.181  23.839  -12.633 0.2500000000
147449  24.892  25.269  -15.426 0.5000000000
148214  20.716  25.274  -11.856 0.2500000000
148233  21.833  25.704  -12.745 0.2500000000
148272  25.660  26.361  -15.900 0.5000000000
149112  22.256  26.629  -13.452 0.1250000000
149136  22.852  26.485  -15.455 0.2500000000
149143  23.867  27.038  -16.474 0.2500000000
149133  25.270  26.973  -16.266 0.3750000000
150021  23.992  27.411  -17.157 0.2500000000
149137  22.118  26.977  -15.690 0.1250000000
122142  21.728  -0.794  -17.311 0.3750000000
121039  22.161  -1.444  -17.284 0.5000000000
124278  21.015  0.894  -16.435 0.1250000000
122158  24.619  -0.441  -18.358 0.8750000000
121062  24.954  -1.419  -18.355 1.0000000000
121061  25.898  -1.393  -18.530 1.0000000000
123246  25.276  0.579  -18.562 1.0000000000
122185  27.040  -0.430  -19.144 1.0000000000
123274  28.218  0.417  -19.541 1.0000000000
127505  22.142  4.169  -18.830 0.8750000000
125423  29.076  2.523  -20.192 1.0000000000
126450  26.805  3.457  -19.601 1.0000000000
127525  26.407  4.341  -19.542 1.0000000000
124356  29.416  1.631  -20.043 1.0000000000
123273  29.713  0.604  -19.753 1.0000000000
128513  19.993  5.865  -16.632 0.3750000000
128511  21.114  5.651  -17.778 0.5000000000
128536  21.452  5.516  -18.371 0.8750000000
128562  25.215  5.486  -19.797 1.0000000000
126447  30.225  3.324  -19.714 1.0000000000
127541  28.394  4.026  -19.669 1.0000000000
127524  27.181  4.255  -19.641 1.0000000000
128559  27.472  5.111  -19.509 1.0000000000
128574  29.039  4.460  -19.535 1.0000000000
127502  31.507  4.032  -18.403 1.0000000000
129491  21.300  6.097  -18.095 0.6250000000
130497  20.771  7.628  -18.265 0.6250000000
129540  23.690  6.513  -19.643 1.0000000000
129553  27.016  6.187  -20.039 1.0000000000
128579  25.439  6.251  -19.864 1.0000000000
129539  24.916  6.542  -19.774 1.0000000000
128535  29.964  5.070  -18.559 1.0000000000
131596  22.648  8.490  -19.547 1.0000000000
131594  24.179  8.060  -19.754 1.0000000000
130449  29.179  7.393  -16.904 1.0000000000
129514  28.869  6.801  -19.093 1.0000000000
130518  26.944  7.533  -19.677 1.0000000000
131591  26.949  8.179  -18.882 1.0000000000
128507  32.672  5.234  -16.928 0.8750000000
133758  25.051  9.896  -19.025 1.0000000000
132718  23.183  8.926  -20.409 1.0000000000
132691  25.378  9.056  -18.910 1.0000000000
131593  24.974  8.289  -19.540 1.0000000000
131549  27.990  8.637  -17.962 1.0000000000
131592  26.202  8.401  -19.176 1.0000000000
132672  26.971  8.974  -18.192 1.0000000000
131531  28.864  8.552  -16.641 1.0000000000
130448  29.951  7.198  -15.820 1.0000000000
133741  20.950  10.592  -18.572 0.6250000000
133740  21.484  10.599  -19.036 0.7500000000
133761  22.680  10.609  -19.675 1.0000000000
133760  23.478  10.467  -19.714 1.0000000000
134845  23.654  11.196  -19.774 1.0000000000
133739  24.903  10.651  -18.997 1.0000000000
134843  24.610  11.950  -19.180 1.0000000000
134826  25.001  11.492  -18.820 1.0000000000
134815  25.741  11.463  -17.741 1.0000000000
133704  28.342  10.337  -15.743 1.0000000000
134814  26.151  10.953  -17.395 1.0000000000
133724  26.015  10.692  -17.747 1.0000000000
139052  21.730  15.016  -19.140 0.7500000000
138010  22.322  14.422  -19.126 1.0000000000
137992  21.946  13.920  -18.683 0.7500000000
134865  22.887  11.622  -19.587 1.0000000000
135889  25.069  12.366  -18.072 1.0000000000
136945  23.076  12.729  -19.357 1.0000000000
136907  23.972  13.463  -18.446 1.0000000000
135872  25.416  12.212  -17.220 1.0000000000
141082  22.747  17.906  -18.210 0.8750000000
136908  23.339  14.263  -18.788 1.0000000000
136887  23.562  14.323  -18.190 1.0000000000
137968  24.790  13.933  -16.875 1.0000000000
136886  24.999  13.059  -17.154 1.0000000000
137990  24.520  13.666  -17.894 1.0000000000
135834  27.071  12.713  -15.528 1.0000000000
140049  25.284  16.696  -17.211 1.0000000000
137953  24.682  14.561  -16.925 1.0000000000
139014  25.424  15.813  -16.791 1.0000000000
141065  24.765  17.649  -17.185 1.0000000000
141080  24.255  17.605  -17.477 1.0000000000
145676  21.606  22.191  -12.746 0.1250000000
145687  21.679  22.364  -13.528 0.1250000000
147391  20.371  24.408  -11.760 0.2500000000
145702  21.957  22.324  -14.260 0.3750000000
145701  22.186  22.444  -14.391 0.5000000000
147430  24.169  24.604  -14.874 0.5000000000
149144  22.940  26.926  -16.299 0.2500000000
149142  24.788  27.237  -16.578 0.2500000000
121040  21.576  -1.474  -16.807 0.2500000000
119825  20.481  -2.959  -15.140 0.1250000000
119841  20.705  -2.596  -15.697 0.1250000000
119857  22.202  -2.453  -16.961 0.6250000000
119856  22.955  -2.454  -17.144 0.7500000000
135894  20.385  13.084  -17.751 0.5000000000
133726  19.844  10.485  -17.357 0.6250000000
134846  22.172  11.378  -19.491 0.8750000000
134828  21.209  11.491  -18.693 0.7500000000
135915  21.854  11.878  -19.318 0.8750000000
136910  20.973  13.450  -18.413 0.7500000000
135893  21.051  12.552  -17.882 0.8750000000
135892  21.542  12.412  -18.879 1.0000000000
136929  23.209  13.380  -19.180 1.0000000000
142042  23.615  18.150  -17.188 1.0000000000
142030  25.195  18.082  -16.246 1.0000000000
140033  26.155  16.726  -15.838 1.0000000000
144757  22.023  21.443  -14.251 0.3750000000
145713  23.267  22.045  -14.796 0.7500000000
145714  22.496  22.159  -14.518 0.5000000000
146608  23.638  22.877  -15.159 0.7500000000
150019  25.592  27.574  -17.128 0.2500000000
148279  26.561  26.460  -17.090 0.3750000000
112541  23.384  -8.494  -17.048 0.7500000000
112551  25.799  -8.332  -18.117 0.7500000000
112542  22.900  -8.152  -16.516 0.7500000000
114886  23.139  -6.602  -16.901 0.7500000000
113717  26.014  -7.541  -17.976 0.7500000000
112553  24.255  -8.023  -17.313 0.7500000000
113719  24.210  -7.133  -17.793 0.7500000000
114900  23.871  -6.423  -17.582 0.7500000000
114912  26.723  -6.438  -18.270 0.7500000000
114898  25.802  -6.721  -18.086 0.7500000000
114899  25.001  -6.216  -18.014 0.7500000000
118626  23.820  -4.007  -17.546 0.7500000000
118627  23.424  -3.449  -17.300 0.6250000000
116133  25.278  -5.168  -18.257 0.7500000000
117364  24.877  -4.368  -18.265 0.8750000000
117342  24.040  -4.560  -17.699 0.8750000000
116130  27.645  -5.557  -18.491 0.7500000000
116131  26.785  -5.301  -18.640 0.7500000000
117362  26.845  -4.230  -18.373 0.7500000000
118643  25.532  -3.331  -18.588 0.8750000000
117380  28.200  -4.027  -18.997 0.7500000000
118642  26.631  -3.262  -18.663 0.8750000000
119875  26.416  -2.219  -18.831 0.8750000000
121059  28.563  -2.117  -19.916 0.7500000000
119873  27.791  -2.346  -19.505 0.8750000000
122155  28.183  -1.272  -20.240 0.8750000000
122202  30.845  -1.000  -19.910 0.8750000000
121085  30.382  -1.277  -19.882 0.8750000000
122182  30.351  -0.472  -19.492 0.8750000000
123272  30.448  0.717  -19.343 0.8750000000
123241  33.580  -0.419  -19.492 0.3750000000
123242  32.635  0.102  -18.391 0.6250000000
123244  30.939  0.716  -18.877 0.7500000000
124334  34.438  0.240  -19.945 0.5000000000
124303  33.844  0.530  -20.059 0.5000000000
124304  33.188  0.787  -19.202 0.7500000000
125371  32.990  1.930  -18.720 0.7500000000
124353  35.777  1.173  -20.898 0.1250000000
125421  34.139  1.425  -20.944 0.3750000000
124302  33.950  1.117  -20.497 0.6250000000
125370  33.579  1.595  -19.187 0.6250000000
125343  33.731  2.268  -18.034 0.6250000000
125427  36.796  2.290  -21.875 0.1250000000
124362  35.711  1.649  -21.710 0.1250000000
125422  34.181  2.229  -21.214 0.1250000000
125435  34.882  2.932  -22.498 0.1250000000
126422  34.985  2.927  -18.796 0.6250000000
127474  35.080  4.096  -17.829 0.6250000000
127475  34.147  4.126  -17.142 0.7500000000
124375  35.011  2.980  -22.913 0.1250000000
128598  34.642  5.066  -23.959 0.1250000000
126442  35.817  3.981  -20.265 0.1250000000
127500  35.662  3.975  -18.545 0.5000000000
128505  34.593  5.241  -17.212 0.6250000000
129485  33.836  6.334  -17.250 0.7500000000
125438  36.480  3.285  -23.083 0.1250000000
127499  36.278  4.479  -19.008 0.5000000000
128503  36.154  5.517  -18.081 0.5000000000
129484  35.050  6.319  -17.364 0.6250000000
129455  33.457  6.917  -16.916 0.7500000000
141067  22.186  18.511  -18.180 0.6250000000
142020  21.461  19.247  -17.709 0.5000000000
142032  23.335  18.860  -17.293 0.7500000000
131526  33.642  8.336  -16.920 0.6250000000
132639  31.353  9.509  -15.565 0.6250000000
132620  30.620  10.004  -15.396 0.8750000000
132656  33.498  9.076  -17.621 0.5000000000
132637  33.348  9.288  -16.714 0.6250000000
133702  32.139  10.565  -15.861 0.6250000000
133681  31.204  10.609  -15.506 0.7500000000
142033  22.043  19.494  -17.000 0.7500000000
133683  29.591  10.880  -15.151 0.8750000000
136845  27.515  13.206  -15.167 0.8750000000
136826  27.434  14.116  -15.120 0.8750000000
134775  30.287  11.595  -15.036 0.7500000000
135817  29.124  13.142  -14.679 0.8750000000
136825  28.317  13.569  -14.670 0.8750000000
137902  28.900  14.595  -14.609 0.8750000000
138973  28.543  15.584  -14.497 0.8750000000
132671  33.823  9.314  -18.456 0.3750000000
133700  33.559  9.787  -17.132 0.5000000000
134794  32.199  11.441  -16.496 0.5000000000
134796  30.855  11.797  -15.680 0.6250000000
133735  33.493  10.417  -18.651 0.2500000000
133721  32.925  10.723  -17.885 0.3750000000
135851  30.990  12.039  -16.153 0.5000000000
142964  22.118  20.464  -16.303 0.6250000000
142963  22.893  19.931  -16.328 0.7500000000
142952  23.865  19.572  -15.945 0.7500000000
142019  24.145  18.849  -16.217 0.8750000000
138997  26.434  15.895  -15.564 0.8750000000
140014  26.798  16.718  -15.272 0.7500000000
140012  28.172  16.514  -14.149 0.8750000000
135831  29.825  12.694  -14.601 0.6250000000
136843  29.855  13.542  -14.549 0.7500000000
134813  32.380  11.351  -17.404 0.3750000000
135849  32.222  12.261  -17.022 0.5000000000
138996  30.124  15.411  -15.153 0.7500000000
134825  32.481  11.324  -18.422 0.2500000000
142018  24.936  18.784  -16.070 0.8750000000
142017  25.695  18.506  -15.520 0.8750000000
143844  26.302  20.300  -15.308 0.7500000000
141030  26.969  17.512  -14.666 0.8750000000
141027  29.250  17.347  -14.583 0.7500000000
137927  30.598  14.584  -15.406 0.5000000000
136905  32.095  13.787  -17.997 0.2500000000
137966  31.717  14.434  -17.207 0.5000000000
136866  31.657  13.589  -16.514 0.5000000000
135888  32.132  12.016  -19.070 0.2500000000
143854  22.270  20.954  -15.619 0.5000000000
143848  22.833  20.917  -15.355 0.5000000000
144767  23.283  21.302  -14.914 0.6250000000
144756  24.747  21.121  -14.725 0.7500000000
144765  25.903  20.966  -15.281 0.7500000000
144755  25.698  21.041  -15.140 0.7500000000
144754  26.627  20.965  -14.757 0.7500000000
144753  27.700  20.864  -14.727 0.7500000000
143834  26.966  20.143  -14.819 0.7500000000
145698  26.504  22.026  -14.770 0.7500000000
143833  27.939  19.955  -14.827 0.7500000000
142936  28.964  18.810  -14.537 0.7500000000
143832  28.875  19.709  -14.547 0.7500000000
141063  30.920  16.830  -16.207 0.5000000000
142014  30.626  17.595  -15.828 0.3750000000
142015  30.052  17.879  -15.386 0.6250000000
137987  31.405  14.592  -18.222 0.2500000000
140047  31.215  16.039  -16.584 0.3750000000
141062  31.265  16.535  -16.891 0.3750000000
145712  23.921  22.098  -15.246 0.6250000000
145700  24.488  21.836  -14.731 0.7500000000
145697  27.505  21.771  -14.703 0.7500000000
144763  29.111  21.443  -15.129 0.7500000000
144762  29.786  20.844  -15.418 0.6250000000
142041  30.585  17.951  -17.371 0.3750000000
143851  30.517  19.453  -16.511 0.3750000000
138007  31.168  14.513  -18.944 0.1250000000
140086  30.589  16.423  -18.901 0.1250000000
141078  31.034  17.017  -17.258 0.2500000000
145711  24.627  22.481  -15.144 0.6250000000
146587  26.352  23.256  -14.524 0.7500000000
146586  27.546  22.775  -14.652 0.6250000000
145710  28.859  22.120  -15.344 0.7500000000
143852  30.388  20.388  -16.324 0.3750000000
145709  29.550  21.746  -15.694 0.3750000000
144752  28.824  20.708  -14.686 0.7500000000
142052  30.421  18.249  -18.204 0.2500000000
142974  30.564  18.898  -17.414 0.3750000000
143843  30.393  19.782  -15.422 0.6250000000
139076  29.634  15.693  -20.675 0.1250000000
140087  30.034  16.536  -19.519 0.1250000000
138018  30.290  14.795  -20.019 0.1250000000
146588  25.117  23.295  -15.072 0.6250000000
147428  25.846  24.126  -14.688 0.6250000000
147446  28.353  24.165  -15.742 0.3750000000
146605  27.526  23.745  -15.135 0.3750000000
146614  29.612  22.987  -16.244 0.3750000000
144788  29.694  21.172  -18.579 0.2500000000
144772  30.038  21.250  -16.352 0.3750000000
146603  29.445  22.487  -15.716 0.3750000000
142062  29.172  18.095  -19.314 0.1250000000
142984  30.326  19.144  -18.231 0.3750000000
143863  30.574  19.928  -17.411 0.3750000000
138027  29.193  14.854  -21.361 0.1250000000
141092  30.209  17.715  -18.778 0.1250000000
148271  26.919  25.874  -16.062 0.3750000000
147429  25.067  24.382  -14.948 0.3750000000
146606  26.640  24.212  -14.986 0.3750000000
147456  28.388  24.767  -16.722 0.3750000000
147447  27.412  24.799  -15.729 0.3750000000
145726  28.583  22.706  -18.537 0.3750000000
146619  29.349  23.157  -17.016 0.3750000000
146615  29.050  23.779  -16.372 0.3750000000
144801  29.229  21.215  -19.307 0.3750000000
144778  29.988  21.400  -17.423 0.3750000000
145721  29.714  22.432  -17.136 0.3750000000
142080  28.056  18.484  -21.356 0.1250000000
142986  29.017  19.173  -19.073 0.1250000000
143886  29.350  20.407  -19.275 0.2500000000
140106  28.912  16.641  -20.932 0.1250000000
175251  27.833  25.497  -17.378 0.2500000000
175250  27.667  24.473  -18.746 0.2500000000
175249  28.136  24.760  -17.961 0.3750000000
147457  27.623  25.431  -16.555 0.3750000000
144803  27.835  22.150  -19.959 0.1250000000
146624  28.359  23.784  -18.678 0.3750000000
146620  28.772  23.687  -17.574 0.3750000000
144802  28.572  21.749  -19.655 0.1250000000
143018  26.948  19.678  -21.626 0.1250000000
143887  28.748  20.527  -19.820 0.1250000000
175253  27.125  25.754  -17.079 0.3750000000
147480  27.132  24.481  -19.347 0.2500000000
145746  27.389  22.959  -20.623 0.1250000000
146636  26.491  23.453  -20.912 0.1250000000
144821  26.670  22.141  -21.222 0.1250000000
145760  26.381  22.664  -21.424 0.1250000000
142082  26.292  18.874  -22.312 0.1250000000
143908  25.707  20.777  -22.335 0.1250000000
147507  25.338  24.349  -21.690 0.1250000000
144836  25.195  21.603  -22.273 0.1250000000
145778  25.046  23.070  -22.236 0.1250000000
143027  25.815  20.057  -22.980 0.1250000000
142092  25.902  18.793  -23.035 0.1250000000
119895  27.430  -2.075  -19.736 0.8750000000
122181  31.332  -0.604  -19.601 0.6250000000
130469  34.508  7.203  -17.594 0.6250000000
134776  29.279  11.845  -14.873 0.8750000000
136841  30.926  13.778  -15.861 0.5000000000
135871  31.944  12.115  -18.025 0.3750000000
143853  22.659  20.528  -15.784 0.6250000000
143837  24.222  19.924  -15.203 0.8750000000
142939  25.466  20.047  -16.171 0.8750000000
143836  24.948  20.163  -15.059 0.7500000000
142949  26.331  19.437  -15.126 0.8750000000
142938  27.141  19.269  -14.603 0.7500000000
142937  28.100  19.079  -14.456 0.7500000000
142006  28.321  18.178  -14.448 0.7500000000
138995  30.595  15.435  -15.744 0.5000000000
140048  30.742  16.003  -16.118 0.5000000000
140032  29.924  16.190  -14.764 0.7500000000
139012  31.348  15.303  -16.893 0.5000000000
143006  28.280  19.573  -20.569 0.1250000000
146628  27.840  23.751  -19.451 0.2500000000
145761  25.617  22.586  -21.884 0.1250000000
143917  25.337  20.652  -22.822 0.1250000000
125402  34.457  2.634  -20.649 0.5000000000
126423  34.285  2.140  -18.521 0.6250000000
126401  33.583  3.361  -17.619 0.7500000000
129512  36.240  6.689  -18.432 0.3750000000
131546  35.023  7.759  -18.106 0.3750000000
132670  34.428  9.131  -18.889 0.2500000000
138972  29.442  15.463  -14.694 0.7500000000
143897  28.116  20.690  -20.402 0.1250000000
132690  34.056  9.642  -19.250 0.1250000000
111345  23.497  -9.354  -16.999 0.7500000000
111346  22.776  -9.087  -16.603 0.7500000000
113707  22.807  -7.334  -16.607 0.7500000000
110124  24.803  -9.702  -17.461 0.7500000000
111376  26.540  -8.449  -18.119 0.7500000000
117344  22.334  -4.602  -16.989 0.6250000000
116117  23.404  -5.542  -17.152 0.7500000000
114911  27.979  -6.786  -18.712 0.6250000000
117360  28.408  -4.765  -18.592 0.7500000000
117378  28.970  -4.010  -18.635 0.6250000000
174755  29.404  -2.947  -18.822 0.6250000000
122200  32.066  -1.566  -20.146 0.5000000000
122140  33.263  -0.829  -18.631 0.3750000000
122151  33.125  -0.968  -19.608 0.5000000000
123240  34.448  -0.017  -19.388 0.1250000000
124361  36.496  1.776  -21.139 0.1250000000
126476  37.747  3.092  -21.679 0.1250000000
125437  37.662  2.947  -23.336 0.1250000000
126486  36.928  3.999  -23.495 0.1250000000
127551  36.041  4.685  -23.818 0.1250000000
128589  35.517  5.093  -23.028 0.1250000000
127544  35.817  4.795  -21.649 0.1250000000
129511  36.606  6.260  -18.848 0.1250000000
130492  36.389  6.974  -18.706 0.2500000000
131568  34.242  8.778  -18.589 0.2500000000
142965  21.723  20.799  -15.860 0.5000000000
133756  32.666  10.542  -20.265 0.1250000000
134841  33.226  10.766  -19.168 0.2500000000
135947  31.376  12.053  -20.489 0.1250000000
136943  30.612  13.915  -19.927 0.1250000000
136958  29.877  13.721  -21.139 0.1250000000
144774  22.164  21.234  -15.177 0.3750000000
136959  28.787  13.676  -21.894 0.1250000000
138028  28.145  14.549  -22.083 0.1250000000
136972  28.249  13.661  -22.715 0.1250000000
141119  27.719  17.434  -22.068 0.1250000000
141137  27.238  17.623  -23.667 0.1250000000
147390  21.198  24.699  -11.692 0.1250000000
175252  26.844  25.605  -18.335 0.2500000000
175264  26.323  25.140  -20.136 0.1250000000
149164  25.339  25.861  -20.838 0.1250000000
145762  24.928  22.333  -22.292 0.1250000000
146656  24.559  23.726  -22.342 0.1250000000
143909  25.066  20.952  -22.638 0.1250000000
142101  26.551  19.303  -23.629 0.1250000000
143028  25.664  20.487  -23.058 0.1250000000
125374  30.830  1.975  -18.716 0.7500000000
131528  31.883  8.390  -15.798 0.7500000000
140052  20.801  16.481  -17.637 0.3750000000
137905  26.722  15.243  -15.348 0.8750000000
118644  24.429  -3.416  -17.997 0.7500000000
121088  27.224  -1.242  -19.329 0.8750000000
124306  31.867  1.340  -18.361 0.7500000000
126399  34.833  3.415  -18.138 0.6250000000
141048  25.667  17.494  -16.023 0.8750000000
141047  26.187  17.539  -15.212 0.8750000000
138975  27.142  15.878  -15.153 0.8750000000
147448  26.073  25.043  -15.313 0.3750000000
149150  25.768  27.083  -18.071 0.1250000000
148286  26.325  26.569  -17.912 0.2500000000
113706  23.417  -7.474  -17.224 0.7500000000
111363  23.865  -8.725  -17.177 0.7500000000
112552  25.130  -8.229  -17.834 0.7500000000
111362  24.485  -8.971  -17.278 0.7500000000
111361  25.476  -9.031  -17.875 0.7500000000
113733  26.424  -7.710  -18.134 0.7500000000
114887  22.476  -6.675  -16.216 0.7500000000
116103  22.954  -6.095  -16.585 0.7500000000
113718  25.024  -7.329  -17.897 0.7500000000
116116  24.393  -5.389  -17.853 0.7500000000
114914  25.545  -5.627  -18.386 0.7500000000
117343  23.274  -4.568  -17.340 0.7500000000
117363  25.830  -4.263  -18.575 0.8750000000
118641  27.887  -3.140  -18.749 0.7500000000
121086  29.997  -1.895  -20.110 0.7500000000
119911  30.758  -2.345  -20.251 0.6250000000
122153  31.129  -0.026  -18.985 0.7500000000
122152  31.951  -0.482  -18.886 0.6250000000
124333  34.662  0.907  -20.381 0.2500000000
123269  35.360  0.727  -19.497 0.1250000000
124354  34.750  1.493  -21.323 0.2500000000
125401  34.448  1.934  -20.357 0.3750000000
125369  34.091  1.670  -19.633 0.6250000000
125433  35.928  2.524  -22.559 0.1250000000
125432  37.216  2.864  -22.600 0.1250000000
124369  35.126  2.291  -22.508 0.1250000000
126444  34.505  3.060  -20.906 0.5000000000
126467  35.239  3.765  -21.081 0.1250000000
126482  34.869  3.740  -22.950 0.1250000000
126443  35.039  3.440  -20.136 0.5000000000
126492  35.287  3.873  -23.801 0.1250000000
126477  35.443  3.783  -21.932 0.1250000000
127538  36.307  4.477  -20.692 0.1250000000
128504  35.554  5.371  -17.620 0.6250000000
128532  36.501  5.328  -18.676 0.1250000000
130445  33.352  7.462  -16.460 0.6250000000
131527  32.964  8.407  -16.224 0.6250000000
134795  31.502  11.493  -15.846 0.6250000000
137928  29.857  14.435  -14.776 0.7500000000
140011  29.145  16.508  -14.418 0.7500000000
135829  31.315  13.130  -16.014 0.5000000000
143847  23.472  20.455  -15.338 0.6250000000
141029  27.775  17.429  -14.190 0.7500000000
136883  32.403  12.996  -17.577 0.3750000000
142016  26.494  18.445  -14.725 0.7500000000
141046  29.638  17.014  -15.177 0.6250000000
142005  29.052  17.998  -14.595 0.7500000000
137926  30.823  14.439  -15.946 0.5000000000
136926  31.600  13.789  -19.098 0.1250000000
136925  32.271  13.064  -19.653 0.1250000000
136904  32.688  13.010  -18.794 0.2500000000
135929  31.723  11.957  -19.944 0.1250000000
145699  25.326  22.180  -14.556 0.7500000000
142948  30.181  18.814  -15.333 0.6250000000
142029  30.756  17.733  -16.499 0.3750000000
142947  30.536  18.299  -15.868 0.3750000000
139030  31.353  15.239  -17.575 0.1250000000
140078  31.238  16.304  -18.081 0.3750000000
146604  28.777  23.174  -15.302 0.3750000000
141091  30.654  17.281  -18.272 0.3750000000
139049  30.784  15.571  -18.757 0.1250000000
141099  30.366  17.138  -19.080 0.1250000000
139062  30.307  15.634  -19.523 0.1250000000
144777  30.337  20.587  -17.723 0.3750000000
145718  29.768  22.087  -16.407 0.3750000000
142053  29.723  18.359  -18.768 0.2500000000
140105  29.336  16.213  -20.758 0.1250000000
139086  28.450  15.609  -21.521 0.1250000000
138019  30.021  14.833  -20.763 0.1250000000
141100  29.780  17.460  -19.399 0.1250000000
143874  30.417  20.030  -18.362 0.2500000000
140097  29.302  17.154  -20.461 0.1250000000
142071  28.736  18.540  -20.391 0.1250000000
142063  28.988  18.693  -19.474 0.1250000000
145731  28.099  22.806  -19.335 0.3750000000
144779  29.473  21.884  -17.876 0.3750000000
141118  28.390  17.523  -21.130 0.1250000000
143017  27.666  19.250  -21.401 0.1250000000
142081  27.005  18.415  -22.053 0.1250000000
142997  28.899  19.504  -19.651 0.1250000000
139087  27.561  15.410  -22.093 0.1250000000
140115  27.490  16.308  -22.705 0.1250000000
175263  26.567  25.129  -19.570 0.2500000000
146629  27.244  23.650  -20.072 0.2500000000
144820  27.168  21.937  -20.689 0.1250000000
143019  26.392  19.866  -22.472 0.1250000000
143007  27.690  19.991  -20.982 0.1250000000
147481  26.660  24.398  -20.036 0.1250000000
147492  26.081  24.103  -20.723 0.1250000000
146643  25.576  23.644  -21.789 0.1250000000
144834  26.632  21.648  -21.272 0.1250000000
142091  26.417  18.265  -22.768 0.1250000000
143907  26.522  20.860  -21.464 0.1250000000
148316  24.922  25.472  -21.199 0.1250000000
148314  25.945  24.576  -20.771 0.1250000000
110107  22.865  -9.860  -16.453 0.7500000000
111344  24.163  -9.769  -17.045 0.7500000000
111326  22.225  -9.757  -16.026 0.7500000000
117326  22.103  -5.237  -16.423 0.5000000000
116118  22.817  -5.101  -17.097 0.6250000000
174750  29.771  -4.018  -18.945 0.6250000000
121083  31.803  -2.396  -19.848 0.5000000000
128573  37.335  5.559  -21.688 0.1250000000
174907  37.260  5.933  -22.501 0.1250000000
128556  36.890  5.394  -19.974 0.1250000000
136942  31.388  13.188  -19.988 0.1250000000
141128  26.897  17.375  -22.967 0.1250000000
111327  21.785  -9.404  -15.277 0.7500000000
114874  22.110  -7.157  -15.766 0.5000000000
108845  24.031  -10.973  -16.188 0.6250000000
110105  24.589  -10.398  -16.873 0.6250000000
110122  26.362  -9.938  -17.072 0.3750000000
110123  25.556  -9.927  -17.511 0.6250000000
111342  27.498  -9.001  -16.912 0.2500000000
111360  26.701  -8.941  -17.749 0.3750000000
121082  32.631  -1.809  -19.711 0.3750000000
142034  21.598  20.099  -16.343 0.3750000000
142953  21.230  20.050  -15.476 0.2500000000
145715  22.252  21.940  -14.476 0.2500000000
110106  23.563  -10.304  -16.463 0.6250000000
113741  28.607  -7.375  -18.918 0.5000000000
116129  28.362  -5.680  -18.127 0.5000000000
117359  29.324  -4.688  -18.380 0.3750000000
108842  26.390  -10.925  -15.799 0.5000000000
110104  25.452  -10.440  -16.685 0.6250000000
121058  31.038  -2.625  -19.157 0.5000000000
107602  24.132  -12.680  -15.570 0.6250000000
113687  21.612  -7.607  -15.199 0.3750000000
111328  21.636  -8.824  -15.056 0.3750000000
108820  23.791  -11.870  -15.867 0.6250000000
110083  23.330  -11.116  -15.919 0.6250000000
110085  21.742  -10.562  -15.308 0.6250000000
107600  26.066  -12.253  -15.202 0.3750000000
107629  25.339  -11.645  -16.074 0.5000000000
108819  24.425  -12.167  -16.055 0.6250000000
114875  21.710  -6.719  -15.573 0.2500000000
113705  27.729  -7.439  -16.864 0.2500000000
111325  26.954  -9.145  -15.900 0.2500000000
118628  22.312  -3.388  -16.962 0.3750000000
113714  28.332  -7.525  -17.847 0.2500000000
116128  29.049  -5.425  -17.885 0.3750000000
117358  29.949  -4.145  -18.044 0.2500000000
121037  30.882  -2.255  -18.930 0.2500000000
121056  32.233  -2.017  -19.014 0.2500000000
129431  19.414  6.337  -15.039 0.1250000000
131537  18.668  8.949  -15.799 0.2500000000
135874  20.174  12.474  -17.497 0.3750000000
133711  19.463  10.490  -16.566 0.2500000000
139018  21.771  16.146  -17.667 0.2500000000
143849  21.802  20.950  -15.102 0.2500000000
130438  18.698  7.376  -15.348 0.1250000000
128486  19.708  5.601  -16.067 0.2500000000
118629  21.481  -3.223  -16.685 0.2500000000
134816  20.322  11.378  -17.578 0.3750000000
112529  22.464  -8.766  -15.824 0.5000000000
113698  21.860  -7.597  -15.537 0.5000000000
112564  27.053  -8.156  -18.270 0.5000000000
121034  32.919  -1.219  -18.388 0.2500000000
114888  22.212  -6.176  -15.996 0.3750000000
116104  22.514  -5.630  -16.549 0.3750000000
117345  21.589  -4.045  -16.654 0.2500000000
110084  22.550  -10.716  -15.924 0.6250000000
116105  22.017  -5.723  -15.915 0.3750000000
119855  30.532  -3.373  -18.513 0.2500000000
108844  24.776  -11.388  -16.275 0.6250000000
111343  27.228  -9.312  -16.781 0.2500000000
110103  26.249  -9.937  -16.070 0.2500000000
112527  27.543  -8.663  -16.017 0.2500000000
112549  27.667  -8.034  -17.649 0.3750000000
116115  28.540  -6.019  -17.720 0.3750000000
108843  25.674  -11.023  -16.202 0.5000000000
107627  26.591  -11.552  -15.400 0.3750000000
112518  21.595  -8.394  -14.916 0.3750000000
106346  25.675  -13.210  -15.182 0.3750000000
107601  25.091  -12.365  -15.771 0.5000000000
116114  29.144  -5.681  -17.316 0.2500000000
118625  30.400  -3.687  -17.622 0.2500000000
128467  19.702  5.732  -15.402 0.1250000000
107583  22.034  -12.783  -14.366 0.5000000000
106347  24.615  -13.494  -15.117 0.2500000000
105081  23.891  -14.100  -15.064 0.3750000000
106348  23.730  -13.355  -15.151 0.5000000000
107582  22.721  -12.551  -14.710 0.5000000000
107569  21.414  -12.386  -13.838 0.3750000000
108789  21.399  -11.835  -13.862 0.5000000000
108821  22.760  -11.725  -15.203 0.5000000000
108804  21.742  -11.588  -14.438 0.5000000000
108822  22.057  -11.254  -15.367 0.5000000000
106294  20.640  -13.851  -12.763 0.1250000000
106313  21.362  -13.682  -13.882 0.3750000000
111310  21.339  -10.117  -14.818 0.2500000000
102601  21.142  -16.717  -13.350 0.1250000000
105044  20.854  -14.748  -13.270 0.2500000000
105062  22.004  -14.651  -14.454 0.3750000000
105059  24.928  -14.733  -14.650 0.2500000000
105061  23.208  -14.630  -14.786 0.3750000000
105027  20.537  -14.905  -12.589 0.1250000000
105043  21.386  -14.601  -13.862 0.3750000000
107533  20.718  -12.680  -12.725 0.1250000000
110053  20.527  -10.764  -13.356 0.1250000000
131589  36.113  7.999  -19.424 0.1250000000
107603  23.313  -12.721  -15.181 0.5000000000
111311  21.275  -9.382  -14.611 0.2500000000
112507  21.210  -8.713  -14.226 0.2500000000
106331  21.950  -13.671  -14.471 0.5000000000
106330  22.712  -13.533  -14.776 0.5000000000
105082  23.325  -13.814  -15.049 0.3750000000
105060  24.150  -14.867  -14.749 0.3750000000
107570  20.863  -12.887  -13.415 0.2500000000
108790  20.928  -11.668  -13.621 0.1250000000
108805  21.213  -11.097  -14.168 0.1250000000
105026  20.609  -15.044  -12.920 0.1250000000
106273  20.611  -14.160  -12.282 0.1250000000
106314  20.806  -13.748  -13.193 0.2500000000
107551  20.657  -13.179  -12.850 0.1250000000
107513  20.829  -13.765  -11.912 0.1250000000
107571  20.622  -13.326  -13.043 0.1250000000
110069  20.968  -10.486  -14.139 0.1250000000
103763  20.114  -15.987  -12.490 0.1250000000
103762  20.499  -15.496  -12.930 0.1250000000
103775  21.520  -15.340  -13.730 0.3750000000
103786  23.756  -15.647  -14.500 0.2500000000
107550  20.565  -12.574  -13.091 0.1250000000
108772  20.466  -11.746  -12.964 0.1250000000
102600  21.569  -16.350  -13.772 0.2500000000
103787  22.846  -15.659  -14.364 0.2500000000
117327  21.756  -4.929  -15.890 0.2500000000
103776  20.971  -15.852  -13.319 0.1250000000
103788  22.075  -15.910  -14.175 0.2500000000
102611  22.589  -16.601  -14.317 0.1250000000
117308  20.987  -5.097  -15.230 0.1250000000
141068  20.976  17.878  -17.558 0.1250000000
141049  20.992  18.868  -17.715 0.1250000000
141050  20.242  18.530  -16.976 0.1250000000
141051  20.705  17.587  -15.720 0.1250000000
142954  20.913  19.558  -15.346 0.1250000000
142021  21.033  19.454  -16.861 0.1250000000
141032  20.730  17.381  -14.448 0.1250000000
142022  20.816  19.060  -15.718 0.1250000000
142942  21.240  19.929  -14.290 0.1250000000
140053  20.392  16.150  -16.919 0.1250000000
142943  20.771  19.522  -14.841 0.1250000000
141997  20.998  18.801  -13.462 0.1250000000
140068  20.348  15.709  -17.589 0.1250000000
132627  18.635  9.932  -15.517 0.1250000000
113688  21.465  -7.745  -14.628 0.1250000000
116073  20.722  -6.045  -14.562 0.1250000000
134805  19.598  11.364  -16.274 0.1250000000
139019  19.925  14.870  -16.883 0.1250000000
140036  20.119  16.407  -16.096 0.1250000000
141996  21.709  18.136  -13.269 0.1250000000
141988  21.344  18.867  -12.656 0.1250000000
143817  21.057  19.928  -13.037 0.1250000000
139036  20.034  15.287  -18.112 0.1250000000
119858  21.675  -2.296  -16.738 0.1250000000
118610  20.827  -3.300  -16.266 0.1250000000
114876  21.371  -6.326  -15.294 0.1250000000
114863  21.196  -6.851  -14.763 0.1250000000
134817  19.779  11.445  -17.077 0.1250000000
118630  21.037  -3.621  -16.455 0.1250000000
117328  20.889  -4.165  -16.142 0.1250000000
117307  21.361  -5.466  -15.432 0.1250000000
117284  20.495  -4.604  -14.931 0.1250000000
117283  20.620  -5.156  -14.589 0.1250000000
140035  20.290  17.261  -16.952 0.1250000000
142009  20.703  18.597  -14.525 0.1250000000
142930  20.997  19.559  -13.706 0.1250000000
142008  21.476  18.093  -14.093 0.1250000000
140015  20.918  16.506  -14.053 0.1250000000
142915  21.161  19.519  -12.133 0.1250000000
106345  26.658  -12.989  -14.990 0.1250000000
107626  27.361  -11.540  -15.498 0.1250000000
110102  26.669  -10.299  -15.419 0.1250000000
111324  27.551  -9.240  -15.544 0.1250000000
113704  27.737  -7.679  -16.282 0.1250000000
114884  28.584  -6.544  -16.808 0.1250000000
114894  28.987  -6.149  -16.917 0.1250000000
117341  29.619  -4.915  -17.679 0.1250000000
118593  30.731  -3.690  -16.062 0.1250000000
117324  30.237  -4.366  -16.479 0.1250000000
117340  30.130  -4.321  -17.294 0.1250000000
121000  31.891  -2.025  -16.216 0.1250000000
121017  31.112  -2.504  -18.062 0.1250000000
122114  33.254  -1.019  -16.058 0.1250000000
121015  32.600  -1.497  -16.896 0.1250000000
122141  32.973  -1.050  -17.920 0.1250000000
103785  24.644  -15.665  -14.196 0.1250000000
103784  25.200  -15.180  -14.141 0.1250000000
106327  26.237  -13.833  -14.607 0.1250000000
106344  27.475  -12.543  -14.793 0.1250000000
108818  27.965  -11.016  -15.739 0.1250000000
111323  28.435  -9.290  -15.218 0.1250000000
114871  29.243  -6.480  -15.632 0.1250000000
114883  28.994  -6.146  -16.265 0.1250000000
117282  30.478  -5.164  -15.056 0.1250000000
119821  32.083  -2.372  -15.349 0.1250000000
123215  34.138  0.226  -17.379 0.1250000000
123214  34.744  0.836  -16.998 0.1250000000
122113  33.813  -0.567  -15.814 0.1250000000
123226  34.009  -0.361  -18.406 0.1250000000
107599  27.038  -12.157  -15.321 0.1250000000
121035  32.405  -1.450  -18.028 0.1250000000
112526  28.294  -8.386  -15.586 0.1250000000
119839  30.793  -2.926  -17.332 0.1250000000
106328  25.325  -14.013  -14.783 0.1250000000
105058  25.732  -14.673  -14.221 0.1250000000
102609  24.093  -16.189  -14.204 0.1250000000
114872  28.414  -6.699  -16.170 0.1250000000
113695  28.240  -7.364  -15.777 0.1250000000
117325  29.791  -5.013  -16.931 0.1250000000
119823  30.711  -3.013  -16.483 0.1250000000
117306  29.607  -4.833  -16.132 0.1250000000
119822  31.105  -2.650  -15.750 0.1250000000
121016  31.433  -1.919  -17.220 0.1250000000
122129  33.407  -0.698  -17.113 0.1250000000
120998  33.497  -1.388  -15.367 0.1250000000
102597  25.047  -16.323  -13.468 0.1250000000
103773  25.582  -15.708  -13.525 0.1250000000
108817  28.882  -11.222  -15.378 0.1250000000
122127  35.211  0.287  -16.318 0.1250000000
102585  20.546  -16.534  -12.886 0.1250000000
105045  20.606  -14.184  -12.954 0.1250000000
105080  24.476  -14.280  -14.926 0.3750000000
106315  20.507  -13.756  -13.257 0.2500000000
106329  24.835  -14.152  -14.918 0.3750000000
106349  23.269  -13.361  -15.004 0.3750000000
107534  20.784  -13.500  -12.550 0.1250000000
107628  25.772  -11.572  -15.606 0.5000000000
108803  22.411  -12.108  -14.524 0.5000000000
108841  27.053  -10.921  -15.401 0.1250000000
110066  27.216  -9.924  -15.187 0.1250000000
110067  27.091  -9.744  -15.259 0.1250000000
110068  21.385  -10.745  -14.555 0.1250000000
110081  27.443  -10.008  -15.198 0.1250000000
110082  26.833  -9.700  -15.459 0.1250000000
111308  27.251  -9.681  -15.305 0.1250000000
111309  27.077  -9.472  -15.459 0.1250000000
111359  27.427  -8.872  -17.178 0.2500000000
111377  26.149  -8.617  -18.169 0.7500000000
112517  21.737  -7.990  -15.262 0.3750000000
112528  27.380  -8.941  -16.381 0.2500000000
112530  21.885  -8.402  -15.361 0.5000000000
112531  21.686  -8.540  -15.127 0.3750000000
112538  27.851  -8.109  -16.048 0.1250000000
112539  27.533  -8.511  -16.684 0.2500000000
112540  27.440  -8.987  -16.638 0.2500000000
112548  28.103  -7.829  -17.930 0.3750000000
112550  27.311  -8.290  -18.042 0.5000000000
112562  28.193  -7.975  -18.006 0.3750000000
112563  27.853  -7.877  -18.408 0.5000000000
112565  26.383  -8.064  -18.221 0.7500000000
112573  28.409  -7.677  -18.681 0.5000000000
112574  28.289  -7.672  -18.900 0.5000000000
113696  27.798  -7.075  -16.243 0.1250000000
113697  22.434  -7.712  -15.885 0.5000000000
113715  28.064  -7.430  -17.417 0.2500000000
113716  26.515  -7.061  -17.859 0.7500000000
113730  28.578  -7.360  -18.396 0.2500000000
113731  27.804  -7.589  -18.674 0.5000000000
113732  26.899  -7.434  -18.180 0.7500000000
113742  28.300  -7.323  -18.968 0.5000000000
114862  21.453  -7.228  -15.078 0.3750000000
114873  27.996  -6.811  -16.642 0.1250000000
114885  28.175  -6.944  -17.184 0.1250000000
114895  28.614  -6.687  -17.607 0.2500000000
114896  28.384  -7.177  -17.541 0.2500000000
114897  26.246  -6.901  -17.892 0.7500000000
114910  28.540  -6.775  -18.478 0.3750000000
114913  25.920  -5.946  -18.553 0.7500000000
114925  28.476  -6.944  -19.176 0.5000000000
114926  28.198  -7.099  -19.002 0.5000000000
116088  30.044  -5.606  -15.352 0.1250000000
116089  29.431  -5.436  -15.785 0.1250000000
116090  21.490  -5.873  -15.577 0.3750000000
116091  21.199  -5.930  -15.125 0.1250000000
116102  29.286  -5.519  -16.529 0.1250000000
116132  25.988  -5.119  -18.658 0.7500000000
117305  30.451  -4.661  -15.533 0.1250000000
117346  21.214  -3.780  -16.526 0.1250000000
117361  27.776  -4.382  -18.779 0.7500000000
117379  28.360  -4.166  -18.808 0.7500000000
118608  30.522  -3.676  -16.886 0.1250000000
118609  21.278  -2.806  -16.536 0.1250000000
118659  28.494  -3.594  -18.721 0.7500000000
118660  28.086  -3.787  -18.995 0.7500000000
119838  30.943  -2.431  -16.588 0.1250000000
119840  21.228  -2.348  -16.362 0.1250000000
119872  31.238  -2.795  -19.372 0.5000000000
119874  27.211  -2.478  -19.145 0.8750000000
119877  24.424  -2.296  -18.076 0.7500000000
119878  23.781  -2.261  -17.501 0.7500000000
119894  31.528  -2.190  -20.200 0.6250000000
119896  27.044  -1.894  -19.466 0.8750000000
119897  26.841  -1.675  -19.165 0.8750000000
119908  31.757  -2.099  -20.141 0.6250000000
119909  31.399  -1.996  -20.319 0.6250000000
119910  31.011  -2.047  -20.403 0.6250000000
120999  32.723  -1.599  -15.848 0.1250000000
121001  31.356  -2.259  -16.422 0.1250000000
121014  33.027  -1.211  -16.455 0.1250000000
121036  31.478  -1.869  -18.432 0.2500000000
121038  22.624  -1.906  -17.195 0.6250000000
121055  32.772  -1.354  -18.951 0.3750000000
121057  31.535  -2.449  -19.134 0.5000000000
121060  27.786  -1.882  -20.161 0.8750000000
121084  31.414  -2.748  -19.553 0.5000000000
121087  27.502  -1.493  -19.813 0.8750000000
121102  32.424  -2.017  -20.099 0.5000000000
121103  32.022  -1.885  -20.095 0.5000000000
121104  31.412  -1.747  -20.297 0.5000000000
121105  30.747  -1.695  -20.288 0.8750000000
121106  30.457  -2.014  -20.313 0.6250000000
122128  34.258  0.107  -16.466 0.1250000000
122130  32.876  -1.186  -17.469 0.1250000000
122143  21.373  -0.537  -16.933 0.2500000000
122154  30.744  0.232  -19.160 0.8750000000
122156  27.776  -1.305  -20.131 0.8750000000
122159  23.653  -0.430  -18.191 0.8750000000
122179  32.679  -1.587  -20.141 0.5000000000
122180  32.259  -0.977  -19.976 0.6250000000
122199  32.410  -1.788  -20.171 0.5000000000
122201  31.457  -1.187  -20.133 0.8750000000
122204  28.496  0.099  -19.905 1.0000000000
123213  35.685  0.864  -16.951 0.1250000000
123216  21.123  0.316  -16.705 0.2500000000
123243  31.545  0.441  -18.431 0.7500000000
123245  25.896  0.151  -18.701 1.0000000000
123249  22.163  0.359  -18.133 0.3750000000
123270  34.732  0.324  -19.678 0.5000000000
123271  34.532  0.101  -19.741 0.5000000000
123276  26.452  0.497  -18.993 1.0000000000
123291  29.049  0.772  -20.187 1.0000000000
124276  35.159  1.012  -17.115 0.1250000000
124277  35.037  0.814  -17.407 0.1250000000
124305  32.564  1.328  -18.607 0.7500000000
124307  31.124  1.400  -18.538 0.7500000000
124308  25.290  1.134  -18.685 1.0000000000
124335  30.676  1.503  -19.035 1.0000000000
124341  24.171  2.195  -19.103 1.0000000000
124355  34.438  1.969  -21.832 0.1250000000
124357  28.731  1.734  -20.262 1.0000000000
124358  28.222  1.782  -19.961 1.0000000000
124363  34.905  1.718  -22.133 0.2500000000
124364  34.696  2.284  -22.301 0.1250000000
124366  28.222  1.980  -20.026 1.0000000000
124368  35.477  1.896  -22.285 0.1250000000
124370  34.949  2.723  -22.557 0.1250000000
124374  35.112  2.845  -22.700 0.1250000000
125337  20.541  2.403  -16.324 0.1250000000
125344  33.042  2.774  -18.017 0.8750000000
125349  20.363  2.800  -16.433 0.2500000000
125373  31.339  2.380  -18.634 1.0000000000
125376  22.409  2.699  -17.989 0.7500000000
125405  29.786  2.497  -19.781 1.0000000000
125424  28.408  2.496  -20.113 1.0000000000
125425  27.926  2.492  -19.893 1.0000000000
125428  35.963  1.999  -22.131 0.1250000000
125429  34.542  2.570  -21.939 0.1250000000
125430  28.350  2.278  -20.135 1.0000000000
125431  28.151  2.234  -20.002 1.0000000000
125434  35.329  2.733  -22.674 0.1250000000
125439  35.333  3.261  -23.171 0.1250000000
125440  34.956  3.318  -23.041 0.1250000000
125444  35.054  3.564  -23.781 0.1250000000
125445  34.884  3.535  -23.573 0.1250000000
126388  20.466  3.982  -16.376 0.2500000000
126400  34.412  3.173  -17.924 0.6250000000
126402  32.860  3.561  -17.752 0.8750000000
126403  21.282  3.689  -17.457 0.6250000000
126405  20.315  3.149  -16.475 0.2500000000
126424  32.376  3.498  -18.184 0.8750000000
126426  31.277  3.689  -18.863 1.0000000000
126445  31.364  3.151  -18.984 1.0000000000
126448  28.099  3.705  -19.717 1.0000000000
126454  23.131  3.980  -19.065 1.0000000000
126466  35.612  3.995  -20.586 0.1250000000
126468  34.644  3.095  -21.548 0.1250000000
126469  29.415  3.332  -19.962 1.0000000000
126472  23.475  4.147  -19.157 1.0000000000
126473  23.258  4.178  -19.109 1.0000000000
126478  34.997  3.243  -22.256 0.1250000000
126479  37.809  3.254  -22.198 0.1250000000
126480  37.417  2.889  -22.094 0.1250000000
126481  35.275  3.957  -22.520 0.1250000000
126487  35.916  3.908  -23.530 0.1250000000
126488  34.751  3.907  -23.581 0.1250000000
126493  34.826  3.906  -24.016 0.1250000000
127479  30.569  4.647  -18.150 1.0000000000
127501  32.081  3.917  -18.447 1.0000000000
127504  29.926  4.630  -18.996 1.0000000000
127506  21.722  4.672  -18.601 0.8750000000
127519  36.129  4.154  -19.832 0.1250000000
127520  35.682  3.756  -19.205 0.5000000000
127521  30.412  3.840  -19.403 1.0000000000
127523  27.856  4.196  -19.584 1.0000000000
127528  23.541  4.594  -19.289 1.0000000000
127539  35.690  4.312  -20.947 0.1250000000
127540  28.964  3.985  -19.880 1.0000000000
127542  23.375  4.379  -19.175 1.0000000000
127543  23.146  4.383  -19.137 1.0000000000
127545  35.310  4.697  -22.365 0.1250000000
127546  35.103  4.499  -22.966 0.1250000000
127552  35.664  4.170  -23.740 0.1250000000
127553  34.764  4.485  -23.568 0.1250000000
127557  35.423  4.810  -24.115 0.1250000000
127558  35.186  4.559  -24.093 0.1250000000
127559  34.608  4.492  -24.042 0.1250000000
128478  32.104  5.637  -16.402 1.0000000000
128485  20.042  5.200  -16.535 0.3750000000
128510  29.679  5.525  -18.125 1.0000000000
128512  20.472  5.418  -17.187 0.5000000000
128533  36.002  4.738  -18.183 0.6250000000
128534  30.379  4.826  -18.351 1.0000000000
128557  29.392  5.027  -19.164 1.0000000000
128558  28.441  4.861  -19.426 1.0000000000
128561  26.101  5.264  -19.419 1.0000000000
128565  22.037  5.576  -19.176 0.8750000000
128575  28.677  4.303  -19.620 1.0000000000
128578  25.919  6.007  -19.859 1.0000000000
128586  35.627  5.221  -22.363 0.1250000000
128588  36.527  5.557  -22.598 0.1250000000
128590  34.975  4.931  -23.519 0.1250000000
128597  35.113  5.154  -23.677 0.1250000000
128603  35.506  4.777  -23.892 0.1250000000
128604  35.080  5.065  -24.163 0.1250000000
128605  34.861  4.821  -24.131 0.1250000000
129446  18.543  6.879  -15.044 0.1250000000
129456  32.902  6.346  -16.536 0.8750000000
129459  29.916  6.597  -16.628 1.0000000000
129482  36.369  5.854  -18.345 0.3750000000
129483  35.963  6.309  -18.010 0.3750000000
129486  33.220  5.809  -17.064 0.8750000000
129487  31.075  5.700  -16.250 1.0000000000
129490  28.966  6.645  -18.267 1.0000000000
129515  21.476  6.588  -18.615 0.6250000000
129537  27.325  5.846  -19.691 1.0000000000
129538  25.324  6.967  -20.085 1.0000000000
129542  22.012  6.750  -19.227 0.8750000000
129552  27.362  6.298  -19.764 1.0000000000
129554  26.441  6.440  -20.182 1.0000000000
129555  25.673  6.642  -20.153 1.0000000000
129556  25.368  6.506  -19.927 1.0000000000
130439  18.375  7.395  -14.697 0.1250000000
130446  32.350  7.382  -16.154 0.7500000000
130468  35.230  6.982  -18.065 0.6250000000
130470  33.902  7.428  -17.088 0.6250000000
130473  27.765  8.123  -18.228 1.0000000000
130475  19.652  7.487  -16.737 0.5000000000
130493  35.883  7.113  -18.371 0.2500000000
130495  27.501  7.825  -18.699 1.0000000000
130496  21.262  7.571  -18.702 0.6250000000
130516  36.157  7.422  -18.864 0.2500000000
130519  25.874  7.720  -19.971 1.0000000000
130524  21.683  7.506  -19.103 1.0000000000
130542  27.215  6.540  -20.043 1.0000000000
130543  27.018  6.806  -20.322 1.0000000000
130545  25.653  7.197  -20.207 1.0000000000
130547  23.361  8.821  -21.391 1.0000000000
130548  23.095  8.548  -21.440 1.0000000000
130564  24.006  8.992  -21.270 1.0000000000
130565  23.620  8.845  -21.387 1.0000000000
130566  23.233  8.561  -21.521 1.0000000000
131530  29.603  8.326  -15.947 1.0000000000
131545  35.419  7.411  -18.295 0.3750000000
131547  33.942  8.169  -18.085 0.5000000000
131548  28.344  8.564  -17.359 1.0000000000
131566  35.586  7.712  -18.633 0.2500000000
131567  35.017  8.502  -18.786 0.2500000000
131569  27.369  8.569  -18.336 1.0000000000
131571  21.376  8.022  -19.086 0.6250000000
131572  21.053  8.515  -18.835 0.6250000000
131595  23.105  8.094  -19.775 1.0000000000
131615  24.004  8.427  -19.656 1.0000000000
131616  23.732  8.776  -20.458 1.0000000000
131617  22.941  8.530  -20.895 1.0000000000
131618  22.959  8.604  -21.392 1.0000000000
131634  24.225  8.659  -20.208 1.0000000000
131635  23.988  8.970  -20.856 1.0000000000
131636  23.644  9.146  -21.229 1.0000000000
131637  23.206  8.829  -21.418 1.0000000000
132621  29.863  9.981  -15.250 0.8750000000
132622  29.375  10.090  -15.332 0.8750000000
132638  32.512  9.459  -16.114 0.6250000000
132647  19.040  9.598  -16.025 0.1250000000
132648  18.471  9.337  -15.553 0.2500000000
132658  27.355  9.468  -17.663 1.0000000000
132673  26.418  9.302  -18.385 1.0000000000
132674  21.396  9.938  -18.714 0.7500000000
132694  22.942  9.347  -19.817 1.0000000000
132697  21.266  9.323  -18.904 1.0000000000
132716  23.945  8.717  -19.582 1.0000000000
132717  23.322  8.660  -19.735 1.0000000000
132719  22.710  8.853  -21.100 1.0000000000
132735  23.717  8.689  -20.214 1.0000000000
132736  23.543  9.126  -20.683 1.0000000000
132737  22.748  9.149  -21.085 1.0000000000
132738  22.940  8.842  -21.356 1.0000000000
133682  30.411  10.688  -15.305 0.7500000000
133684  28.713  10.727  -14.995 1.0000000000
133701  33.028  10.428  -16.800 0.5000000000
133703  29.009  10.249  -15.342 0.8750000000
133720  33.665  10.087  -17.678 0.3750000000
133722  27.328  10.277  -17.115 1.0000000000
133725  20.552  10.488  -17.895 0.6250000000
133736  32.939  10.859  -18.432 0.2500000000
133737  26.104  10.062  -17.974 1.0000000000
133738  25.467  10.567  -18.365 1.0000000000
133755  33.266  10.141  -19.691 0.2500000000
133757  25.662  9.757  -18.491 1.0000000000
133759  24.289  10.270  -19.407 1.0000000000
133762  21.883  10.511  -19.596 0.7500000000
133779  23.227  11.104  -19.601 1.0000000000
133780  22.929  11.094  -19.509 1.0000000000
134774  30.865  11.243  -15.487 0.6250000000
134778  27.473  11.711  -15.433 1.0000000000
134797  27.728  10.750  -15.754 1.0000000000
134799  26.257  11.308  -16.774 1.0000000000
134824  33.080  11.032  -18.819 0.2500000000
134829  20.756  11.415  -18.123 0.7500000000
134842  32.674  11.141  -19.454 0.2500000000
134844  24.193  11.473  -19.587 1.0000000000
134861  32.107  11.087  -20.273 0.1250000000
134863  23.932  11.787  -19.786 1.0000000000
134864  23.616  11.690  -19.777 1.0000000000
135816  29.524  13.257  -14.523 0.8750000000
135830  30.800  12.622  -15.574 0.5000000000
135833  27.649  12.334  -15.130 1.0000000000
135850  31.627  12.470  -16.336 0.5000000000
135854  25.865  12.222  -16.729 1.0000000000
135873  20.647  11.967  -17.714 0.3750000000
135887  32.049  12.300  -19.397 0.1250000000
135890  24.487  12.710  -18.433 1.0000000000
135891  21.957  12.844  -18.927 1.0000000000
135909  31.869  12.117  -19.580 0.1250000000
135910  31.968  11.657  -19.758 0.1250000000
135911  24.683  12.197  -18.751 1.0000000000
135913  23.704  12.659  -19.323 1.0000000000
135914  22.283  12.323  -19.270 1.0000000000
135930  31.648  11.632  -20.320 0.1250000000
135931  31.258  11.603  -20.745 0.1250000000
135932  23.879  12.107  -19.651 1.0000000000
135933  23.343  12.363  -19.502 1.0000000000
135934  22.880  12.370  -19.428 1.0000000000
135946  31.559  12.009  -20.204 0.1250000000
136824  29.271  13.748  -14.488 0.8750000000
136842  30.456  13.605  -14.954 0.7500000000
136865  32.276  13.029  -16.783 0.5000000000
136868  25.402  12.618  -16.779 1.0000000000
136884  32.168  13.599  -17.154 0.3750000000
136885  25.192  13.505  -16.715 1.0000000000
136903  32.456  12.641  -19.390 0.2500000000
136911  20.269  13.489  -18.105 0.5000000000
136912  19.815  13.467  -17.912 0.1250000000
136924  31.949  12.517  -19.590 0.1250000000
136927  30.994  14.251  -19.302 0.1250000000
136928  23.823  13.028  -19.119 1.0000000000
136930  22.338  13.303  -18.958 1.0000000000
136940  31.712  12.304  -19.855 0.1250000000
136941  31.670  12.688  -19.935 0.1250000000
136944  30.207  14.269  -20.452 0.1250000000
136946  22.781  12.811  -19.233 1.0000000000
136954  31.629  12.170  -20.033 0.1250000000
136955  31.558  12.336  -20.195 0.1250000000
136956  31.497  12.691  -20.585 0.1250000000
137903  27.967  14.735  -14.610 0.8750000000
137904  27.177  15.001  -14.860 0.8750000000
137949  31.135  14.543  -16.422 0.5000000000
137950  30.749  14.867  -16.008 0.5000000000
137967  25.412  13.899  -16.602 1.0000000000
137969  24.118  14.356  -17.476 1.0000000000
137970  23.581  15.041  -18.130 1.0000000000
137971  20.852  14.753  -18.391 0.7500000000
137988  30.975  14.958  -18.657 0.1250000000
137989  24.738  13.692  -17.627 1.0000000000
137991  23.327  15.060  -18.864 1.0000000000
137993  21.219  14.391  -18.777 0.7500000000
137995  19.562  13.754  -18.319 0.1250000000
138008  30.715  14.802  -19.302 0.1250000000
138009  23.031  14.654  -19.381 1.0000000000
138011  21.860  14.840  -19.258 0.8750000000
138974  27.683  15.703  -14.523 0.8750000000
138998  25.813  15.899  -16.061 0.8750000000
139013  30.906  15.369  -16.341 0.5000000000
139017  22.469  16.457  -17.799 0.8750000000
139037  19.928  15.147  -17.543 0.1250000000
139048  31.137  15.390  -18.164 0.1250000000
139063  29.692  15.905  -19.888 0.1250000000
139065  22.036  14.998  -19.486 0.8750000000
139066  21.845  15.067  -19.355 0.7500000000
139075  29.986  15.368  -20.172 0.1250000000
139085  29.160  15.824  -21.117 0.1250000000
140013  27.424  16.626  -14.637 0.8750000000
140031  30.364  16.312  -15.496 0.7500000000
140061  31.483  16.066  -17.309 0.3750000000
140062  31.300  16.519  -17.489 0.3750000000
140063  24.631  16.754  -17.582 1.0000000000
140065  23.013  17.208  -18.118 1.0000000000
140066  22.548  17.642  -18.118 0.7500000000
140067  20.508  15.742  -17.971 0.1250000000
140069  20.205  15.470  -17.054 0.1250000000
140077  31.448  15.761  -17.821 0.1250000000
140096  29.534  16.650  -20.213 0.1250000000
140107  27.985  16.457  -21.665 0.1250000000
141028  28.637  17.351  -14.226 0.7500000000
141045  30.274  17.131  -15.645 0.5000000000
141064  25.203  17.460  -16.826 1.0000000000
141077  31.295  16.559  -17.236 0.3750000000
141079  24.951  17.286  -17.397 1.0000000000
141081  23.054  17.906  -17.450 0.8750000000
141108  29.469  17.595  -20.039 0.1250000000
141109  29.054  17.636  -20.498 0.1250000000
141129  26.440  18.010  -23.256 0.1250000000
141981  21.453  18.945  -11.949 0.1250000000
142004  29.521  17.754  -14.920 0.6250000000
142007  27.433  18.332  -14.459 0.8750000000
142043  23.252  18.272  -17.183 1.0000000000
142054  29.040  18.670  -18.884 0.2500000000
142070  29.273  18.216  -20.012 0.1250000000
142109  27.156  19.312  -24.048 0.1250000000
142110  26.958  19.533  -24.022 0.1250000000
142921  20.968  19.472  -12.859 0.1250000000
142929  21.285  19.824  -13.817 0.1250000000
142935  29.624  18.441  -14.864 0.6250000000
142940  25.057  20.070  -16.095 0.8750000000
142941  24.547  19.925  -15.761 0.8750000000
142950  25.642  19.759  -15.972 0.7500000000
142951  24.656  19.461  -16.001 0.8750000000
142962  30.581  18.576  -16.591 0.3750000000
142985  29.684  19.315  -18.798 0.1250000000
142996  29.345  19.720  -19.130 0.1250000000
143825  21.122  19.838  -13.341 0.1250000000
143831  29.728  19.312  -14.762 0.6250000000
143835  25.457  20.321  -15.685 0.8750000000
143838  21.702  20.588  -14.375 0.1250000000
143842  30.372  19.005  -15.956 0.3750000000
143845  25.850  20.527  -15.454 0.7500000000
143846  24.245  20.439  -14.735 0.7500000000
143855  22.046  21.141  -15.377 0.3750000000
143864  30.233  20.717  -17.045 0.3750000000
143875  29.842  20.234  -18.807 0.2500000000
143898  27.357  20.753  -20.878 0.1250000000
143918  24.909  20.801  -23.040 0.1250000000
144751  29.611  20.135  -14.837 0.7500000000
144764  26.089  20.791  -15.261 0.7500000000
144766  23.924  21.217  -14.611 0.7500000000
144769  22.267  21.425  -14.764 0.3750000000
144773  22.341  21.190  -15.315 0.3750000000
144787  30.156  20.723  -18.239 0.3750000000
144789  29.122  21.904  -18.626 0.3750000000
144819  27.803  21.449  -20.293 0.1250000000
144835  26.064  21.720  -21.646 0.1250000000
144837  24.743  21.969  -22.654 0.1250000000
145696  28.397  21.571  -14.818 0.7500000000
145722  29.258  22.681  -17.831 0.3750000000
145732  27.678  22.884  -20.044 0.1250000000
145747  27.024  22.790  -21.084 0.1250000000
146545  20.963  23.853  -12.059 0.2500000000
146546  20.250  23.789  -12.085 0.2500000000
146547  19.745  23.875  -12.100 0.2500000000
146562  19.654  24.104  -12.271 0.2500000000
146573  22.814  24.048  -14.008 0.3750000000
146576  20.215  24.202  -13.119 0.2500000000
146585  28.279  22.323  -14.842 0.7500000000
146591  22.217  22.888  -14.329 0.5000000000
146607  24.307  22.897  -15.386 0.7500000000
146610  22.557  22.560  -14.448 0.5000000000
146630  26.787  23.765  -20.406 0.1250000000
146635  27.070  23.342  -20.676 0.1250000000
146637  25.869  23.674  -21.058 0.1250000000
146642  26.050  23.229  -21.458 0.1250000000
146644  25.208  24.094  -22.172 0.1250000000
146655  25.173  23.640  -22.221 0.1250000000
147392  19.820  24.189  -11.831 0.2500000000
147393  19.527  24.226  -11.969 0.2500000000
147405  21.229  25.214  -13.173 0.2500000000
147406  20.609  25.222  -13.077 0.2500000000
147407  19.808  24.520  -12.526 0.2500000000
147408  19.585  24.382  -12.165 0.2500000000
147421  20.574  24.733  -13.265 0.2500000000
147422  20.079  24.653  -12.981 0.2500000000
147431  23.266  25.076  -14.594 0.2500000000
147493  25.564  24.277  -21.020 0.1250000000
147494  25.255  24.812  -21.309 0.1250000000
148215  19.914  24.738  -11.827 0.2500000000
148216  19.679  24.454  -11.886 0.2500000000
148234  20.657  25.388  -12.552 0.2500000000
148235  19.940  25.133  -12.156 0.2500000000
148236  19.609  24.660  -12.009 0.2500000000
148249  20.082  25.062  -12.801 0.2500000000
148256  22.440  25.948  -14.183 0.2500000000
148302  26.134  25.327  -20.447 0.1250000000
148315  25.727  25.176  -20.823 0.1250000000
149117  22.522  26.540  -15.024 0.2500000000
149134  24.664  26.740  -16.054 0.2500000000
149141  25.776  27.444  -16.636 0.2500000000
149149  26.117  27.332  -17.395 0.1250000000
150020  24.955  27.480  -17.169 0.2500000000
150028  25.855  27.632  -17.164 0.2500000000
174749  30.016  -4.181  -18.638 0.3750000000
174751  30.888  -2.643  -20.162 0.6250000000
174752  31.145  -2.483  -20.208 0.6250000000
174753  31.037  -2.286  -20.330 0.6250000000
174754  30.825  -2.828  -19.726 0.5000000000
174756  31.096  -2.831  -20.031 0.6250000000
175260  26.448  24.069  -20.480 0.1250000000
175261  26.583  26.175  -17.769 0.2500000000
175262  26.247  24.709  -20.513 0.1250000000
