#!ascii label  , from subject 3157 vox2ras=TkReg
876
70191  -24.454  0.530  4.017 0.4285714328
72150  -24.605  2.017  3.856 0.2857142985
71180  -24.135  1.408  3.689 0.4285714328
72151  -25.384  2.099  3.988 0.4285714328
73138  -25.759  2.987  3.631 0.4285714328
73137  -24.686  2.837  3.495 0.2857142985
74133  -25.716  3.858  3.524 0.4285714328
74144  -25.225  4.497  3.162 0.4285714328
76130  -24.867  5.704  2.353 0.4285714328
76131  -25.438  6.117  2.455 0.4285714328
77118  -24.466  7.071  1.229 0.5714285970
76150  -25.048  6.770  1.875 0.5714285970
77103  -25.678  6.778  2.182 0.4285714328
77120  -26.357  7.755  1.835 0.2857142985
77119  -25.393  7.450  1.508 0.7142857313
78138  -25.754  8.194  1.210 0.7142857313
78139  -26.482  8.804  1.318 0.7142857313
79084  -27.205  9.695  1.300 0.4285714328
80044  -27.770  10.237  1.308 0.5714285970
78167  -25.979  9.225  0.555 0.5714285970
80068  -27.205  10.592  0.556 0.5714285970
80069  -28.082  10.840  0.971 0.5714285970
79111  -26.399  9.839  0.321 0.5714285970
80070  -29.076  10.757  1.420 0.4285714328
81926  -28.799  12.607  0.970 0.5714285970
82833  -30.190  13.547  0.925 0.5714285970
80989  -26.959  11.290  -0.023 0.7142857313
82832  -29.198  13.472  0.783 0.7142857313
82834  -31.086  13.758  0.752 0.5714285970
80990  -27.507  11.598  0.299 0.5714285970
80089  -25.882  11.001  -0.012 0.5714285970
82831  -28.435  13.261  0.455 0.8571428657
83776  -30.388  14.271  0.643 0.7142857313
83794  -31.097  14.768  0.339 0.5714285970
81942  -27.668  13.044  -0.644 0.7142857313
81941  -27.201  12.537  -1.066 0.5714285970
84756  -30.433  15.738  -0.078 0.7142857313
84758  -32.290  15.347  -0.786 0.5714285970
82852  -28.607  13.846  0.345 0.7142857313
83793  -29.842  15.004  0.322 0.7142857313
85659  -31.955  16.308  -1.000 0.5714285970
83792  -28.711  14.591  -0.109 0.7142857313
85658  -30.938  16.513  -0.415 0.7142857313
86654  -31.871  17.470  -1.550 0.7142857313
85679  -32.342  16.650  -1.516 0.7142857313
85677  -29.510  16.632  -1.208 0.7142857313
85678  -30.345  16.805  -0.787 0.7142857313
86653  -30.469  17.371  -1.296 0.7142857313
87655  -31.468  18.314  -2.501 0.7142857313
116986  -32.097  17.906  -2.105 0.5714285970
83791  -27.728  14.504  -1.294 0.5714285970
116990  -32.491  18.756  -4.252 0.5714285970
116991  -32.315  19.303  -4.671 0.5714285970
86652  -29.615  17.060  -1.654 0.8571428657
85676  -28.671  16.449  -1.744 0.8571428657
87667  -31.731  18.926  -4.059 0.7142857313
87666  -30.048  18.712  -3.392 0.7142857313
87654  -30.057  18.235  -2.534 0.8571428657
88680  -29.551  19.795  -4.363 0.8571428657
88682  -31.743  19.850  -4.860 0.5714285970
88670  -30.364  19.335  -4.180 0.8571428657
87665  -28.641  18.358  -3.576 0.8571428657
86682  -29.260  17.989  -3.034 0.8571428657
89752  -29.362  20.520  -4.623 0.8571428657
90728  -29.597  21.791  -6.064 0.8571428657
91621  -28.596  22.697  -6.449 0.8571428657
90714  -28.485  21.375  -5.017 0.8571428657
90703  -27.747  21.049  -4.412 1.0000000000
89740  -28.748  19.978  -4.462 0.8571428657
91608  -27.869  22.195  -5.767 1.0000000000
91607  -26.543  22.867  -5.468 1.0000000000
92452  -25.196  23.051  -3.805 0.7142857313
91596  -27.382  22.000  -4.634 1.0000000000
91595  -26.129  22.364  -3.987 1.0000000000
91606  -25.835  23.124  -4.654 1.0000000000
94141  -24.575  25.613  -3.843 1.0000000000
94128  -24.737  25.767  -2.703 0.8571428657
95954  -24.469  26.984  -1.440 0.8571428657
95024  -24.300  26.424  -2.005 1.0000000000
97550  -23.739  29.502  -1.020 0.8571428657
96748  -23.817  28.437  -1.214 0.8571428657
95953  -23.940  27.441  -1.703 1.0000000000
98345  -23.580  30.481  -0.760 0.8571428657
98356  -22.905  30.068  -1.454 0.8571428657
98327  -23.882  30.738  0.181 0.7142857313
98328  -24.450  30.210  0.749 0.5714285970
99092  -23.519  31.536  0.612 0.7142857313
99885  -22.849  32.256  0.067 0.5714285970
98311  -22.768  30.970  2.713 0.5714285970
98315  -23.863  30.798  1.905 0.5714285970
99078  -22.110  31.487  2.790 0.4285714328
99843  -22.002  32.224  2.347 0.4285714328
99854  -22.075  32.950  1.647 0.4285714328
99068  -20.207  31.795  3.912 0.2857142985
99836  -19.908  32.229  4.022 0.2857142985
99069  -20.968  31.711  3.215 0.2857142985
99829  -20.099  32.309  4.439 0.2857142985
80991  -28.388  11.707  0.961 0.5714285970
88681  -30.481  19.936  -4.463 0.8571428657
89753  -30.391  20.595  -4.386 0.8571428657
90715  -29.535  21.359  -5.114 0.8571428657
90727  -28.897  21.666  -6.112 0.8571428657
92451  -25.276  23.496  -4.456 0.8571428657
99056  -21.952  31.883  5.202 0.1428571492
72149  -23.930  2.289  3.410 0.2857142985
74131  -24.149  3.660  3.228 0.2857142985
74132  -24.991  3.722  3.350 0.2857142985
75161  -26.421  5.424  2.987 0.4285714328
74143  -24.343  4.405  2.949 0.2857142985
76132  -26.387  6.290  2.549 0.4285714328
76149  -24.472  6.208  1.724 0.5714285970
77148  -25.180  8.102  0.767 0.2857142985
80993  -30.500  11.818  1.403 0.4285714328
79132  -26.147  10.401  -0.044 0.7142857313
80090  -26.473  10.822  0.121 0.7142857313
81927  -29.803  12.741  1.381 0.5714285970
83775  -29.571  14.190  0.557 0.7142857313
81012  -26.549  11.593  -0.544 0.5714285970
81013  -27.152  11.799  -0.425 0.5714285970
85695  -32.629  16.764  -1.979 0.5714285970
85660  -32.489  15.720  -1.179 0.5714285970
84755  -29.095  15.781  -0.642 0.7142857313
85710  -32.752  17.518  -2.570 0.5714285970
86668  -30.485  17.928  -2.002 0.7142857313
88669  -28.987  19.321  -3.972 1.0000000000
91620  -27.567  23.099  -6.121 1.0000000000
89738  -27.028  20.572  -3.536 1.0000000000
91594  -25.348  22.888  -4.170 0.8571428657
93265  -25.627  24.282  -2.833 0.7142857313
93279  -25.344  24.052  -3.908 1.0000000000
93292  -24.808  24.490  -4.920 1.0000000000
94129  -25.297  25.088  -3.381 0.7142857313
94152  -24.431  24.770  -4.861 1.0000000000
95033  -24.163  26.340  -3.143 0.8571428657
95023  -23.675  26.832  -2.560 1.0000000000
98316  -24.239  30.368  1.749 0.5714285970
99084  -23.520  31.340  1.680 0.7142857313
99867  -22.913  32.229  1.106 0.7142857313
98303  -22.465  30.475  3.183 0.4285714328
99842  -21.226  33.076  2.592 0.4285714328
99853  -21.556  33.490  1.888 0.4285714328
99837  -20.418  32.920  3.760 0.2857142985
79109  -24.988  9.175  0.042 0.4285714328
79110  -25.572  9.506  0.135 0.4285714328
99077  -21.540  32.127  2.755 0.4285714328
99844  -22.469  31.792  2.399 0.7142857313
71181  -24.971  1.295  3.937 0.4285714328
73136  -23.807  3.088  3.212 0.2857142985
75159  -24.577  5.177  2.521 0.2857142985
75160  -25.460  5.248  2.863 0.4285714328
75177  -24.470  5.671  2.097 0.4285714328
77147  -24.559  7.732  0.636 0.2857142985
78166  -25.504  8.775  0.566 0.5714285970
80992  -29.404  11.756  1.400 0.4285714328
81925  -27.918  12.558  0.042 0.7142857313
81924  -27.427  12.113  -0.338 0.7142857313
82851  -28.081  13.612  -0.340 0.5714285970
84757  -31.479  15.563  -0.347 0.5714285970
86636  -31.248  17.060  -0.839 0.7142857313
82850  -27.477  13.513  -1.072 0.7142857313
84754  -28.339  15.159  -1.060 0.8571428657
87642  -31.092  17.991  -1.650 0.7142857313
84775  -28.753  16.175  -1.392 0.8571428657
88671  -31.454  19.473  -4.538 0.8571428657
89751  -28.400  20.614  -4.485 1.0000000000
93266  -25.641  23.727  -3.290 0.8571428657
98346  -24.317  29.926  -0.232 0.8571428657
99093  -24.047  30.912  1.098 0.7142857313
99085  -23.926  30.850  1.604 0.5714285970
99079  -22.925  31.406  2.408 0.5714285970
99070  -21.634  31.008  3.042 0.4285714328
99061  -20.131  31.810  4.452 0.2857142985
99822  -20.473  32.206  5.019 0.2857142985
99063  -21.374  32.253  4.977 0.1428571492
78165  -24.588  8.565  0.260 0.2857142985
94142  -25.021  25.000  -4.535 1.0000000000
99855  -22.700  32.010  1.960 0.5714285970
101580  -20.178  35.928  1.004 0.2857142985
102485  -20.319  36.160  1.973 0.1428571492
101566  -19.975  34.965  1.631 0.2857142985
101581  -20.573  35.196  0.721 0.2857142985
101550  -19.778  35.142  2.557 0.1428571492
100646  -20.173  34.384  2.672 0.1428571492
100629  -19.759  34.701  2.937 0.1428571492
100681  -21.359  34.467  0.386 0.2857142985
99907  -20.446  33.240  -2.567 0.2857142985
99883  -21.726  33.562  -1.178 0.2857142985
102486  -20.910  35.935  2.552 0.1428571492
100664  -21.689  33.623  1.563 0.2857142985
99105  -22.586  32.113  -0.937 0.2857142985
100663  -21.130  34.253  1.637 0.2857142985
98369  -20.452  30.893  -3.121 0.1428571492
99897  -21.750  32.708  -1.347 0.2857142985
99884  -22.226  33.164  -0.512 0.2857142985
101533  -20.145  34.951  3.086 0.1428571492
100699  -21.904  33.749  0.162 0.2857142985
100682  -21.817  33.729  1.011 0.2857142985
98394  -23.056  31.034  -6.426 0.1428571492
98387  -21.637  31.675  -5.409 0.1428571492
99132  -20.391  32.006  -2.737 0.4285714328
96774  -22.748  28.798  -4.442 0.2857142985
98370  -21.257  30.195  -2.614 0.4285714328
99117  -21.823  31.650  -1.550 0.2857142985
97590  -23.244  29.357  -5.178 0.1428571492
97580  -22.081  29.522  -4.252 0.2857142985
99118  -22.812  31.099  -1.271 0.4285714328
97572  -22.665  28.951  -2.624 0.5714285970
96785  -23.541  28.491  -5.785 0.1428571492
96784  -23.262  28.700  -5.030 0.1428571492
99106  -23.327  31.426  -0.415 0.4285714328
96764  -22.533  28.906  -3.555 0.4285714328
95985  -25.010  27.493  -5.494 0.2857142985
96798  -24.113  27.663  -6.497 0.7142857313
97560  -23.134  29.156  -1.789 0.7142857313
95032  -23.590  26.957  -3.546 0.8571428657
95983  -23.092  27.770  -5.229 0.8571428657
96765  -23.119  28.395  -3.160 0.5714285970
95045  -25.751  26.685  -4.122 0.2857142985
95057  -25.658  26.800  -4.980 0.2857142985
96737  -24.902  28.222  0.176 0.5714285970
95963  -23.419  27.586  -2.811 0.8571428657
95058  -26.088  26.207  -4.559 0.1428571492
96000  -24.491  27.233  -6.549 0.7142857313
94143  -26.503  25.659  -3.991 0.1428571492
88640  -27.244  19.143  -1.106 0.5714285970
90694  -26.676  21.368  -3.274 0.8571428657
90684  -26.809  21.351  -2.248 0.4285714328
91584  -26.358  22.296  -2.692 0.5714285970
92480  -25.952  24.595  -6.344 0.8571428657
95056  -23.866  26.295  -5.174 0.8571428657
94144  -27.121  25.146  -4.654 0.2857142985
94172  -25.487  25.634  -6.261 0.8571428657
95069  -23.872  26.556  -5.875 0.8571428657
93281  -27.572  24.592  -3.989 0.4285714328
94165  -26.560  25.600  -6.037 0.7142857313
95078  -25.066  26.685  -6.345 0.7142857313
87627  -27.056  18.355  -0.911 0.2857142985
89718  -27.259  20.169  -2.294 0.5714285970
92461  -25.734  23.743  -5.421 0.8571428657
92473  -25.798  24.284  -6.118 0.8571428657
94164  -25.090  25.171  -6.130 0.8571428657
94163  -24.578  25.716  -5.699 0.8571428657
93293  -27.686  24.424  -5.535 0.4285714328
93306  -27.034  24.803  -6.335 0.8571428657
93282  -27.971  23.909  -4.567 0.4285714328
84773  -27.369  15.559  -2.350 0.7142857313
85674  -27.129  16.008  -2.055 0.4285714328
83807  -27.538  14.943  -2.115 0.7142857313
85709  -28.000  17.077  -2.586 0.8571428657
86665  -27.575  17.253  -2.719 0.5714285970
87641  -27.378  18.088  -1.895 0.5714285970
87640  -27.244  17.632  -1.183 0.4285714328
87664  -27.605  18.304  -3.205 0.8571428657
87653  -27.273  18.216  -2.809 0.5714285970
88651  -27.538  19.139  -2.133 0.5714285970
88668  -27.941  19.218  -3.451 0.7142857313
88661  -26.967  19.136  -3.090 0.5714285970
90734  -29.456  22.792  -6.518 0.7142857313
92484  -29.379  23.114  -6.631 0.7142857313
92475  -28.192  23.803  -6.591 0.7142857313
92474  -26.641  23.882  -6.085 0.8571428657
91586  -29.323  22.501  -3.205 0.2857142985
91597  -28.840  22.759  -4.376 0.4285714328
92464  -28.527  23.432  -5.225 0.5714285970
82862  -26.740  13.548  -1.323 0.4285714328
83805  -26.705  14.443  -1.245 0.4285714328
86667  -29.346  17.394  -2.272 0.7142857313
86666  -28.482  17.174  -2.538 0.7142857313
90716  -30.039  21.353  -4.739 0.7142857313
90704  -29.942  21.760  -3.751 0.2857142985
91598  -29.596  22.264  -4.594 0.5714285970
90729  -29.743  22.291  -6.055 0.5714285970
81950  -26.206  12.792  -1.095 0.5714285970
83790  -27.279  13.977  -1.394 0.5714285970
83806  -27.149  14.473  -1.671 0.5714285970
85694  -29.116  16.825  -1.866 0.7142857313
117002  -32.018  20.334  -4.488 0.4285714328
90717  -30.805  20.664  -3.961 0.4285714328
79131  -25.754  10.169  -0.230 0.5714285970
84776  -32.857  15.212  -1.310 0.4285714328
85680  -32.834  15.988  -1.671 0.4285714328
116999  -33.673  19.352  -4.393 0.4285714328
116987  -32.720  18.402  -3.631 0.4285714328
116993  -33.053  19.630  -4.094 0.4285714328
116994  -32.490  19.863  -4.659 0.4285714328
76133  -26.967  6.562  2.460 0.1428571492
86683  -33.413  17.743  -3.326 0.4285714328
86692  -33.718  17.805  -4.008 0.4285714328
87669  -34.353  18.369  -4.444 0.4285714328
77105  -26.928  7.167  2.306 0.1428571492
78140  -27.840  8.678  1.753 0.1428571492
82864  -33.009  13.665  -1.240 0.2857142985
83838  -34.836  14.667  -3.582 0.2857142985
83822  -33.692  14.490  -2.373 0.2857142985
81943  -31.714  13.125  0.589 0.4285714328
84807  -35.103  15.838  -4.010 0.2857142985
84792  -33.795  15.365  -2.556 0.2857142985
83808  -32.677  14.510  -0.936 0.2857142985
84816  -34.893  16.526  -4.080 0.2857142985
84815  -34.659  16.378  -3.877 0.4285714328
77121  -27.483  7.704  2.213 0.1428571492
77104  -26.267  7.033  2.197 0.1428571492
78141  -28.899  8.762  2.245 0.2857142985
79086  -29.157  9.676  1.937 0.2857142985
80073  -32.105  10.927  1.190 0.2857142985
81945  -32.910  12.410  -0.925 0.2857142985
81944  -32.484  12.746  -0.065 0.2857142985
81953  -32.743  13.043  -0.907 0.2857142985
77122  -28.686  7.782  2.327 0.1428571492
79088  -31.228  9.604  1.749 0.2857142985
79087  -30.167  9.865  1.966 0.2857142985
80072  -31.159  11.002  1.505 0.2857142985
74145  -26.247  4.420  3.493 0.2857142985
75162  -27.574  5.714  2.879 0.1428571492
69162  -24.885  -0.562  4.279 0.2857142985
69161  -23.777  -0.191  4.237 0.2857142985
70192  -25.367  0.449  3.967 0.1428571492
69141  -24.022  -1.099  4.396 0.2857142985
78142  -29.953  8.890  2.490 0.2857142985
81954  -33.204  12.713  -1.568 0.2857142985
80994  -31.564  11.798  1.166 0.2857142985
82865  -33.528  13.586  -2.023 0.2857142985
83795  -31.971  14.624  -0.351 0.4285714328
84777  -33.470  15.239  -1.830 0.4285714328
84806  -34.455  15.709  -3.377 0.2857142985
85712  -35.344  16.699  -3.886 0.2857142985
85675  -27.347  16.309  -2.781 0.7142857313
86693  -34.346  17.832  -4.308 0.4285714328
87678  -32.988  18.993  -4.624 0.4285714328
89754  -31.135  20.412  -4.298 0.4285714328
90705  -30.599  21.067  -3.398 0.2857142985
90695  -30.169  21.842  -2.774 0.2857142985
92463  -28.414  23.951  -5.957 0.7142857313
95044  -23.998  26.269  -4.227 0.8571428657
97533  -24.655  29.281  0.482 0.5714285970
92453  -28.384  23.376  -3.945 0.2857142985
95055  -23.188  26.928  -5.697 0.8571428657
96757  -23.295  28.287  -2.168 0.8571428657
95070  -25.470  26.743  -5.909 0.5714285970
99866  -22.389  33.068  0.589 0.2857142985
102470  -20.915  35.297  2.901 0.1428571492
98379  -20.929  31.153  -4.288 0.1428571492
100698  -21.690  34.185  -0.532 0.2857142985
70190  -23.510  0.700  3.690 0.2857142985
72152  -26.408  2.020  3.939 0.1428571492
76152  -28.647  6.716  2.651 0.1428571492
77123  -29.734  7.855  2.403 0.1428571492
80045  -28.528  10.225  1.521 0.2857142985
79112  -29.419  10.177  1.723 0.2857142985
81015  -33.122  12.065  -1.329 0.2857142985
81951  -26.664  12.866  -1.292 0.5714285970
81928  -30.966  12.736  0.981 0.2857142985
81929  -31.899  12.447  0.732 0.2857142985
82849  -26.486  13.937  -0.927 0.2857142985
86669  -34.495  17.881  -2.984 0.2857142985
84791  -27.962  16.067  -3.042 0.5714285970
86650  -27.172  16.815  -0.974 0.4285714328
86684  -34.889  17.634  -4.211 0.4285714328
88639  -26.818  19.028  -0.110 0.2857142985
87657  -34.796  18.298  -4.267 0.2857142985
89705  -27.269  20.074  -1.435 0.2857142985
117001  -33.290  19.785  -3.184 0.1428571492
89741  -31.816  20.587  -3.627 0.4285714328
116998  -32.130  20.439  -4.163 0.4285714328
89731  -31.224  20.924  -2.738 0.1428571492
92462  -26.147  23.347  -5.856 0.8571428657
90696  -30.671  21.290  -2.437 0.1428571492
91610  -29.672  22.320  -5.550 0.5714285970
91585  -28.672  22.901  -3.546 0.2857142985
93294  -28.110  23.900  -5.385 0.5714285970
95043  -23.280  26.952  -4.682 0.8571428657
94131  -27.092  25.230  -3.313 0.2857142985
94130  -26.694  25.917  -2.890 0.1428571492
95071  -26.048  26.181  -5.544 0.4285714328
95974  -25.864  26.921  -3.677 0.1428571492
95973  -25.415  27.353  -4.026 0.1428571492
95984  -24.553  27.881  -5.932 0.1428571492
97591  -23.907  28.959  -4.764 0.1428571492
100630  -20.362  34.227  3.202 0.1428571492
95971  -22.963  28.315  -4.225 0.5714285970
96786  -24.376  28.264  -5.348 0.1428571492
98354  -21.144  31.257  -2.335 0.2857142985
97589  -22.705  29.695  -5.410 0.2857142985
97596  -22.957  30.480  -6.316 0.1428571492
97588  -22.483  30.727  -5.902 0.1428571492
99131  -20.113  32.928  -3.238 0.2857142985
99142  -20.171  32.831  -4.035 0.1428571492
98378  -20.836  32.112  -4.504 0.1428571492
71200  -27.154  1.416  3.604 0.1428571492
82874  -33.777  13.631  -2.984 0.2857142985
92442  -29.121  23.049  -2.142 0.2857142985
99155  -22.621  32.286  -5.251 0.1428571492
100741  -19.310  34.205  -3.601 0.2857142985
71182  -25.829  1.242  3.914 0.1428571492
73139  -26.614  2.844  3.670 0.1428571492
73154  -26.325  3.511  3.594 0.1428571492
79085  -28.212  9.541  1.673 0.2857142985
82853  -31.833  13.807  0.147 0.4285714328
84774  -28.023  15.670  -2.120 0.7142857313
92482  -28.877  23.221  -6.737 0.7142857313
90702  -26.815  21.015  -4.173 0.8571428657
89739  -27.854  20.169  -4.001 0.8571428657
97551  -24.357  28.919  -0.434 0.5714285970
85696  -33.447  16.268  -2.510 0.4285714328
89730  -27.581  20.072  -3.074 0.5714285970
94151  -24.264  25.165  -4.875 0.8571428657
86681  -28.275  17.598  -2.903 0.8571428657
101565  -20.027  35.524  1.812 0.1428571492
102469  -20.294  35.436  2.631 0.1428571492
101551  -19.686  34.941  2.320 0.2857142985
100645  -19.684  34.811  2.690 0.1428571492
99116  -21.045  32.345  -2.012 0.2857142985
98368  -20.506  31.976  -3.619 0.1428571492
98393  -22.646  31.262  -5.978 0.1428571492
97579  -21.673  30.381  -5.024 0.1428571492
97559  -22.335  29.765  -2.255 0.5714285970
97571  -21.994  29.566  -3.133 0.4285714328
98355  -21.992  30.616  -1.865 0.5714285970
97570  -21.327  30.240  -3.713 0.2857142985
96791  -23.761  27.941  -6.327 0.4285714328
95982  -23.033  28.191  -4.554 0.5714285970
95994  -24.631  27.561  -6.342 0.5714285970
95972  -23.233  27.846  -4.010 0.7142857313
94153  -26.526  25.615  -5.128 0.4285714328
94171  -24.863  26.214  -6.217 0.8571428657
89729  -26.974  20.683  -2.796 0.5714285970
90672  -27.147  20.563  -1.699 0.4285714328
93305  -26.556  24.518  -6.323 0.8571428657
94174  -26.746  25.361  -6.323 0.8571428657
94154  -27.115  25.237  -5.798 0.4285714328
95079  -25.891  26.084  -6.218 0.8571428657
84772  -26.824  15.214  -1.766 0.4285714328
84790  -27.607  15.919  -3.065 0.7142857313
86680  -27.524  17.552  -2.801 0.7142857313
86651  -27.453  16.954  -1.996 0.4285714328
86634  -26.298  16.897  -0.126 0.2857142985
91609  -29.280  22.933  -5.546 0.5714285970
82863  -27.100  13.475  -1.431 0.5714285970
82861  -26.431  13.127  -1.164 0.5714285970
83809  -33.314  14.454  -1.548 0.2857142985
84793  -33.985  15.764  -2.917 0.4285714328
116995  -32.423  20.230  -4.190 0.4285714328
85718  -34.585  17.115  -3.842 0.4285714328
80046  -29.040  10.196  1.631 0.2857142985
80071  -30.116  10.835  1.576 0.2857142985
82854  -32.465  13.736  -0.550 0.2857142985
84805  -34.172  15.370  -2.984 0.2857142985
85719  -34.949  16.943  -4.064 0.4285714328
76151  -27.647  6.669  2.556 0.1428571492
80995  -32.410  11.685  0.519 0.2857142985
80047  -30.862  10.318  1.730 0.2857142985
69163  -25.799  -0.253  3.910 0.1428571492
69142  -24.578  -1.284  4.364 0.1428571492
70193  -26.218  0.443  3.725 0.1428571492
101534  -21.075  34.632  3.325 0.1428571492
72169  -27.251  2.288  3.660 0.1428571492
95933  -25.211  27.637  0.039 0.5714285970
95006  -25.524  25.966  0.120 0.4285714328
95945  -25.338  26.681  -0.289 0.4285714328
95944  -24.795  27.310  -0.660 0.5714285970
95016  -25.324  26.241  -0.960 0.4285714328
95943  -24.150  27.808  -0.988 0.4285714328
93255  -25.604  24.240  -1.964 0.4285714328
94120  -25.291  25.231  -1.912 0.4285714328
93232  -25.780  24.531  -0.319 0.4285714328
94111  -25.656  25.266  -0.679 0.5714285970
95025  -24.824  26.045  -1.609 0.5714285970
95015  -24.758  26.625  -1.334 0.5714285970
92440  -25.863  23.201  -3.094 0.5714285970
83811  -35.508  14.878  -2.951 0.1428571492
85698  -35.569  16.634  -3.118 0.1428571492
77117  -23.865  6.757  1.118 0.2857142985
83837  -34.195  14.675  -3.093 0.1428571492
82875  -35.425  13.953  -2.436 0.1428571492
83824  -35.770  14.387  -3.213 0.1428571492
83797  -34.375  14.583  -1.334 0.1428571492
83796  -33.991  14.747  -0.377 0.1428571492
81962  -33.578  12.642  -2.557 0.1428571492
81973  -34.755  12.683  -3.661 0.1428571492
82888  -35.711  13.523  -3.481 0.1428571492
82856  -34.175  13.601  -0.355 0.1428571492
82876  -35.697  13.436  -2.801 0.1428571492
83752  -34.015  14.067  2.281 0.1428571492
82835  -33.757  14.028  0.630 0.1428571492
83765  -33.834  13.943  1.775 0.1428571492
75176  -23.970  5.596  1.841 0.2857142985
80074  -32.673  10.554  0.202 0.1428571492
80091  -32.985  10.578  -0.669 0.1428571492
81014  -32.996  11.500  -0.770 0.1428571492
81022  -33.167  11.661  -2.088 0.1428571492
81043  -35.030  11.775  -3.656 0.1428571492
81032  -33.554  11.737  -3.155 0.1428571492
81956  -35.539  12.335  -2.690 0.1428571492
81042  -34.192  11.781  -3.630 0.1428571492
81946  -34.568  12.429  -1.035 0.1428571492
81930  -34.309  12.175  0.213 0.1428571492
82818  -33.794  13.227  1.905 0.1428571492
82836  -33.967  13.153  0.867 0.1428571492
75157  -22.960  4.776  2.169 0.2857142985
74142  -23.480  4.081  2.668 0.2857142985
80050  -32.514  9.941  0.445 0.1428571492
79133  -32.953  10.052  -0.496 0.1428571492
80101  -33.133  10.663  -1.346 0.1428571492
80121  -35.256  11.035  -3.598 0.1428571492
80112  -33.141  10.900  -3.080 0.1428571492
81024  -35.294  11.436  -2.275 0.1428571492
81023  -34.779  11.622  -1.546 0.1428571492
82787  -34.169  13.593  3.703 0.1428571492
82805  -34.137  13.358  2.873 0.1428571492
78143  -30.911  8.830  1.936 0.1428571492
79089  -31.943  9.510  1.239 0.1428571492
78144  -31.767  8.812  1.496 0.1428571492
78183  -33.287  9.338  -1.198 0.1428571492
78168  -32.975  8.956  0.176 0.1428571492
78214  -34.334  9.904  -3.597 0.1428571492
79146  -33.114  10.194  -1.043 0.1428571492
79158  -35.613  10.494  -3.422 0.1428571492
79164  -33.390  10.375  -3.512 0.1428571492
81034  -36.221  10.849  -3.088 0.1428571492
81906  -34.358  12.302  1.443 0.1428571492
81016  -34.534  11.358  -0.708 0.1428571492
81895  -34.312  12.394  2.505 0.1428571492
77125  -31.742  7.991  1.801 0.1428571492
78182  -33.275  8.595  -0.902 0.1428571492
77149  -32.751  8.020  0.198 0.1428571492
78145  -32.391  8.818  0.876 0.1428571492
78169  -33.181  9.219  -0.447 0.1428571492
79090  -32.453  9.489  0.623 0.1428571492
79157  -35.611  10.036  -3.284 0.1428571492
78206  -33.972  9.326  -3.478 0.1428571492
79149  -36.016  9.586  -2.745 0.1428571492
80103  -35.013  10.602  -1.577 0.1428571492
80113  -36.233  10.472  -2.994 0.1428571492
80996  -34.392  11.074  0.164 0.1428571492
80104  -35.744  10.506  -2.500 0.1428571492
77166  -33.153  7.733  -1.020 0.1428571492
77126  -32.348  8.170  1.227 0.1428571492
77176  -33.567  8.570  -3.214 0.1428571492
78194  -33.637  8.177  -1.685 0.1428571492
78207  -35.077  9.063  -3.308 0.1428571492
78196  -33.809  8.850  -3.219 0.1428571492
80092  -34.682  10.313  -0.434 0.1428571492
79148  -35.634  9.797  -2.033 0.1428571492
79114  -32.868  9.677  0.035 0.1428571492
78205  -33.567  9.539  -3.179 0.1428571492
80120  -34.433  11.011  -3.907 0.1428571492
81880  -34.258  12.541  3.650 0.1428571492
83707  -34.015  14.503  4.275 0.1428571492
81955  -35.130  12.366  -1.913 0.1428571492
84779  -35.299  15.659  -2.661 0.1428571492
75158  -23.662  5.021  2.391 0.2857142985
80962  -34.478  11.408  2.054 0.1428571492
82744  -34.492  13.954  4.826 0.1428571492
92430  -25.726  23.673  -2.378 0.4285714328
83730  -34.026  14.235  3.178 0.1428571492
83751  -33.661  14.826  2.519 0.1428571492
85683  -35.100  16.629  -2.149 0.1428571492
86657  -35.056  17.347  -2.702 0.1428571492
96717  -25.332  27.852  0.933 0.4285714328
96716  -24.932  28.711  1.375 0.4285714328
100748  -19.687  34.194  -4.198 0.1428571492
96749  -24.309  28.106  -0.557 0.4285714328
100729  -19.925  33.907  -2.545 0.1428571492
83839  -35.362  14.581  -3.451 0.1428571492
80048  -31.626  10.250  1.490 0.1428571492
87656  -34.595  18.571  -3.724 0.1428571492
88683  -33.882  19.390  -3.600 0.1428571492
82886  -34.404  13.663  -3.566 0.1428571492
84794  -35.477  15.528  -3.420 0.1428571492
83823  -35.680  14.273  -2.737 0.1428571492
83810  -35.075  14.618  -2.314 0.1428571492
82866  -35.015  13.484  -1.802 0.1428571492
82867  -35.412  12.908  -2.292 0.1428571492
82887  -35.215  13.622  -3.730 0.1428571492
84778  -34.739  15.589  -1.795 0.1428571492
84759  -33.879  15.597  -0.096 0.1428571492
82855  -33.850  14.299  0.073 0.1428571492
81972  -33.996  12.676  -3.343 0.1428571492
81974  -35.614  12.624  -3.750 0.1428571492
81963  -35.887  12.488  -3.281 0.1428571492
82817  -33.755  13.781  1.338 0.1428571492
80049  -32.170  10.104  0.865 0.1428571492
81021  -33.115  11.126  -1.622 0.1428571492
80119  -33.614  10.994  -3.730 0.1428571492
81044  -35.786  11.608  -3.372 0.1428571492
81033  -36.154  11.358  -2.947 0.1428571492
80102  -33.184  10.707  -2.186 0.1428571492
79147  -33.327  9.952  -1.755 0.1428571492
81045  -36.113  11.032  -3.218 0.1428571492
79166  -34.911  10.370  -3.603 0.1428571492
77124  -30.757  7.899  2.184 0.1428571492
79165  -33.920  10.239  -3.768 0.1428571492
78215  -34.781  9.725  -3.490 0.1428571492
79155  -33.311  10.024  -2.918 0.1428571492
78195  -33.689  8.993  -2.447 0.1428571492
79135  -35.075  9.408  -1.223 0.1428571492
68139  -22.444  -1.774  4.042 0.1428571492
69140  -23.100  -0.930  4.272 0.1428571492
68160  -22.334  -0.819  3.748 0.1428571492
69160  -22.853  -0.080  3.694 0.1428571492
71179  -23.201  1.682  3.393 0.1428571492
72148  -22.999  2.733  2.999 0.1428571492
74130  -23.700  3.565  3.034 0.1428571492
71178  -22.211  1.932  2.794 0.1428571492
72147  -22.335  2.660  2.702 0.1428571492
73135  -23.377  3.399  2.886 0.1428571492
73152  -21.948  3.846  2.112 0.1428571492
74160  -22.207  4.800  1.707 0.1428571492
75175  -22.978  5.492  1.430 0.1428571492
76147  -22.993  6.058  0.976 0.2857142985
76148  -23.513  6.204  1.205 0.1428571492
76172  -23.446  6.753  0.838 0.1428571492
76171  -22.855  6.651  0.638 0.2857142985
81010  -24.819  11.609  -0.578 0.4285714328
81940  -26.312  12.259  -1.141 0.4285714328
91576  -26.623  22.326  -1.604 0.2857142985
92423  -26.300  23.378  -1.044 0.2857142985
92431  -25.831  22.980  -1.992 0.2857142985
94078  -25.519  25.455  1.956 0.2857142985
94975  -25.435  26.379  2.137 0.2857142985
95934  -25.622  27.127  0.344 0.2857142985
95911  -25.624  27.162  1.492 0.4285714328
75198  -22.266  6.288  0.584 0.1428571492
70189  -22.482  0.925  3.416 0.1428571492
75199  -22.577  6.029  0.835 0.1428571492
77145  -22.460  7.897  0.302 0.2857142985
77146  -23.616  7.386  0.400 0.2857142985
77164  -23.223  8.101  -0.176 0.2857142985
78164  -24.035  8.037  0.068 0.2857142985
79130  -24.890  9.900  -0.247 0.4285714328
90671  -27.046  21.172  -1.168 0.2857142985
91553  -26.600  22.457  0.647 0.2857142985
93246  -25.689  24.314  -1.116 0.2857142985
94102  -25.995  24.909  0.813 0.2857142985
93211  -25.271  24.222  2.288 0.2857142985
94983  -25.922  26.050  1.171 0.2857142985
78180  -23.718  8.794  -0.137 0.2857142985
91570  -26.715  22.381  -0.461 0.2857142985
90651  -26.906  21.439  0.162 0.2857142985
92403  -26.140  23.225  0.033 0.2857142985
92384  -25.701  23.398  1.529 0.2857142985
93247  -25.834  23.885  -0.389 0.2857142985
93233  -25.899  24.154  0.352 0.2857142985
93213  -25.875  24.233  1.179 0.2857142985
94101  -25.860  25.072  0.165 0.2857142985
91542  -26.208  22.537  1.434 0.2857142985
91541  -25.318  22.503  1.664 0.2857142985
92385  -26.257  23.366  0.862 0.2857142985
80088  -25.220  10.834  -0.325 0.4285714328
81011  -25.698  11.620  -0.673 0.4285714328
78181  -24.401  9.254  -0.166 0.4285714328
95007  -25.940  25.502  0.664 0.2857142985
74141  -22.659  4.238  2.291 0.1428571492
72168  -22.349  3.148  2.623 0.1428571492
73153  -22.811  3.577  2.596 0.1428571492
80087  -24.383  10.690  -0.397 0.4285714328
94079  -25.855  25.085  1.383 0.2857142985
79129  -24.025  9.760  -0.637 0.4285714328
81939  -25.432  12.492  -0.916 0.2857142985
101596  -21.850  35.045  -0.281 0.1428571492
101597  -22.312  34.253  -0.669 0.1428571492
101610  -21.929  34.407  -0.929 0.1428571492
100715  -21.690  34.079  -1.402 0.1428571492
100730  -20.683  34.073  -2.273 0.1428571492
101582  -22.442  35.146  0.597 0.1428571492
101595  -21.061  35.358  -0.196 0.1428571492
102511  -19.994  37.034  0.498 0.1428571492
82848  -26.046  13.439  -0.667 0.2857142985
101623  -21.285  34.195  -2.335 0.1428571492
100717  -22.553  33.848  -1.217 0.1428571492
99896  -21.201  33.381  -1.831 0.1428571492
100716  -21.968  34.267  -1.375 0.1428571492
100731  -21.556  34.142  -1.873 0.1428571492
102526  -21.210  36.100  0.227 0.1428571492
102525  -20.597  36.772  0.237 0.1428571492
101594  -20.412  36.107  0.351 0.1428571492
102498  -20.075  36.641  1.179 0.1428571492
102527  -21.806  35.681  0.479 0.1428571492
101611  -22.151  34.263  -1.073 0.1428571492
101609  -21.909  34.571  -0.609 0.1428571492
102513  -22.316  35.777  1.060 0.1428571492
89662  -25.165  20.956  1.294 0.1428571492
90633  -26.500  21.625  1.129 0.1428571492
92383  -25.052  23.264  2.028 0.1428571492
92380  -21.599  23.121  2.266 0.1428571492
92367  -23.328  23.887  2.712 0.1428571492
93198  -22.798  24.722  2.994 0.1428571492
94069  -22.355  25.502  3.238 0.2857142985
85656  -26.769  15.974  -0.923 0.2857142985
85655  -25.882  16.076  -0.221 0.1428571492
88638  -25.934  18.972  0.617 0.1428571492
89703  -26.401  19.819  0.383 0.1428571492
89681  -25.632  20.210  0.797 0.1428571492
93268  -28.010  24.075  -3.240 0.1428571492
90632  -25.699  21.719  1.455 0.1428571492
93200  -25.003  24.897  2.711 0.1428571492
94071  -24.384  25.730  3.301 0.1428571492
94070  -23.327  25.486  3.355 0.1428571492
94059  -23.624  26.177  3.502 0.2857142985
95898  -24.662  27.548  3.134 0.2857142985
97492  -21.983  29.558  3.820 0.2857142985
96700  -21.408  28.633  3.762 0.2857142985
98302  -21.422  30.552  3.489 0.2857142985
98288  -20.467  31.110  5.110 0.1428571492
95899  -25.248  27.362  2.394 0.2857142985
94962  -24.170  26.743  3.444 0.2857142985
96708  -24.940  28.419  2.520 0.2857142985
97513  -24.643  29.645  1.339 0.2857142985
96702  -23.384  28.495  3.495 0.2857142985
96701  -22.303  28.331  3.640 0.2857142985
98313  -24.184  30.124  2.311 0.2857142985
97493  -22.876  29.390  3.389 0.2857142985
98301  -20.822  30.855  3.944 0.1428571492
96699  -20.904  28.478  4.316 0.2857142985
99830  -20.535  32.541  4.691 0.1428571492
96705  -21.186  27.903  3.959 0.1428571492
95895  -20.712  27.396  4.053 0.1428571492
97491  -21.103  29.677  3.900 0.2857142985
98295  -20.556  31.202  4.427 0.1428571492
97478  -20.751  29.956  4.662 0.1428571492
93196  -20.661  24.858  2.538 0.2857142985
96688  -20.495  28.559  5.149 0.1428571492
97473  -20.872  29.739  5.896 0.1428571492
92347  -18.127  24.061  3.365 0.1428571492
93267  -27.542  24.741  -2.639 0.1428571492
91577  -29.768  22.378  -1.808 0.1428571492
87626  -26.564  17.925  -0.293 0.1428571492
88619  -25.093  19.561  0.864 0.1428571492
93257  -28.127  24.526  -1.704 0.1428571492
89680  -24.668  20.261  1.046 0.1428571492
90650  -23.235  21.104  1.306 0.1428571492
90630  -23.742  21.583  1.605 0.1428571492
91540  -24.334  22.415  1.819 0.1428571492
91538  -22.161  22.308  1.999 0.1428571492
92368  -24.434  23.873  2.702 0.1428571492
93210  -21.113  23.954  2.489 0.1428571492
93199  -23.953  24.728  3.198 0.1428571492
93197  -21.742  24.832  2.723 0.2857142985
94961  -23.329  26.853  3.627 0.1428571492
94960  -22.480  26.828  3.587 0.1428571492
95885  -22.950  27.600  3.637 0.2857142985
95897  -21.830  27.275  3.701 0.1428571492
92441  -28.562  23.384  -2.752 0.1428571492
92432  -28.728  23.634  -1.796 0.1428571492
98312  -23.582  30.537  2.523 0.2857142985
96709  -25.328  27.949  1.786 0.2857142985
89704  -27.050  20.201  -0.289 0.1428571492
90686  -30.406  21.821  -2.034 0.1428571492
94072  -25.156  25.685  2.647 0.1428571492
94974  -24.894  26.566  2.920 0.1428571492
89663  -25.897  21.053  1.074 0.1428571492
90631  -24.755  21.685  1.570 0.1428571492
89661  -24.257  20.891  1.472 0.1428571492
92382  -23.897  23.058  2.380 0.1428571492
92381  -22.714  23.033  2.480 0.1428571492
92366  -22.192  23.920  2.649 0.1428571492
94058  -22.854  26.160  3.513 0.2857142985
95886  -23.890  27.637  3.694 0.2857142985
98304  -23.245  30.007  3.117 0.2857142985
98289  -21.401  30.928  5.616 0.1428571492
96703  -24.337  28.479  3.280 0.2857142985
97495  -24.512  29.004  2.824 0.2857142985
97494  -23.868  29.446  2.983 0.2857142985
96706  -21.663  27.842  3.787 0.1428571492
100631  -21.080  33.702  3.913 0.1428571492
94057  -22.125  26.198  3.408 0.1428571492
95884  -22.282  27.431  3.674 0.2857142985
76170  -21.933  6.823  0.445 0.1428571492
78179  -22.917  8.848  -0.014 0.1428571492
78137  -21.016  8.446  0.967 0.1428571492
78161  -20.926  9.078  1.027 0.1428571492
79107  -21.817  9.759  0.473 0.1428571492
78163  -22.309  9.012  0.409 0.1428571492
80066  -22.089  10.610  0.275 0.1428571492
79108  -22.540  9.745  0.122 0.1428571492
80086  -23.529  10.607  -0.400 0.1428571492
80065  -21.426  10.639  0.695 0.1428571492
81008  -22.962  11.510  -0.363 0.1428571492
81009  -23.883  11.554  -0.288 0.1428571492
81938  -24.312  12.473  -0.491 0.1428571492
83788  -25.229  14.336  -0.157 0.1428571492
83789  -26.163  14.425  -0.550 0.1428571492
94068  -21.389  25.764  3.224 0.1428571492
77116  -20.844  7.917  1.139 0.1428571492
78162  -21.578  8.813  0.679 0.1428571492
84753  -26.413  15.217  -0.754 0.1428571492
77144  -21.470  7.790  0.758 0.1428571492
80067  -22.758  10.592  -0.173 0.1428571492
79128  -23.230  9.693  -0.353 0.1428571492
80988  -22.313  11.465  0.066 0.1428571492
76146  -21.033  6.958  1.043 0.1428571492
77165  -23.625  8.036  -0.085 0.2857142985
79113  -29.685  10.408  1.668 0.2857142985
79115  -33.110  9.609  -0.594 0.1428571492
79134  -33.164  9.812  -1.005 0.1428571492
79156  -33.522  9.876  -3.487 0.1428571492
79167  -35.427  10.673  -3.514 0.1428571492
80114  -36.049  10.621  -3.256 0.1428571492
80122  -35.792  10.890  -3.413 0.1428571492
81952  -26.948  13.067  -1.451 0.5714285970
83774  -29.000  14.063  0.468 0.7142857313
85657  -30.036  16.366  -0.523 0.7142857313
85681  -33.403  15.723  -2.139 0.4285714328
85692  -27.650  16.592  -2.886 0.8571428657
85693  -28.323  16.667  -2.350 0.7142857313
85697  -33.984  16.140  -3.049 0.4285714328
85708  -27.720  17.214  -2.685 0.8571428657
85711  -33.961  16.860  -3.297 0.4285714328
86635  -30.755  17.022  -0.715 0.7142857313
86670  -35.076  17.593  -3.645 0.2857142985
87668  -34.259  18.989  -4.463 0.4285714328
89660  -23.678  20.949  1.389 0.1428571492
89682  -26.422  20.722  0.573 0.1428571492
89717  -26.966  20.744  -2.308 0.4285714328
90685  -26.999  20.796  -1.933 0.4285714328
90732  -29.034  22.027  -6.584 0.8571428657
90733  -29.408  22.495  -6.499 0.7142857313
91622  -29.359  23.170  -6.198 0.5714285970
91623  -29.680  23.042  -5.922 0.7142857313
91626  -28.935  22.696  -7.120 0.7142857313
91627  -29.377  22.941  -6.752 0.7142857313
91628  -29.548  22.942  -6.624 0.7142857313
92369  -25.077  24.010  2.588 0.2857142985
92422  -25.764  23.696  -1.665 0.4285714328
92439  -25.826  23.747  -2.906 0.8571428657
92476  -29.051  23.444  -6.330 0.7142857313
92477  -29.366  23.195  -6.413 0.7142857313
92481  -26.232  24.428  -6.295 0.8571428657
92483  -29.087  23.260  -6.806 0.7142857313
93201  -25.356  25.118  2.375 0.2857142985
93212  -25.428  24.458  1.921 0.2857142985
93280  -25.480  23.409  -3.581 0.8571428657
93291  -24.114  24.623  -5.029 1.0000000000
93303  -24.366  24.829  -5.127 1.0000000000
93304  -25.128  24.729  -5.629 0.8571428657
93309  -25.583  24.852  -6.258 0.8571428657
93310  -26.267  24.937  -6.431 0.8571428657
93311  -26.641  25.167  -6.420 0.8571428657
94119  -24.684  25.801  -2.005 0.5714285970
94166  -26.964  25.300  -6.252 0.8571428657
94173  -26.314  25.462  -6.352 0.8571428657
94973  -22.043  26.946  3.527 0.2857142985
94984  -26.024  25.399  1.031 0.2857142985
95046  -26.197  26.453  -3.540 0.1428571492
95068  -23.572  26.959  -6.331 0.7142857313
95076  -23.819  26.964  -6.511 0.7142857313
95077  -24.248  26.735  -6.319 0.7142857313
95993  -23.354  27.570  -6.202 0.4285714328
95995  -25.078  27.190  -6.323 0.5714285970
95999  -23.849  27.252  -6.533 0.7142857313
96001  -24.868  27.216  -6.549 0.5714285970
96707  -22.022  27.714  3.712 0.1428571492
96738  -25.293  27.738  0.378 0.5714285970
96775  -22.882  28.426  -3.871 0.5714285970
96792  -24.183  28.064  -6.182 0.7142857313
96797  -23.754  27.625  -6.439 0.7142857313
97504  -24.116  29.942  2.568 0.2857142985
97505  -24.550  29.513  2.271 0.2857142985
97595  -22.808  30.852  -6.477 0.1428571492
98386  -21.313  32.350  -4.896 0.1428571492
99054  -20.278  31.972  4.862 0.2857142985
99062  -21.053  32.442  4.936 0.1428571492
99821  -20.189  32.315  4.833 0.2857142985
99906  -19.745  33.658  -2.881 0.2857142985
99916  -18.925  34.148  -4.123 0.2857142985
99917  -19.271  34.254  -4.007 0.2857142985
99918  -19.511  33.734  -3.592 0.2857142985
99929  -19.052  34.217  -4.292 0.1428571492
99930  -19.235  34.182  -4.348 0.1428571492
100740  -19.042  34.240  -3.910 0.2857142985
100747  -19.223  34.260  -4.083 0.1428571492
101635  -19.330  34.274  -3.841 0.2857142985
101641  -19.971  34.323  -3.912 0.1428571492
116992  -32.108  19.232  -4.599 0.5714285970
116997  -32.134  19.444  -4.743 0.5714285970
117270  -19.663  34.185  -2.892 0.2857142985
