#!ascii label  , from subject 3157 vox2ras=TkReg
1007
41202  35.453  -27.658  51.879 0.0000000000
68429  39.436  -1.480  39.804 0.0000000000
54991  30.570  -14.519  44.286 0.0000000000
35679  11.390  -32.609  54.591 0.0000000000
41188  29.388  -26.613  52.129 0.0000000000
60004  30.457  -9.544  45.433 0.0000000000
41209  19.112  -27.112  51.041 0.0000000000
36789  16.180  -32.028  52.927 0.0000000000
41226  24.025  -27.399  49.028 0.0000000000
68436  44.746  -1.239  39.016 0.0000000000
44370  34.917  -26.020  54.081 0.0000000000
46416  33.900  -23.426  49.594 0.0000000000
43361  38.247  -25.865  51.696 0.0000000000
72700  41.943  2.881  40.330 0.0000000000
73772  44.327  3.216  37.747 0.0000000000
67244  35.551  -1.966  43.652 0.0000000000
64049  39.763  -6.314  41.582 0.0000000000
62039  34.772  -7.540  42.117 0.0000000000
57147  35.333  -12.510  43.737 0.0000000000
35735  32.833  -31.937  50.253 0.0000000000
32049  9.958  -36.361  57.063 0.0000000000
30846  6.730  -36.737  59.684 0.0000000000
29680  5.737  -36.088  63.691 0.0000000000
38985  32.202  -28.532  51.973 0.0000000000
37926  28.448  -30.659  48.863 0.0000000000
49438  27.654  -19.564  48.910 0.0000000000
50425  33.404  -18.956  48.547 0.0000000000
76864  46.652  6.680  37.398 0.0000000000
68439  41.593  -1.557  39.125 0.0000000000
66159  42.667  -4.213  39.517 0.0000000000
42238  36.260  -26.573  52.838 0.0000000000
44382  36.314  -25.829  52.481 0.0000000000
42273  37.302  -27.049  51.445 0.0000000000
70603  38.947  0.383  41.527 0.0000000000
71640  40.976  1.638  42.527 0.0000000000
70627  40.742  0.536  39.731 0.0000000000
70625  42.440  0.505  39.266 0.0000000000
27477  4.750  -40.375  62.643 0.0000000000
65086  35.199  -4.332  42.622 0.0000000000
64021  33.078  -5.676  44.621 0.0000000000
58129  29.779  -11.847  44.308 0.0000000000
59126  32.045  -10.544  43.045 0.0000000000
57123  32.896  -13.444  43.195 0.0000000000
54964  33.298  -15.309  45.220 0.0000000000
36765  13.625  -31.762  53.311 0.0000000000
34576  15.503  -34.170  54.684 0.0000000000
33338  13.110  -34.596  54.786 0.0000000000
30915  12.503  -36.468  56.174 0.0000000000
34554  10.774  -34.027  55.743 0.0000000000
34501  7.237  -33.541  59.277 0.0000000000
32008  5.634  -35.800  61.838 0.0000000000
37876  30.996  -28.289  52.204 0.0000000000
37914  31.172  -28.764  49.667 0.0000000000
40137  29.289  -26.996  50.228 0.0000000000
40101  22.410  -29.553  51.120 0.0000000000
38989  24.756  -30.707  51.098 0.0000000000
47451  36.239  -22.086  50.074 0.0000000000
48469  33.860  -20.980  49.256 0.0000000000
61025  32.208  -7.464  46.127 0.0000000000
58090  29.969  -10.865  47.232 0.0000000000
54948  28.274  -13.700  46.348 0.0000000000
38994  20.576  -30.293  51.890 0.0000000000
36786  19.096  -31.621  53.088 0.0000000000
38996  18.062  -29.712  51.601 0.0000000000
37885  15.333  -29.694  52.473 0.0000000000
37823  12.712  -29.650  54.108 0.0000000000
42294  27.041  -25.829  49.976 0.0000000000
43377  24.859  -24.024  50.976 0.0000000000
41228  21.727  -27.191  50.120 0.0000000000
45400  32.276  -24.915  53.841 0.0000000000
45453  31.748  -24.317  51.500 0.0000000000
45417  33.717  -25.614  52.341 0.0000000000
45434  36.496  -24.270  50.224 0.0000000000
75864  43.483  5.823  39.329 0.0000000000
73752  43.044  3.160  38.795 0.0000000000
70623  44.487  0.568  38.823 0.0000000000
68419  37.606  -1.639  41.722 0.0000000000
65120  39.849  -4.465  40.298 0.0000000000
65105  37.267  -4.381  41.120 0.0000000000
63046  37.362  -6.713  41.514 0.0000000000
60067  37.788  -9.000  42.342 0.0000000000
61047  31.893  -8.419  43.871 0.0000000000
60049  35.008  -9.968  42.557 0.0000000000
39031  34.627  -29.360  50.420 0.0000000000
39009  36.090  -29.410  51.028 0.0000000000
69496  38.423  -0.473  43.623 0.0000000000
36712  9.935  -31.464  56.295 0.0000000000
33299  8.736  -34.468  56.872 0.0000000000
32051  8.089  -35.959  57.678 0.0000000000
29735  7.683  -38.351  59.278 0.0000000000
28634  6.561  -38.093  60.489 0.0000000000
28601  5.294  -38.296  62.292 0.0000000000
28574  4.855  -37.427  63.531 0.0000000000
30790  4.223  -36.803  64.322 0.0000000000
38982  33.769  -28.474  52.440 0.0000000000
37912  32.599  -28.962  49.977 0.0000000000
36831  30.458  -31.500  49.342 0.0000000000
39048  26.418  -29.049  49.122 0.0000000000
52710  28.278  -16.588  45.795 0.0000000000
47465  30.141  -22.185  48.828 0.0000000000
49451  30.782  -19.824  47.582 0.0000000000
52707  31.697  -17.271  45.692 0.0000000000
40114  38.597  -28.397  51.567 0.0000000000
75911  47.615  5.543  35.333 0.0000000000
75897  45.040  4.822  36.711 0.0000000000
73796  47.588  3.693  35.687 0.0000000000
68440  40.770  -1.503  39.460 0.0000000000
67282  42.259  -3.463  39.456 0.0000000000
67284  40.805  -3.170  39.631 0.0000000000
41168  36.150  -27.080  52.926 0.0000000000
42254  36.774  -26.581  51.736 0.0000000000
41185  36.073  -26.708  51.719 0.0000000000
69543  38.786  -0.638  40.494 0.0000000000
70602  39.702  0.893  41.187 0.0000000000
69542  39.867  -0.508  39.810 0.0000000000
69555  40.802  -0.431  39.586 0.0000000000
27464  4.256  -39.944  62.819 0.0000000000
65049  34.583  -4.423  44.485 0.0000000000
64009  33.613  -5.780  45.704 0.0000000000
56106  29.886  -13.679  44.189 0.0000000000
57124  31.450  -13.011  43.042 0.0000000000
56104  32.235  -14.128  43.692 0.0000000000
56103  33.633  -14.367  44.311 0.0000000000
54965  32.226  -15.375  44.738 0.0000000000
35698  12.483  -32.280  54.012 0.0000000000
34597  13.383  -33.231  53.860 0.0000000000
34579  12.289  -33.640  54.876 0.0000000000
33339  12.152  -34.467  55.239 0.0000000000
34580  11.141  -33.723  55.385 0.0000000000
40097  30.299  -26.931  51.977 0.0000000000
40119  30.108  -27.340  51.131 0.0000000000
41203  29.093  -26.510  51.378 0.0000000000
38967  22.235  -30.708  52.386 0.0000000000
47422  28.801  -22.057  53.343 0.0000000000
48467  35.996  -21.102  50.075 0.0000000000
56069  29.538  -12.289  47.267 0.0000000000
56054  29.180  -13.081  47.887 0.0000000000
40127  19.443  -28.531  50.781 0.0000000000
38995  19.200  -30.184  51.687 0.0000000000
40128  18.360  -28.071  50.999 0.0000000000
38998  15.813  -28.958  52.199 0.0000000000
38970  14.931  -28.451  53.184 0.0000000000
38972  13.813  -29.128  53.638 0.0000000000
43362  25.975  -23.989  51.835 0.0000000000
42279  19.779  -25.511  51.220 0.0000000000
43398  21.774  -25.071  50.268 0.0000000000
41229  20.650  -26.960  50.315 0.0000000000
41207  21.213  -28.058  50.578 0.0000000000
45418  32.699  -25.179  52.713 0.0000000000
45398  34.121  -25.631  53.409 0.0000000000
44381  37.110  -25.570  51.622 0.0000000000
44397  36.959  -24.973  51.473 0.0000000000
44396  38.256  -25.302  51.350 0.0000000000
45433  37.312  -24.316  50.413 0.0000000000
44413  39.048  -24.274  51.055 0.0000000000
72701  41.345  2.289  40.906 0.0000000000
74815  42.581  4.539  39.694 0.0000000000
73753  42.576  3.414  39.393 0.0000000000
69553  43.057  -0.446  39.014 0.0000000000
70624  43.430  0.547  38.930 0.0000000000
69551  45.109  -0.270  38.988 0.0000000000
67256  37.030  -2.053  42.204 0.0000000000
66146  37.449  -3.546  41.096 0.0000000000
66130  35.957  -3.428  42.288 0.0000000000
63048  35.065  -6.526  42.043 0.0000000000
64053  35.495  -5.476  41.867 0.0000000000
63047  36.174  -6.623  41.519 0.0000000000
61058  37.459  -8.468  41.965 0.0000000000
61059  36.496  -8.501  41.934 0.0000000000
61003  31.366  -8.511  45.762 0.0000000000
62008  31.963  -6.974  44.643 0.0000000000
61027  31.285  -8.628  44.503 0.0000000000
58151  34.085  -11.709  42.648 0.0000000000
59125  33.306  -10.615  42.665 0.0000000000
59123  35.620  -10.883  42.765 0.0000000000
59122  36.701  -10.919  43.227 0.0000000000
37910  34.429  -30.166  50.015 0.0000000000
37896  34.867  -30.646  50.439 0.0000000000
67228  36.219  -1.868  44.469 0.0000000000
68383  37.256  -1.200  43.391 0.0000000000
69517  37.589  -0.902  42.706 0.0000000000
36788  17.323  -31.853  52.916 0.0000000000
36762  17.063  -32.293  53.681 0.0000000000
30901  11.602  -36.585  56.674 0.0000000000
30885  11.821  -37.248  57.303 0.0000000000
29786  11.393  -37.916  58.091 0.0000000000
29787  10.278  -37.806  58.062 0.0000000000
36688  9.362  -31.260  57.346 0.0000000000
34533  9.098  -33.454  56.787 0.0000000000
35634  8.399  -32.768  57.565 0.0000000000
33270  7.057  -34.621  59.523 0.0000000000
32052  7.426  -35.440  58.024 0.0000000000
30865  7.292  -36.782  59.058 0.0000000000
29764  8.075  -37.652  58.655 0.0000000000
29765  7.387  -37.643  59.081 0.0000000000
28633  7.260  -38.999  60.264 0.0000000000
29737  6.445  -37.488  60.418 0.0000000000
30803  5.880  -35.714  62.841 0.0000000000
29697  5.654  -37.187  62.078 0.0000000000
29682  5.399  -36.904  62.857 0.0000000000
28588  5.098  -37.479  63.134 0.0000000000
28573  5.236  -36.908  63.494 0.0000000000
37872  33.105  -28.868  53.425 0.0000000000
37871  33.655  -28.739  53.617 0.0000000000
38983  33.032  -28.439  52.338 0.0000000000
39012  33.536  -28.488  51.285 0.0000000000
39014  32.304  -28.493  51.621 0.0000000000
37925  29.695  -29.914  48.586 0.0000000000
36841  30.816  -30.436  49.224 0.0000000000
36842  29.827  -30.900  48.794 0.0000000000
42312  25.764  -26.566  49.310 0.0000000000
41243  26.337  -27.165  49.187 0.0000000000
40155  25.230  -27.959  49.270 0.0000000000
37902  25.215  -30.818  50.892 0.0000000000
65102  40.172  -5.328  40.543 0.0000000000
66143  40.710  -5.187  40.080 0.0000000000
65082  41.177  -5.902  41.444 0.0000000000
51515  27.447  -17.650  49.381 0.0000000000
52694  27.677  -16.311  47.002 0.0000000000
50461  27.911  -18.618  47.221 0.0000000000
45452  32.324  -24.449  50.968 0.0000000000
46426  30.510  -23.063  49.726 0.0000000000
46425  31.616  -23.147  49.674 0.0000000000
49424  33.439  -20.017  48.771 0.0000000000
49436  32.144  -20.019  48.311 0.0000000000
50441  32.338  -19.069  47.590 0.0000000000
51543  31.521  -18.325  46.558 0.0000000000
51541  32.996  -17.897  47.293 0.0000000000
52692  33.437  -17.292  47.026 0.0000000000
39007  38.011  -29.150  51.556 0.0000000000
76883  47.202  6.656  36.614 0.0000000000
74828  43.895  4.201  37.635 0.0000000000
75871  44.110  5.758  37.752 0.0000000000
74827  44.653  4.156  37.191 0.0000000000
72752  47.277  2.334  36.381 0.0000000000
72751  48.676  2.270  36.187 0.0000000000
42280  19.242  -25.913  51.328 0.0000000000
41210  17.891  -26.944  51.530 0.0000000000
68438  42.681  -1.550  38.854 0.0000000000
66167  44.548  -3.036  39.429 0.0000000000
66169  43.308  -3.318  39.459 0.0000000000
44369  35.557  -26.199  53.819 0.0000000000
44383  35.488  -25.749  53.092 0.0000000000
43349  36.452  -26.156  52.509 0.0000000000
42237  36.722  -26.206  52.076 0.0000000000
42271  38.204  -26.675  51.493 0.0000000000
70587  41.325  1.396  43.525 0.0000000000
71653  40.334  1.274  41.844 0.0000000000
71661  40.296  1.265  40.803 0.0000000000
71660  40.896  1.623  40.424 0.0000000000
71672  41.828  1.403  39.387 0.0000000000
70626  41.482  0.461  39.505 0.0000000000
69554  41.981  -0.487  39.118 0.0000000000
26371  5.635  -40.722  62.306 0.0000000000
66122  35.423  -2.997  43.840 0.0000000000
66131  35.358  -3.440  43.109 0.0000000000
65065  34.833  -3.811  43.703 0.0000000000
64054  34.210  -5.319  42.788 0.0000000000
64055  33.694  -6.137  43.000 0.0000000000
59103  30.180  -10.908  44.245 0.0000000000
60053  30.607  -10.063  43.854 0.0000000000
58154  31.194  -11.473  43.262 0.0000000000
57150  32.309  -12.387  42.797 0.0000000000
57122  34.070  -13.432  43.548 0.0000000000
56102  34.522  -13.892  44.134 0.0000000000
56067  35.107  -14.695  45.996 0.0000000000
35724  32.302  -32.922  50.373 0.0000000000
35709  15.175  -32.319  53.236 0.0000000000
35695  15.729  -32.814  53.459 0.0000000000
34595  15.044  -33.517  53.859 0.0000000000
33337  14.217  -34.542  54.791 0.0000000000
33318  14.004  -35.364  55.178 0.0000000000
32085  11.569  -35.716  55.680 0.0000000000
33297  10.385  -35.079  56.181 0.0000000000
35592  7.566  -32.666  59.096 0.0000000000
34486  7.016  -33.969  59.910 0.0000000000
33255  6.448  -35.213  60.738 0.0000000000
32021  6.333  -35.908  60.663 0.0000000000
32006  6.616  -34.873  61.550 0.0000000000
31982  6.683  -35.232  62.532 0.0000000000
33192  6.912  -34.821  63.323 0.0000000000
37875  31.399  -28.500  51.951 0.0000000000
37899  31.529  -28.401  50.510 0.0000000000
38986  30.949  -28.239  51.551 0.0000000000
39036  30.102  -28.422  49.439 0.0000000000
39045  29.319  -29.051  48.769 0.0000000000
40123  23.121  -29.169  50.003 0.0000000000
40122  24.046  -29.531  49.445 0.0000000000
39020  23.238  -29.629  50.714 0.0000000000
63043  40.098  -6.811  42.108 0.0000000000
48472  27.704  -20.540  50.057 0.0000000000
46415  34.860  -23.043  49.869 0.0000000000
47462  33.463  -21.871  49.252 0.0000000000
47452  35.355  -21.993  49.893 0.0000000000
48468  35.039  -20.789  49.874 0.0000000000
77859  46.237  7.131  37.858 0.0000000000
28577  3.471  -38.784  63.886 0.0000000000
60001  32.593  -8.182  47.286 0.0000000000
59080  31.099  -9.197  46.583 0.0000000000
59062  30.272  -10.199  46.909 0.0000000000
58091  29.495  -11.285  46.346 0.0000000000
57102  29.003  -12.421  45.969 0.0000000000
54968  28.864  -14.498  45.111 0.0000000000
38969  20.892  -30.785  52.546 0.0000000000
37822  19.948  -31.470  53.116 0.0000000000
37880  19.770  -30.782  52.187 0.0000000000
37882  18.358  -30.613  52.008 0.0000000000
37855  16.733  -31.072  52.419 0.0000000000
39024  17.319  -28.392  51.536 0.0000000000
37884  16.243  -30.031  52.064 0.0000000000
37856  15.635  -30.783  52.584 0.0000000000
36791  13.895  -31.066  53.100 0.0000000000
36792  13.206  -31.015  53.363 0.0000000000
37824  12.317  -30.346  54.050 0.0000000000
41204  28.447  -26.057  51.146 0.0000000000
42277  27.291  -25.318  50.991 0.0000000000
43394  25.970  -25.120  50.239 0.0000000000
42296  24.909  -26.159  49.332 0.0000000000
44416  23.409  -23.802  51.620 0.0000000000
43397  22.947  -24.908  49.847 0.0000000000
41227  22.920  -27.669  49.857 0.0000000000
41206  22.122  -28.284  50.297 0.0000000000
40102  21.680  -29.607  51.416 0.0000000000
45402  30.619  -23.774  54.329 0.0000000000
46401  30.249  -23.956  52.644 0.0000000000
45419  31.678  -24.891  52.987 0.0000000000
45438  32.253  -24.518  51.998 0.0000000000
45451  33.494  -24.241  50.510 0.0000000000
44398  35.829  -25.477  52.109 0.0000000000
45415  36.095  -24.654  51.402 0.0000000000
45449  35.320  -23.872  49.682 0.0000000000
46413  36.662  -23.160  50.199 0.0000000000
45446  37.813  -22.952  50.674 0.0000000000
75854  42.894  5.331  39.825 0.0000000000
74821  42.866  4.118  38.735 0.0000000000
73763  43.558  3.240  38.355 0.0000000000
71671  42.772  1.497  38.950 0.0000000000
72713  43.185  2.520  38.684 0.0000000000
68430  38.762  -1.767  40.255 0.0000000000
67285  39.564  -2.685  39.786 0.0000000000
67286  38.238  -2.587  40.478 0.0000000000
66145  38.288  -3.896  40.910 0.0000000000
64064  38.438  -5.307  40.918 0.0000000000
65085  36.214  -4.605  41.703 0.0000000000
65084  36.982  -5.022  41.106 0.0000000000
64050  38.844  -6.107  41.440 0.0000000000
62035  38.852  -7.381  41.755 0.0000000000
61042  38.772  -8.690  42.652 0.0000000000
63016  32.965  -6.387  45.413 0.0000000000
63032  32.102  -6.541  43.939 0.0000000000
62041  33.234  -7.639  42.735 0.0000000000
60051  32.499  -9.515  43.047 0.0000000000
60070  33.848  -8.769  42.266 0.0000000000
60069  34.638  -9.142  42.274 0.0000000000
61044  36.289  -9.231  42.380 0.0000000000
40118  34.850  -28.371  51.450 0.0000000000
40117  35.526  -28.318  51.342 0.0000000000
39010  35.161  -29.167  50.819 0.0000000000
37894  36.659  -30.585  51.091 0.0000000000
69515  39.008  0.233  43.102 0.0000000000
69532  38.322  -0.394  41.537 0.0000000000
37801  11.429  -30.310  55.089 0.0000000000
36711  10.845  -30.105  56.418 0.0000000000
36738  10.095  -31.940  55.427 0.0000000000
35653  9.946  -32.618  55.644 0.0000000000
33298  9.755  -34.509  56.488 0.0000000000
32067  9.298  -35.454  56.808 0.0000000000
34517  7.917  -33.446  58.042 0.0000000000
32068  8.425  -35.306  57.203 0.0000000000
32050  8.968  -36.234  57.313 0.0000000000
29788  9.265  -37.776  58.089 0.0000000000
28652  9.328  -38.866  58.994 0.0000000000
27487  6.477  -39.651  61.230 0.0000000000
29715  6.136  -37.351  61.163 0.0000000000
29696  5.852  -38.090  61.642 0.0000000000
27475  5.831  -39.759  61.676 0.0000000000
27476  5.058  -39.747  62.480 0.0000000000
27463  4.697  -38.549  63.124 0.0000000000
27450  4.369  -38.863  63.648 0.0000000000
29671  4.932  -36.810  64.043 0.0000000000
29672  4.402  -37.061  64.068 0.0000000000
28576  4.075  -38.418  64.008 0.0000000000
40078  35.370  -27.809  53.245 0.0000000000
38962  34.804  -28.205  53.567 0.0000000000
40096  34.397  -28.309  52.057 0.0000000000
39011  34.336  -28.599  51.173 0.0000000000
39032  33.983  -29.131  50.432 0.0000000000
36829  32.719  -30.764  49.981 0.0000000000
37913  31.697  -29.016  49.640 0.0000000000
36830  31.614  -30.616  49.531 0.0000000000
35736  31.934  -31.899  50.073 0.0000000000
40138  28.529  -26.834  49.841 0.0000000000
40152  28.024  -27.711  49.250 0.0000000000
37927  27.279  -30.047  49.175 0.0000000000
39038  25.159  -29.501  49.743 0.0000000000
37917  26.385  -30.393  49.879 0.0000000000
37916  27.086  -31.275  49.802 0.0000000000
66161  40.443  -4.152  40.169 0.0000000000
53833  27.299  -14.133  48.305 0.0000000000
53850  27.629  -15.413  46.376 0.0000000000
53867  29.409  -15.750  44.799 0.0000000000
46403  29.037  -22.656  51.510 0.0000000000
46428  28.972  -22.181  50.115 0.0000000000
47478  28.530  -21.254  48.509 0.0000000000
48481  32.299  -21.146  48.938 0.0000000000
48483  30.317  -21.373  48.165 0.0000000000
49453  28.506  -20.090  47.457 0.0000000000
50474  29.244  -18.417  46.032 0.0000000000
52708  30.617  -17.092  45.362 0.0000000000
53848  31.296  -16.647  45.181 0.0000000000
53846  33.336  -16.425  46.048 0.0000000000
41200  36.814  -27.374  51.329 0.0000000000
41199  37.793  -27.547  51.313 0.0000000000
41184  39.548  -27.323  51.646 0.0000000000
40093  39.689  -28.415  52.080 0.0000000000
42251  40.001  -26.440  51.746 0.0000000000
76898  47.410  6.634  35.517 0.0000000000
76866  45.012  6.176  37.385 0.0000000000
75879  46.069  6.266  37.148 0.0000000000
73782  45.445  3.300  36.770 0.0000000000
74840  46.240  4.402  36.341 0.0000000000
75895  46.402  5.595  36.602 0.0000000000
75894  47.213  5.462  36.173 0.0000000000
75910  48.303  4.810  34.875 0.0000000000
68441  40.117  -1.413  39.541 0.0000000000
67295  40.395  -2.199  39.526 0.0000000000
41186  35.636  -26.977  52.147 0.0000000000
42274  35.656  -27.160  51.717 0.0000000000
69556  40.397  -0.948  39.534 0.0000000000
27465  3.930  -40.469  63.061 0.0000000000
56105  30.930  -13.934  43.623 0.0000000000
54990  31.662  -14.683  44.219 0.0000000000
54966  31.161  -15.335  44.543 0.0000000000
35699  11.978  -32.299  54.298 0.0000000000
35678  12.351  -32.975  54.315 0.0000000000
40098  29.991  -26.734  52.803 0.0000000000
40120  29.724  -26.789  51.656 0.0000000000
37849  22.002  -31.449  52.806 0.0000000000
46386  29.548  -22.931  53.418 0.0000000000
42301  19.626  -26.250  50.855 0.0000000000
42300  20.085  -25.898  50.662 0.0000000000
41230  19.812  -26.745  50.662 0.0000000000
41208  20.151  -27.791  50.636 0.0000000000
44384  34.886  -25.668  53.282 0.0000000000
44414  38.047  -24.680  50.671 0.0000000000
43360  39.281  -25.653  51.655 0.0000000000
72691  41.774  3.072  41.641 0.0000000000
73738  42.112  4.048  40.867 0.0000000000
68437  43.759  -1.405  39.094 0.0000000000
69552  44.088  -0.358  39.104 0.0000000000
68435  45.618  -1.063  39.197 0.0000000000
26385  6.722  -40.234  61.496 0.0000000000
67243  35.990  -1.886  43.376 0.0000000000
67257  36.483  -2.246  42.747 0.0000000000
67258  35.746  -2.808  43.169 0.0000000000
62038  35.775  -7.620  41.716 0.0000000000
61004  31.148  -8.581  45.224 0.0000000000
60027  30.626  -8.983  44.827 0.0000000000
57148  34.590  -12.567  43.312 0.0000000000
58150  35.295  -11.727  43.322 0.0000000000
36828  33.828  -31.298  50.180 0.0000000000
68370  35.467  -1.727  44.027 0.0000000000
68368  36.702  -1.483  44.083 0.0000000000
68384  36.175  -1.597  43.570 0.0000000000
68404  36.741  -1.574  43.012 0.0000000000
36763  16.490  -32.589  53.504 0.0000000000
32048  10.896  -36.409  56.999 0.0000000000
30886  10.659  -37.164  57.454 0.0000000000
35633  8.914  -32.223  57.082 0.0000000000
32020  6.791  -35.741  59.930 0.0000000000
32036  7.272  -35.577  58.926 0.0000000000
29736  6.797  -37.670  59.700 0.0000000000
30804  5.481  -36.503  62.529 0.0000000000
29681  5.581  -36.362  63.452 0.0000000000
28587  5.321  -36.891  63.228 0.0000000000
36802  32.489  -28.671  53.458 0.0000000000
37842  32.849  -29.095  53.793 0.0000000000
37873  32.666  -28.707  53.207 0.0000000000
38984  32.478  -28.475  52.219 0.0000000000
36843  29.021  -31.360  49.130 0.0000000000
41245  24.947  -27.342  49.228 0.0000000000
41244  25.549  -27.311  49.197 0.0000000000
64063  39.389  -5.628  41.021 0.0000000000
65083  40.579  -5.832  41.323 0.0000000000
64062  40.145  -5.920  41.252 0.0000000000
50428  27.530  -18.637  49.713 0.0000000000
50443  27.477  -18.612  48.556 0.0000000000
51529  27.390  -17.525  48.319 0.0000000000
49454  27.847  -19.530  47.897 0.0000000000
46417  32.605  -23.504  50.028 0.0000000000
49435  32.981  -19.560  48.425 0.0000000000
51528  32.847  -18.394  47.558 0.0000000000
51527  33.477  -18.132  47.919 0.0000000000
76863  47.239  7.282  37.737 0.0000000000
76884  46.885  6.088  36.692 0.0000000000
73771  44.964  3.262  37.153 0.0000000000
42262  19.171  -25.455  52.431 0.0000000000
42263  18.263  -25.945  52.111 0.0000000000
42245  18.600  -25.666  53.132 0.0000000000
43367  19.711  -24.941  52.155 0.0000000000
67292  43.456  -2.434  39.291 0.0000000000
67293  42.367  -2.813  39.272 0.0000000000
43333  36.053  -26.428  53.493 0.0000000000
42253  37.486  -26.271  51.697 0.0000000000
42272  37.736  -26.863  51.494 0.0000000000
70590  39.050  0.477  42.362 0.0000000000
70589  39.747  0.812  42.489 0.0000000000
70612  40.149  0.369  40.161 0.0000000000
71674  40.515  1.057  40.073 0.0000000000
71673  41.051  1.240  39.704 0.0000000000
26372  5.113  -40.678  62.554 0.0000000000
65048  35.875  -3.670  45.136 0.0000000000
64035  33.630  -4.890  43.990 0.0000000000
64036  33.084  -5.843  43.523 0.0000000000
58128  30.642  -11.725  43.502 0.0000000000
57149  33.508  -12.616  42.806 0.0000000000
54988  33.220  -14.796  44.675 0.0000000000
56085  34.352  -14.781  45.531 0.0000000000
56068  34.736  -14.963  46.136 0.0000000000
66109  35.983  -2.512  44.516 0.0000000000
35696  14.516  -32.500  53.390 0.0000000000
34578  13.342  -33.709  54.351 0.0000000000
32083  13.631  -36.163  55.695 0.0000000000
33319  12.867  -35.338  55.279 0.0000000000
33340  11.559  -34.487  55.481 0.0000000000
33320  11.918  -35.129  55.456 0.0000000000
33321  10.907  -34.746  55.685 0.0000000000
32065  10.908  -35.978  56.073 0.0000000000
33254  6.864  -34.399  60.531 0.0000000000
33237  6.540  -34.795  61.167 0.0000000000
33193  6.883  -35.140  62.856 0.0000000000
37845  31.305  -28.004  53.001 0.0000000000
37844  31.869  -28.528  53.594 0.0000000000
40136  29.947  -27.723  49.862 0.0000000000
40150  29.631  -28.338  49.283 0.0000000000
40151  29.101  -28.086  49.206 0.0000000000
40100  22.917  -29.460  50.796 0.0000000000
38991  23.249  -29.918  51.443 0.0000000000
48471  28.043  -20.676  50.867 0.0000000000
48451  36.641  -20.594  50.698 0.0000000000
48453  35.433  -20.162  50.252 0.0000000000
60002  31.635  -8.561  46.666 0.0000000000
59063  29.879  -10.660  46.583 0.0000000000
56070  29.052  -12.862  46.999 0.0000000000
56086  28.986  -13.354  45.671 0.0000000000
56107  29.185  -13.697  44.762 0.0000000000
37851  20.363  -31.107  52.648 0.0000000000
37854  17.777  -31.198  52.390 0.0000000000
37883  17.328  -30.339  51.899 0.0000000000
41211  17.282  -27.361  51.630 0.0000000000
40129  17.578  -27.897  51.395 0.0000000000
40104  16.942  -27.859  51.681 0.0000000000
36790  14.938  -31.631  52.979 0.0000000000
37857  14.380  -30.056  52.741 0.0000000000
37858  13.166  -30.055  53.451 0.0000000000
37859  12.807  -30.718  53.578 0.0000000000
42257  28.299  -25.670  52.042 0.0000000000
42258  27.542  -25.149  52.156 0.0000000000
43376  25.941  -24.627  50.821 0.0000000000
43395  25.358  -24.970  49.996 0.0000000000
43396  24.231  -24.712  49.549 0.0000000000
42299  21.200  -26.082  50.179 0.0000000000
42298  22.284  -26.138  49.716 0.0000000000
42297  23.534  -26.155  49.505 0.0000000000
40126  20.713  -29.189  50.945 0.0000000000
40103  21.166  -29.779  51.608 0.0000000000
45401  31.421  -24.392  54.047 0.0000000000
45420  30.909  -24.176  53.322 0.0000000000
45437  33.120  -24.961  51.556 0.0000000000
45436  34.282  -24.651  51.261 0.0000000000
44399  35.320  -25.527  52.670 0.0000000000
45414  36.702  -24.480  51.020 0.0000000000
45435  35.497  -24.303  50.612 0.0000000000
46400  36.114  -23.824  49.861 0.0000000000
46399  36.495  -23.789  49.933 0.0000000000
45432  38.361  -23.458  50.669 0.0000000000
71639  41.774  1.738  42.930 0.0000000000
75853  43.368  5.961  40.706 0.0000000000
73764  42.959  3.462  38.759 0.0000000000
72714  42.166  2.391  39.301 0.0000000000
71670  43.821  1.462  38.641 0.0000000000
72712  44.048  2.070  38.523 0.0000000000
68418  37.917  -1.485  40.968 0.0000000000
67270  37.740  -2.104  40.856 0.0000000000
66164  37.957  -3.517  40.842 0.0000000000
65104  38.031  -4.436  40.915 0.0000000000
64065  37.668  -5.020  40.883 0.0000000000
64052  36.634  -5.710  41.407 0.0000000000
64051  37.768  -5.791  41.356 0.0000000000
63045  38.398  -6.762  41.617 0.0000000000
61057  38.194  -8.570  42.213 0.0000000000
60066  38.287  -9.119  42.599 0.0000000000
63002  33.373  -6.429  46.155 0.0000000000
61991  32.762  -6.871  46.165 0.0000000000
62025  31.866  -7.353  44.189 0.0000000000
62024  32.538  -7.371  43.405 0.0000000000
60052  31.189  -9.438  43.819 0.0000000000
59124  34.555  -10.763  42.682 0.0000000000
60050  33.835  -9.630  42.579 0.0000000000
61045  35.773  -9.309  42.363 0.0000000000
60048  35.979  -10.020  42.426 0.0000000000
36815  34.876  -31.629  50.664 0.0000000000
37895  35.541  -30.432  50.720 0.0000000000
68402  37.741  -1.017  41.964 0.0000000000
36785  19.586  -31.573  53.119 0.0000000000
36759  19.742  -32.018  53.463 0.0000000000
36736  19.226  -32.637  53.820 0.0000000000
34594  15.960  -33.549  54.170 0.0000000000
30900  12.522  -36.877  56.642 0.0000000000
38931  11.722  -29.783  55.111 0.0000000000
36737  10.732  -31.277  55.260 0.0000000000
34532  9.625  -33.816  56.396 0.0000000000
35610  7.496  -33.101  58.630 0.0000000000
34518  7.515  -33.709  58.518 0.0000000000
32069  7.749  -35.203  57.535 0.0000000000
30887  9.569  -37.168  57.465 0.0000000000
30888  8.525  -36.980  58.030 0.0000000000
28653  8.501  -38.469  58.971 0.0000000000
28616  6.934  -39.158  60.816 0.0000000000
27486  7.186  -39.633  61.052 0.0000000000
28617  6.316  -38.878  60.974 0.0000000000
30831  6.085  -36.368  60.974 0.0000000000
30832  5.753  -36.339  61.500 0.0000000000
28600  5.747  -38.762  61.600 0.0000000000
27449  4.531  -38.182  63.534 0.0000000000
118959  5.730  -35.755  64.390 0.0000000000
29664  5.041  -36.495  64.425 0.0000000000
29673  3.853  -37.607  64.241 0.0000000000
40077  35.888  -27.643  53.577 0.0000000000
38981  34.347  -28.545  52.961 0.0000000000
39034  32.863  -28.596  50.425 0.0000000000
39033  33.230  -28.796  50.436 0.0000000000
37911  33.520  -29.806  49.931 0.0000000000
36840  31.261  -29.961  49.522 0.0000000000
35737  30.887  -32.041  50.085 0.0000000000
42293  27.740  -25.830  50.653 0.0000000000
41223  28.655  -26.566  50.492 0.0000000000
41224  27.862  -26.527  49.940 0.0000000000
40153  26.679  -28.133  48.880 0.0000000000
41242  27.210  -27.169  49.181 0.0000000000
39047  27.143  -29.002  48.767 0.0000000000
39018  24.754  -30.344  50.038 0.0000000000
40121  24.833  -29.212  49.812 0.0000000000
37901  25.960  -31.397  50.812 0.0000000000
39017  25.665  -30.460  50.342 0.0000000000
66162  39.235  -3.784  40.468 0.0000000000
54916  28.119  -13.692  49.148 0.0000000000
53818  27.828  -15.247  48.502 0.0000000000
53868  28.447  -15.545  45.449 0.0000000000
52722  29.085  -16.309  45.282 0.0000000000
46402  29.369  -23.269  52.145 0.0000000000
46418  30.944  -24.010  50.935 0.0000000000
46427  29.467  -22.624  49.842 0.0000000000
47466  28.815  -21.923  49.348 0.0000000000
47463  32.563  -22.305  49.278 0.0000000000
48495  30.707  -20.725  48.005 0.0000000000
48496  29.988  -20.905  47.594 0.0000000000
49452  29.460  -20.182  47.229 0.0000000000
49470  28.723  -19.595  46.898 0.0000000000
49469  29.753  -19.512  46.840 0.0000000000
51558  31.885  -17.740  46.325 0.0000000000
51559  31.113  -17.845  45.941 0.0000000000
52720  30.485  -16.607  45.012 0.0000000000
53865  31.700  -15.992  45.030 0.0000000000
53847  32.253  -16.604  45.584 0.0000000000
53832  34.452  -16.503  47.287 0.0000000000
40116  36.486  -28.386  51.167 0.0000000000
40115  37.525  -28.403  51.145 0.0000000000
41198  38.597  -27.292  51.365 0.0000000000
40113  39.148  -27.874  51.583 0.0000000000
43359  40.406  -25.500  51.846 0.0000000000
77873  47.467  7.592  36.516 0.0000000000
75881  44.640  5.335  37.214 0.0000000000
76850  44.470  6.354  38.001 0.0000000000
76865  45.602  6.781  37.668 0.0000000000
75880  45.534  5.908  37.058 0.0000000000
73780  46.920  3.559  36.048 0.0000000000
74839  47.054  4.541  36.069 0.0000000000
67294  41.269  -2.447  39.370 0.0000000000
67283  41.793  -3.373  39.486 0.0000000000
66160  41.495  -4.090  39.769 0.0000000000
70614  38.803  0.094  40.819 0.0000000000
70613  39.334  0.196  40.572 0.0000000000
69541  40.280  -0.129  39.786 0.0000000000
65038  34.938  -4.608  45.461 0.0000000000
64020  33.913  -4.953  45.109 0.0000000000
57125  30.169  -12.816  43.701 0.0000000000
54989  32.728  -14.787  44.457 0.0000000000
35697  13.350  -32.554  53.599 0.0000000000
35677  12.869  -33.067  53.871 0.0000000000
33219  7.371  -34.305  62.166 0.0000000000
38987  30.671  -27.623  52.252 0.0000000000
38992  22.397  -29.969  51.898 0.0000000000
47439  28.741  -22.340  52.298 0.0000000000
48465  37.174  -21.517  50.394 0.0000000000
48466  36.719  -21.356  50.317 0.0000000000
48450  37.278  -21.072  50.639 0.0000000000
57084  29.741  -11.666  47.413 0.0000000000
56053  29.582  -12.386  48.002 0.0000000000
39021  19.745  -29.503  51.260 0.0000000000
39022  18.741  -29.193  51.132 0.0000000000
39023  17.817  -28.740  51.352 0.0000000000
40105  16.161  -27.823  52.304 0.0000000000
40106  15.444  -28.182  52.853 0.0000000000
37886  14.790  -29.285  52.745 0.0000000000
43380  21.300  -24.526  51.393 0.0000000000
43399  20.881  -25.274  50.714 0.0000000000
45399  33.196  -25.343  53.636 0.0000000000
72692  41.281  2.257  41.932 0.0000000000
72679  42.510  3.067  42.594 0.0000000000
74806  42.569  5.086  40.693 0.0000000000
70622  45.559  0.586  39.111 0.0000000000
67271  37.356  -2.311  41.432 0.0000000000
67272  36.624  -2.995  41.649 0.0000000000
66147  36.678  -3.886  41.501 0.0000000000
62037  36.916  -7.640  41.647 0.0000000000
60026  31.888  -7.923  46.225 0.0000000000
62007  32.329  -6.991  45.376 0.0000000000
61026  31.670  -7.883  45.291 0.0000000000
58152  32.833  -11.569  42.711 0.0000000000
37909  34.960  -29.961  50.408 0.0000000000
36827  34.517  -30.952  50.294 0.0000000000
67227  37.266  -2.019  44.539 0.0000000000
68367  37.896  -1.073  44.249 0.0000000000
68382  37.830  -0.793  43.644 0.0000000000
69497  37.824  -0.679  43.202 0.0000000000
68403  37.236  -1.613  42.409 0.0000000000
36787  18.257  -31.686  53.024 0.0000000000
36760  18.790  -32.133  53.458 0.0000000000
36761  17.922  -32.202  53.551 0.0000000000
35693  17.869  -32.827  54.036 0.0000000000
36713  9.282  -31.840  56.657 0.0000000000
35654  9.403  -32.688  56.254 0.0000000000
34534  8.385  -33.692  57.326 0.0000000000
33286  7.345  -34.499  58.452 0.0000000000
32035  7.771  -36.291  58.396 0.0000000000
30864  7.923  -36.919  58.543 0.0000000000
31997  5.602  -35.793  62.145 0.0000000000
29716  5.783  -36.818  61.739 0.0000000000
30791  3.953  -36.655  64.460 0.0000000000
39013  32.712  -28.469  51.101 0.0000000000
37897  32.427  -28.471  50.675 0.0000000000
39044  30.154  -29.082  48.880 0.0000000000
37924  30.564  -29.650  49.081 0.0000000000
36832  29.418  -31.795  49.507 0.0000000000
42311  26.445  -26.338  49.452 0.0000000000
41225  26.992  -26.586  49.485 0.0000000000
40154  25.748  -28.035  48.892 0.0000000000
40139  25.991  -28.736  49.219 0.0000000000
65121  39.545  -4.555  40.428 0.0000000000
52651  27.571  -17.051  49.643 0.0000000000
52665  27.625  -16.806  49.177 0.0000000000
52681  27.602  -16.164  48.351 0.0000000000
51545  27.556  -17.321  47.294 0.0000000000
50476  28.023  -17.859  46.853 0.0000000000
47464  31.395  -22.187  49.127 0.0000000000
49425  32.770  -20.507  48.702 0.0000000000
49450  31.716  -19.536  47.733 0.0000000000
50458  30.991  -18.949  46.908 0.0000000000
50457  31.800  -18.776  47.045 0.0000000000
51542  32.417  -18.179  46.910 0.0000000000
52706  32.686  -17.310  46.311 0.0000000000
52693  32.914  -17.688  46.861 0.0000000000
39008  37.233  -29.610  51.270 0.0000000000
38979  38.693  -29.483  51.986 0.0000000000
75872  43.586  5.256  38.023 0.0000000000
76851  43.923  5.928  38.018 0.0000000000
75882  44.170  4.755  37.462 0.0000000000
74842  44.868  4.617  36.870 0.0000000000
72761  47.361  3.048  35.763 0.0000000000
72760  48.013  2.868  35.661 0.0000000000
42281  18.592  -26.440  51.466 0.0000000000
41191  17.623  -26.397  52.253 0.0000000000
43366  20.705  -24.630  52.722 0.0000000000
43381  20.176  -24.948  51.386 0.0000000000
67291  44.553  -2.398  39.360 0.0000000000
66168  44.125  -3.121  39.486 0.0000000000
66158  43.972  -3.971  39.696 0.0000000000
43348  37.173  -25.910  51.759 0.0000000000
71641  40.413  1.215  42.551 0.0000000000
71652  40.824  1.750  41.398 0.0000000000
72715  41.361  2.092  39.832 0.0000000000
65087  34.568  -4.428  43.129 0.0000000000
65066  34.240  -4.462  43.582 0.0000000000
63049  34.146  -6.621  42.553 0.0000000000
60028  30.359  -9.891  44.507 0.0000000000
59128  30.407  -10.391  43.961 0.0000000000
59127  30.904  -10.768  43.532 0.0000000000
58153  31.808  -11.453  43.122 0.0000000000
57151  31.478  -11.995  43.121 0.0000000000
57121  35.065  -13.266  44.051 0.0000000000
56084  35.109  -14.156  44.955 0.0000000000
56066  36.021  -14.480  46.099 0.0000000000
66110  35.572  -2.513  44.256 0.0000000000
35708  15.503  -32.214  53.154 0.0000000000
34596  14.019  -33.340  53.825 0.0000000000
34577  14.505  -33.957  54.429 0.0000000000
33336  14.892  -34.407  54.890 0.0000000000
32084  12.486  -36.033  55.714 0.0000000000
32064  11.916  -36.320  56.148 0.0000000000
32066  10.147  -35.693  56.547 0.0000000000
32007  6.134  -35.468  61.390 0.0000000000
31995  6.781  -34.984  61.993 0.0000000000
31996  6.028  -35.520  62.184 0.0000000000
30816  5.686  -35.784  62.379 0.0000000000
30802  6.146  -35.574  63.642 0.0000000000
37843  32.257  -28.629  53.607 0.0000000000
37874  32.223  -28.467  52.830 0.0000000000
39015  31.122  -28.278  50.597 0.0000000000
39016  30.660  -27.903  50.595 0.0000000000
39035  30.696  -28.594  49.596 0.0000000000
39046  28.191  -29.108  48.750 0.0000000000
40142  23.650  -28.540  49.196 0.0000000000
40141  24.646  -28.379  49.416 0.0000000000
39019  23.661  -30.066  50.352 0.0000000000
38990  24.180  -30.453  51.409 0.0000000000
38965  23.769  -30.440  52.172 0.0000000000
64048  40.707  -6.413  41.875 0.0000000000
49427  27.584  -19.640  49.885 0.0000000000
48484  27.799  -20.395  49.184 0.0000000000
47454  33.372  -22.624  49.493 0.0000000000
47453  34.323  -22.090  49.448 0.0000000000
49423  34.432  -20.037  49.495 0.0000000000
77858  46.608  7.270  38.039 0.0000000000
72741  44.597  2.429  37.711 0.0000000000
72740  45.217  2.441  37.414 0.0000000000
27451  3.672  -40.012  63.209 0.0000000000
61002  32.793  -7.565  46.713 0.0000000000
60025  32.229  -7.947  46.619 0.0000000000
59081  30.643  -9.642  46.332 0.0000000000
59082  30.024  -10.390  45.706 0.0000000000
58109  29.615  -11.311  45.165 0.0000000000
57085  29.403  -12.100  46.684 0.0000000000
58110  29.109  -11.830  45.531 0.0000000000
57126  29.220  -12.663  44.775 0.0000000000
54992  29.678  -14.308  44.561 0.0000000000
37850  21.157  -31.335  52.852 0.0000000000
37852  19.521  -31.267  52.695 0.0000000000
37881  19.108  -30.804  52.235 0.0000000000
37853  18.689  -31.232  52.543 0.0000000000
38997  16.939  -29.013  51.746 0.0000000000
36764  14.240  -31.768  53.172 0.0000000000
36766  12.712  -31.458  53.643 0.0000000000
36767  11.705  -31.374  54.277 0.0000000000
41189  28.828  -26.447  52.474 0.0000000000
42276  27.929  -25.531  51.378 0.0000000000
42259  26.708  -24.749  51.485 0.0000000000
42278  26.530  -25.174  50.489 0.0000000000
42295  26.044  -25.646  49.672 0.0000000000
43378  23.669  -24.177  50.682 0.0000000000
43379  22.536  -24.186  51.123 0.0000000000
41205  22.674  -28.551  50.189 0.0000000000
40124  22.485  -29.049  50.483 0.0000000000
40125  21.744  -29.044  50.695 0.0000000000
38993  21.593  -30.098  52.031 0.0000000000
38968  21.417  -30.720  52.473 0.0000000000
46385  30.149  -23.448  53.782 0.0000000000
45439  31.321  -24.320  52.204 0.0000000000
45416  34.992  -25.300  52.103 0.0000000000
45450  34.608  -24.245  49.870 0.0000000000
46414  35.741  -23.115  49.972 0.0000000000
45448  37.005  -23.821  50.152 0.0000000000
46412  37.473  -22.600  50.432 0.0000000000
47450  37.037  -22.027  50.148 0.0000000000
75863  43.923  6.234  40.152 0.0000000000
75865  42.826  5.077  38.877 0.0000000000
75873  43.157  4.676  38.430 0.0000000000
74820  43.388  4.193  38.121 0.0000000000
73773  43.730  3.665  37.901 0.0000000000
73762  44.033  2.996  38.098 0.0000000000
72729  43.744  2.584  38.406 0.0000000000
72728  44.137  2.500  38.117 0.0000000000
67287  37.758  -3.100  40.729 0.0000000000
66163  38.365  -3.489  40.665 0.0000000000
66144  38.735  -3.920  40.759 0.0000000000
65103  38.969  -4.615  40.657 0.0000000000
65106  36.768  -4.466  41.321 0.0000000000
63044  39.347  -6.941  41.859 0.0000000000
62022  39.320  -7.978  42.227 0.0000000000
62036  38.181  -7.781  41.716 0.0000000000
62023  38.652  -8.306  42.114 0.0000000000
63017  32.488  -6.443  44.625 0.0000000000
64022  32.510  -6.026  44.046 0.0000000000
63031  32.682  -6.520  43.536 0.0000000000
63050  33.298  -6.781  43.001 0.0000000000
62040  33.916  -7.504  42.487 0.0000000000
61048  31.412  -8.796  44.049 0.0000000000
61046  32.955  -8.494  42.718 0.0000000000
61062  33.659  -8.144  42.433 0.0000000000
61061  34.359  -8.299  42.163 0.0000000000
61060  35.431  -8.655  42.104 0.0000000000
61043  37.135  -9.142  42.317 0.0000000000
60047  36.944  -9.917  42.660 0.0000000000
60046  37.832  -9.621  42.759 0.0000000000
69531  38.597  0.191  42.253 0.0000000000
69516  38.216  -0.408  42.634 0.0000000000
70604  38.580  -0.067  41.054 0.0000000000
35694  16.915  -33.262  53.975 0.0000000000
38952  11.821  -29.868  54.707 0.0000000000
37825  11.731  -30.449  54.481 0.0000000000
37778  11.036  -30.321  55.626 0.0000000000
35680  10.521  -32.581  55.159 0.0000000000
34581  10.408  -33.205  55.485 0.0000000000
34555  10.162  -33.748  55.937 0.0000000000
33322  10.308  -34.516  56.107 0.0000000000
35609  7.968  -32.516  58.444 0.0000000000
33301  7.441  -34.868  57.777 0.0000000000
33300  7.925  -34.405  57.612 0.0000000000
29762  9.843  -38.399  58.559 0.0000000000
29789  8.692  -37.650  58.356 0.0000000000
29763  8.955  -38.114  58.636 0.0000000000
30847  6.361  -36.765  60.308 0.0000000000
118957  5.863  -35.895  63.899 0.0000000000
29670  5.510  -36.527  63.820 0.0000000000
28575  4.457  -37.795  63.743 0.0000000000
45388  31.741  -24.652  54.877 0.0000000000
41169  35.797  -27.345  52.860 0.0000000000
41187  35.498  -27.526  52.501 0.0000000000
40095  34.960  -28.048  52.363 0.0000000000
37898  32.073  -28.496  51.128 0.0000000000
37923  31.078  -29.612  49.461 0.0000000000
40140  25.363  -28.741  49.572 0.0000000000
39037  25.788  -29.641  49.632 0.0000000000
37928  26.578  -29.659  49.263 0.0000000000
37915  27.921  -31.359  49.650 0.0000000000
66142  41.278  -5.110  39.737 0.0000000000
64047  41.697  -6.456  42.205 0.0000000000
54915  28.779  -13.416  49.220 0.0000000000
54933  28.046  -13.458  48.095 0.0000000000
54949  27.503  -14.292  46.993 0.0000000000
53834  27.469  -15.012  47.797 0.0000000000
54967  30.061  -15.092  44.665 0.0000000000
46419  29.693  -23.106  50.778 0.0000000000
46420  28.974  -22.435  50.723 0.0000000000
47455  28.436  -21.706  50.603 0.0000000000
47456  28.128  -21.298  50.042 0.0000000000
47467  28.094  -21.134  49.295 0.0000000000
48498  28.179  -20.405  48.310 0.0000000000
48482  31.171  -21.118  48.557 0.0000000000
47477  29.438  -21.566  48.236 0.0000000000
48497  28.938  -20.928  47.633 0.0000000000
49471  28.200  -19.499  47.311 0.0000000000
50475  28.479  -18.170  46.435 0.0000000000
51561  28.830  -17.688  45.780 0.0000000000
50459  30.056  -18.867  46.377 0.0000000000
51560  30.011  -18.011  45.707 0.0000000000
52709  29.472  -17.024  45.505 0.0000000000
52721  29.934  -16.535  45.030 0.0000000000
53866  30.606  -16.149  44.716 0.0000000000
53864  32.638  -15.885  45.416 0.0000000000
53863  33.124  -15.885  45.537 0.0000000000
52705  33.158  -17.000  46.452 0.0000000000
54947  34.470  -15.584  46.290 0.0000000000
41201  35.808  -27.352  51.539 0.0000000000
42252  38.820  -26.429  51.442 0.0000000000
40094  39.111  -28.926  51.998 0.0000000000
44395  39.768  -24.605  51.508 0.0000000000
76849  45.149  7.087  38.847 0.0000000000
74826  45.068  3.714  36.902 0.0000000000
74841  45.354  4.181  36.651 0.0000000000
73781  46.165  3.363  36.401 0.0000000000
75896  45.484  5.094  36.571 0.0000000000
74858  47.817  4.516  35.446 0.0000000000
30817  5.448  -36.222  62.132 0.0000000000
33285  7.797  -34.033  58.242 0.0000000000
34556  9.531  -33.457  56.308 0.0000000000
38999  15.126  -28.903  52.609 0.0000000000
39000  14.779  -28.864  52.880 0.0000000000
41170  35.655  -27.565  53.063 0.0000000000
41231  19.437  -26.499  50.942 0.0000000000
42255  35.620  -27.011  51.836 0.0000000000
42256  35.536  -27.229  51.958 0.0000000000
42275  35.593  -27.394  51.744 0.0000000000
42313  25.286  -26.840  49.248 0.0000000000
43368  19.392  -25.345  51.834 0.0000000000
43382  19.651  -25.312  51.576 0.0000000000
45447  37.436  -23.370  50.447 0.0000000000
47479  28.131  -20.839  48.791 0.0000000000
48452  35.819  -20.355  50.461 0.0000000000
48470  33.111  -20.815  48.903 0.0000000000
48480  33.086  -21.423  49.038 0.0000000000
49437  31.209  -20.398  48.145 0.0000000000
49468  30.407  -19.276  46.953 0.0000000000
50426  32.812  -19.277  48.166 0.0000000000
50440  32.950  -18.729  48.013 0.0000000000
50442  31.547  -19.240  47.373 0.0000000000
50460  28.977  -18.969  46.469 0.0000000000
51504  27.562  -17.232  50.000 0.0000000000
51544  30.764  -18.429  46.269 0.0000000000
51562  28.106  -17.339  46.495 0.0000000000
52650  27.834  -16.657  49.922 0.0000000000
53817  27.969  -14.455  48.804 0.0000000000
53849  30.761  -16.643  45.016 0.0000000000
54932  29.297  -13.031  48.551 0.0000000000
54934  27.190  -14.082  47.810 0.0000000000
54969  27.929  -14.639  45.882 0.0000000000
58092  29.116  -11.866  46.173 0.0000000000
58127  35.768  -12.228  43.805 0.0000000000
58130  29.323  -11.865  44.891 0.0000000000
59102  30.521  -11.116  43.709 0.0000000000
60003  31.048  -9.049  45.823 0.0000000000
60068  35.373  -9.419  42.360 0.0000000000
64037  32.552  -6.202  43.759 0.0000000000
67229  35.596  -1.847  44.225 0.0000000000
67296  39.862  -1.949  39.611 0.0000000000
68369  35.823  -1.475  44.107 0.0000000000
68385  35.644  -1.606  43.910 0.0000000000
