#!ascii label  , from subject 3157 vox2ras=TkReg
650
83384  17.239  12.728  2.584 0.2500000000
83396  17.703  12.593  1.985 0.2500000000
82399  18.063  12.173  1.926 0.7500000000
86597  16.694  15.327  2.197 0.2500000000
85534  16.792  14.748  2.221 0.1250000000
85520  16.862  14.461  2.256 0.2500000000
83395  18.248  12.927  1.391 0.7500000000
84479  17.618  13.672  1.629 0.3750000000
82398  18.425  11.566  1.486 0.8750000000
82415  19.116  11.549  0.565 0.8750000000
85533  17.233  14.793  1.807 0.3750000000
85548  17.812  14.654  1.234 0.3750000000
84493  18.064  14.179  1.070 0.8750000000
83425  19.219  12.985  -0.120 1.0000000000
84507  18.859  13.730  -0.110 1.0000000000
84478  18.121  13.685  1.186 0.8750000000
83409  19.279  12.255  0.095 1.0000000000
83410  18.774  12.693  0.524 0.8750000000
83424  19.684  12.508  -0.393 1.0000000000
86596  17.118  15.905  1.611 0.2500000000
86612  17.840  15.632  1.050 0.7500000000
85547  18.193  14.896  0.669 0.8750000000
84506  19.565  13.733  -0.601 1.0000000000
85562  18.631  14.694  0.030 1.0000000000
84505  20.282  13.318  -0.595 1.0000000000
83423  20.240  12.265  -0.519 1.0000000000
86584  16.233  15.676  3.020 0.1250000000
86626  18.299  15.613  0.139 1.0000000000
85559  20.640  13.990  -0.468 1.0000000000
84522  19.991  14.009  -0.904 1.0000000000
85575  19.665  14.559  -0.900 1.0000000000
85561  19.189  14.568  -0.510 1.0000000000
84504  21.028  13.281  -0.371 1.0000000000
83407  22.192  12.438  0.341 1.0000000000
83408  21.470  12.433  -0.192 1.0000000000
90709  16.941  19.312  1.013 0.2500000000
87615  16.595  16.482  2.123 0.2500000000
87631  16.785  16.924  1.444 0.3750000000
87614  16.922  16.482  1.502 0.5000000000
87647  17.894  16.408  0.347 1.0000000000
87630  17.228  16.604  1.010 0.6250000000
86627  18.069  15.821  0.516 1.0000000000
87662  19.590  15.737  -0.930 1.0000000000
86625  19.001  15.521  -0.457 1.0000000000
85546  20.994  14.121  0.146 1.0000000000
85560  20.317  14.290  -0.886 1.0000000000
87644  20.188  15.948  -1.084 1.0000000000
85545  21.978  14.252  0.384 1.0000000000
84491  21.703  13.327  0.124 1.0000000000
84490  22.617  13.365  0.486 1.0000000000
89647  16.655  18.432  1.460 0.3750000000
89661  17.187  18.350  0.659 0.3750000000
88674  16.786  17.520  0.997 0.5000000000
89660  17.692  18.156  0.078 0.5000000000
88687  18.078  17.372  -0.090 0.8750000000
88686  18.796  17.391  -0.418 1.0000000000
89677  18.955  18.299  -0.410 1.0000000000
87643  20.771  15.797  -0.168 1.0000000000
86609  22.275  15.241  0.625 1.0000000000
85544  22.992  14.299  0.849 0.8750000000
90708  17.714  19.185  0.170 0.6250000000
90727  18.399  19.182  -0.266 0.6250000000
89678  18.205  18.398  -0.325 1.0000000000
88672  19.789  17.785  0.008 1.0000000000
87628  22.457  16.414  1.076 1.0000000000
88670  21.157  17.043  0.657 1.0000000000
88684  20.464  16.659  -0.165 1.0000000000
87629  21.481  15.982  0.395 1.0000000000
88683  20.900  16.336  0.222 1.0000000000
87627  23.706  16.338  1.398 0.8750000000
86608  23.325  15.326  1.250 1.0000000000
90707  18.067  19.605  0.058 0.5000000000
90705  20.069  19.201  0.656 1.0000000000
90706  19.561  18.809  0.205 1.0000000000
88669  22.105  17.409  1.261 1.0000000000
89657  21.436  18.092  1.184 1.0000000000
88671  20.296  17.546  0.100 1.0000000000
89656  22.291  18.278  1.515 1.0000000000
88658  22.840  17.642  1.496 1.0000000000
87611  23.976  17.059  1.480 1.0000000000
91703  17.884  20.150  0.366 0.5000000000
91723  18.804  19.677  0.063 1.0000000000
91688  20.957  20.490  1.631 1.0000000000
91722  19.143  19.554  0.115 1.0000000000
90688  23.847  19.215  2.001 1.0000000000
90689  22.513  19.298  1.877 1.0000000000
90687  25.116  19.271  1.797 1.0000000000
89646  23.221  18.391  1.777 1.0000000000
88656  24.528  17.575  1.655 1.0000000000
88668  25.357  17.509  1.382 0.8750000000
94596  19.482  23.511  1.818 1.0000000000
94597  18.389  23.139  1.901 0.3750000000
93608  19.973  22.481  1.515 0.8750000000
92634  20.357  21.403  1.373 1.0000000000
91686  23.219  20.401  2.419 1.0000000000
91687  21.932  20.431  2.213 1.0000000000
95566  20.504  24.102  2.235 0.8750000000
94595  20.709  23.296  1.920 1.0000000000
94594  21.707  23.313  1.705 1.0000000000
92633  21.488  21.465  1.796 1.0000000000
92631  23.806  21.399  2.449 1.0000000000
91685  24.487  20.296  2.430 1.0000000000
94593  22.586  23.360  2.118 1.0000000000
93604  24.337  22.425  2.630 1.0000000000
93605  23.154  22.427  2.403 1.0000000000
92632  22.604  21.443  2.209 1.0000000000
95564  22.181  24.094  1.780 1.0000000000
94592  23.662  23.514  2.610 1.0000000000
98369  21.421  26.920  3.238 0.1250000000
99261  21.296  28.067  3.321 0.1250000000
99276  21.514  27.627  2.121 0.2500000000
99277  20.783  28.308  1.670 0.2500000000
99289  21.206  28.076  0.944 0.5000000000
100080  21.286  28.708  0.508 0.3750000000
99262  20.872  28.261  2.510 0.2500000000
99290  20.605  28.607  0.904 0.2500000000
100081  20.377  29.497  1.097 0.2500000000
99305  20.855  28.595  0.429 0.2500000000
99306  20.579  29.041  0.477 0.2500000000
100100  20.985  29.353  0.342 0.3750000000
83385  16.834  12.266  3.266 0.1250000000
84465  17.002  13.875  2.340 0.2500000000
85521  16.491  14.433  2.817 0.1250000000
90703  21.732  18.851  1.434 1.0000000000
82375  16.942  11.295  3.614 0.1250000000
81387  18.838  10.392  0.833 0.7500000000
85501  15.856  14.750  3.957 0.1250000000
81402  19.397  10.826  0.308 1.0000000000
84466  16.678  13.181  3.138 0.1250000000
82430  19.960  11.549  -0.431 1.0000000000
82428  21.175  11.537  -0.349 1.0000000000
82413  21.823  11.547  0.118 1.0000000000
87600  16.292  16.611  2.945 0.3750000000
88659  16.517  17.529  1.850 0.2500000000
84489  23.669  13.362  0.741 0.8750000000
86607  24.513  15.497  1.595 0.8750000000
85543  24.221  14.301  1.230 0.8750000000
86606  25.657  15.839  1.445 0.8750000000
94578  17.247  23.090  2.446 0.1250000000
94598  17.713  22.851  2.067 0.1250000000
92656  17.602  20.673  0.785 0.3750000000
92654  18.811  20.884  0.884 0.6250000000
89645  24.256  18.369  1.837 1.0000000000
87626  24.805  16.660  1.599 0.8750000000
93610  17.964  22.256  1.705 0.3750000000
92635  19.302  21.591  1.359 0.8750000000
91684  25.602  20.481  2.149 1.0000000000
92630  25.028  21.404  2.528 1.0000000000
95565  21.441  24.040  2.137 1.0000000000
96534  22.422  24.617  1.909 1.0000000000
95563  22.862  24.256  2.201 1.0000000000
94591  24.823  23.405  2.643 1.0000000000
98359  21.650  27.610  3.853 0.1250000000
97467  21.741  26.070  3.624 0.1250000000
98385  21.974  26.941  2.082 0.6250000000
99275  21.937  27.392  1.716 0.6250000000
99288  22.311  27.987  1.653 0.5000000000
100079  22.043  28.965  1.241 0.5000000000
100055  20.506  28.699  2.357 0.2500000000
100066  20.278  29.069  1.795 0.2500000000
100099  21.615  29.356  0.663 0.5000000000
100765  19.875  30.161  1.859 0.1250000000
100798  20.661  30.475  0.429 0.2500000000
100797  21.644  30.264  0.636 0.3750000000
101487  20.071  31.322  -0.174 0.2500000000
100781  19.901  30.336  0.990 0.1250000000
82391  17.097  11.943  3.002 0.1250000000
82390  17.637  11.501  2.645 0.5000000000
82414  19.528  11.537  -0.055 1.0000000000
84492  18.376  13.832  0.620 1.0000000000
83422  20.799  12.403  -0.496 1.0000000000
85574  19.987  14.517  -1.091 1.0000000000
87661  19.804  15.515  -1.129 1.0000000000
88673  17.487  17.405  0.486 0.5000000000
87646  18.521  16.449  -0.273 1.0000000000
87645  19.316  16.406  -0.644 1.0000000000
86623  20.681  14.916  -0.619 1.0000000000
86624  20.249  14.974  -1.096 1.0000000000
86610  21.307  15.059  0.170 1.0000000000
90728  18.042  18.978  -0.334 0.6250000000
89676  19.450  18.231  -0.067 1.0000000000
88685  19.676  17.299  -0.428 1.0000000000
84488  24.609  13.382  0.762 0.8750000000
90726  19.145  19.072  -0.178 1.0000000000
87612  23.211  17.037  1.373 1.0000000000
90704  20.984  18.936  1.145 1.0000000000
90725  19.396  19.331  0.270 1.0000000000
89658  20.688  18.208  0.580 1.0000000000
88657  23.660  17.668  1.628 1.0000000000
91702  18.511  20.282  0.388 0.7500000000
91701  19.301  20.044  0.503 1.0000000000
90691  20.687  19.706  1.249 1.0000000000
91689  20.150  20.305  1.047 1.0000000000
90690  21.436  19.605  1.633 1.0000000000
93609  18.907  22.404  1.689 0.7500000000
92653  19.552  20.837  1.085 1.0000000000
93607  21.073  22.437  1.555 1.0000000000
93606  22.088  22.432  1.928 1.0000000000
98368  21.859  26.655  3.994 0.1250000000
98386  21.580  26.686  2.389 0.3750000000
100101  20.503  29.918  0.665 0.2500000000
82374  17.265  10.892  3.398 0.1250000000
82389  18.180  10.946  2.222 0.6250000000
92655  18.056  20.863  0.762 0.6250000000
92636  18.370  21.579  1.243 0.7500000000
96535  21.951  24.757  1.823 1.0000000000
96520  23.881  25.489  2.573 1.0000000000
94577  24.362  24.111  2.644 1.0000000000
97468  21.645  26.004  2.778 0.3750000000
101486  21.140  31.172  0.329 0.2500000000
101485  22.251  31.293  0.572 0.3750000000
78418  19.917  7.384  0.512 0.7500000000
77386  22.282  6.516  0.337 0.7500000000
78391  19.299  7.419  1.045 0.7500000000
78416  21.543  7.403  0.149 0.7500000000
78417  20.703  7.414  0.338 0.7500000000
79451  20.159  8.256  0.396 0.7500000000
79422  19.594  8.243  0.737 0.7500000000
78439  21.966  7.732  -0.053 0.7500000000
79450  20.845  8.332  0.142 0.7500000000
80425  20.138  9.309  0.018 0.7500000000
80426  19.494  10.068  0.314 0.8750000000
79472  21.906  8.521  -0.149 0.7500000000
79473  21.172  8.683  -0.189 0.7500000000
80424  20.757  8.938  -0.231 0.7500000000
80445  20.386  10.203  -0.338 0.8750000000
81401  19.837  10.614  -0.152 0.8750000000
80443  22.121  9.492  -0.214 0.7500000000
80444  21.078  9.533  -0.369 0.7500000000
81418  20.271  10.922  -0.360 0.8750000000
81415  22.394  10.209  -0.168 0.7500000000
81416  21.646  10.558  -0.269 0.8750000000
81399  23.065  10.503  0.238 0.8750000000
81400  22.276  10.865  0.085 0.8750000000
82412  22.657  11.517  0.421 0.8750000000
83421  25.447  11.930  0.061 0.3750000000
83405  24.454  12.371  0.535 0.7500000000
83406  23.195  12.415  0.553 0.7500000000
83420  26.079  12.264  -1.013 0.5000000000
84503  25.557  13.021  0.319 0.7500000000
83419  26.545  13.257  -1.438 0.1250000000
84502  26.243  13.567  -0.591 0.3750000000
85558  25.172  13.875  0.910 0.6250000000
84535  26.663  13.594  -3.171 0.1250000000
84521  26.486  13.822  -2.208 0.1250000000
85556  26.508  14.750  -0.651 0.1250000000
86622  26.158  15.251  0.535 0.6250000000
85573  26.479  14.743  -1.937 0.1250000000
86650  26.481  15.612  -2.803 0.1250000000
86621  26.593  15.956  -0.376 0.1250000000
87625  25.759  16.822  1.125 0.7500000000
85588  26.626  14.596  -3.062 0.1250000000
87641  26.681  16.966  -0.157 0.5000000000
87624  26.248  17.062  0.561 0.6250000000
95567  19.543  24.455  2.404 0.6250000000
96538  20.008  24.731  2.737 0.5000000000
96536  21.236  24.786  2.062 0.7500000000
89653  26.588  18.470  -0.091 0.6250000000
90701  26.138  18.960  1.517 0.6250000000
90702  25.557  18.676  1.532 0.8750000000
89654  26.427  18.377  0.859 0.6250000000
90700  26.591  19.564  0.578 0.6250000000
90686  26.010  19.966  1.403 0.7500000000
96537  20.573  24.621  2.505 0.7500000000
93603  25.465  22.484  2.460 0.8750000000
92629  26.065  21.494  2.221 0.8750000000
94590  25.732  23.698  2.100 0.8750000000
90724  26.622  19.262  -0.904 0.3750000000
91700  26.597  20.713  0.739 0.6250000000
91738  26.226  20.100  -1.654 0.2500000000
96523  21.248  25.302  2.362 0.6250000000
96522  21.811  25.448  1.982 0.7500000000
96521  22.771  25.243  2.098 0.8750000000
94576  25.063  24.215  2.508 0.7500000000
92628  26.403  21.573  1.252 0.6250000000
91720  26.393  20.610  -0.484 0.3750000000
92675  26.159  21.595  -0.704 0.5000000000
94613  26.654  23.186  0.229 0.7500000000
91739  25.839  20.890  -1.331 0.2500000000
97484  23.293  26.285  2.454 0.8750000000
96519  24.776  25.561  2.458 0.8750000000
97483  24.301  26.342  2.559 0.7500000000
95543  25.210  24.872  2.366 0.8750000000
95561  26.216  24.462  1.392 0.7500000000
93626  26.452  22.454  0.713 0.5000000000
93656  25.855  22.645  -1.389 0.2500000000
93655  26.189  22.146  -0.985 0.5000000000
92652  26.505  21.583  0.185 0.5000000000
97486  21.791  26.082  2.279 0.5000000000
98384  22.796  26.953  2.108 0.6250000000
98383  23.884  27.242  2.330 0.7500000000
99274  24.725  27.491  2.206 0.7500000000
98399  25.477  26.953  1.961 0.7500000000
98382  24.796  26.975  2.332 0.7500000000
99286  24.435  27.973  1.931 0.7500000000
97499  25.797  26.193  1.782 0.7500000000
97498  26.418  26.197  1.310 0.7500000000
95602  26.478  24.401  -0.595 0.5000000000
96563  26.298  25.337  -0.179 0.3750000000
96548  26.479  25.316  0.896 0.6250000000
94642  26.468  23.976  -1.023 0.3750000000
95615  26.310  24.489  -1.181 0.3750000000
98402  22.368  27.364  1.807 0.6250000000
98400  23.752  27.738  1.916 0.7500000000
100076  25.242  28.389  1.672 0.7500000000
99304  25.810  27.934  1.173 0.7500000000
99303  26.252  27.712  0.583 0.6250000000
96564  26.197  25.864  -0.588 0.3750000000
98429  26.172  26.756  -0.435 0.3750000000
94652  25.357  23.513  -2.401 0.1250000000
95625  25.293  24.630  -2.513 0.1250000000
96587  25.630  25.509  -1.994 0.2500000000
98401  23.110  27.551  1.826 0.6250000000
99287  23.550  28.156  1.698 0.7500000000
100077  24.431  28.857  1.620 0.6250000000
100097  25.635  28.989  1.040 0.7500000000
98433  26.298  27.575  -0.315 0.3750000000
100096  26.058  28.271  0.618 0.3750000000
98416  25.844  27.305  1.517 0.7500000000
97532  25.798  26.395  -1.403 0.2500000000
97526  26.067  26.339  -0.759 0.3750000000
97512  26.550  26.253  0.540 0.6250000000
96597  23.769  25.450  -3.879 0.1250000000
96596  24.321  25.473  -3.170 0.1250000000
94653  25.218  24.005  -3.084 0.1250000000
100078  23.209  28.894  1.579 0.6250000000
100098  24.709  29.586  1.225 0.3750000000
99326  25.522  28.328  -1.835 0.2500000000
99316  26.350  27.977  0.042 0.3750000000
100109  26.153  28.628  0.263 0.3750000000
98453  24.646  27.354  -3.119 0.1250000000
98441  25.672  27.352  -1.599 0.3750000000
98434  26.103  27.227  -0.770 0.3750000000
95636  23.424  24.541  -4.248 0.1250000000
97542  25.353  26.434  -2.145 0.1250000000
100796  22.796  30.591  1.118 0.3750000000
100778  23.911  29.526  1.446 0.3750000000
100795  24.106  30.385  1.207 0.3750000000
100804  25.582  30.162  -0.427 0.3750000000
100794  25.154  29.893  0.529 0.3750000000
100113  25.695  29.258  -1.189 0.3750000000
100110  25.946  29.185  -0.164 0.3750000000
99338  23.821  27.947  -3.952 0.1250000000
98442  25.200  27.379  -2.390 0.1250000000
97555  23.536  26.376  -4.127 0.1250000000
101484  23.652  31.432  0.562 0.2500000000
101495  24.563  31.754  -0.286 0.2500000000
101483  24.893  30.907  0.249 0.3750000000
101502  25.392  31.148  -1.749 0.1250000000
101494  25.367  31.123  -0.766 0.3750000000
100810  25.202  30.244  -2.324 0.1250000000
100807  25.509  30.225  -1.430 0.2500000000
100814  24.364  30.294  -4.061 0.1250000000
100117  25.379  29.289  -2.077 0.1250000000
102251  23.786  32.295  0.069 0.2500000000
101503  24.962  31.899  -1.238 0.1250000000
102274  25.084  31.839  -2.052 0.1250000000
102275  24.628  32.737  -1.899 0.1250000000
100130  24.029  29.293  -4.476 0.1250000000
101506  24.559  31.375  -3.438 0.1250000000
102999  23.666  33.393  -1.059 0.1250000000
102278  24.451  33.105  -3.641 0.1250000000
103007  24.021  33.757  -2.030 0.1250000000
101509  24.098  31.354  -4.625 0.1250000000
101511  23.566  30.774  -5.177 0.1250000000
81417  20.814  10.714  -0.365 0.8750000000
82411  23.728  11.379  0.452 0.6250000000
88666  26.425  17.679  0.266 0.6250000000
91683  26.331  20.723  1.578 0.8750000000
91721  25.899  21.102  -0.854 0.3750000000
97485  22.343  26.189  2.171 0.6250000000
97482  25.137  26.276  2.267 0.7500000000
96533  25.475  25.511  2.093 0.7500000000
95562  25.699  24.718  1.974 0.7500000000
95584  26.555  24.227  0.343 0.7500000000
94630  26.061  23.165  -1.046 0.5000000000
100123  24.575  29.309  -3.745 0.1250000000
102277  24.848  32.066  -2.740 0.1250000000
85557  25.857  14.188  0.335 0.5000000000
85542  25.343  14.754  1.218 0.6250000000
88681  26.786  17.529  -0.821 0.3750000000
89675  26.639  18.300  -0.866 0.3750000000
90740  26.279  19.220  -2.099 0.2500000000
94589  26.436  23.418  1.167 0.7500000000
91749  26.098  19.891  -2.731 0.1250000000
76383  21.119  5.643  0.392 0.7500000000
77388  20.475  6.505  0.427 0.7500000000
77389  19.674  6.493  0.712 0.7500000000
76382  22.001  5.679  0.447 0.7500000000
77387  21.347  6.534  0.314 0.7500000000
77406  23.124  6.575  0.194 0.7500000000
80399  18.686  9.382  1.511 0.6250000000
80407  19.789  8.761  0.448 0.7500000000
78438  22.772  7.484  -0.149 0.6250000000
79471  23.036  8.511  -0.039 0.6250000000
80442  22.889  9.586  0.046 0.6250000000
81398  24.157  10.329  0.337 0.5000000000
82427  25.715  11.017  -0.474 0.3750000000
82410  24.941  11.102  0.377 0.5000000000
83439  26.486  12.823  -2.264 0.1250000000
85601  26.361  14.441  -4.024 0.1250000000
86664  26.427  15.456  -3.924 0.1250000000
87689  26.584  16.561  -3.659 0.1250000000
87676  26.578  16.714  -2.455 0.1250000000
88716  26.741  17.762  -2.166 0.1250000000
89692  26.577  18.454  -1.646 0.2500000000
96524  20.571  24.845  2.825 0.5000000000
91750  25.723  20.668  -2.319 0.1250000000
93673  24.879  22.255  -3.420 0.1250000000
94662  24.513  23.438  -3.669 0.1250000000
94663  23.860  24.004  -4.125 0.1250000000
96607  23.044  25.438  -4.454 0.1250000000
95647  22.790  24.532  -4.900 0.1250000000
99349  23.288  28.353  -4.419 0.1250000000
99363  21.756  28.464  -5.536 0.1250000000
100054  20.759  29.011  3.232 0.1250000000
102252  22.768  32.159  0.234 0.2500000000
102266  23.228  32.956  -0.190 0.1250000000
103000  22.415  33.505  -0.720 0.1250000000
100819  23.242  30.159  -5.427 0.1250000000
89644  25.119  18.257  1.625 0.7500000000
95568  18.472  24.080  2.147 0.3750000000
82429  20.524  11.562  -0.452 0.8750000000
95545  23.684  24.580  2.464 0.8750000000
95544  24.510  24.809  2.512 0.8750000000
100780  22.251  29.782  0.999 0.3750000000
102253  21.561  31.954  0.218 0.1250000000
78415  22.328  7.125  0.038 0.7500000000
79423  19.113  8.394  1.406 0.7500000000
80408  19.363  9.224  0.728 0.7500000000
81380  18.357  10.333  1.824 0.6250000000
84501  26.605  14.004  -1.324 0.2500000000
86636  26.617  15.747  -1.579 0.1250000000
87660  26.884  16.884  -1.219 0.1250000000
87642  26.367  16.297  0.676 0.6250000000
87659  26.991  17.236  -1.061 0.1250000000
88667  26.097  17.579  0.981 0.6250000000
90685  26.498  20.231  1.121 0.6250000000
93602  26.154  22.512  1.740 0.7500000000
94575  25.457  24.375  2.269 0.7500000000
92690  26.079  21.855  -1.270 0.3750000000
93642  26.299  22.499  -0.428 0.5000000000
94661  25.060  22.889  -3.039 0.1250000000
93664  25.409  22.375  -2.541 0.1250000000
92691  25.810  21.590  -1.885 0.2500000000
92700  25.279  21.378  -2.935 0.1250000000
99285  25.304  27.685  1.891 0.7500000000
96576  26.137  25.445  -1.134 0.3750000000
94643  26.010  23.667  -1.349 0.1250000000
95616  25.741  24.539  -1.745 0.3750000000
96588  24.923  25.503  -2.544 0.1250000000
95626  24.660  24.593  -3.062 0.1250000000
99322  26.129  28.283  -1.026 0.3750000000
97554  24.173  26.390  -3.471 0.1250000000
95635  24.086  24.580  -3.707 0.1250000000
97543  24.778  26.419  -2.815 0.1250000000
100779  23.022  29.793  1.588 0.3750000000
98454  23.860  27.293  -3.589 0.1250000000
98465  23.298  27.310  -4.261 0.1250000000
99337  24.376  28.305  -3.370 0.1250000000
99348  24.171  28.572  -4.105 0.1250000000
99327  24.911  28.339  -2.544 0.1250000000
100118  24.924  29.292  -2.885 0.1250000000
97565  22.716  26.428  -4.628 0.1250000000
101505  25.139  31.190  -2.625 0.1250000000
100811  24.787  30.287  -3.162 0.1250000000
102265  24.207  32.550  -0.733 0.1250000000
100131  23.109  29.298  -4.992 0.1250000000
103008  22.815  34.136  -1.412 0.1250000000
76384  20.267  5.563  0.575 0.7500000000
79448  23.339  9.130  0.216 0.6250000000
98466  22.478  27.465  -4.710 0.1250000000
99350  22.373  28.420  -4.953 0.1250000000
76385  19.550  5.632  1.108 0.7500000000
78392  18.618  7.486  1.787 0.5000000000
75364  21.732  4.321  0.222 0.6250000000
75363  22.389  4.688  0.007 0.6250000000
76405  22.961  5.668  0.326 0.3750000000
76419  23.714  5.917  -1.364 0.2500000000
96505  21.276  25.103  3.281 0.2500000000
75342  21.678  4.973  0.429 0.6250000000
75362  23.240  4.783  -0.346 0.5000000000
80423  23.618  9.634  0.273 0.5000000000
74304  21.443  3.797  0.266 0.6250000000
78393  18.183  7.230  2.384 0.3750000000
76363  18.929  5.699  1.751 0.3750000000
75343  20.994  4.611  0.424 0.6250000000
74281  23.282  3.252  -0.294 0.3750000000
74302  22.992  3.819  -0.548 0.5000000000
74303  22.145  3.558  0.043 0.6250000000
78368  18.216  7.851  2.396 0.2500000000
75361  23.831  4.759  -0.588 0.3750000000
76404  23.565  5.666  -0.523 0.2500000000
77422  23.941  6.408  -1.482 0.2500000000
79470  24.115  8.123  -0.433 0.3750000000
80422  24.426  9.424  0.096 0.2500000000
81397  25.049  10.053  -0.374 0.2500000000
89633  16.034  17.869  3.025 0.1250000000
91704  17.188  20.257  0.829 0.2500000000
81414  25.545  10.266  -1.218 0.2500000000
92637  17.380  21.303  1.295 0.2500000000
88644  16.280  17.375  2.738 0.2500000000
81381  17.808  10.342  2.583 0.2500000000
77369  19.057  6.541  1.391 0.5000000000
79411  18.415  8.505  2.023 0.3750000000
79447  23.870  8.858  0.204 0.2500000000
76403  24.380  5.563  -1.102 0.2500000000
77405  23.279  6.500  -0.909 0.3750000000
78437  23.695  7.288  -0.821 0.3750000000
74301  23.502  4.244  -0.526 0.5000000000
77370  18.437  6.534  2.149 0.3750000000
79446  24.501  8.738  -0.278 0.2500000000
88645  15.971  17.508  3.284 0.1250000000
73241  20.497  2.664  1.088 0.5000000000
73258  22.774  2.813  -0.111 0.2500000000
72214  22.429  1.746  -0.254 0.3750000000
73259  21.927  2.508  0.022 0.5000000000
74283  20.809  3.494  0.526 0.5000000000
75322  19.386  4.070  1.488 0.5000000000
74284  20.103  3.571  1.141 0.5000000000
75345  19.373  4.956  1.479 0.3750000000
75344  20.013  4.541  0.856 0.5000000000
73218  19.465  2.422  2.514 0.1250000000
73217  20.077  2.017  1.701 0.3750000000
71117  20.002  0.285  1.893 0.1250000000
72167  20.203  1.137  1.632 0.2500000000
72193  20.815  1.492  1.088 0.3750000000
72191  22.909  1.411  0.235 0.2500000000
72192  21.574  1.269  0.357 0.3750000000
73240  21.374  2.339  0.372 0.5000000000
72136  19.514  1.468  3.145 0.1250000000
74233  18.895  3.047  2.957 0.1250000000
74260  18.543  4.500  2.569 0.1250000000
74282  21.607  3.047  0.321 0.5000000000
73238  23.464  2.759  0.001 0.2500000000
73260  21.702  2.202  0.047 0.3750000000
72215  21.766  1.828  -0.137 0.3750000000
74258  19.648  3.030  1.630 0.2500000000
72168  19.758  1.299  2.227 0.1250000000
75323  18.724  4.801  1.986 0.1250000000
71090  19.625  0.476  2.767 0.1250000000
71155  22.414  0.967  0.006 0.2500000000
74259  18.868  3.636  2.249 0.1250000000
71116  20.622  0.612  1.455 0.2500000000
71137  21.291  0.432  1.068 0.2500000000
80400  18.062  9.420  2.307 0.2500000000
80386  17.405  9.499  3.226 0.1250000000
95546  19.436  24.898  2.988 0.1250000000
95530  18.749  24.861  3.665 0.1250000000
96506  20.287  24.844  3.273 0.1250000000
95517  19.012  25.216  4.354 0.1250000000
95529  19.651  24.824  3.679 0.1250000000
95547  18.499  24.860  2.749 0.1250000000
95528  20.543  24.708  3.923 0.1250000000
96495  20.088  25.869  4.485 0.1250000000
91690  16.704  20.775  1.446 0.1250000000
77371  17.967  6.833  2.661 0.1250000000
79395  17.743  8.453  3.395 0.1250000000
93611  17.065  22.297  1.955 0.1250000000
95548  17.340  24.236  2.696 0.1250000000
95531  17.867  24.924  3.803 0.1250000000
95518  18.195  25.346  4.292 0.1250000000
96496  19.380  25.842  4.807 0.1250000000
97459  20.155  26.471  4.766 0.1250000000
95514  21.184  25.268  4.445 0.1250000000
95569  17.800  23.528  2.165 0.1250000000
81365  17.317  10.425  3.216 0.1250000000
96525  19.997  24.863  2.978 0.1250000000
79412  17.906  8.535  2.711 0.1250000000
78369  17.886  7.561  2.881 0.1250000000
80363  17.032  9.116  3.956 0.1250000000
95515  20.676  25.180  4.350 0.1250000000
95516  19.891  25.283  4.216 0.1250000000
96488  16.829  25.702  5.543 0.1250000000
97458  20.799  26.738  4.617 0.1250000000
74280  23.864  3.733  -0.342 0.1250000000
75341  24.315  4.738  -0.340 0.1250000000
76418  24.105  5.966  -1.695 0.1250000000
78455  24.374  6.921  -1.473 0.1250000000
78436  24.454  7.523  -1.100 0.1250000000
79503  25.409  7.825  -2.473 0.1250000000
79488  25.275  8.206  -2.213 0.1250000000
79469  25.005  8.211  -0.985 0.1250000000
80458  25.831  8.773  -2.082 0.1250000000
80421  25.046  9.075  -0.440 0.1250000000
80440  25.935  9.336  -1.989 0.1250000000
80441  25.669  9.170  -1.321 0.1250000000
71135  22.518  0.766  0.903 0.1250000000
71136  21.944  0.521  0.450 0.1250000000
72190  23.545  1.987  0.516 0.1250000000
73237  24.011  2.856  0.476 0.1250000000
74257  24.357  3.706  0.560 0.1250000000
75340  24.654  5.059  -0.174 0.1250000000
76402  24.874  5.941  -1.082 0.1250000000
77403  25.327  6.514  -1.240 0.1250000000
77437  24.972  7.057  -2.097 0.1250000000
78453  25.789  7.359  -2.138 0.1250000000
80457  26.078  9.367  -2.221 0.1250000000
82443  25.735  10.986  -2.751 0.1250000000
81431  26.003  10.338  -2.780 0.1250000000
82426  25.605  11.086  -1.748 0.1250000000
75321  24.255  4.226  0.091 0.1250000000
72213  23.099  2.085  -0.049 0.1250000000
76381  24.599  5.225  -0.503 0.1250000000
77421  24.653  6.395  -1.928 0.1250000000
77404  24.906  5.925  -1.566 0.1250000000
78454  24.805  7.390  -1.865 0.1250000000
78473  25.110  7.550  -2.374 0.1250000000
81413  25.793  10.069  -2.107 0.1250000000
80470  26.227  10.109  -2.530 0.1250000000
72166  23.124  1.335  0.964 0.1250000000
81442  26.437  10.664  -3.033 0.1250000000
71156  21.972  1.135  -0.208 0.2500000000
73239  21.647  2.629  0.245 0.3750000000
77436  25.152  7.258  -2.306 0.1250000000
78472  25.384  7.462  -2.402 0.1250000000
79449  21.472  8.153  0.040 0.7500000000
79487  25.798  8.151  -2.353 0.1250000000
79502  25.630  7.750  -2.458 0.1250000000
84523  19.807  14.211  -0.911 1.0000000000
86611  18.140  15.517  0.590 0.8750000000
86637  19.896  15.124  -1.162 1.0000000000
86638  19.531  15.178  -0.880 1.0000000000
87613  22.642  17.115  1.312 1.0000000000
87640  26.888  17.275  -0.772 0.1250000000
88682  26.649  17.687  -0.515 0.3750000000
88699  26.896  17.421  -0.974 0.3750000000
88700  26.758  17.653  -1.161 0.3750000000
89655  25.820  18.212  1.322 0.6250000000
89659  19.943  18.270  0.277 1.0000000000
91724  18.321  19.778  0.139 0.8750000000
92676  25.895  21.381  -1.178 0.3750000000
93643  26.091  22.940  -0.854 0.5000000000
94629  26.409  23.478  -0.621 0.3750000000
95526  21.469  25.233  4.368 0.1250000000
96494  20.723  25.887  4.416 0.1250000000
96498  17.426  25.825  4.681 0.1250000000
96507  19.810  24.849  3.194 0.1250000000
96532  26.067  25.405  1.584 0.7500000000
96575  26.349  24.926  -0.790 0.3750000000
97460  19.795  26.201  4.809 0.1250000000
97525  26.263  26.290  -0.233 0.3750000000
98398  26.086  26.768  1.548 0.7500000000
98415  26.462  27.112  1.059 0.6250000000
98428  26.307  27.127  0.056 0.3750000000
99273  25.112  27.316  2.160 0.7500000000
99317  26.267  28.433  -0.319 0.3750000000
99321  26.313  27.916  -0.518 0.3750000000
100818  23.794  30.189  -4.819 0.1250000000
101512  23.053  30.832  -5.484 0.1250000000
