#!ascii label  , from subject 3475 vox2ras=TkReg
1186
72410  -23.791  -27.082  4.175 0.4285714328
73765  -24.000  -26.005  2.492 0.2857142985
73750  -24.280  -26.468  3.021 0.4285714328
73766  -24.906  -26.048  2.439 0.4285714328
73767  -25.870  -26.026  2.449 0.4285714328
74961  -24.556  -25.322  2.451 0.2857142985
74962  -25.544  -25.331  2.383 0.4285714328
76186  -26.200  -24.546  2.424 0.4285714328
78402  -25.511  -22.535  2.404 0.4285714328
78403  -26.513  -22.860  2.552 0.4285714328
79458  -25.803  -21.898  2.187 0.4285714328
79477  -26.949  -21.467  2.124 0.4285714328
80537  -25.314  -20.420  0.684 0.5714285970
80520  -26.648  -20.670  1.486 0.5714285970
81680  -27.881  -20.192  1.285 0.2857142985
81701  -26.956  -19.881  0.635 0.7142857313
82835  -29.010  -18.802  0.019 0.7142857313
81702  -28.238  -19.418  0.520 0.7142857313
83913  -30.208  -17.718  -0.921 0.5714285970
81720  -28.239  -18.821  -0.358 0.5714285970
82867  -29.089  -17.990  -1.161 0.5714285970
83925  -29.136  -17.659  -1.808 0.5714285970
83926  -29.814  -17.465  -1.791 0.5714285970
82853  -27.828  -18.325  -1.079 0.5714285970
83927  -30.710  -17.334  -1.475 0.4285714328
84901  -30.389  -17.036  -2.925 0.5714285970
84920  -31.683  -16.393  -4.084 0.5714285970
83936  -28.720  -17.321  -2.786 0.7142857313
84919  -30.589  -16.736  -3.821 0.7142857313
84921  -32.896  -16.183  -4.225 0.5714285970
83955  -29.315  -17.610  -3.054 0.5714285970
84889  -27.312  -16.853  -1.102 0.5714285970
84917  -28.809  -16.954  -3.635 0.8571428657
85981  -32.159  -16.292  -4.799 0.7142857313
85997  -32.944  -15.813  -5.672 0.5714285970
85979  -28.693  -16.410  -3.183 0.7142857313
85964  -28.268  -16.015  -1.548 0.5714285970
86009  -32.379  -15.359  -6.233 0.7142857313
86010  -33.299  -15.525  -6.401 0.5714285970
84936  -29.887  -16.675  -4.507 0.7142857313
85996  -32.007  -16.061  -5.548 0.7142857313
87106  -32.478  -14.680  -6.720 0.5714285970
85994  -30.141  -15.882  -5.191 0.7142857313
87123  -33.824  -14.637  -7.754 0.5714285970
85993  -29.442  -15.857  -4.488 0.5714285970
86007  -30.653  -15.453  -5.717 0.7142857313
87105  -31.755  -14.667  -6.424 0.7142857313
88232  -32.548  -13.718  -7.391 0.7142857313
87122  -33.125  -14.273  -7.444 0.7142857313
87103  -29.934  -14.367  -5.708 0.7142857313
87104  -30.722  -14.519  -6.135 0.7142857313
88230  -31.385  -13.111  -6.972 0.7142857313
90446  -32.429  -11.827  -8.316 0.7142857313
89382  -33.453  -12.708  -8.446 0.5714285970
88215  -30.784  -13.361  -6.544 0.7142857313
87079  -29.342  -14.884  -3.960 0.5714285970
90459  -32.854  -11.360  -8.883 0.5714285970
91511  -33.260  -10.922  -9.479 0.5714285970
89345  -29.702  -12.915  -5.747 0.8571428657
88204  -29.643  -13.595  -5.373 0.8571428657
90458  -32.387  -10.953  -8.859 0.7142857313
91500  -31.484  -11.044  -8.351 0.7142857313
89366  -31.087  -12.429  -7.277 0.8571428657
90434  -30.483  -11.586  -7.337 0.7142857313
92590  -30.241  -9.469  -8.219 0.8571428657
92599  -31.965  -9.764  -9.241 0.5714285970
91499  -30.973  -10.564  -8.265 0.8571428657
91493  -30.231  -10.529  -7.277 0.8571428657
90426  -30.121  -11.487  -6.387 0.8571428657
93692  -29.579  -8.437  -7.741 0.8571428657
94819  -29.481  -7.530  -7.523 0.8571428657
95962  -29.517  -6.530  -7.370 0.8571428657
92583  -29.774  -9.454  -7.159 0.8571428657
94820  -29.891  -7.370  -6.577 0.8571428657
94791  -30.644  -6.738  -4.891 1.0000000000
95963  -30.023  -6.332  -6.469 1.0000000000
93693  -29.739  -8.420  -6.735 0.8571428657
95948  -30.415  -6.095  -5.575 1.0000000000
94805  -30.423  -7.095  -5.663 1.0000000000
98156  -30.529  -4.137  -5.208 1.0000000000
100278  -30.689  -2.434  -2.683 0.7142857313
97077  -30.451  -5.123  -5.397 1.0000000000
97061  -31.062  -4.705  -3.806 1.0000000000
99193  -30.892  -3.107  -4.098 1.0000000000
103274  -30.561  0.615  -3.997 1.0000000000
104285  -30.171  1.587  -2.802 0.8571428657
106321  -30.370  3.383  -3.475 0.8571428657
105289  -30.222  2.491  -3.206 1.0000000000
110171  -30.310  6.932  -4.259 0.8571428657
108233  -30.156  5.563  -3.486 0.8571428657
107312  -30.440  4.486  -3.571 1.0000000000
112298  -29.861  9.478  -5.091 0.8571428657
111260  -30.112  8.862  -5.047 0.8571428657
112291  -29.471  9.622  -4.246 0.7142857313
111243  -27.966  8.671  -3.274 0.5714285970
113286  -28.495  10.712  -3.765 0.7142857313
114318  -29.019  11.369  -5.005 0.5714285970
113284  -26.408  10.636  -3.510 0.5714285970
112281  -27.171  9.665  -3.426 0.5714285970
113283  -25.313  10.588  -3.582 0.4285714328
115302  -26.052  12.602  -3.730 0.4285714328
116242  -27.444  13.168  -4.198 0.4285714328
114302  -23.899  11.486  -2.691 0.2857142985
114307  -24.652  11.571  -3.366 0.2857142985
114297  -23.684  10.976  -2.151 0.2857142985
84891  -29.777  -17.470  -2.378 0.5714285970
92600  -32.389  -10.026  -9.321 0.5714285970
89379  -31.532  -11.934  -7.821 0.7142857313
90445  -31.956  -11.444  -8.339 0.7142857313
91508  -31.543  -10.060  -8.788 0.8571428657
93708  -30.444  -8.610  -9.004 0.8571428657
93698  -29.851  -8.433  -8.567 0.8571428657
100289  -30.730  -2.260  -3.637 0.8571428657
114299  -24.660  12.118  -1.069 0.1428571492
74960  -23.485  -25.420  2.688 0.2857142985
76184  -24.222  -24.466  2.597 0.2857142985
76185  -25.215  -24.495  2.567 0.2857142985
77302  -25.868  -23.623  2.608 0.4285714328
79460  -27.118  -22.284  2.394 0.4285714328
78401  -24.454  -22.581  2.279 0.2857142985
79476  -26.115  -21.412  1.932 0.4285714328
77301  -24.861  -23.533  2.624 0.4285714328
80518  -24.815  -20.998  1.218 0.5714285970
80538  -26.094  -20.337  0.867 0.5714285970
81718  -26.303  -19.273  -0.278 0.2857142985
81719  -27.388  -19.103  -0.300 0.7142857313
82854  -28.719  -18.369  -0.779 0.4285714328
83939  -32.420  -16.684  -2.310 0.4285714328
82865  -28.244  -17.806  -1.419 0.7142857313
83924  -28.623  -17.393  -1.853 0.7142857313
84893  -30.864  -16.823  -2.040 0.7142857313
84902  -31.443  -16.447  -2.732 0.5714285970
84903  -32.584  -16.368  -3.121 0.4285714328
84937  -30.781  -16.612  -4.810 0.7142857313
85963  -27.654  -16.300  -1.131 0.5714285970
84899  -28.581  -16.819  -2.222 0.5714285970
87135  -34.196  -14.088  -8.364 0.5714285970
85972  -28.838  -15.742  -2.773 0.5714285970
86023  -33.706  -15.149  -7.220 0.5714285970
87091  -30.156  -15.046  -5.593 0.7142857313
86008  -31.382  -15.445  -6.009 0.7142857313
88245  -33.799  -13.184  -8.451 0.5714285970
92598  -31.227  -9.390  -9.017 0.5714285970
92576  -30.330  -9.320  -5.987 1.0000000000
97091  -30.074  -5.310  -6.290 1.0000000000
94784  -30.833  -6.768  -3.990 1.0000000000
99183  -31.027  -3.124  -3.251 0.8571428657
101318  -30.327  -1.396  -2.281 0.7142857313
101330  -30.607  -1.352  -3.133 1.0000000000
101348  -30.204  -1.260  -5.142 1.0000000000
103262  -30.533  0.629  -3.104 0.7142857313
102305  -30.451  -0.327  -4.519 1.0000000000
102281  -30.013  -0.354  -1.867 0.7142857313
104293  -30.440  1.563  -3.555 0.8571428657
109153  -30.224  6.394  -3.915 0.8571428657
107316  -30.713  4.480  -4.607 1.0000000000
106326  -30.624  3.475  -4.221 1.0000000000
111244  -29.170  8.835  -3.553 0.7142857313
114309  -26.781  11.625  -3.603 0.7142857313
113285  -27.498  10.685  -3.486 0.7142857313
114311  -28.523  11.574  -4.190 0.7142857313
112279  -25.006  9.546  -3.607 0.4285714328
115301  -25.009  12.542  -3.413 0.2857142985
115310  -28.401  12.391  -4.706 0.4285714328
116241  -26.666  13.622  -4.070 0.4285714328
115300  -24.325  12.576  -2.940 0.2857142985
82852  -26.687  -18.454  -0.713 0.4285714328
114308  -25.674  11.601  -3.559 0.4285714328
72429  -23.535  -26.728  3.563 0.4285714328
73764  -23.597  -25.932  2.623 0.2857142985
73749  -23.361  -26.254  2.892 0.2857142985
73751  -25.238  -26.437  2.972 0.4285714328
78416  -24.996  -22.230  2.144 0.2857142985
79459  -26.343  -22.048  2.326 0.4285714328
79475  -25.245  -21.719  1.875 0.4285714328
80519  -25.703  -20.887  1.365 0.4285714328
81700  -25.830  -19.902  0.217 0.2857142985
81679  -27.251  -20.351  1.318 0.4285714328
82866  -28.603  -17.948  -1.378 0.5714285970
84918  -29.599  -17.251  -3.655 0.7142857313
84890  -28.052  -16.837  -1.560 0.7142857313
83953  -28.707  -17.264  -3.258 0.7142857313
83923  -27.848  -17.505  -1.371 0.7142857313
85980  -28.981  -15.950  -3.668 0.5714285970
86022  -32.998  -14.981  -6.740 0.5714285970
87121  -32.226  -14.064  -6.942 0.7142857313
87090  -29.587  -14.802  -5.026 0.8571428657
88243  -32.475  -12.743  -7.800 0.7142857313
88197  -29.676  -13.707  -4.276 0.8571428657
92582  -29.748  -9.010  -8.020 0.8571428657
93686  -30.413  -8.186  -5.758 1.0000000000
98142  -31.088  -3.909  -3.627 1.0000000000
110181  -30.222  7.924  -4.404 0.8571428657
111253  -29.998  8.615  -4.465 0.8571428657
112283  -28.941  9.876  -3.762 0.7142857313
113287  -29.087  10.330  -4.140 0.7142857313
112282  -28.243  9.764  -3.432 0.5714285970
115303  -27.254  12.546  -3.883 0.4285714328
113282  -24.287  10.494  -3.327 0.2857142985
114298  -24.076  11.698  -1.663 0.2857142985
114288  -24.458  11.445  -1.071 0.1428571492
102293  -30.577  -0.354  -3.572 1.0000000000
114310  -27.807  11.599  -3.708 0.5714285970
118704  -26.240  16.825  -6.336 0.2857142985
118695  -25.840  17.486  -4.796 0.1428571492
117870  -26.771  14.989  -4.691 0.2857142985
117878  -26.680  16.007  -5.635 0.2857142985
118686  -25.827  16.476  -4.523 0.1428571492
119480  -25.794  18.002  -4.610 0.1428571492
116237  -24.424  14.221  -3.231 0.1428571492
117069  -25.728  14.621  -3.960 0.2857142985
117068  -24.653  14.877  -3.448 0.1428571492
117890  -27.149  15.069  -7.193 0.2857142985
117879  -27.020  15.175  -5.180 0.2857142985
114371  -27.166  11.182  -9.483 0.2857142985
116287  -27.004  12.916  -8.299 0.2857142985
118677  -24.990  16.938  -3.094 0.1428571492
116251  -27.103  14.069  -4.512 0.2857142985
113313  -28.966  10.884  -7.024 0.2857142985
117092  -27.763  14.294  -6.649 0.2857142985
117079  -27.180  14.474  -4.847 0.2857142985
111285  -29.047  8.810  -9.279 0.1428571492
114350  -28.235  11.659  -7.541 0.2857142985
116280  -27.967  13.095  -7.460 0.2857142985
117858  -25.036  15.981  -3.702 0.1428571492
116275  -28.270  13.326  -6.762 0.2857142985
117087  -27.554  14.424  -5.598 0.2857142985
109207  -27.389  6.316  -10.202 0.1428571492
110222  -28.648  7.320  -10.003 0.1428571492
113330  -28.046  10.439  -8.634 0.4285714328
115323  -28.765  12.197  -5.650 0.2857142985
108243  -29.858  5.242  -7.788 0.2857142985
111268  -29.971  8.696  -6.874 0.4285714328
114340  -29.244  10.936  -6.198 0.2857142985
115309  -27.866  12.828  -4.245 0.2857142985
106348  -28.429  3.307  -8.507 0.1428571492
109186  -29.482  6.443  -8.711 0.2857142985
113314  -29.455  10.218  -6.634 0.4285714328
110196  -30.382  7.384  -6.656 0.5714285970
112305  -29.987  9.321  -6.144 0.7142857313
105328  -29.079  2.312  -7.869 0.1428571492
106337  -29.254  3.307  -7.733 0.1428571492
112306  -30.207  8.742  -5.763 0.7142857313
114319  -29.333  10.794  -5.240 0.4285714328
108244  -30.328  5.607  -7.071 0.4285714328
103311  -28.214  0.654  -8.760 0.2857142985
104333  -29.312  1.495  -7.540 0.7142857313
110189  -30.500  7.411  -5.775 0.7142857313
105307  -30.556  2.516  -4.759 0.8571428657
106332  -30.416  3.440  -6.120 0.8571428657
108241  -30.595  5.491  -6.042 0.5714285970
101388  -27.930  -1.554  -9.154 0.2857142985
102339  -28.134  -0.556  -8.809 0.2857142985
107319  -30.628  4.465  -5.614 0.7142857313
109137  -29.143  5.973  -2.987 0.5714285970
100332  -27.692  -2.507  -9.638 0.1428571492
103303  -29.498  0.616  -7.120 0.7142857313
99245  -27.597  -3.334  -10.239 0.1428571492
94760  -29.548  -7.049  -1.488 0.5714285970
95920  -31.111  -5.410  -2.777 0.8571428657
97050  -31.118  -4.620  -2.714 0.8571428657
97048  -30.209  -5.063  -1.632 0.4285714328
98129  -30.892  -3.999  -2.331 0.5714285970
100300  -29.878  -2.359  -6.438 0.8571428657
103280  -30.498  0.637  -4.889 0.8571428657
98188  -27.968  -4.208  -9.758 0.2857142985
102310  -29.951  -0.541  -5.906 0.8571428657
103289  -30.273  0.700  -5.693 0.8571428657
97134  -28.659  -4.741  -11.381 0.4285714328
101377  -29.292  -2.017  -7.767 0.7142857313
102333  -29.251  -0.287  -7.465 0.7142857313
93631  -28.348  -7.834  -1.370 0.2857142985
94772  -30.900  -6.650  -2.854 0.5714285970
95906  -29.902  -6.089  -1.585 0.5714285970
95941  -30.740  -5.901  -4.693 0.8571428657
99199  -30.584  -3.152  -4.954 0.8571428657
100293  -30.510  -2.218  -4.572 0.8571428657
101356  -30.100  -1.589  -5.540 0.8571428657
101347  -30.036  -0.845  -5.598 0.8571428657
98189  -28.509  -4.671  -8.910 0.4285714328
99222  -29.467  -3.550  -7.643 0.8571428657
101369  -29.439  -1.405  -7.207 0.8571428657
97126  -28.327  -5.042  -10.770 0.4285714328
89321  -29.740  -12.932  -2.164 0.7142857313
91446  -28.501  -11.135  -1.355 0.4285714328
90408  -30.530  -11.345  -3.231 0.8571428657
91461  -30.393  -10.378  -2.306 0.5714285970
93645  -29.003  -8.518  -1.375 0.5714285970
93644  -27.938  -8.527  -1.495 0.4285714328
91470  -30.819  -10.024  -3.621 0.8571428657
92549  -30.692  -8.997  -2.448 0.5714285970
93632  -29.145  -7.730  -1.359 0.5714285970
93662  -30.755  -8.097  -3.106 0.7142857313
93647  -30.614  -7.880  -2.544 0.5714285970
95973  -29.233  -6.663  -8.322 0.7142857313
98163  -29.763  -4.453  -6.997 0.7142857313
99207  -29.888  -3.418  -6.743 0.8571428657
97138  -31.962  -5.950  -10.874 0.2857142985
95990  -29.378  -6.642  -10.318 0.4285714328
97127  -28.724  -5.883  -10.110 0.5714285970
87063  -29.091  -15.047  -2.045 0.4285714328
89309  -28.602  -13.815  -0.983 0.4285714328
90395  -28.180  -11.895  -1.131 0.4285714328
89346  -29.877  -12.252  -5.631 0.7142857313
89339  -30.087  -12.305  -4.590 0.7142857313
90419  -30.220  -11.349  -5.362 0.7142857313
92569  -30.833  -9.053  -4.778 0.8571428657
94836  -30.257  -8.066  -9.334 0.7142857313
95998  -31.415  -6.626  -11.156 0.2857142985
94852  -30.773  -7.138  -10.847 0.5714285970
94835  -29.861  -7.586  -9.418 0.5714285970
87049  -28.037  -15.124  -0.786 0.4285714328
88167  -26.408  -14.034  -0.690 0.5714285970
88183  -29.471  -14.108  -2.050 0.5714285970
89320  -28.844  -13.127  -1.211 0.5714285970
88205  -29.700  -12.827  -5.211 0.7142857313
92609  -32.713  -9.384  -9.958 0.4285714328
93727  -32.045  -8.095  -10.591 0.4285714328
96000  -32.726  -6.993  -10.823 0.4285714328
94853  -31.542  -7.665  -10.671 0.4285714328
84879  -26.428  -16.780  -0.689 0.5714285970
86011  -34.003  -15.800  -6.739 0.4285714328
86034  -34.360  -14.950  -7.992 0.4285714328
90477  -35.066  -11.277  -9.987 0.4285714328
89393  -33.384  -11.783  -8.963 0.4285714328
92612  -35.207  -9.651  -9.657 0.4285714328
91523  -33.299  -9.894  -9.892 0.4285714328
79478  -27.898  -21.914  2.216 0.1428571492
88257  -34.562  -13.163  -8.869 0.4285714328
89395  -35.002  -12.543  -9.323 0.4285714328
89409  -35.263  -11.911  -9.213 0.4285714328
81681  -28.878  -20.143  1.324 0.1428571492
81682  -29.754  -20.241  1.256 0.1428571492
83915  -31.862  -18.153  -0.753 0.2857142985
83978  -35.627  -18.053  -6.813 0.2857142985
86037  -36.578  -15.648  -7.993 0.2857142985
84979  -36.101  -16.681  -8.127 0.2857142985
84922  -34.091  -16.488  -4.278 0.4285714328
87138  -36.385  -14.488  -7.919 0.2857142985
84978  -35.700  -15.982  -8.286 0.2857142985
84954  -34.650  -16.589  -6.692 0.2857142985
88260  -36.144  -13.953  -8.617 0.2857142985
87149  -35.955  -14.257  -8.999 0.4285714328
80523  -29.490  -21.127  1.618 0.1428571492
80521  -27.521  -20.871  1.762 0.1428571492
82837  -30.941  -19.168  0.293 0.2857142985
82879  -34.457  -18.224  -2.852 0.2857142985
82893  -35.719  -18.605  -5.122 0.2857142985
83957  -35.504  -17.983  -4.895 0.2857142985
83940  -33.402  -17.206  -2.403 0.2857142985
83968  -35.447  -17.773  -5.661 0.2857142985
80539  -30.400  -20.901  1.254 0.1428571492
80558  -32.811  -20.628  -1.001 0.2857142985
80540  -31.109  -20.795  0.714 0.2857142985
81730  -33.031  -19.618  -1.117 0.2857142985
82857  -31.638  -18.858  -0.235 0.2857142985
82836  -29.999  -18.868  0.308 0.2857142985
82868  -33.119  -18.538  -1.356 0.2857142985
78405  -27.921  -22.861  2.334 0.1428571492
78417  -28.493  -22.732  2.104 0.1428571492
72430  -24.198  -26.738  3.701 0.2857142985
72395  -24.129  -27.404  4.690 0.2857142985
71131  -23.359  -27.629  4.686 0.2857142985
76187  -27.124  -24.557  2.090 0.2857142985
72411  -24.670  -26.884  4.245 0.1428571492
71112  -22.951  -28.316  5.151 0.1428571492
81704  -30.454  -19.860  0.815 0.1428571492
81721  -31.821  -19.899  -0.046 0.2857142985
81731  -33.724  -19.540  -1.745 0.2857142985
82903  -35.959  -18.787  -6.084 0.2857142985
83986  -36.082  -17.847  -7.670 0.2857142985
84953  -33.810  -16.084  -5.983 0.4285714328
86024  -34.489  -15.732  -7.539 0.4285714328
86046  -36.032  -14.936  -8.880 0.2857142985
89383  -35.564  -12.521  -7.817 0.2857142985
90407  -30.074  -11.671  -2.222 0.7142857313
89396  -35.374  -12.383  -8.709 0.4285714328
92550  -30.757  -8.407  -2.880 0.5714285970
90460  -33.611  -11.361  -9.452 0.4285714328
93717  -32.218  -8.911  -10.097 0.4285714328
94855  -33.025  -7.580  -10.694 0.2857142985
95991  -32.514  -6.312  -10.487 0.2857142985
94851  -30.330  -6.825  -11.033 0.5714285970
107301  -30.222  3.937  -3.150 0.7142857313
98179  -29.263  -4.587  -7.939 0.7142857313
104303  -30.537  1.566  -4.388 0.8571428657
110169  -28.744  7.420  -3.181 0.4285714328
109162  -30.500  6.363  -4.580 0.7142857313
97135  -29.119  -5.604  -11.188 0.2857142985
104319  -30.237  1.563  -6.089 0.8571428657
108239  -30.697  5.467  -5.056 0.8571428657
102332  -28.753  -0.328  -8.168 0.5714285970
116253  -28.455  12.842  -5.216 0.2857142985
107326  -29.438  4.389  -7.899 0.4285714328
109181  -29.992  6.261  -7.902 0.4285714328
118676  -24.308  16.558  -2.630 0.1428571492
112318  -28.943  9.509  -8.358 0.2857142985
111297  -29.222  7.889  -9.523 0.1428571492
117097  -27.361  14.182  -7.558 0.2857142985
73732  -24.764  -26.612  3.519 0.1428571492
78404  -27.324  -23.003  2.493 0.1428571492
77303  -26.827  -23.743  2.467 0.2857142985
79479  -28.892  -21.917  1.963 0.1428571492
79490  -30.204  -21.872  1.376 0.1428571492
79502  -31.467  -21.641  0.269 0.1428571492
82856  -30.598  -18.393  -0.249 0.2857142985
82858  -32.422  -18.664  -0.804 0.2857142985
82869  -33.767  -18.445  -2.037 0.2857142985
83928  -32.122  -17.359  -1.428 0.2857142985
87062  -28.646  -15.120  -1.371 0.5714285970
84904  -33.525  -16.559  -3.416 0.2857142985
83941  -34.357  -17.219  -3.441 0.2857142985
89318  -26.636  -12.452  -1.053 0.2857142985
88246  -35.959  -13.558  -7.857 0.2857142985
90435  -35.603  -11.556  -6.811 0.2857142985
90396  -29.231  -11.899  -1.452 0.7142857313
89332  -30.205  -12.658  -3.429 0.5714285970
92546  -27.421  -9.315  -1.599 0.4285714328
91460  -29.343  -10.610  -1.518 0.5714285970
90447  -35.538  -11.505  -7.814 0.4285714328
94758  -27.827  -7.210  -1.418 0.2857142985
90461  -35.452  -11.372  -8.675 0.2857142985
89394  -34.100  -12.188  -9.131 0.4285714328
95905  -29.031  -6.258  -1.350 0.2857142985
92601  -35.480  -9.644  -8.823 0.1428571492
93719  -34.353  -8.518  -9.745 0.4285714328
92620  -33.304  -8.857  -10.407 0.4285714328
94838  -34.264  -7.484  -8.865 0.1428571492
99208  -30.251  -3.258  -5.840 0.8571428657
94846  -33.546  -7.443  -10.046 0.1428571492
94843  -30.121  -7.115  -10.472 0.5714285970
95996  -29.880  -6.426  -11.154 0.2857142985
97115  -28.240  -5.044  -9.865 0.5714285970
100321  -29.146  -2.630  -8.122 0.7142857313
105310  -30.435  2.501  -5.658 0.8571428657
99269  -29.022  -3.344  -11.771 0.2857142985
99258  -27.614  -3.307  -11.164 0.1428571492
116239  -24.584  13.162  -3.192 0.2857142985
100320  -28.424  -2.558  -8.841 0.4285714328
98201  -27.873  -4.248  -10.530 0.4285714328
101387  -27.135  -1.557  -9.884 0.1428571492
106331  -29.992  3.337  -6.981 0.5714285970
102350  -27.443  -0.592  -9.432 0.1428571492
104332  -28.798  1.509  -8.211 0.1428571492
105342  -28.150  2.319  -8.804 0.1428571492
117067  -24.350  15.543  -3.215 0.1428571492
107323  -30.334  4.436  -6.680 0.5714285970
104342  -28.348  1.654  -8.670 0.1428571492
107335  -28.879  4.293  -8.447 0.1428571492
112311  -29.030  9.917  -7.700 0.2857142985
111286  -29.487  8.339  -8.615 0.2857142985
108256  -28.439  5.127  -9.314 0.1428571492
109190  -27.805  5.637  -9.785 0.1428571492
109208  -28.148  6.833  -10.171 0.1428571492
113329  -27.561  10.783  -9.107 0.2857142985
113341  -27.582  10.566  -9.768 0.2857142985
112338  -27.920  9.957  -10.236 0.1428571492
112339  -28.241  9.166  -10.548 0.1428571492
73752  -26.162  -26.421  3.063 0.1428571492
78418  -29.168  -22.782  1.719 0.1428571492
83994  -36.652  -17.542  -7.886 0.2857142985
97129  -32.178  -5.521  -9.978 0.2857142985
110254  -27.285  7.714  -11.193 0.1428571492
114383  -26.561  11.476  -10.366 0.2857142985
72428  -22.719  -26.747  3.504 0.2857142985
74963  -26.526  -25.340  2.184 0.1428571492
80522  -28.444  -20.986  1.751 0.1428571492
81703  -29.392  -19.479  0.780 0.2857142985
82855  -29.575  -18.233  -0.553 0.4285714328
83914  -31.200  -17.878  -0.747 0.2857142985
84939  -33.516  -16.117  -5.068 0.4285714328
88191  -29.748  -13.936  -3.125 0.5714285970
87072  -29.332  -15.008  -2.938 0.4285714328
91524  -33.801  -10.445  -9.962 0.4285714328
89338  -30.007  -12.982  -4.269 0.7142857313
91477  -30.614  -10.272  -5.065 0.7142857313
97105  -29.127  -5.653  -8.153 0.7142857313
95932  -31.034  -5.661  -3.713 0.8571428657
93673  -30.751  -7.766  -4.556 0.8571428657
98164  -30.156  -4.292  -6.079 0.8571428657
109152  -29.554  6.417  -3.352 0.5714285970
111261  -30.328  8.326  -5.254 0.7142857313
113305  -29.576  10.344  -5.658 0.5714285970
114328  -29.090  11.447  -5.776 0.2857142985
116252  -27.840  13.545  -4.841 0.2857142985
93715  -31.176  -8.560  -9.578 0.4285714328
83911  -27.012  -17.619  -0.982 0.5714285970
83929  -33.154  -17.836  -1.718 0.2857142985
87148  -35.238  -14.188  -8.807 0.4285714328
93661  -30.809  -7.798  -3.303 0.5714285970
102311  -30.232  -0.239  -5.406 0.8571428657
106328  -30.607  3.479  -5.160 0.8571428657
117078  -26.623  14.588  -4.386 0.2857142985
116240  -25.113  13.687  -3.485 0.2857142985
90413  -30.508  -11.229  -4.276 0.8571428657
118696  -26.131  16.946  -5.124 0.1428571492
118685  -25.590  17.007  -4.214 0.1428571492
117869  -26.112  15.657  -4.481 0.2857142985
117885  -26.682  15.924  -6.736 0.2857142985
117859  -25.333  15.285  -3.913 0.1428571492
117886  -27.257  15.207  -6.152 0.2857142985
114360  -27.424  11.592  -8.528 0.2857142985
117103  -26.817  13.795  -8.171 0.2857142985
115347  -28.206  12.596  -7.310 0.2857142985
117857  -24.284  16.109  -2.947 0.1428571492
115336  -28.562  12.437  -6.625 0.2857142985
114361  -28.025  11.025  -8.093 0.2857142985
116266  -28.080  13.793  -6.024 0.2857142985
117093  -28.048  13.805  -6.810 0.2857142985
112319  -29.502  8.939  -8.018 0.2857142985
112329  -28.365  9.613  -9.529 0.1428571492
111296  -28.732  8.412  -10.195 0.1428571492
110235  -27.981  7.429  -10.685 0.1428571492
110215  -29.424  7.285  -9.009 0.1428571492
111304  -28.174  8.391  -10.860 0.1428571492
113342  -27.880  10.302  -9.321 0.1428571492
108250  -29.307  5.272  -8.559 0.1428571492
111269  -30.269  8.293  -6.211 0.5714285970
111277  -30.162  8.029  -6.980 0.4285714328
112312  -29.528  9.427  -7.359 0.5714285970
106366  -28.084  3.754  -8.998 0.1428571492
106336  -28.822  2.816  -8.086 0.1428571492
110205  -29.750  7.341  -8.230 0.2857142985
109192  -29.138  6.608  -9.257 0.2857142985
110206  -30.130  7.343  -7.442 0.4285714328
109175  -30.528  6.504  -6.355 0.5714285970
109169  -30.610  6.451  -5.419 0.7142857313
105315  -29.610  2.404  -7.253 0.4285714328
107322  -29.807  4.041  -7.330 0.5714285970
103302  -29.019  0.606  -7.912 0.5714285970
104318  -29.802  1.531  -6.830 0.7142857313
105316  -30.133  2.454  -6.517 0.7142857313
101376  -28.820  -1.489  -8.273 0.5714285970
102320  -30.012  0.049  -6.000 0.8571428657
94771  -30.339  -6.955  -1.959 0.5714285970
95919  -30.655  -5.851  -2.061 0.5714285970
98128  -30.440  -4.120  -1.764 0.4285714328
100314  -29.551  -2.565  -7.337 0.8571428657
99231  -28.857  -3.597  -8.501 0.4285714328
101368  -29.084  -0.878  -7.790 0.8571428657
89319  -27.665  -12.629  -0.874 0.5714285970
92548  -29.812  -9.372  -1.575 0.5714285970
93646  -30.016  -8.090  -1.631 0.5714285970
92547  -28.611  -9.446  -1.468 0.4285714328
95982  -29.187  -6.725  -9.290 0.5714285970
97116  -28.722  -5.831  -9.099 0.7142857313
88182  -28.927  -14.277  -1.349 0.5714285970
88169  -28.382  -14.354  -0.850 0.5714285970
93729  -33.255  -8.261  -10.570 0.4285714328
95992  -33.066  -6.733  -10.190 0.2857142985
84966  -35.262  -16.278  -7.809 0.2857142985
86045  -35.677  -14.664  -8.849 0.4285714328
89407  -34.656  -11.683  -9.719 0.4285714328
91526  -35.344  -10.491  -9.563 0.4285714328
92611  -34.546  -9.555  -10.059 0.4285714328
88258  -35.203  -13.282  -9.092 0.4285714328
84967  -35.467  -17.170  -7.333 0.2857142985
84941  -35.008  -17.078  -5.919 0.2857142985
86036  -36.071  -15.631  -8.512 0.2857142985
84940  -34.493  -16.648  -5.391 0.2857142985
83956  -35.057  -17.357  -4.571 0.2857142985
88259  -35.662  -13.471  -8.618 0.4285714328
79480  -29.573  -22.086  1.678 0.1428571492
81705  -31.300  -19.960  0.421 0.2857142985
82892  -35.451  -18.360  -4.343 0.2857142985
81722  -32.382  -19.722  -0.542 0.2857142985
72396  -24.852  -27.410  5.011 0.1428571492
71113  -24.005  -28.037  5.255 0.1428571492
72412  -25.629  -26.987  4.512 0.1428571492
94847  -34.024  -7.774  -9.721 0.2857142985
73733  -25.469  -26.627  3.705 0.1428571492
73768  -26.869  -25.998  2.453 0.1428571492
117064  -23.942  15.131  -2.703 0.1428571492
107299  -28.755  4.414  -2.553 0.5714285970
105287  -29.004  2.588  -2.176 0.4285714328
106309  -28.391  3.500  -2.362 0.4285714328
106310  -29.310  3.487  -2.535 0.5714285970
104283  -28.698  1.639  -1.874 0.4285714328
107311  -30.083  5.012  -3.168 0.4285714328
101317  -29.709  -1.421  -1.625 0.4285714328
103256  -30.152  0.656  -2.309 0.4285714328
103254  -28.364  0.623  -1.721 0.4285714328
104284  -29.588  1.628  -2.194 0.5714285970
105288  -29.744  2.527  -2.628 0.5714285970
99169  -30.596  -3.304  -2.001 0.5714285970
87108  -36.418  -15.063  -6.339 0.1428571492
87124  -36.043  -14.268  -6.713 0.1428571492
88233  -35.693  -13.403  -6.725 0.1428571492
85983  -36.731  -15.972  -4.015 0.1428571492
85998  -36.673  -15.939  -5.060 0.1428571492
87080  -36.079  -14.385  -3.281 0.1428571492
87093  -36.372  -15.101  -5.248 0.1428571492
82921  -36.969  -18.883  -7.214 0.1428571492
83979  -37.486  -17.874  -5.697 0.1428571492
82928  -37.119  -18.223  -7.662 0.1428571492
84942  -37.031  -16.807  -4.898 0.1428571492
87065  -36.335  -15.396  -2.359 0.1428571492
89302  -35.489  -13.356  0.738 0.1428571492
87064  -35.923  -15.100  -1.366 0.1428571492
89310  -35.428  -13.117  -0.375 0.1428571492
80517  -23.913  -20.847  1.140 0.2857142985
80573  -34.932  -20.549  -3.173 0.1428571492
80585  -35.704  -20.705  -4.721 0.1428571492
81756  -35.933  -19.665  -5.296 0.1428571492
81743  -35.267  -19.215  -3.572 0.1428571492
81765  -36.357  -19.777  -6.392 0.1428571492
82904  -37.569  -18.780  -4.972 0.1428571492
80606  -37.216  -20.056  -6.428 0.1428571492
84906  -37.209  -17.441  -3.684 0.1428571492
82914  -37.564  -18.566  -5.897 0.1428571492
84894  -36.749  -17.052  -1.944 0.1428571492
85950  -36.168  -16.513  -0.532 0.1428571492
88153  -35.573  -14.557  0.988 0.1428571492
87050  -35.769  -15.450  -0.156 0.1428571492
79474  -24.217  -21.755  1.739 0.2857142985
79456  -23.339  -22.067  1.988 0.2857142985
78400  -23.518  -22.767  2.364 0.2857142985
80559  -33.404  -20.591  -1.635 0.1428571492
79524  -34.240  -21.509  -2.989 0.1428571492
80584  -35.386  -20.997  -3.921 0.1428571492
80592  -35.984  -20.748  -5.858 0.1428571492
81767  -37.629  -19.672  -4.820 0.1428571492
80593  -36.437  -20.563  -6.383 0.1428571492
83931  -37.304  -18.487  -2.610 0.1428571492
83930  -36.962  -18.034  -1.996 0.1428571492
89284  -35.801  -13.536  1.961 0.1428571492
80552  -32.239  -20.699  -0.427 0.1428571492
79523  -33.519  -21.569  -2.291 0.1428571492
79511  -33.001  -21.485  -1.590 0.1428571492
78466  -34.991  -22.225  -4.181 0.1428571492
78458  -33.666  -22.133  -2.986 0.1428571492
79539  -37.412  -21.581  -5.126 0.1428571492
79533  -35.393  -21.635  -4.448 0.1428571492
80594  -37.581  -20.633  -4.544 0.1428571492
79545  -36.630  -21.552  -6.099 0.1428571492
82881  -37.550  -18.963  -3.084 0.1428571492
85927  -35.799  -16.312  0.393 0.1428571492
83916  -36.567  -18.126  -0.982 0.1428571492
87014  -35.703  -15.336  1.658 0.1428571492
87029  -35.631  -15.555  0.832 0.1428571492
79510  -32.533  -21.563  -0.935 0.1428571492
80551  -31.688  -20.762  0.128 0.1428571492
77356  -33.508  -23.331  -3.637 0.1428571492
77351  -33.165  -22.983  -3.149 0.1428571492
78447  -33.040  -22.014  -2.053 0.1428571492
78473  -34.859  -22.789  -4.282 0.1428571492
78465  -34.218  -22.444  -3.679 0.1428571492
79526  -37.324  -21.547  -3.098 0.1428571492
77359  -36.992  -22.884  -4.963 0.1428571492
80575  -37.332  -20.601  -2.557 0.1428571492
81732  -36.842  -19.828  -1.112 0.1428571492
80586  -37.504  -20.645  -3.492 0.1428571492
84860  -36.015  -17.202  0.005 0.1428571492
82871  -37.317  -18.980  -2.304 0.1428571492
77355  -33.110  -23.827  -3.471 0.1428571492
77350  -32.835  -23.465  -2.964 0.1428571492
78456  -32.693  -22.979  -2.365 0.1428571492
76256  -34.927  -24.211  -4.469 0.1428571492
76246  -33.988  -23.922  -4.124 0.1428571492
78467  -37.203  -22.888  -3.966 0.1428571492
77367  -36.470  -23.383  -5.008 0.1428571492
82859  -36.532  -18.965  -0.549 0.1428571492
80561  -36.964  -20.612  -1.758 0.1428571492
77357  -34.393  -23.330  -4.197 0.1428571492
79532  -34.904  -21.602  -3.684 0.1428571492
78475  -36.183  -22.721  -5.322 0.1428571492
80600  -37.510  -20.481  -5.753 0.1428571492
81755  -35.658  -19.131  -4.516 0.1428571492
88131  -35.826  -14.531  2.100 0.1428571492
89285  -36.136  -12.649  2.371 0.1428571492
84905  -36.914  -16.984  -2.853 0.1428571492
85966  -36.204  -15.913  -1.054 0.1428571492
84980  -36.793  -16.755  -7.645 0.1428571492
87107  -35.968  -14.297  -5.459 0.1428571492
83896  -36.223  -18.093  -0.163 0.1428571492
84847  -35.682  -17.069  0.922 0.1428571492
89255  -36.053  -14.037  2.679 0.1428571492
90369  -35.719  -12.508  1.536 0.1428571492
88170  -35.502  -14.250  -0.264 0.1428571492
88184  -35.633  -13.928  -1.351 0.1428571492
90381  -35.517  -12.312  0.525 0.1428571492
88216  -35.652  -13.430  -5.613 0.1428571492
89368  -35.570  -12.528  -6.810 0.1428571492
108222  -28.168  5.288  -2.579 0.4285714328
110154  -28.561  6.732  -2.969 0.4285714328
114398  -26.337  11.152  -11.545 0.1428571492
108232  -29.649  5.463  -3.069 0.4285714328
78415  -24.737  -22.078  2.001 0.2857142985
81742  -34.444  -19.428  -2.539 0.1428571492
79503  -31.981  -21.581  -0.335 0.1428571492
80572  -34.097  -20.563  -2.329 0.1428571492
82912  -36.336  -18.849  -7.078 0.1428571492
91501  -35.609  -10.556  -7.815 0.1428571492
91512  -35.518  -10.512  -8.740 0.1428571492
84981  -37.217  -17.230  -7.320 0.1428571492
86012  -36.662  -15.888  -6.110 0.1428571492
87081  -36.420  -15.135  -4.177 0.1428571492
87074  -36.443  -15.219  -3.178 0.1428571492
84923  -36.994  -16.766  -3.816 0.1428571492
84969  -37.304  -17.280  -6.642 0.1428571492
87073  -35.972  -14.617  -2.319 0.1428571492
87092  -36.040  -14.307  -4.329 0.1428571492
88199  -35.730  -13.514  -3.383 0.1428571492
81774  -36.836  -19.738  -6.718 0.1428571492
81779  -37.238  -19.399  -6.662 0.1428571492
83996  -37.406  -17.926  -7.245 0.1428571492
83969  -37.475  -18.033  -5.085 0.1428571492
85951  -36.449  -16.545  -1.316 0.1428571492
84924  -37.274  -17.426  -4.479 0.1428571492
80574  -35.488  -20.274  -3.891 0.1428571492
81775  -37.602  -19.426  -5.717 0.1428571492
82894  -37.543  -18.878  -3.998 0.1428571492
80599  -36.896  -20.743  -6.446 0.1428571492
83942  -36.968  -17.514  -2.472 0.1428571492
83943  -37.289  -18.026  -3.100 0.1428571492
84881  -36.510  -17.252  -1.120 0.1428571492
79544  -36.124  -21.615  -5.951 0.1428571492
79538  -35.762  -21.600  -5.282 0.1428571492
81757  -37.614  -19.763  -3.794 0.1428571492
82870  -36.969  -18.934  -1.459 0.1428571492
84861  -36.319  -17.536  -0.559 0.1428571492
78446  -32.623  -22.478  -1.703 0.1428571492
78457  -33.085  -22.526  -2.613 0.1428571492
78485  -36.785  -21.964  -5.863 0.1428571492
79534  -37.410  -21.530  -4.128 0.1428571492
78476  -36.899  -22.490  -5.406 0.1428571492
78483  -35.959  -22.171  -5.559 0.1428571492
77365  -35.111  -23.293  -4.548 0.1428571492
79513  -37.083  -21.239  -2.297 0.1428571492
81733  -37.215  -19.781  -1.982 0.1428571492
77366  -35.728  -23.478  -4.935 0.1428571492
71111  -22.001  -28.517  5.030 0.1428571492
71130  -22.433  -27.823  4.591 0.1428571492
71128  -20.912  -27.923  4.364 0.1428571492
72409  -22.928  -27.194  4.094 0.1428571492
72408  -21.827  -27.227  3.975 0.1428571492
73748  -22.548  -26.217  3.216 0.1428571492
74948  -22.944  -25.854  2.905 0.1428571492
74947  -22.495  -25.377  3.167 0.1428571492
76182  -22.676  -24.459  3.041 0.1428571492
74959  -22.997  -24.930  2.903 0.1428571492
77300  -23.875  -23.544  2.610 0.1428571492
74946  -21.562  -25.268  3.599 0.1428571492
77284  -22.336  -23.981  3.138 0.1428571492
77299  -22.814  -23.534  2.773 0.1428571492
78398  -21.941  -22.455  2.650 0.1428571492
79455  -22.448  -21.523  2.102 0.1428571492
79473  -23.288  -21.290  1.592 0.1428571492
80516  -23.089  -20.466  1.233 0.2857142985
80536  -24.446  -20.320  0.640 0.1428571492
81699  -24.917  -19.856  0.131 0.1428571492
80535  -23.631  -20.082  0.745 0.2857142985
81717  -25.286  -19.245  -0.192 0.2857142985
85947  -25.805  -15.857  -0.615 0.4285714328
85949  -27.632  -15.714  -0.878 0.4285714328
87048  -27.128  -15.020  -0.573 0.4285714328
99168  -29.925  -3.346  -1.505 0.2857142985
100263  -29.316  -2.457  -1.416 0.2857142985
100264  -30.180  -2.419  -1.980 0.2857142985
105299  -26.325  2.144  -2.803 0.2857142985
105285  -26.998  2.508  -2.491 0.2857142985
106308  -27.415  3.486  -2.460 0.2857142985
107298  -27.790  4.410  -2.489 0.4285714328
80534  -23.119  -19.925  0.859 0.1428571492
81698  -24.080  -19.531  0.263 0.2857142985
73747  -21.686  -26.228  3.602 0.1428571492
76169  -22.016  -24.494  3.348 0.1428571492
79472  -22.763  -20.933  1.632 0.1428571492
81697  -23.126  -19.360  0.505 0.2857142985
81716  -24.584  -19.250  -0.056 0.2857142985
82833  -23.636  -18.786  0.051 0.2857142985
82850  -24.449  -18.476  -0.206 0.2857142985
82851  -25.624  -18.456  -0.418 0.2857142985
83910  -26.041  -17.605  -0.551 0.4285714328
84878  -25.383  -16.677  -0.509 0.4285714328
85946  -24.730  -15.713  -0.930 0.2857142985
97034  -29.362  -5.318  -1.389 0.2857142985
99167  -28.849  -3.573  -1.326 0.2857142985
100262  -28.220  -2.532  -1.399 0.2857142985
101316  -28.666  -1.454  -1.402 0.2857142985
102280  -29.074  -0.380  -1.519 0.2857142985
103253  -27.344  0.554  -2.051 0.2857142985
103252  -26.465  0.544  -2.560 0.2857142985
105286  -28.029  2.565  -2.170 0.2857142985
98113  -28.761  -4.642  -1.326 0.2857142985
99146  -27.533  -4.327  -1.614 0.2857142985
101315  -27.541  -1.533  -1.592 0.2857142985
102278  -26.861  -0.521  -2.127 0.2857142985
102279  -27.961  -0.430  -1.616 0.2857142985
102292  -26.095  -0.201  -2.663 0.2857142985
100260  -26.306  -2.787  -2.439 0.2857142985
101314  -26.651  -1.701  -2.219 0.2857142985
85948  -26.897  -15.960  -0.699 0.4285714328
76183  -23.352  -24.402  2.790 0.1428571492
72427  -22.183  -26.634  3.540 0.1428571492
104282  -27.692  1.573  -2.064 0.2857142985
78399  -22.721  -22.571  2.413 0.1428571492
71129  -21.631  -28.052  4.536 0.1428571492
77283  -21.761  -23.487  3.117 0.1428571492
77298  -22.299  -23.022  2.718 0.1428571492
104281  -26.815  1.461  -2.508 0.2857142985
83909  -24.963  -17.539  -0.331 0.4285714328
102277  -26.181  -0.959  -2.609 0.2857142985
88166  -25.641  -14.368  -1.016 0.2857142985
87047  -26.165  -15.031  -0.610 0.2857142985
89307  -27.076  -13.288  -0.697 0.2857142985
117907  -23.308  15.634  -10.527 0.1428571492
117118  -23.642  14.760  -10.738 0.1428571492
117109  -24.682  14.431  -9.519 0.1428571492
116295  -25.737  12.946  -9.197 0.1428571492
115369  -26.153  12.228  -9.598 0.1428571492
117906  -23.087  16.272  -11.174 0.1428571492
116285  -25.447  13.864  -9.048 0.1428571492
117889  -26.382  15.667  -7.711 0.1428571492
119491  -24.681  18.240  -7.610 0.1428571492
88181  -26.230  -13.116  -1.039 0.2857142985
115381  -25.899  12.205  -10.240 0.1428571492
116303  -24.176  14.019  -11.032 0.1428571492
114370  -26.786  11.767  -9.241 0.1428571492
116294  -25.027  13.554  -9.685 0.1428571492
115368  -25.473  12.782  -9.958 0.1428571492
115357  -27.179  12.310  -8.396 0.1428571492
117096  -26.670  14.733  -8.014 0.1428571492
115356  -26.649  12.347  -8.807 0.1428571492
117893  -24.939  15.753  -8.779 0.1428571492
118707  -25.097  17.100  -7.822 0.1428571492
118714  -25.509  16.192  -8.156 0.1428571492
119488  -25.893  17.810  -6.141 0.1428571492
118708  -25.937  16.541  -7.312 0.1428571492
116286  -26.245  13.330  -8.634 0.1428571492
117102  -26.051  14.292  -8.571 0.1428571492
117108  -23.849  14.972  -9.924 0.1428571492
117897  -23.178  16.562  -10.362 0.1428571492
116293  -24.284  14.130  -10.176 0.1428571492
117101  -25.269  14.838  -9.041 0.1428571492
117899  -24.375  15.350  -9.352 0.1428571492
118724  -23.050  17.122  -10.939 0.1428571492
117894  -25.878  15.281  -8.487 0.1428571492
116304  -24.844  13.386  -10.479 0.1428571492
99164  -25.906  -3.804  -2.640 0.1428571492
99165  -26.829  -3.896  -1.972 0.1428571492
100261  -27.153  -2.658  -1.709 0.1428571492
102291  -25.509  -0.611  -3.205 0.1428571492
102303  -23.152  -0.418  -4.186 0.1428571492
103259  -24.058  0.305  -3.775 0.1428571492
98112  -27.973  -4.889  -1.452 0.1428571492
103261  -25.679  0.506  -3.058 0.1428571492
104289  -23.465  1.789  -3.735 0.1428571492
105297  -24.558  2.472  -3.525 0.1428571492
105296  -23.580  2.481  -3.658 0.2857142985
91459  -28.068  -10.282  -1.462 0.2857142985
91458  -26.945  -10.194  -1.610 0.1428571492
94770  -26.515  -7.059  -1.887 0.1428571492
95903  -27.232  -6.581  -1.626 0.1428571492
98126  -26.804  -4.843  -1.951 0.1428571492
97145  -29.568  -5.037  -11.496 0.1428571492
104292  -26.000  1.434  -2.928 0.1428571492
106306  -25.763  3.507  -2.999 0.1428571492
106319  -24.005  3.511  -3.634 0.2857142985
107310  -26.050  4.839  -2.866 0.2857142985
110165  -24.348  7.574  -3.539 0.2857142985
110164  -23.238  7.538  -3.440 0.2857142985
116236  -24.184  13.803  -2.852 0.1428571492
113263  -23.674  10.559  -1.407 0.1428571492
107297  -26.782  4.431  -2.646 0.2857142985
107309  -25.370  4.557  -3.200 0.2857142985
109134  -26.632  6.233  -2.825 0.2857142985
110168  -27.552  7.663  -3.065 0.2857142985
109150  -25.826  6.729  -3.205 0.2857142985
109148  -24.044  6.566  -3.640 0.2857142985
111242  -26.822  8.602  -3.356 0.2857142985
112280  -26.066  9.604  -3.525 0.2857142985
111230  -22.669  8.375  -2.645 0.2857142985
115298  -23.887  12.832  -2.217 0.1428571492
115292  -24.486  12.965  -1.423 0.1428571492
110163  -22.724  6.997  -3.433 0.1428571492
109133  -21.893  6.343  -2.973 0.1428571492
106318  -23.098  3.493  -3.583 0.2857142985
110151  -22.782  7.995  -3.047 0.2857142985
112277  -23.455  9.340  -3.081 0.1428571492
113271  -23.465  10.161  -2.421 0.1428571492
112260  -22.592  8.958  -1.816 0.1428571492
105305  -22.603  1.967  -3.860 0.2857142985
110130  -21.540  8.234  -1.004 0.1428571492
112251  -23.272  9.723  -0.743 0.1428571492
111212  -21.689  8.748  -0.415 0.1428571492
104288  -20.816  1.108  -3.290 0.1428571492
99270  -29.505  -3.657  -11.464 0.1428571492
95983  -32.695  -5.927  -9.546 0.1428571492
94757  -27.154  -7.450  -1.641 0.1428571492
97045  -25.574  -5.563  -2.518 0.1428571492
98211  -30.418  -4.156  -10.884 0.1428571492
97060  -24.997  -5.177  -2.862 0.1428571492
99182  -24.720  -3.672  -3.482 0.1428571492
100277  -24.489  -2.641  -3.706 0.1428571492
101313  -25.880  -1.773  -2.908 0.1428571492
101340  -23.478  -1.088  -4.171 0.1428571492
103260  -24.840  0.408  -3.486 0.1428571492
104300  -22.387  1.199  -3.918 0.1428571492
104291  -25.128  1.448  -3.346 0.1428571492
105295  -22.823  2.651  -3.686 0.2857142985
107308  -24.384  4.545  -3.580 0.1428571492
108230  -24.729  5.594  -3.528 0.1428571492
109147  -23.172  6.441  -3.623 0.1428571492
110141  -21.691  7.916  -1.660 0.2857142985
111221  -22.037  8.607  -1.347 0.1428571492
112261  -23.144  9.583  -1.640 0.1428571492
113272  -23.788  10.615  -2.835 0.1428571492
97128  -31.612  -5.114  -10.345 0.1428571492
97136  -30.240  -5.289  -11.368 0.1428571492
98212  -30.994  -4.698  -10.700 0.1428571492
111241  -25.721  8.564  -3.433 0.2857142985
114301  -23.704  10.818  -2.533 0.1428571492
111240  -24.707  8.545  -3.509 0.2857142985
112278  -24.121  9.435  -3.445 0.2857142985
108221  -27.240  5.304  -2.620 0.2857142985
93629  -27.138  -7.817  -1.653 0.1428571492
93642  -25.638  -8.484  -2.340 0.1428571492
110153  -28.061  6.848  -2.833 0.2857142985
97033  -28.474  -5.536  -1.365 0.1428571492
95984  -33.322  -6.409  -9.009 0.1428571492
109135  -27.645  6.128  -2.661 0.2857142985
105284  -26.217  2.825  -2.803 0.1428571492
106307  -26.524  3.489  -2.678 0.1428571492
107296  -26.068  4.166  -2.831 0.1428571492
98125  -26.180  -4.724  -2.364 0.1428571492
100259  -25.402  -2.899  -3.160 0.1428571492
101329  -25.014  -1.677  -3.490 0.1428571492
99163  -25.284  -3.911  -3.087 0.1428571492
98141  -24.855  -4.542  -3.198 0.1428571492
102290  -24.554  -0.600  -3.665 0.1428571492
102304  -23.788  -0.503  -3.959 0.1428571492
104302  -23.664  0.807  -3.786 0.1428571492
97047  -27.000  -5.393  -1.798 0.1428571492
105306  -23.118  2.037  -3.803 0.1428571492
104290  -24.051  1.373  -3.643 0.1428571492
105298  -25.590  2.481  -3.197 0.1428571492
95917  -25.970  -6.424  -2.230 0.1428571492
106320  -24.966  3.518  -3.438 0.2857142985
108231  -25.720  5.702  -3.134 0.2857142985
108220  -26.468  5.308  -2.780 0.2857142985
111239  -23.786  8.517  -3.472 0.2857142985
110150  -22.198  7.450  -2.834 0.1428571492
111238  -23.116  8.510  -3.077 0.2857142985
113254  -23.816  10.206  -0.817 0.1428571492
110152  -27.259  6.890  -2.823 0.2857142985
110167  -26.442  7.474  -3.135 0.2857142985
110166  -25.335  7.591  -3.381 0.2857142985
113281  -23.782  10.030  -3.062 0.1428571492
111229  -22.269  8.383  -2.125 0.2857142985
116229  -24.178  14.253  -1.849 0.1428571492
112269  -22.983  9.121  -2.447 0.2857142985
107307  -23.425  4.512  -3.619 0.1428571492
108229  -23.771  5.535  -3.674 0.2857142985
81696  -22.220  -19.073  0.684 0.1428571492
82849  -23.385  -18.010  -0.239 0.1428571492
82830  -21.046  -17.696  0.744 0.1428571492
83905  -21.656  -16.851  -0.222 0.1428571492
84874  -21.842  -16.369  -0.458 0.1428571492
82848  -22.776  -17.743  -0.288 0.1428571492
85943  -22.091  -15.553  -0.846 0.1428571492
83907  -23.011  -17.301  -0.543 0.1428571492
83908  -23.909  -17.428  -0.436 0.1428571492
85959  -22.560  -15.129  -1.148 0.1428571492
85945  -23.747  -15.845  -1.050 0.1428571492
84877  -24.337  -16.623  -0.615 0.1428571492
85960  -23.175  -15.110  -1.367 0.1428571492
85962  -24.672  -14.924  -1.414 0.1428571492
87061  -25.029  -14.339  -1.501 0.1428571492
89317  -25.747  -12.452  -1.531 0.1428571492
90393  -26.207  -11.732  -1.515 0.1428571492
106317  -22.356  3.319  -3.535 0.1428571492
81695  -21.624  -18.989  1.013 0.1428571492
82831  -21.570  -18.252  0.626 0.1428571492
83906  -22.174  -17.311  -0.331 0.1428571492
91445  -27.556  -11.026  -1.366 0.1428571492
87046  -25.319  -15.030  -0.990 0.1428571492
82832  -22.593  -18.298  0.106 0.1428571492
83894  -21.913  -17.795  0.103 0.1428571492
84859  -20.699  -16.386  0.359 0.1428571492
84875  -22.559  -16.507  -0.683 0.1428571492
85944  -22.920  -15.791  -0.947 0.1428571492
84876  -23.398  -16.592  -0.722 0.1428571492
87045  -22.078  -14.805  -1.174 0.1428571492
85961  -23.995  -15.120  -1.562 0.1428571492
85942  -21.270  -15.495  -0.407 0.1428571492
81676  -21.214  -19.297  1.613 0.1428571492
76244  -32.920  -24.403  -3.346 0.1428571492
77368  -36.801  -23.029  -5.007 0.1428571492
78460  -37.290  -22.222  -3.789 0.1428571492
78464  -33.481  -22.672  -3.241 0.1428571492
78468  -37.226  -22.463  -4.611 0.1428571492
78474  -35.487  -22.517  -4.877 0.1428571492
78484  -36.443  -22.109  -5.755 0.1428571492
79457  -23.887  -22.304  2.077 0.2857142985
79461  -27.581  -22.510  2.375 0.1428571492
79546  -37.098  -21.539  -5.901 0.1428571492
80598  -36.383  -21.099  -6.266 0.1428571492
80607  -37.470  -19.744  -6.246 0.1428571492
81678  -22.617  -19.806  1.013 0.1428571492
81744  -35.667  -19.809  -4.374 0.1428571492
81745  -37.533  -19.784  -2.839 0.1428571492
81766  -36.631  -20.244  -6.552 0.1428571492
81773  -36.590  -19.399  -6.825 0.1428571492
81780  -37.491  -19.183  -6.320 0.1428571492
82834  -24.180  -19.033  -0.047 0.2857142985
82838  -31.445  -19.451  0.140 0.2857142985
82880  -35.051  -18.013  -3.655 0.2857142985
82913  -36.694  -19.237  -7.002 0.1428571492
82920  -36.700  -18.261  -7.696 0.1428571492
82922  -37.406  -18.647  -6.804 0.1428571492
82927  -36.953  -17.958  -7.975 0.1428571492
82929  -37.266  -18.441  -7.330 0.1428571492
83912  -29.531  -17.763  -1.229 0.5714285970
83937  -28.978  -17.664  -2.620 0.5714285970
83938  -29.432  -17.565  -2.471 0.5714285970
83954  -28.923  -17.535  -3.306 0.7142857313
83958  -37.417  -18.088  -4.218 0.1428571492
83967  -35.077  -17.149  -5.365 0.2857142985
83987  -37.510  -17.941  -6.400 0.1428571492
83995  -37.103  -17.613  -7.760 0.2857142985
84880  -36.268  -17.101  -0.544 0.1428571492
84892  -30.195  -17.267  -2.258 0.7142857313
84900  -29.775  -17.472  -2.844 0.5714285970
84916  -28.575  -16.911  -3.012 0.7142857313
84935  -29.296  -16.605  -4.062 0.5714285970
84938  -31.528  -16.428  -5.008 0.7142857313
84943  -37.327  -17.497  -5.198 0.1428571492
84955  -35.249  -17.336  -6.503 0.2857142985
84956  -36.990  -16.658  -5.917 0.1428571492
84957  -37.310  -17.342  -5.810 0.1428571492
84968  -37.007  -16.604  -6.845 0.1428571492
85965  -28.728  -15.684  -2.041 0.5714285970
85967  -36.500  -16.122  -1.975 0.1428571492
85971  -28.620  -16.302  -2.500 0.7142857313
85973  -36.693  -16.052  -3.019 0.1428571492
85982  -32.693  -16.086  -5.054 0.7142857313
85995  -31.022  -16.155  -5.545 0.7142857313
86025  -36.713  -15.833  -7.086 0.1428571492
86035  -35.294  -15.255  -8.434 0.4285714328
86047  -36.362  -15.038  -8.496 0.2857142985
87120  -31.482  -13.817  -6.652 0.7142857313
87125  -36.498  -15.051  -7.264 0.2857142985
87134  -33.475  -13.722  -8.068 0.5714285970
87136  -34.780  -14.643  -8.451 0.4285714328
87137  -36.019  -13.942  -7.371 0.2857142985
87147  -34.828  -13.699  -8.849 0.4285714328
87150  -36.275  -14.466  -8.644 0.2857142985
88112  -36.056  -14.623  2.793 0.1428571492
88168  -27.540  -14.209  -0.577 0.5714285970
88198  -29.739  -13.081  -4.729 0.7142857313
88206  -35.687  -13.452  -4.464 0.1428571492
88214  -30.025  -13.674  -6.127 0.7142857313
88231  -32.059  -13.222  -7.311 0.7142857313
88244  -32.963  -13.230  -7.889 0.7142857313
88247  -36.266  -14.119  -8.360 0.2857142985
89308  -28.052  -13.544  -0.774 0.5714285970
89331  -25.283  -12.149  -2.050 0.1428571492
89333  -30.386  -11.906  -3.858 0.7142857313
89353  -29.739  -13.233  -5.968 0.8571428657
89354  -30.097  -12.648  -6.447 0.8571428657
89367  -31.601  -12.771  -7.314 0.7142857313
89380  -31.996  -12.312  -7.778 0.7142857313
89381  -32.956  -12.251  -8.370 0.7142857313
89408  -34.982  -11.892  -9.624 0.4285714328
90394  -27.113  -11.748  -1.176 0.4285714328
90444  -31.205  -11.528  -7.919 0.7142857313
90476  -34.356  -11.283  -9.859 0.4285714328
90478  -35.349  -11.275  -9.388 0.4285714328
91457  -25.915  -10.301  -1.930 0.1428571492
91485  -30.216  -10.425  -6.217 0.8571428657
91509  -31.943  -10.542  -8.803 0.8571428657
91510  -32.838  -10.445  -9.400 0.5714285970
91525  -34.840  -10.474  -10.179 0.4285714328
92560  -30.856  -8.637  -3.506 0.5714285970
92561  -30.778  -8.301  -3.134 0.7142857313
92589  -29.943  -8.969  -8.319 0.8571428657
92607  -31.531  -8.909  -9.574 0.5714285970
92608  -31.903  -9.164  -9.670 0.4285714328
92610  -33.724  -9.326  -10.271 0.4285714328
92619  -32.953  -8.775  -10.444 0.4285714328
93630  -27.518  -7.840  -1.539 0.1428571492
93643  -26.769  -8.139  -1.779 0.1428571492
93648  -30.731  -8.130  -2.909 0.5714285970
93699  -30.091  -8.887  -8.516 0.8571428657
93707  -30.089  -8.178  -9.060 0.7142857313
93716  -31.761  -8.525  -10.127 0.4285714328
93718  -33.757  -8.363  -10.222 0.2857142985
93728  -32.533  -8.441  -10.510 0.4285714328
94759  -28.675  -7.092  -1.324 0.5714285970
94827  -29.520  -7.573  -8.465 0.8571428657
94837  -33.808  -7.187  -9.278 0.1428571492
94844  -30.683  -7.861  -9.912 0.7142857313
94845  -31.284  -8.168  -10.076 0.4285714328
94854  -32.359  -7.631  -10.835 0.4285714328
95904  -28.124  -6.399  -1.365 0.2857142985
95918  -26.582  -6.318  -1.888 0.1428571492
95921  -31.248  -4.936  -2.982 0.8571428657
95933  -31.193  -5.077  -3.299 0.8571428657
95997  -30.652  -6.354  -11.263 0.5714285970
95999  -32.162  -6.861  -11.072 0.4285714328
97031  -26.944  -5.914  -1.773 0.1428571492
97032  -27.572  -5.669  -1.553 0.1428571492
97046  -26.421  -5.598  -2.075 0.1428571492
97049  -30.792  -4.842  -2.174 0.4285714328
97062  -31.212  -4.541  -3.225 0.8571428657
97070  -30.809  -4.936  -4.545 1.0000000000
97090  -29.629  -5.494  -7.212 0.7142857313
97137  -31.228  -5.631  -11.155 0.2857142985
97143  -28.897  -4.457  -11.592 0.4285714328
97144  -29.179  -4.756  -11.534 0.1428571492
98111  -27.330  -4.940  -1.694 0.1428571492
98124  -25.447  -4.614  -2.764 0.1428571492
98127  -29.633  -4.328  -1.425 0.2857142985
98143  -31.165  -3.901  -2.930 0.5714285970
98151  -30.842  -4.004  -4.381 1.0000000000
98210  -28.119  -4.204  -11.270 0.4285714328
98217  -28.649  -4.083  -11.640 0.2857142985
98218  -29.173  -4.125  -11.608 0.1428571492
98219  -29.741  -4.350  -11.387 0.1428571492
99145  -27.113  -4.502  -1.793 0.2857142985
99147  -28.188  -4.195  -1.413 0.2857142985
99166  -27.782  -3.532  -1.492 0.1428571492
99184  -30.862  -3.213  -2.567 0.5714285970
99230  -28.132  -3.503  -9.307 0.2857142985
99268  -28.183  -3.393  -11.765 0.1428571492
100265  -30.661  -2.844  -2.311 0.5714285970
100279  -30.758  -2.842  -2.540 0.5714285970
100301  -30.205  -2.170  -5.498 0.8571428657
101341  -30.471  -1.305  -4.086 1.0000000000
101355  -29.893  -1.319  -5.974 0.8571428657
102282  -30.489  -0.357  -2.653 0.7142857313
102319  -29.660  -0.316  -6.561 0.8571428657
103255  -29.388  0.664  -1.782 0.4285714328
103288  -29.926  0.684  -6.394 0.8571428657
104310  -30.470  1.575  -5.255 0.8571428657
104341  -27.842  1.456  -9.108 0.1428571492
105300  -30.496  2.500  -3.916 1.0000000000
105327  -28.608  2.323  -8.354 0.1428571492
106311  -30.009  3.385  -2.915 0.8571428657
106349  -28.996  3.823  -8.134 0.1428571492
107300  -29.755  4.453  -2.869 0.4285714328
107327  -30.002  4.732  -7.380 0.5714285970
107334  -28.399  4.238  -8.881 0.1428571492
108223  -29.018  5.296  -2.764 0.4285714328
108237  -30.567  5.479  -4.158 0.8571428657
108257  -29.022  5.939  -9.156 0.2857142985
109136  -28.514  6.124  -2.793 0.5714285970
109146  -22.461  6.405  -3.407 0.1428571492
109149  -25.014  6.630  -3.485 0.2857142985
109151  -28.914  6.537  -3.045 0.4285714328
109182  -30.340  6.627  -7.107 0.5714285970
109191  -28.458  6.356  -9.675 0.1428571492
110170  -29.922  7.521  -3.890 0.8571428657
110182  -30.433  7.398  -4.751 0.8571428657
110223  -29.025  7.084  -9.523 0.1428571492
110255  -27.847  7.973  -11.081 0.1428571492
111254  -30.302  8.089  -4.691 0.7142857313
111276  -29.815  8.321  -7.651 0.2857142985
112268  -22.627  8.727  -2.269 0.2857142985
112299  -30.119  8.960  -5.452 0.8571428657
112328  -27.954  10.132  -9.698 0.1428571492
112348  -28.024  8.890  -11.020 0.1428571492
113296  -28.942  10.905  -4.341 0.7142857313
113297  -29.386  10.433  -4.785 0.4285714328
113320  -28.553  10.485  -7.764 0.2857142985
113321  -29.124  10.208  -7.315 0.2857142985
113358  -26.832  10.771  -11.189 0.1428571492
114329  -29.266  10.986  -5.567 0.4285714328
114339  -28.873  11.620  -6.489 0.2857142985
114349  -27.760  11.877  -7.995 0.2857142985
114359  -26.951  11.906  -8.849 0.1428571492
114382  -25.950  12.030  -10.639 0.1428571492
114384  -27.174  10.954  -10.041 0.2857142985
115304  -28.048  12.240  -4.036 0.4285714328
115346  -27.652  12.415  -7.919 0.2857142985
115380  -25.485  12.612  -10.812 0.1428571492
116267  -28.502  13.100  -5.833 0.2857142985
116274  -28.062  13.809  -6.559 0.2857142985
116279  -27.467  13.351  -7.794 0.2857142985
117098  -27.890  13.707  -7.221 0.2857142985
117129  -23.645  14.646  -11.597 0.1428571492
117868  -25.589  16.284  -4.249 0.1428571492
118718  -23.252  17.437  -10.202 0.1428571492
119496  -24.404  17.518  -8.358 0.1428571492
119505  -23.295  17.850  -10.668 0.1428571492
