#!ascii label  , from subject 3475 vox2ras=TkReg
957
92020  17.827  -9.007  -0.778 0.2500000000
92019  18.158  -9.148  -1.539 0.2500000000
90872  18.197  -9.959  -1.143 0.7500000000
96320  17.212  -5.701  -1.584 0.2500000000
95249  17.192  -6.571  -1.163 0.1250000000
94199  17.512  -7.371  -1.427 0.2500000000
93098  17.690  -8.217  -1.196 0.2500000000
92039  18.422  -9.169  -2.254 0.7500000000
93097  18.075  -8.575  -1.832 0.3750000000
90889  18.647  -9.971  -2.042 0.8750000000
90906  18.744  -9.759  -2.682 0.8750000000
89773  19.245  -10.696  -2.926 0.8750000000
95264  17.488  -6.736  -1.712 0.3750000000
94224  17.838  -7.426  -2.066 0.3750000000
94223  18.223  -7.508  -2.757 0.8750000000
93118  18.236  -8.327  -2.419 0.7500000000
92072  19.582  -9.351  -4.167 1.0000000000
92056  19.055  -9.169  -3.742 1.0000000000
93133  18.630  -8.352  -3.291 0.8750000000
90905  19.206  -10.069  -3.296 1.0000000000
92057  18.649  -9.179  -2.987 0.8750000000
90904  19.959  -10.420  -3.814 1.0000000000
96342  17.462  -5.526  -2.664 0.2500000000
95306  17.887  -6.216  -3.115 0.7500000000
95305  18.422  -6.560  -3.681 0.8750000000
94236  18.554  -7.481  -3.434 0.8750000000
95289  18.190  -6.863  -3.058 0.7500000000
93150  20.187  -8.437  -4.639 1.0000000000
93151  19.350  -8.503  -4.247 1.0000000000
94252  19.596  -7.449  -4.638 1.0000000000
92055  21.320  -9.430  -4.258 1.0000000000
92070  20.679  -9.272  -4.419 1.0000000000
90903  20.926  -10.332  -4.092 1.0000000000
90915  20.074  -9.845  -4.183 1.0000000000
96321  17.012  -5.012  -1.166 0.1250000000
95338  19.176  -6.037  -4.908 1.0000000000
96362  18.428  -5.983  -4.099 0.8750000000
95319  18.964  -6.496  -4.394 1.0000000000
93148  21.554  -7.820  -4.523 1.0000000000
94251  20.396  -7.538  -4.892 1.0000000000
94269  19.931  -6.934  -5.012 1.0000000000
93130  22.071  -8.443  -3.990 1.0000000000
93149  21.136  -8.406  -4.569 1.0000000000
93116  23.663  -8.574  -2.469 1.0000000000
92038  22.546  -9.502  -3.238 1.0000000000
101858  17.542  -0.747  -4.391 0.2500000000
97337  17.149  -4.748  -2.136 0.2500000000
97358  17.290  -4.355  -2.980 0.3750000000
97390  18.783  -4.469  -5.042 1.0000000000
97374  17.779  -4.479  -3.781 0.6250000000
96373  18.552  -5.375  -4.526 1.0000000000
95336  20.381  -6.097  -5.411 1.0000000000
96393  19.233  -5.371  -5.219 1.0000000000
94235  22.724  -7.394  -3.519 1.0000000000
94249  21.906  -7.266  -4.443 1.0000000000
95335  20.936  -6.173  -5.341 1.0000000000
94234  23.116  -6.837  -3.199 1.0000000000
94222  23.221  -7.972  -2.907 1.0000000000
94221  23.645  -7.367  -2.666 1.0000000000
101871  17.970  -0.640  -5.163 0.5000000000
101826  17.226  -1.416  -3.274 0.3750000000
100756  17.298  -1.809  -3.611 0.3750000000
99621  17.546  -2.495  -4.125 0.5000000000
99620  17.918  -2.605  -4.563 0.5000000000
98508  18.971  -3.628  -5.402 0.8750000000
99628  20.062  -2.607  -5.777 1.0000000000
96390  21.178  -5.431  -5.339 1.0000000000
97389  19.462  -4.582  -5.495 1.0000000000
96371  22.477  -5.494  -4.159 1.0000000000
96372  21.809  -5.462  -4.781 1.0000000000
96340  24.676  -5.456  -2.587 1.0000000000
95303  23.329  -6.282  -3.014 1.0000000000
94220  24.860  -7.354  -2.275 0.8750000000
100786  17.916  -1.560  -4.847 0.5000000000
100785  18.520  -1.603  -5.443 0.6250000000
100784  19.353  -1.571  -5.745 0.6250000000
99629  19.146  -2.643  -5.659 0.7500000000
99627  20.938  -2.526  -5.390 1.0000000000
98476  24.047  -3.279  -3.414 1.0000000000
98496  23.303  -3.030  -3.775 1.0000000000
98497  22.590  -3.594  -4.234 1.0000000000
98498  21.578  -3.558  -4.986 1.0000000000
97355  24.098  -4.186  -3.225 1.0000000000
97356  23.487  -4.743  -3.371 1.0000000000
97357  22.778  -4.687  -3.946 1.0000000000
98455  25.498  -4.143  -2.745 0.8750000000
97333  24.146  -4.875  -2.893 1.0000000000
96339  25.580  -5.450  -2.483 0.8750000000
101869  19.543  -0.513  -5.670 0.8750000000
100774  21.931  -1.360  -4.418 1.0000000000
100782  21.068  -1.416  -5.077 1.0000000000
99616  23.886  -2.681  -3.527 1.0000000000
99618  22.671  -2.348  -4.126 1.0000000000
100753  24.907  -1.354  -3.164 1.0000000000
98454  26.017  -3.958  -2.662 1.0000000000
98475  25.131  -3.449  -2.940 1.0000000000
99599  24.321  -2.323  -3.345 1.0000000000
98474  26.254  -3.216  -2.774 1.0000000000
102974  18.120  0.362  -5.393 0.5000000000
102973  18.918  0.430  -5.639 0.8750000000
102972  19.712  0.487  -5.436 1.0000000000
102959  21.540  0.648  -4.246 1.0000000000
101867  21.145  -0.224  -4.662 1.0000000000
101868  20.357  -0.421  -5.311 1.0000000000
102941  24.821  0.510  -2.809 1.0000000000
101841  23.524  -0.322  -3.445 1.0000000000
101838  26.390  -0.487  -2.920 1.0000000000
101839  25.402  -0.465  -2.928 1.0000000000
101840  24.362  -0.385  -3.151 1.0000000000
100751  26.941  -1.342  -3.021 1.0000000000
99597  26.508  -2.231  -2.875 0.8750000000
107958  20.985  5.559  -3.705 1.0000000000
107965  19.605  4.770  -4.361 0.3750000000
106903  20.713  4.781  -3.923 0.8750000000
104940  22.135  2.468  -3.927 1.0000000000
103985  24.240  1.583  -2.975 1.0000000000
103986  23.297  1.591  -3.288 1.0000000000
108924  20.374  6.487  -3.779 0.8750000000
106902  21.535  4.591  -3.794 1.0000000000
107957  22.011  5.572  -3.477 1.0000000000
104926  22.752  2.913  -3.639 1.0000000000
104924  24.754  2.586  -3.030 1.0000000000
105883  25.258  3.587  -3.017 1.0000000000
104923  25.824  2.582  -2.915 1.0000000000
109860  20.808  7.516  -3.681 0.7500000000
107956  23.081  5.591  -3.251 1.0000000000
106899  24.706  4.586  -2.974 1.0000000000
105884  24.190  3.606  -3.149 1.0000000000
108922  22.467  6.576  -3.226 1.0000000000
107955  24.135  5.580  -2.927 1.0000000000
115977  20.417  13.742  -3.073 0.1250000000
115976  20.955  13.591  -3.755 0.2500000000
115975  21.920  13.399  -3.852 0.3750000000
117868  21.356  15.497  -4.161 0.2500000000
117008  22.620  14.154  -3.889 0.5000000000
117867  22.387  15.103  -4.080 0.2500000000
117876  23.324  15.705  -4.217 0.3750000000
117010  20.727  14.862  -3.567 0.2500000000
117878  21.341  16.475  -4.279 0.2500000000
118744  21.369  17.269  -4.396 0.2500000000
117877  22.252  16.063  -4.230 0.2500000000
119589  23.078  17.605  -4.534 0.2500000000
118742  23.124  16.653  -4.337 0.3750000000
118743  22.188  16.965  -4.334 0.2500000000
119596  24.089  17.615  -4.962 0.3750000000
119597  23.524  17.992  -4.844 0.2500000000
91998  17.701  -8.976  0.029 0.1250000000
93119  17.831  -8.001  -1.790 0.2500000000
94182  17.295  -7.187  -0.642 0.1250000000
90886  22.013  -10.488  -3.398 1.0000000000
90856  17.804  -9.839  0.140 0.1250000000
89762  18.637  -10.779  -1.679 0.6250000000
88676  19.007  -11.653  -2.077 0.7500000000
95250  17.011  -6.310  -0.587 0.1250000000
88675  19.754  -11.970  -2.817 1.0000000000
93080  17.513  -8.104  -0.278 0.1250000000
89771  20.438  -11.113  -3.541 1.0000000000
90885  22.908  -10.388  -2.562 1.0000000000
98480  17.006  -3.615  -2.369 0.3750000000
100741  17.153  -1.805  -3.021 0.2500000000
99589  17.042  -2.401  -2.668 0.2500000000
96338  26.496  -5.471  -2.625 0.8750000000
95286  26.204  -6.342  -2.463 0.8750000000
98473  26.925  -3.889  -2.959 0.8750000000
106904  17.908  4.299  -3.989 0.1250000000
106912  18.519  4.084  -4.596 0.1250000000
104018  18.427  1.321  -5.395 0.3750000000
104016  19.894  1.410  -5.202 0.6250000000
98494  26.920  -3.064  -3.082 0.8750000000
107959  19.935  5.424  -4.081 0.5000000000
106911  19.366  4.156  -4.688 0.3750000000
105897  19.957  3.294  -4.839 0.8750000000
103984  25.241  1.681  -2.963 1.0000000000
104922  26.668  2.582  -3.316 1.0000000000
105894  26.952  3.451  -3.752 1.0000000000
108923  21.413  6.550  -3.513 1.0000000000
110871  23.467  8.590  -3.128 1.0000000000
108921  23.544  6.583  -2.947 1.0000000000
107954  25.199  5.579  -2.954 1.0000000000
114881  20.274  12.702  -2.468 0.1250000000
113916  20.042  11.732  -3.058 0.1250000000
113914  21.764  11.557  -3.635 0.6250000000
117007  23.614  13.949  -3.676 0.5000000000
117875  24.532  15.127  -4.397 0.5000000000
117869  20.633  16.246  -3.817 0.2500000000
118741  24.162  16.428  -4.606 0.5000000000
117879  20.786  16.961  -4.207 0.1250000000
119590  22.098  17.709  -4.528 0.2500000000
120463  23.367  19.002  -5.474 0.2500000000
119603  24.559  17.742  -6.051 0.3750000000
121259  23.733  19.141  -6.114 0.2500000000
119591  21.373  17.981  -4.519 0.1250000000
90873  17.914  -9.598  -0.453 0.3750000000
89745  17.948  -10.247  -0.502 0.5000000000
89761  19.000  -10.781  -2.382 0.7500000000
89760  19.416  -11.269  -2.786 1.0000000000
89772  19.716  -10.972  -3.293 1.0000000000
93152  18.870  -8.091  -3.788 1.0000000000
90916  19.551  -9.812  -3.894 1.0000000000
90887  21.440  -10.904  -3.569 1.0000000000
90902  21.572  -9.974  -3.993 1.0000000000
96374  18.072  -4.881  -4.110 0.8750000000
95337  19.767  -6.208  -5.255 1.0000000000
94250  21.108  -7.134  -5.006 1.0000000000
94267  20.715  -6.537  -5.256 1.0000000000
93117  22.927  -8.575  -3.081 1.0000000000
92037  23.382  -9.573  -2.458 1.0000000000
98479  17.184  -3.218  -2.901 0.3750000000
98500  17.567  -3.497  -3.728 0.5000000000
98509  18.495  -3.603  -4.849 0.8750000000
97388  20.080  -4.771  -5.656 1.0000000000
95316  22.246  -6.387  -4.303 1.0000000000
95317  21.551  -6.319  -4.930 1.0000000000
95304  22.837  -6.321  -3.643 1.0000000000
95288  24.156  -6.232  -2.544 1.0000000000
98499  18.017  -3.160  -4.442 0.6250000000
98507  19.867  -3.787  -5.722 1.0000000000
97372  21.370  -4.543  -5.221 1.0000000000
97387  20.640  -4.599  -5.578 1.0000000000
98506  20.762  -3.608  -5.553 1.0000000000
96361  23.082  -5.510  -3.529 1.0000000000
97331  25.886  -4.660  -2.587 0.8750000000
94219  26.021  -7.394  -2.396 0.8750000000
100783  20.240  -1.499  -5.619 1.0000000000
99598  25.495  -2.319  -2.894 1.0000000000
98477  23.421  -3.842  -3.640 1.0000000000
97330  26.750  -4.513  -2.748 0.8750000000
101857  22.110  -0.334  -4.087 1.0000000000
100773  22.915  -1.324  -3.766 1.0000000000
99600  23.787  -1.901  -3.545 1.0000000000
99619  21.780  -2.474  -4.727 1.0000000000
100754  23.817  -1.275  -3.454 1.0000000000
100752  25.945  -1.361  -2.831 1.0000000000
104017  19.185  1.371  -5.483 0.6250000000
102971  20.397  0.586  -5.014 1.0000000000
104003  21.114  1.497  -4.461 1.0000000000
102958  22.372  0.611  -3.746 1.0000000000
104002  21.817  1.542  -4.063 1.0000000000
104001  22.523  1.570  -3.596 1.0000000000
102957  22.977  0.928  -3.426 1.0000000000
102940  25.850  0.064  -2.874 1.0000000000
102942  23.737  0.596  -3.182 1.0000000000
102943  23.101  0.300  -3.536 1.0000000000
106909  20.993  4.194  -4.093 1.0000000000
106910  20.222  4.278  -4.316 0.7500000000
104958  20.735  2.081  -4.679 1.0000000000
104939  22.830  2.240  -3.502 1.0000000000
104942  20.655  2.711  -4.710 1.0000000000
105895  21.668  2.981  -4.229 1.0000000000
104925  23.595  2.602  -3.278 1.0000000000
109859  21.872  7.572  -3.421 0.8750000000
105887  21.411  3.940  -4.050 1.0000000000
106901  22.589  4.602  -3.551 1.0000000000
105885  23.140  3.654  -3.464 1.0000000000
105886  22.046  3.578  -3.911 1.0000000000
105882  26.234  3.564  -3.192 1.0000000000
106900  23.651  4.607  -3.228 1.0000000000
108920  24.634  6.583  -2.907 1.0000000000
109858  22.934  7.597  -3.041 1.0000000000
114893  20.642  12.660  -3.260 0.1250000000
113908  19.830  11.743  -2.299 0.1250000000
117009  21.554  14.411  -4.074 0.2500000000
114892  21.346  12.553  -3.675 0.5000000000
117866  23.454  14.786  -3.892 0.5000000000
120451  23.110  18.492  -4.940 0.2500000000
120462  23.894  18.548  -5.580 0.2500000000
90838  17.652  -10.186  0.831 0.1250000000
89744  18.097  -10.985  -1.010 0.6250000000
88677  18.560  -11.348  -1.504 0.7500000000
88690  20.087  -11.554  -3.229 1.0000000000
106921  18.727  3.512  -4.998 0.5000000000
104015  20.501  1.451  -4.811 0.8750000000
104960  19.467  2.207  -5.297 0.7500000000
104959  20.122  2.281  -4.972 0.8750000000
105898  19.359  3.572  -4.953 0.7500000000
105912  19.679  2.732  -5.126 0.8750000000
105896  21.065  3.441  -4.401 1.0000000000
110870  24.558  8.563  -3.105 1.0000000000
114891  22.356  12.451  -3.606 0.7500000000
115974  22.983  13.258  -3.633 0.7500000000
120471  24.174  18.662  -6.644 0.2500000000
119610  24.607  17.712  -7.067 0.3750000000
85348  19.469  -16.136  -0.441 0.7500000000
85362  21.659  -15.928  -1.489 0.7500000000
85365  19.029  -14.861  -0.718 0.7500000000
84252  20.396  -16.094  -0.974 0.7500000000
86511  20.546  -14.833  -1.569 0.7500000000
86512  19.640  -14.418  -1.349 0.7500000000
86510  21.476  -15.110  -1.616 0.7500000000
88662  18.948  -12.508  -1.715 0.7500000000
88663  18.436  -11.962  -1.227 0.6250000000
87567  20.341  -13.881  -2.009 0.7500000000
87586  20.094  -12.930  -2.553 0.8750000000
87568  19.395  -13.334  -1.737 0.8750000000
87565  22.258  -14.576  -1.684 0.7500000000
87566  21.326  -14.210  -1.872 0.7500000000
87584  22.176  -13.605  -1.969 0.7500000000
88673  21.991  -12.536  -2.566 0.8750000000
88674  20.796  -12.072  -3.092 0.8750000000
88672  23.050  -12.948  -1.948 0.7500000000
89758  21.697  -11.482  -3.099 0.8750000000
90884  23.984  -10.875  -1.918 0.8750000000
90899  26.175  -10.400  -4.013 0.3750000000
92052  26.030  -9.535  -2.967 0.6250000000
92035  25.269  -9.213  -2.426 0.7500000000
92069  26.463  -9.067  -5.010 0.5000000000
92051  26.606  -9.206  -3.957 0.5000000000
93129  26.426  -8.448  -2.903 0.7500000000
93166  26.334  -8.470  -6.592 0.1250000000
93160  26.586  -8.325  -5.533 0.3750000000
93147  26.939  -8.162  -4.440 0.6250000000
94233  26.724  -7.689  -2.828 0.6250000000
94218  26.659  -7.022  -2.681 0.6250000000
94288  26.293  -7.632  -8.336 0.1250000000
94281  26.446  -7.536  -7.292 0.1250000000
94276  26.872  -7.262  -6.102 0.1250000000
95345  26.825  -6.452  -7.025 0.1250000000
95315  27.556  -6.127  -4.641 0.6250000000
96359  27.741  -5.317  -3.993 0.6250000000
97353  27.480  -4.408  -3.399 0.7500000000
95352  26.415  -6.611  -7.993 0.1250000000
96410  26.419  -5.684  -8.620 0.1250000000
97405  27.311  -4.336  -6.373 0.1250000000
97386  27.672  -4.254  -5.407 0.5000000000
97370  27.825  -4.248  -4.370 0.6250000000
98493  27.513  -3.129  -3.742 0.7500000000
95360  26.136  -6.661  -8.955 0.1250000000
98524  27.539  -3.254  -5.963 0.5000000000
98505  27.808  -3.180  -4.900 0.6250000000
99614  27.498  -2.088  -3.797 0.7500000000
109861  19.770  7.410  -3.923 0.6250000000
111899  20.630  9.507  -3.876 0.5000000000
110873  21.268  8.549  -3.697 0.7500000000
100793  27.495  -1.056  -5.495 0.6250000000
101855  27.604  -0.456  -4.327 0.6250000000
101837  27.112  -0.461  -3.283 0.8750000000
101878  26.987  -0.427  -6.648 0.5000000000
101877  27.337  -0.355  -5.875 0.6250000000
102969  27.382  0.497  -5.471 0.6250000000
102956  27.516  0.473  -4.624 0.7500000000
111898  21.762  9.576  -3.716 0.7500000000
102939  26.797  0.376  -3.098 0.8750000000
106898  25.726  4.569  -3.108 0.8750000000
103999  27.419  1.429  -4.083 0.7500000000
105893  27.305  3.194  -4.401 0.8750000000
106897  26.547  4.492  -3.628 0.8750000000
107964  26.627  5.454  -4.174 0.8750000000
101888  26.575  -0.477  -7.472 0.3750000000
102981  27.139  0.476  -6.265 0.5000000000
104028  26.921  1.332  -6.586 0.5000000000
104956  27.242  2.290  -5.535 0.6250000000
102990  26.258  0.493  -7.865 0.2500000000
102982  26.737  0.467  -7.027 0.3750000000
104972  27.085  1.992  -6.217 0.5000000000
110872  22.360  8.589  -3.396 0.8750000000
108919  25.578  6.558  -3.275 0.8750000000
109855  25.911  7.519  -3.610 0.7500000000
108928  26.622  6.464  -4.677 0.8750000000
105910  27.344  3.057  -5.035 0.6250000000
106918  27.236  3.700  -5.139 0.7500000000
104036  26.476  1.411  -7.275 0.3750000000
104973  26.684  2.298  -6.759 0.5000000000
107976  26.464  5.417  -5.977 0.7500000000
104037  26.025  1.531  -7.972 0.2500000000
112933  21.151  10.584  -3.845 0.6250000000
111897  22.884  9.582  -3.383 0.8750000000
111896  23.997  9.571  -3.112 0.8750000000
110869  25.511  8.509  -3.389 0.8750000000
112929  25.619  10.462  -3.723 0.7500000000
109870  26.696  7.464  -5.130 0.7500000000
106919  26.858  4.290  -5.642 0.5000000000
105941  25.196  3.517  -8.472 0.2500000000
105934  25.944  3.454  -7.397 0.5000000000
105925  26.601  3.427  -6.522 0.5000000000
104047  25.599  1.585  -8.676 0.2500000000
113913  22.865  11.496  -3.515 0.6250000000
113912  23.948  11.442  -3.404 0.7500000000
112930  24.528  10.512  -3.304 0.7500000000
113911  24.943  11.412  -3.525 0.7500000000
113920  25.653  11.450  -3.951 0.7500000000
112937  26.331  10.413  -4.488 0.7500000000
114900  25.787  12.149  -4.325 0.7500000000
111904  26.329  9.345  -4.302 0.7500000000
110882  26.660  8.454  -5.562 0.7500000000
111910  26.641  9.439  -5.988 0.7500000000
108945  25.995  6.841  -7.097 0.5000000000
109876  26.239  7.543  -6.767 0.3750000000
109873  26.613  7.472  -6.020 0.6250000000
106941  25.420  4.488  -7.740 0.2500000000
107986  25.682  5.424  -7.383 0.3750000000
108946  25.473  6.509  -7.641 0.3750000000
114890  23.440  12.353  -3.505 0.6250000000
115988  25.412  13.065  -4.220 0.7500000000
114899  26.256  12.044  -4.837 0.7500000000
113934  26.517  11.307  -5.847 0.7500000000
112945  26.384  10.439  -6.401 0.6250000000
109878  25.182  7.560  -7.787 0.3750000000
111916  25.644  9.434  -7.502 0.3750000000
106949  24.438  4.572  -8.908 0.1250000000
108957  24.401  6.616  -8.515 0.1250000000
108947  24.941  6.900  -8.092 0.2500000000
115973  24.066  13.143  -3.576 0.6250000000
115989  24.743  13.401  -3.825 0.7500000000
116000  25.923  13.241  -4.950 0.6250000000
114919  26.397  12.158  -6.036 0.7500000000
111925  25.318  10.037  -7.788 0.3750000000
113935  26.244  11.466  -6.536 0.3750000000
112941  26.623  10.399  -5.482 0.7500000000
110903  24.322  8.521  -8.352 0.2500000000
111917  25.251  8.933  -7.808 0.3750000000
111915  26.269  9.402  -6.788 0.6250000000
108965  22.924  6.545  -9.468 0.1250000000
108002  24.122  5.221  -9.074 0.1250000000
117006  24.344  13.812  -3.732 0.6250000000
117017  24.924  14.037  -4.130 0.6250000000
117033  25.767  14.258  -6.094 0.3750000000
117024  25.751  14.007  -5.242 0.3750000000
114920  26.077  12.407  -6.695 0.3750000000
113952  23.981  11.559  -8.628 0.2500000000
112951  25.610  10.600  -7.464 0.3750000000
110919  22.854  8.535  -9.240 0.1250000000
111927  23.989  9.523  -8.545 0.3750000000
111926  24.892  9.499  -8.092 0.3750000000
108012  21.881  5.379  -10.609 0.1250000000
110904  23.573  8.534  -8.758 0.1250000000
118752  25.288  15.834  -5.723 0.3750000000
117874  25.316  14.441  -4.685 0.3750000000
117044  25.385  14.481  -6.941 0.3750000000
114946  24.399  12.609  -8.330 0.3750000000
116017  25.228  13.640  -7.518 0.3750000000
116016  25.753  13.431  -6.798 0.3750000000
113951  24.725  11.515  -8.232 0.3750000000
114929  25.527  12.553  -7.463 0.3750000000
111951  20.938  9.425  -10.178 0.1250000000
111935  23.183  9.524  -8.926 0.1250000000
112969  22.793  10.525  -9.165 0.2500000000
109905  21.732  7.603  -9.987 0.1250000000
117908  24.476  15.658  -7.952 0.2500000000
117061  24.228  14.686  -8.354 0.2500000000
117045  24.856  14.634  -7.686 0.3750000000
117907  25.018  15.594  -7.106 0.3750000000
116051  23.087  13.689  -9.135 0.1250000000
116035  24.628  13.706  -8.102 0.3750000000
114960  22.737  12.599  -9.313 0.1250000000
114947  23.539  12.611  -8.828 0.2500000000
113963  20.867  11.537  -10.133 0.1250000000
113960  23.190  11.556  -9.059 0.1250000000
118758  24.867  16.890  -6.599 0.3750000000
118763  24.956  16.320  -6.908 0.3750000000
117920  23.786  15.694  -8.605 0.2500000000
117074  22.551  14.880  -9.413 0.1250000000
116052  22.211  13.669  -9.585 0.1250000000
117075  21.646  14.706  -9.787 0.1250000000
112982  19.833  10.469  -10.466 0.1250000000
116054  20.769  13.015  -10.150 0.1250000000
118779  22.030  16.725  -10.052 0.1250000000
116066  20.634  14.167  -10.212 0.1250000000
117931  21.174  15.644  -10.098 0.1250000000
114975  18.640  12.497  -10.797 0.1250000000
113976  19.240  11.485  -10.615 0.1250000000
90901  25.102  -10.868  -2.556 0.6250000000
99642  27.580  -2.065  -5.484 0.6250000000
104938  27.209  2.482  -3.902 0.8750000000
105911  27.118  3.252  -5.699 0.5000000000
104979  26.215  2.346  -7.435 0.3750000000
112932  22.299  10.569  -3.611 0.6250000000
112931  23.423  10.540  -3.362 0.8750000000
111895  25.074  9.519  -3.262 0.8750000000
111894  25.858  9.377  -3.726 0.7500000000
110879  26.547  8.443  -4.704 0.7500000000
109865  26.444  7.482  -4.295 0.7500000000
106931  26.339  4.508  -6.453 0.5000000000
107977  26.108  5.416  -6.738 0.5000000000
108936  26.330  6.466  -6.486 0.7500000000
106932  25.932  4.542  -7.080 0.5000000000
112970  21.993  10.506  -9.530 0.1250000000
117062  23.430  14.726  -8.859 0.2500000000
117076  20.884  14.753  -10.115 0.1250000000
114974  19.618  12.516  -10.501 0.1250000000
94265  27.289  -6.786  -5.252 0.5000000000
95301  27.525  -6.297  -3.754 0.6250000000
95285  26.993  -6.367  -2.848 0.7500000000
99643  27.214  -2.299  -6.531 0.3750000000
100807  26.831  -1.399  -7.030 0.3750000000
101902  26.170  -0.523  -8.286 0.2500000000
107970  26.745  5.390  -5.085 0.7500000000
113961  22.378  11.537  -9.428 0.1250000000
103004  25.868  0.179  -8.533 0.1250000000
83034  20.546  -17.233  -0.578 0.7500000000
83035  19.803  -17.213  -0.228 0.7500000000
85349  18.794  -15.729  -0.086 0.7500000000
83053  21.090  -17.164  -0.794 0.7500000000
84250  22.013  -16.640  -1.367 0.7500000000
87569  18.644  -12.965  -1.076 0.6250000000
86513  18.859  -13.941  -0.894 0.7500000000
86509  22.317  -15.379  -1.624 0.6250000000
87583  23.319  -14.217  -1.788 0.7500000000
89756  24.012  -12.338  -1.789 0.6250000000
89770  24.859  -12.009  -2.513 0.5000000000
89768  25.892  -11.259  -4.047 0.3750000000
90900  25.737  -10.676  -3.252 0.5000000000
90913  26.186  -10.180  -5.143 0.1250000000
92087  26.218  -9.574  -6.932 0.1250000000
93173  26.393  -8.616  -7.598 0.1250000000
93206  27.015  -8.140  -9.710 0.1250000000
94317  26.736  -7.561  -10.540 0.1250000000
95369  26.104  -6.567  -9.764 0.1250000000
96415  26.220  -5.775  -9.513 0.1250000000
110874  20.207  8.448  -3.816 0.3750000000
97417  26.345  -4.756  -9.213 0.1250000000
97412  26.660  -4.624  -8.302 0.1250000000
99659  26.765  -2.430  -7.509 0.1250000000
104059  25.113  1.580  -9.393 0.1250000000
102991  25.813  0.866  -8.411 0.2500000000
104998  24.785  2.497  -9.563 0.1250000000
106957  23.918  4.522  -9.480 0.1250000000
106958  23.205  4.554  -10.124 0.1250000000
113915  20.766  11.609  -3.554 0.3750000000
106959  22.506  4.777  -10.501 0.1250000000
108976  21.408  6.182  -10.549 0.1250000000
106972  21.463  4.870  -11.062 0.1250000000
110937  20.592  8.516  -10.481 0.1250000000
110939  18.900  8.536  -11.157 0.1250000000
116997  20.568  14.758  -2.691 0.1250000000
119619  23.595  17.693  -8.774 0.2500000000
118771  23.399  16.682  -9.001 0.1250000000
120486  22.680  18.239  -10.004 0.1250000000
117941  20.386  15.690  -10.364 0.1250000000
118792  20.741  16.701  -10.519 0.1250000000
117087  19.338  14.608  -10.522 0.1250000000
112984  18.166  10.493  -11.260 0.1250000000
116068  18.995  13.569  -10.645 0.1250000000
93115  24.589  -8.419  -2.275 0.7500000000
100750  27.369  -1.067  -3.475 0.7500000000
100771  27.365  -1.609  -3.503 0.7500000000
108925  19.466  6.444  -4.119 0.3750000000
107953  26.060  5.543  -3.449 0.8750000000
87587  19.422  -12.504  -2.227 0.7500000000
89759  21.076  -11.229  -3.559 0.8750000000
93114  25.580  -8.411  -2.430 0.7500000000
96337  27.338  -5.510  -3.096 0.6250000000
104000  27.012  1.829  -3.499 0.8750000000
109857  24.052  7.587  -2.987 0.8750000000
109856  25.095  7.563  -3.121 0.8750000000
108918  26.241  6.509  -3.902 0.8750000000
117888  24.910  15.844  -5.098 0.3750000000
118753  24.832  16.682  -5.603 0.3750000000
120479  24.222  18.411  -7.505 0.1250000000
119618  24.252  17.667  -7.959 0.2500000000
85364  19.806  -15.558  -0.936 0.7500000000
84232  20.081  -16.540  -0.630 0.7500000000
85363  20.781  -15.703  -1.322 0.7500000000
84251  20.956  -16.584  -0.992 0.7500000000
83052  21.628  -17.195  -0.992 0.7500000000
86496  18.369  -14.541  -0.016 0.7500000000
87585  21.139  -13.273  -2.463 0.8750000000
89757  22.772  -11.561  -2.314 0.8750000000
92036  24.521  -9.643  -2.224 0.7500000000
89783  25.967  -11.213  -4.852 0.2500000000
92053  25.407  -10.012  -2.590 0.6250000000
92079  26.240  -9.373  -5.946 0.2500000000
94266  27.041  -7.542  -5.060 0.3750000000
94231  27.359  -7.098  -3.756 0.6250000000
94301  26.311  -7.506  -9.504 0.1250000000
95334  27.452  -6.041  -5.445 0.5000000000
96403  27.107  -5.386  -6.752 0.1250000000
96404  26.721  -5.550  -7.676 0.1250000000
96389  27.454  -5.247  -5.858 0.5000000000
97406  26.991  -4.472  -7.350 0.1250000000
98525  27.119  -3.385  -6.953 0.1250000000
99626  27.688  -2.167  -4.445 0.6250000000
100781  27.650  -1.235  -4.809 0.6250000000
104014  27.343  1.389  -5.037 0.6250000000
106908  27.116  4.239  -4.523 0.7500000000
108933  26.608  6.447  -5.566 0.7500000000
104957  27.020  2.666  -6.182 0.5000000000
105933  26.378  2.886  -7.038 0.3750000000
105926  26.190  3.979  -6.851 0.5000000000
105942  24.718  4.046  -8.734 0.1250000000
105949  24.997  3.031  -9.110 0.1250000000
104980  25.752  2.491  -8.166 0.2500000000
104987  25.311  2.466  -8.938 0.1250000000
114889  24.420  12.248  -3.556 0.7500000000
113919  26.116  11.395  -4.452 0.7500000000
110885  26.467  8.463  -6.400 0.6250000000
110889  26.022  8.463  -7.104 0.3750000000
107993  25.189  5.455  -8.002 0.1250000000
108956  24.940  6.202  -8.190 0.3750000000
116009  26.163  13.124  -5.856 0.3750000000
109887  24.619  7.596  -8.213 0.3750000000
107994  24.568  5.508  -8.555 0.1250000000
109888  23.953  7.568  -8.615 0.1250000000
108003  23.507  5.555  -9.415 0.1250000000
112958  25.075  10.618  -8.005 0.3750000000
113950  25.328  11.520  -7.754 0.3750000000
109904  22.483  7.544  -9.552 0.1250000000
108966  22.080  6.527  -10.066 0.1250000000
108004  22.671  5.543  -9.992 0.1250000000
109903  23.261  7.560  -9.119 0.1250000000
117887  25.443  15.029  -5.308 0.3750000000
112959  24.392  10.538  -8.419 0.2500000000
110920  22.074  8.529  -9.615 0.1250000000
111936  22.421  9.514  -9.341 0.1250000000
117897  25.447  15.250  -6.287 0.3750000000
116036  23.878  13.670  -8.584 0.3750000000
110921  21.341  8.527  -10.056 0.1250000000
111937  21.641  9.490  -9.724 0.1250000000
112981  20.546  10.121  -10.264 0.1250000000
111952  20.190  9.421  -10.510 0.1250000000
108977  20.651  6.607  -10.722 0.1250000000
109922  20.149  7.586  -10.759 0.1250000000
118770  24.098  16.675  -8.341 0.2500000000
118764  24.633  16.645  -7.435 0.2500000000
117921  23.078  15.763  -9.181 0.2500000000
114961  21.890  12.556  -9.684 0.1250000000
114963  20.473  12.437  -10.266 0.1250000000
113962  21.583  11.507  -9.771 0.1250000000
113975  20.115  11.542  -10.387 0.1250000000
117929  22.440  15.953  -9.548 0.1250000000
117930  21.873  15.707  -9.788 0.1250000000
116053  21.193  13.608  -9.995 0.1250000000
112983  18.873  10.469  -10.765 0.1250000000
114962  21.152  12.441  -10.007 0.1250000000
119626  22.403  17.654  -10.091 0.1250000000
118778  22.735  16.717  -9.560 0.1250000000
81819  20.098  -17.770  -0.171 0.7500000000
83033  21.260  -17.683  -0.666 0.7500000000
84233  19.300  -16.684  -0.008 0.7500000000
83036  19.441  -17.233  0.123 0.7500000000
87553  18.362  -13.425  -0.243 0.5000000000
88671  24.022  -13.476  -2.038 0.6250000000
98542  26.359  -3.720  -8.858 0.1250000000
98556  25.830  -4.107  -10.789 0.1250000000
98538  26.800  -3.514  -7.979 0.1250000000
105950  24.484  3.563  -9.330 0.1250000000
110938  19.766  8.526  -10.809 0.1250000000
111953  19.334  9.476  -10.744 0.1250000000
84213  18.562  -16.592  0.778 0.7500000000
86485  18.268  -15.304  0.557 0.5000000000
81804  20.830  -18.918  0.008 0.6250000000
81818  20.697  -18.128  -0.315 0.6250000000
81831  22.711  -17.867  -1.154 0.3750000000
83032  22.045  -17.827  -0.862 0.6250000000
83050  23.397  -17.549  -1.525 0.2500000000
84249  22.910  -16.737  -1.691 0.3750000000
89769  25.528  -11.836  -3.531 0.3750000000
112934  19.904  10.466  -3.547 0.2500000000
86508  23.067  -15.586  -1.742 0.5000000000
86530  23.496  -15.096  -1.822 0.5000000000
87582  24.114  -14.222  -2.285 0.3750000000
80720  22.825  -18.996  -0.351 0.5000000000
81816  22.586  -18.413  -0.752 0.6250000000
88689  24.678  -13.099  -2.556 0.5000000000
80712  20.217  -19.526  0.589 0.6250000000
84201  18.403  -16.868  1.242 0.3750000000
81805  20.005  -18.491  0.247 0.6250000000
83020  19.085  -17.326  0.537 0.6250000000
80709  23.018  -19.471  0.198 0.3750000000
80710  22.062  -19.391  -0.041 0.5000000000
80711  21.156  -19.557  0.255 0.6250000000
86486  18.117  -14.643  1.118 0.2500000000
80719  23.452  -19.013  -0.039 0.3750000000
84248  23.915  -16.591  -2.103 0.2500000000
83031  23.558  -18.046  -1.153 0.2500000000
85379  23.793  -15.712  -2.157 0.2500000000
86529  24.086  -14.905  -2.315 0.3750000000
86543  24.421  -14.504  -2.757 0.2500000000
88688  25.175  -12.906  -3.447 0.2500000000
99590  16.713  -2.312  -2.118 0.1250000000
102960  17.605  0.248  -4.672 0.2500000000
89795  25.895  -11.913  -5.300 0.2500000000
105913  19.156  3.087  -5.212 0.3750000000
104019  17.806  1.239  -4.942 0.2500000000
107960  19.277  5.845  -4.230 0.2500000000
101827  17.114  -1.078  -2.904 0.1250000000
98460  16.898  -2.922  -2.388 0.2500000000
89730  17.966  -11.659  -0.516 0.2500000000
104961  18.744  2.231  -5.357 0.3750000000
87564  22.917  -14.975  -1.589 0.5000000000
85332  18.315  -15.908  0.663 0.5000000000
83051  22.439  -17.314  -1.298 0.5000000000
85361  22.522  -16.079  -1.683 0.5000000000
89784  25.774  -11.964  -4.611 0.2500000000
83019  19.582  -17.723  0.202 0.6250000000
86497  18.171  -13.757  0.502 0.3750000000
87601  24.511  -13.929  -2.729 0.2500000000
81803  21.405  -19.129  -0.087 0.6250000000
81817  21.630  -18.558  -0.422 0.5000000000
81830  23.150  -18.127  -1.125 0.2500000000
83049  24.451  -17.275  -1.629 0.2500000000
85360  23.230  -16.155  -1.927 0.3750000000
80721  22.271  -18.849  -0.403 0.5000000000
85333  18.108  -15.705  1.118 0.3750000000
80713  19.582  -19.044  0.746 0.6250000000
79560  22.573  -19.969  0.565 0.3750000000
79561  21.671  -20.105  0.538 0.5000000000
85378  24.462  -15.536  -2.733 0.2500000000
87600  24.846  -13.712  -3.443 0.2500000000
99575  16.589  -2.327  -1.542 0.1250000000
79550  18.640  -20.239  1.693 0.5000000000
79546  22.188  -20.600  1.034 0.2500000000
78459  20.754  -21.437  1.430 0.3750000000
79562  20.812  -20.166  0.662 0.5000000000
80693  19.600  -19.537  0.938 0.5000000000
79551  18.150  -20.135  1.985 0.3750000000
80695  18.164  -19.447  1.865 0.5000000000
80694  19.043  -19.328  1.267 0.5000000000
83005  18.493  -17.474  1.317 0.3750000000
81806  19.157  -18.284  0.801 0.5000000000
78429  17.413  -21.173  3.206 0.1250000000
79533  18.199  -20.622  2.141 0.3750000000
83006  18.097  -17.401  1.877 0.2500000000
75938  17.830  -23.114  3.138 0.1250000000
77265  18.043  -21.746  2.633 0.2500000000
78447  18.945  -21.627  2.089 0.3750000000
78458  21.713  -21.304  1.423 0.2500000000
77271  20.024  -21.893  1.767 0.3750000000
78460  19.874  -21.152  1.496 0.5000000000
77245  17.083  -22.081  3.709 0.1250000000
78448  18.425  -21.276  2.225 0.3750000000
77272  19.437  -21.586  1.868 0.3750000000
80672  17.455  -19.458  3.269 0.1250000000
81779  17.623  -18.469  2.852 0.1250000000
100822  25.957  -1.393  -8.739 0.1250000000
79563  20.249  -20.169  0.846 0.5000000000
84202  18.185  -16.596  1.557 0.2500000000
78461  19.065  -20.988  1.795 0.5000000000
79549  19.627  -20.211  1.205 0.5000000000
79547  21.257  -20.752  0.981 0.3750000000
79548  20.418  -20.672  1.075 0.3750000000
78462  18.562  -20.791  1.954 0.3750000000
79534  17.832  -20.167  2.399 0.2500000000
80681  17.614  -19.354  2.595 0.1250000000
81788  17.993  -18.279  2.072 0.1250000000
81787  18.535  -18.561  1.462 0.5000000000
77244  17.553  -21.965  3.228 0.1250000000
78430  17.143  -21.294  3.740 0.1250000000
78449  17.780  -21.058  2.688 0.2500000000
79520  17.370  -20.377  3.143 0.1250000000
79521  17.342  -20.528  3.719 0.1250000000
82998  17.934  -17.337  2.414 0.1250000000
75939  17.078  -22.894  3.758 0.1250000000
77264  18.545  -22.015  2.383 0.3750000000
77270  20.708  -22.113  1.868 0.2500000000
75959  18.618  -22.764  2.579 0.2500000000
77262  20.177  -22.546  2.188 0.2500000000
87554  18.094  -12.853  0.389 0.2500000000
78446  21.312  -21.892  1.778 0.2500000000
75960  18.075  -22.343  2.749 0.1250000000
77263  19.304  -22.227  2.186 0.2500000000
75958  19.451  -23.052  2.512 0.1250000000
88637  18.105  -12.213  0.967 0.1250000000
110875  19.198  8.304  -3.888 0.1250000000
110876  18.274  8.183  -3.641 0.1250000000
112935  19.354  9.686  -3.414 0.1250000000
111891  18.262  8.939  -2.372 0.1250000000
111901  18.848  9.101  -3.442 0.1250000000
112923  19.499  10.926  -2.589 0.1250000000
109862  18.659  7.161  -4.124 0.1250000000
111890  18.529  9.281  -2.909 0.1250000000
112924  19.027  9.877  -2.824 0.1250000000
112903  18.484  9.970  -1.137 0.1250000000
109866  18.436  6.521  -4.191 0.1250000000
85319  18.107  -15.644  1.727 0.1250000000
87543  18.128  -13.339  1.114 0.1250000000
105915  17.923  2.691  -4.647 0.1250000000
108930  18.322  5.998  -4.217 0.1250000000
109867  18.137  6.607  -4.023 0.1250000000
109863  17.789  7.116  -3.488 0.1250000000
110865  17.785  8.144  -2.831 0.1250000000
110855  18.166  8.420  -0.667 0.1250000000
112889  18.615  10.175  -0.317 0.1250000000
112914  19.068  10.347  -1.844 0.1250000000
107966  18.966  5.232  -4.387 0.1250000000
89731  17.750  -10.864  -0.015 0.1250000000
88649  18.192  -12.472  -0.407 0.1250000000
111900  19.673  9.269  -3.694 0.1250000000
104962  18.096  2.127  -5.040 0.1250000000
88650  17.827  -11.904  0.224 0.1250000000
88622  18.364  -12.615  1.590 0.1250000000
112925  18.586  9.444  -2.548 0.1250000000
110861  18.022  8.157  -1.752 0.1250000000
112915  18.602  9.611  -2.011 0.1250000000
109848  18.257  7.128  -0.985 0.1250000000
112902  19.107  10.626  -0.901 0.1250000000
79559  23.203  -19.798  0.634 0.1250000000
81802  23.998  -18.735  -0.041 0.1250000000
81815  23.532  -18.486  -0.679 0.1250000000
83030  24.138  -17.911  -1.124 0.1250000000
84247  24.828  -16.688  -2.037 0.1250000000
84261  24.644  -16.177  -2.541 0.1250000000
85377  25.139  -15.733  -3.022 0.1250000000
85393  24.508  -14.929  -2.983 0.1250000000
86527  26.624  -14.621  -3.280 0.1250000000
86541  25.570  -14.541  -3.930 0.1250000000
86542  24.774  -14.438  -3.402 0.1250000000
87610  26.309  -13.385  -4.902 0.1250000000
87612  25.186  -13.626  -4.200 0.1250000000
88702  27.030  -12.735  -5.028 0.1250000000
88703  25.969  -13.059  -5.265 0.1250000000
88715  25.854  -12.469  -5.152 0.1250000000
77261  21.265  -22.590  2.403 0.1250000000
78445  22.078  -21.816  1.976 0.1250000000
78456  23.469  -20.954  1.791 0.1250000000
80708  23.937  -19.425  0.625 0.1250000000
80692  24.025  -19.991  1.241 0.1250000000
81814  24.444  -18.199  -0.423 0.1250000000
83029  25.233  -17.386  -0.808 0.1250000000
84259  25.957  -16.108  -2.086 0.1250000000
84260  25.363  -16.196  -2.416 0.1250000000
85375  26.753  -15.193  -2.418 0.1250000000
88687  27.329  -13.200  -4.280 0.1250000000
88725  26.264  -11.794  -6.157 0.1250000000
88724  26.573  -11.626  -6.256 0.1250000000
89793  27.515  -11.868  -5.597 0.1250000000
89794  25.982  -11.347  -5.785 0.1250000000
79545  23.281  -20.292  1.160 0.1250000000
88704  25.552  -12.853  -4.506 0.1250000000
83048  25.013  -17.009  -1.553 0.1250000000
86555  24.958  -14.151  -4.037 0.1250000000
78457  22.624  -21.082  1.613 0.1250000000
81813  25.042  -17.962  -0.052 0.1250000000
85391  25.499  -15.193  -3.350 0.1250000000
87599  26.049  -14.217  -4.388 0.1250000000
85376  26.008  -15.537  -2.819 0.1250000000
87598  26.676  -13.753  -4.232 0.1250000000
87611  25.707  -13.842  -4.790 0.1250000000
88714  26.081  -12.336  -5.749 0.1250000000
89782  27.748  -12.175  -5.076 0.1250000000
77242  21.938  -22.918  3.029 0.1250000000
77260  22.464  -22.327  2.556 0.1250000000
80651  17.422  -20.264  3.842 0.1250000000
84214  18.220  -16.197  1.025 0.3750000000
84231  20.521  -16.778  -0.722 0.7500000000
84246  25.496  -16.609  -1.619 0.1250000000
84262  24.225  -16.010  -2.388 0.1250000000
85392  24.927  -15.133  -3.387 0.1250000000
86528  25.928  -15.014  -3.419 0.1250000000
86540  26.229  -14.334  -4.033 0.1250000000
86554  25.255  -14.092  -4.390 0.1250000000
88691  19.756  -11.454  -3.055 1.0000000000
88713  26.718  -11.986  -5.921 0.1250000000
90888  18.960  -10.272  -2.690 0.8750000000
90914  20.433  -9.685  -4.304 1.0000000000
92054  21.898  -9.493  -3.916 1.0000000000
92071  20.033  -9.224  -4.426 1.0000000000
93127  27.199  -7.674  -3.780 0.6250000000
93128  26.950  -8.132  -3.457 0.6250000000
93131  21.617  -8.958  -4.218 1.0000000000
93132  18.930  -8.561  -3.815 1.0000000000
93146  27.238  -7.528  -4.191 0.6250000000
94232  27.130  -7.267  -3.162 0.6250000000
94247  27.372  -7.020  -4.460 0.6250000000
94248  27.150  -7.576  -4.536 0.3750000000
94253  18.979  -7.440  -4.026 0.8750000000
94268  20.393  -6.748  -5.172 1.0000000000
94275  27.229  -6.588  -5.753 0.1250000000
95284  27.370  -6.220  -3.194 0.6250000000
95287  25.250  -6.353  -2.323 0.8750000000
95290  17.755  -6.572  -2.405 0.3750000000
95302  27.339  -6.668  -3.297 0.6250000000
95318  19.514  -6.621  -4.838 1.0000000000
95344  27.230  -6.191  -6.183 0.5000000000
95382  26.309  -6.798  -10.436 0.1250000000
96302  17.029  -5.997  -0.990 0.1250000000
96341  24.042  -5.420  -2.726 1.0000000000
96360  23.592  -5.530  -2.960 1.0000000000
96363  17.905  -5.445  -3.667 0.8750000000
96370  27.728  -5.222  -4.957 0.5000000000
96391  20.526  -5.421  -5.528 1.0000000000
96392  19.898  -5.427  -5.533 1.0000000000
96421  26.146  -5.923  -10.346 0.1250000000
97318  17.018  -4.741  -1.527 0.1250000000
97332  24.941  -4.504  -2.812 0.8750000000
97334  23.789  -5.122  -2.953 1.0000000000
97354  24.564  -3.864  -3.140 1.0000000000
97359  17.078  -4.173  -2.312 0.2500000000
97371  22.089  -4.562  -4.576 1.0000000000
97373  18.209  -4.201  -4.341 0.8750000000
98453  26.536  -3.858  -2.741 1.0000000000
98461  16.696  -3.067  -1.928 0.2500000000
98478  23.062  -4.218  -3.808 1.0000000000
98495  23.682  -2.822  -3.610 1.0000000000
99558  16.633  -2.360  -1.031 0.1250000000
99601  17.280  -2.535  -3.346 0.2500000000
99615  27.182  -2.223  -3.307 0.8750000000
99617  23.503  -2.274  -3.671 1.0000000000
99630  18.344  -2.616  -5.005 0.7500000000
99631  17.812  -2.177  -4.593 0.5000000000
100742  16.878  -1.652  -2.423 0.2500000000
100755  23.271  -0.820  -3.584 1.0000000000
100770  27.601  -1.319  -3.995 0.6250000000
100772  23.500  -1.703  -3.616 1.0000000000
100775  17.500  -1.626  -4.236 0.3750000000
100794  27.264  -1.268  -6.187 0.6250000000
100821  26.436  -1.457  -7.953 0.1250000000
101836  27.462  -0.605  -3.750 0.7500000000
101842  17.306  -1.014  -3.604 0.2500000000
101856  22.870  -0.321  -3.693 1.0000000000
101866  27.552  -0.352  -5.106 0.6250000000
101870  18.690  -0.581  -5.640 0.8750000000
101903  25.641  -0.494  -8.991 0.1250000000
102938  27.374  0.278  -3.753 0.7500000000
102970  20.888  0.791  -4.595 1.0000000000
103005  25.404  0.572  -9.096 0.2500000000
103982  27.073  1.098  -3.425 0.8750000000
103983  26.326  1.622  -3.176 0.8750000000
104027  27.233  1.333  -5.869 0.6250000000
104937  27.337  2.310  -4.658 0.8750000000
104941  21.331  2.399  -4.412 1.0000000000
105914  18.383  3.056  -4.969 0.1250000000
106907  27.306  3.556  -4.759 0.7500000000
106920  19.002  3.727  -4.988 0.3750000000
106948  24.885  4.589  -8.364 0.1250000000
107995  24.068  5.909  -8.920 0.1250000000
108013  21.001  5.515  -11.047 0.1250000000
108929  18.820  6.223  -4.262 0.1250000000
108937  25.961  6.130  -7.098 0.5000000000
108958  23.685  6.624  -8.998 0.1250000000
108967  21.386  6.904  -10.340 0.1250000000
109877  25.726  7.552  -7.321 0.3750000000
109921  20.993  7.620  -10.398 0.1250000000
110868  26.207  8.457  -3.932 0.8750000000
110890  25.456  8.393  -7.575 0.3750000000
110891  24.945  8.417  -7.961 0.3750000000
111902  18.244  8.788  -3.104 0.1250000000
111906  26.623  9.424  -5.074 0.7500000000
112928  26.100  9.913  -4.013 0.7500000000
112938  25.986  10.947  -4.112 0.7500000000
112946  26.043  10.852  -6.943 0.3750000000
112950  26.041  10.151  -7.061 0.6250000000
112960  23.580  10.535  -8.771 0.2500000000
112971  21.173  10.484  -9.973 0.1250000000
112972  20.530  10.827  -10.257 0.1250000000
113927  26.503  11.284  -5.064 0.7500000000
113942  25.847  11.574  -7.178 0.3750000000
114888  25.232  12.223  -3.797 0.7500000000
114910  26.444  12.004  -5.445 0.7500000000
114930  25.002  12.960  -7.928 0.3750000000
114945  25.041  12.239  -8.003 0.3750000000
115972  24.807  12.837  -3.734 0.7500000000
115987  25.944  12.638  -4.711 0.6250000000
115999  26.237  12.616  -5.233 0.7500000000
116008  26.335  12.489  -5.650 0.7500000000
116067  20.170  13.581  -10.329 0.1250000000
117016  25.508  13.780  -4.625 0.3750000000
117086  20.175  14.733  -10.319 0.1250000000
117865  24.215  14.389  -3.863 0.6250000000
118745  20.779  17.637  -4.294 0.1250000000
118757  25.189  16.133  -6.402 0.3750000000
118780  21.452  16.358  -10.166 0.1250000000
119588  23.654  17.091  -4.541 0.3750000000
119625  23.023  17.612  -9.532 0.1250000000
119633  21.715  17.780  -10.577 0.1250000000
120445  22.599  18.065  -4.650 0.2500000000
120450  23.689  18.180  -5.066 0.2500000000
121251  23.582  19.089  -5.752 0.2500000000
