#!ascii label  , from subject 3475 vox2ras=TkReg
303
94231  27.359  -7.098  -3.756 0.0000000000
83050  23.397  -17.549  -1.525 0.0000000000
101838  26.390  -0.487  -2.920 0.0000000000
113911  24.943  11.412  -3.525 0.0000000000
81817  21.630  -18.558  -0.422 0.0000000000
104972  27.085  1.992  -6.217 0.0000000000
107976  26.464  5.417  -5.977 0.0000000000
92035  25.269  -9.213  -2.426 0.0000000000
89770  24.859  -12.009  -2.513 0.0000000000
90913  26.186  -10.180  -5.143 0.0000000000
97406  26.991  -4.472  -7.350 0.0000000000
94288  26.293  -7.632  -8.336 0.0000000000
98473  26.925  -3.889  -2.959 0.0000000000
100807  26.831  -1.399  -7.030 0.0000000000
110869  25.511  8.509  -3.389 0.0000000000
110885  26.467  8.463  -6.400 0.0000000000
85391  25.499  -15.193  -3.350 0.0000000000
105894  26.952  3.451  -3.752 0.0000000000
107964  26.627  5.454  -4.174 0.0000000000
93129  26.426  -8.448  -2.903 0.0000000000
92052  26.030  -9.535  -2.967 0.0000000000
92069  26.463  -9.067  -5.010 0.0000000000
81831  22.711  -17.867  -1.154 0.0000000000
99597  26.508  -2.231  -2.875 0.0000000000
98505  27.808  -3.180  -4.900 0.0000000000
100781  27.650  -1.235  -4.809 0.0000000000
105933  26.378  2.886  -7.038 0.0000000000
104037  26.025  1.531  -7.972 0.0000000000
112932  22.299  10.569  -3.611 0.0000000000
110871  23.467  8.590  -3.128 0.0000000000
112929  25.619  10.462  -3.723 0.0000000000
114946  24.399  12.609  -8.330 0.0000000000
113951  24.725  11.515  -8.232 0.0000000000
112945  26.384  10.439  -6.401 0.0000000000
111926  24.892  9.499  -8.092 0.0000000000
109878  25.182  7.560  -7.787 0.0000000000
88704  25.552  -12.853  -4.506 0.0000000000
87600  24.846  -13.712  -3.443 0.0000000000
80711  21.156  -19.557  0.255 0.0000000000
102956  27.516  0.473  -4.624 0.0000000000
104938  27.209  2.482  -3.902 0.0000000000
105911  27.118  3.252  -5.699 0.0000000000
106932  25.932  4.542  -7.080 0.0000000000
89756  24.012  -12.338  -1.789 0.0000000000
90901  25.102  -10.868  -2.556 0.0000000000
89768  25.892  -11.259  -4.047 0.0000000000
88725  26.264  -11.794  -6.157 0.0000000000
95334  27.452  -6.041  -5.445 0.0000000000
94276  26.872  -7.262  -6.102 0.0000000000
95352  26.415  -6.611  -7.993 0.0000000000
95286  26.204  -6.342  -2.463 0.0000000000
97331  25.886  -4.660  -2.587 0.0000000000
96337  27.338  -5.510  -3.096 0.0000000000
97386  27.672  -4.254  -5.407 0.0000000000
98525  27.119  -3.385  -6.953 0.0000000000
99670  26.202  -2.521  -8.624 0.0000000000
102981  27.139  0.476  -6.265 0.0000000000
101902  26.170  -0.523  -8.286 0.0000000000
108920  24.634  6.583  -2.907 0.0000000000
114899  26.256  12.044  -4.837 0.0000000000
112937  26.331  10.413  -4.488 0.0000000000
110879  26.547  8.443  -4.704 0.0000000000
109865  26.444  7.482  -4.295 0.0000000000
108933  26.608  6.447  -5.566 0.0000000000
108946  25.473  6.509  -7.641 0.0000000000
86508  23.067  -15.586  -1.742 0.0000000000
88671  24.022  -13.476  -2.038 0.0000000000
92087  26.218  -9.574  -6.932 0.0000000000
90937  26.541  -10.603  -7.046 0.0000000000
106898  25.726  4.569  -3.108 0.0000000000
107953  26.060  5.543  -3.449 0.0000000000
94233  26.724  -7.689  -2.828 0.0000000000
93147  26.939  -8.162  -4.440 0.0000000000
79548  20.418  -20.672  1.075 0.0000000000
79562  20.812  -20.166  0.662 0.0000000000
100751  26.941  -1.342  -3.021 0.0000000000
100771  27.365  -1.609  -3.503 0.0000000000
100750  27.369  -1.067  -3.475 0.0000000000
105941  25.196  3.517  -8.472 0.0000000000
104980  25.752  2.491  -8.166 0.0000000000
113912  23.948  11.442  -3.404 0.0000000000
112931  23.423  10.540  -3.362 0.0000000000
111896  23.997  9.571  -3.112 0.0000000000
112930  24.528  10.512  -3.304 0.0000000000
112958  25.075  10.618  -8.005 0.0000000000
111927  23.989  9.523  -8.545 0.0000000000
88703  25.969  -13.059  -5.265 0.0000000000
87611  25.707  -13.842  -4.790 0.0000000000
83052  21.628  -17.195  -0.992 0.0000000000
104000  27.012  1.829  -3.499 0.0000000000
104922  26.668  2.582  -3.316 0.0000000000
106908  27.116  4.239  -4.523 0.0000000000
106918  27.236  3.700  -5.139 0.0000000000
106919  26.858  4.290  -5.642 0.0000000000
105926  26.190  3.979  -6.851 0.0000000000
106931  26.339  4.508  -6.453 0.0000000000
114890  23.440  12.353  -3.505 0.0000000000
90884  23.984  -10.875  -1.918 0.0000000000
92036  24.521  -9.643  -2.224 0.0000000000
90899  26.175  -10.400  -4.013 0.0000000000
90900  25.737  -10.676  -3.252 0.0000000000
89783  25.967  -11.213  -4.852 0.0000000000
89795  25.895  -11.913  -5.300 0.0000000000
89794  25.982  -11.347  -5.785 0.0000000000
81803  21.405  -19.129  -0.087 0.0000000000
79561  21.671  -20.105  0.538 0.0000000000
96403  27.107  -5.386  -6.752 0.0000000000
95345  26.825  -6.452  -7.025 0.0000000000
96404  26.721  -5.550  -7.676 0.0000000000
94220  24.860  -7.354  -2.275 0.0000000000
98454  26.017  -3.958  -2.662 0.0000000000
97330  26.750  -4.513  -2.748 0.0000000000
96338  26.496  -5.471  -2.625 0.0000000000
97353  27.480  -4.408  -3.399 0.0000000000
96359  27.741  -5.317  -3.993 0.0000000000
97370  27.825  -4.248  -4.370 0.0000000000
99642  27.580  -2.065  -5.484 0.0000000000
98524  27.539  -3.254  -5.963 0.0000000000
99643  27.214  -2.299  -6.531 0.0000000000
99659  26.765  -2.430  -7.509 0.0000000000
104014  27.343  1.389  -5.037 0.0000000000
102969  27.382  0.497  -5.471 0.0000000000
104028  26.921  1.332  -6.586 0.0000000000
102990  26.258  0.493  -7.865 0.0000000000
101903  25.641  -0.494  -8.991 0.0000000000
110870  24.558  8.563  -3.105 0.0000000000
109858  22.934  7.597  -3.041 0.0000000000
109857  24.052  7.587  -2.987 0.0000000000
108921  23.544  6.583  -2.947 0.0000000000
109856  25.095  7.563  -3.121 0.0000000000
114929  25.527  12.553  -7.463 0.0000000000
116017  25.228  13.640  -7.518 0.0000000000
114919  26.397  12.158  -6.036 0.0000000000
113934  26.517  11.307  -5.847 0.0000000000
111915  26.269  9.402  -6.788 0.0000000000
111910  26.641  9.439  -5.988 0.0000000000
110882  26.660  8.454  -5.562 0.0000000000
109870  26.696  7.464  -5.130 0.0000000000
109873  26.613  7.472  -6.020 0.0000000000
109887  24.619  7.596  -8.213 0.0000000000
108947  24.941  6.900  -8.092 0.0000000000
108956  24.940  6.202  -8.190 0.0000000000
86509  22.317  -15.379  -1.624 0.0000000000
88689  24.678  -13.099  -2.556 0.0000000000
86542  24.774  -14.438  -3.402 0.0000000000
86543  24.421  -14.504  -2.757 0.0000000000
85393  24.508  -14.929  -2.983 0.0000000000
85378  24.462  -15.536  -2.733 0.0000000000
94281  26.446  -7.536  -7.292 0.0000000000
93166  26.334  -8.470  -6.592 0.0000000000
93173  26.393  -8.616  -7.598 0.0000000000
105882  26.234  3.564  -3.192 0.0000000000
106897  26.547  4.492  -3.628 0.0000000000
107970  26.745  5.390  -5.085 0.0000000000
93114  25.580  -8.411  -2.430 0.0000000000
92051  26.606  -9.206  -3.957 0.0000000000
81816  22.586  -18.413  -0.752 0.0000000000
80721  22.271  -18.849  -0.403 0.0000000000
80720  22.825  -18.996  -0.351 0.0000000000
80719  23.452  -19.013  -0.039 0.0000000000
97412  26.660  -4.624  -8.302 0.0000000000
96410  26.419  -5.684  -8.620 0.0000000000
98474  26.254  -3.216  -2.774 0.0000000000
98494  26.920  -3.064  -3.082 0.0000000000
98493  27.513  -3.129  -3.742 0.0000000000
99614  27.498  -2.088  -3.797 0.0000000000
99626  27.688  -2.167  -4.445 0.0000000000
100793  27.495  -1.056  -5.495 0.0000000000
104973  26.684  2.298  -6.759 0.0000000000
104036  26.476  1.411  -7.275 0.0000000000
104979  26.215  2.346  -7.435 0.0000000000
104047  25.599  1.585  -8.676 0.0000000000
111895  25.074  9.519  -3.262 0.0000000000
113950  25.328  11.520  -7.754 0.0000000000
113935  26.244  11.466  -6.536 0.0000000000
111925  25.318  10.037  -7.788 0.0000000000
111916  25.644  9.434  -7.502 0.0000000000
110889  26.022  8.463  -7.104 0.0000000000
111917  25.251  8.933  -7.808 0.0000000000
110903  24.322  8.521  -8.352 0.0000000000
88688  25.175  -12.906  -3.447 0.0000000000
87612  25.186  -13.626  -4.200 0.0000000000
86555  24.958  -14.151  -4.037 0.0000000000
80712  20.217  -19.526  0.589 0.0000000000
81804  20.830  -18.918  0.008 0.0000000000
83033  21.260  -17.683  -0.666 0.0000000000
83032  22.045  -17.827  -0.862 0.0000000000
83051  22.439  -17.314  -1.298 0.0000000000
84249  22.910  -16.737  -1.691 0.0000000000
101837  27.112  -0.461  -3.283 0.0000000000
102939  26.797  0.376  -3.098 0.0000000000
103999  27.419  1.429  -4.083 0.0000000000
104956  27.242  2.290  -5.535 0.0000000000
105893  27.305  3.194  -4.401 0.0000000000
105910  27.344  3.057  -5.035 0.0000000000
104957  27.020  2.666  -6.182 0.0000000000
105925  26.601  3.427  -6.522 0.0000000000
105934  25.944  3.454  -7.397 0.0000000000
106941  25.420  4.488  -7.740 0.0000000000
113913  22.865  11.496  -3.515 0.0000000000
114889  24.420  12.248  -3.556 0.0000000000
92053  25.407  -10.012  -2.590 0.0000000000
89769  25.528  -11.836  -3.531 0.0000000000
89784  25.774  -11.964  -4.611 0.0000000000
88715  25.854  -12.469  -5.152 0.0000000000
88714  26.081  -12.336  -5.749 0.0000000000
94265  27.289  -6.786  -5.252 0.0000000000
94266  27.041  -7.542  -5.060 0.0000000000
95360  26.136  -6.661  -8.955 0.0000000000
94301  26.311  -7.506  -9.504 0.0000000000
94219  26.021  -7.394  -2.396 0.0000000000
94218  26.659  -7.022  -2.681 0.0000000000
96339  25.580  -5.450  -2.483 0.0000000000
95285  26.993  -6.367  -2.848 0.0000000000
95301  27.525  -6.297  -3.754 0.0000000000
95315  27.556  -6.127  -4.641 0.0000000000
96389  27.454  -5.247  -5.858 0.0000000000
97405  27.311  -4.336  -6.373 0.0000000000
98538  26.800  -3.514  -7.979 0.0000000000
99678  26.007  -3.142  -9.217 0.0000000000
101855  27.604  -0.456  -4.327 0.0000000000
101877  27.337  -0.355  -5.875 0.0000000000
101878  26.987  -0.427  -6.648 0.0000000000
102982  26.737  0.467  -7.027 0.0000000000
101888  26.575  -0.477  -7.472 0.0000000000
100822  25.957  -1.393  -8.739 0.0000000000
108919  25.578  6.558  -3.275 0.0000000000
115988  25.412  13.065  -4.220 0.0000000000
116000  25.923  13.241  -4.950 0.0000000000
114900  25.787  12.149  -4.325 0.0000000000
113920  25.653  11.450  -3.951 0.0000000000
111894  25.858  9.377  -3.726 0.0000000000
112941  26.623  10.399  -5.482 0.0000000000
111904  26.329  9.345  -4.302 0.0000000000
109855  25.911  7.519  -3.610 0.0000000000
108918  26.241  6.509  -3.902 0.0000000000
108928  26.622  6.464  -4.677 0.0000000000
108936  26.330  6.466  -6.486 0.0000000000
109876  26.239  7.543  -6.767 0.0000000000
108945  25.995  6.841  -7.097 0.0000000000
107977  26.108  5.416  -6.738 0.0000000000
107986  25.682  5.424  -7.383 0.0000000000
107993  25.189  5.455  -8.002 0.0000000000
85361  22.522  -16.079  -1.683 0.0000000000
85360  23.230  -16.155  -1.927 0.0000000000
87583  23.319  -14.217  -1.788 0.0000000000
87601  24.511  -13.929  -2.729 0.0000000000
87582  24.114  -14.222  -2.285 0.0000000000
86530  23.496  -15.096  -1.822 0.0000000000
85379  23.793  -15.712  -2.157 0.0000000000
93160  26.586  -8.325  -5.533 0.0000000000
92079  26.240  -9.373  -5.946 0.0000000000
92098  26.756  -9.670  -7.704 0.0000000000
90925  26.150  -10.433  -6.265 0.0000000000
89806  26.393  -11.236  -6.368 0.0000000000
85392  24.927  -15.133  -3.387 0.0000000000
86554  25.255  -14.092  -4.390 0.0000000000
90950  26.965  -10.308  -7.328 0.0000000000
93127  27.199  -7.674  -3.780 0.0000000000
93128  26.950  -8.132  -3.457 0.0000000000
93146  27.238  -7.528  -4.191 0.0000000000
94232  27.130  -7.267  -3.162 0.0000000000
94247  27.372  -7.020  -4.460 0.0000000000
94248  27.150  -7.576  -4.536 0.0000000000
94275  27.229  -6.588  -5.753 0.0000000000
95284  27.370  -6.220  -3.194 0.0000000000
95287  25.250  -6.353  -2.323 0.0000000000
95302  27.339  -6.668  -3.297 0.0000000000
95344  27.230  -6.191  -6.183 0.0000000000
96370  27.728  -5.222  -4.957 0.0000000000
98453  26.536  -3.858  -2.741 0.0000000000
99615  27.182  -2.223  -3.307 0.0000000000
100770  27.601  -1.319  -3.995 0.0000000000
100794  27.264  -1.268  -6.187 0.0000000000
100821  26.436  -1.457  -7.953 0.0000000000
101836  27.462  -0.605  -3.750 0.0000000000
101866  27.552  -0.352  -5.106 0.0000000000
102938  27.374  0.278  -3.753 0.0000000000
103982  27.073  1.098  -3.425 0.0000000000
103983  26.326  1.622  -3.176 0.0000000000
104027  27.233  1.333  -5.869 0.0000000000
104937  27.337  2.310  -4.658 0.0000000000
106907  27.306  3.556  -4.759 0.0000000000
108937  25.961  6.130  -7.098 0.0000000000
109877  25.726  7.552  -7.321 0.0000000000
110868  26.207  8.457  -3.932 0.0000000000
110890  25.456  8.393  -7.575 0.0000000000
110891  24.945  8.417  -7.961 0.0000000000
111906  26.623  9.424  -5.074 0.0000000000
112928  26.100  9.913  -4.013 0.0000000000
112938  25.986  10.947  -4.112 0.0000000000
112946  26.043  10.852  -6.943 0.0000000000
112950  26.041  10.151  -7.061 0.0000000000
112959  24.392  10.538  -8.419 0.0000000000
113942  25.847  11.574  -7.178 0.0000000000
114888  25.232  12.223  -3.797 0.0000000000
114910  26.444  12.004  -5.445 0.0000000000
114930  25.002  12.960  -7.928 0.0000000000
114945  25.041  12.239  -8.003 0.0000000000
115972  24.807  12.837  -3.734 0.0000000000
115987  25.944  12.638  -4.711 0.0000000000
115999  26.237  12.616  -5.233 0.0000000000
116008  26.335  12.489  -5.650 0.0000000000
