#!ascii label  , from subject 3472 vox2ras=TkReg
792
47752  -16.617  -40.922  75.568 0.0000000000
62763  -36.407  -26.887  67.169 0.0000000000
69426  -41.661  -20.363  63.547 0.0000000000
77431  -46.940  -14.017  58.840 0.0000000000
57419  -35.180  -31.995  66.119 0.0000000000
73889  -43.518  -16.551  61.282 0.0000000000
76425  -51.771  -14.878  51.802 0.0000000000
76459  -54.213  -14.816  49.493 0.0000000000
61779  -39.316  -27.494  64.485 0.0000000000
64905  -42.254  -23.796  65.417 0.0000000000
67039  -39.042  -23.363  66.269 0.0000000000
51755  -17.523  -37.403  77.329 0.0000000000
49568  -21.565  -39.005  74.757 0.0000000000
49597  -26.555  -38.693  72.558 0.0000000000
48709  -30.890  -39.236  69.999 0.0000000000
49646  -34.359  -39.106  68.018 0.0000000000
51927  -37.103  -36.497  66.265 0.0000000000
56262  -38.206  -32.260  65.821 0.0000000000
69410  -44.651  -20.412  63.761 0.0000000000
75275  -53.594  -15.732  47.640 0.0000000000
61748  -38.304  -27.035  66.656 0.0000000000
63794  -39.577  -25.047  66.549 0.0000000000
64888  -37.402  -25.096  66.789 0.0000000000
51792  -17.213  -36.663  75.187 0.0000000000
50572  -19.236  -38.013  76.495 0.0000000000
50751  -34.844  -37.839  66.837 0.0000000000
49672  -36.274  -38.025  67.132 0.0000000000
51924  -35.474  -36.187  66.317 0.0000000000
59549  -35.905  -29.303  66.829 0.0000000000
56209  -36.973  -31.999  66.754 0.0000000000
59539  -37.791  -29.695  66.655 0.0000000000
59567  -38.832  -29.770  65.099 0.0000000000
68238  -41.656  -21.658  66.665 0.0000000000
67057  -43.395  -22.311  64.948 0.0000000000
70441  -43.529  -19.853  64.781 0.0000000000
76256  -44.845  -14.961  59.825 0.0000000000
74988  -45.643  -16.341  62.420 0.0000000000
75041  -47.276  -15.537  60.644 0.0000000000
75057  -48.699  -16.000  58.717 0.0000000000
74011  -52.689  -16.059  53.248 0.0000000000
77484  -52.019  -14.104  55.035 0.0000000000
55034  -34.712  -33.597  65.675 0.0000000000
75097  -44.373  -15.795  56.710 0.0000000000
77566  -53.216  -14.506  50.488 0.0000000000
72895  -53.081  -17.149  51.593 0.0000000000
71843  -54.403  -18.384  47.470 0.0000000000
60706  -41.562  -28.364  62.938 0.0000000000
63815  -40.983  -25.006  65.433 0.0000000000
65952  -41.054  -23.285  66.512 0.0000000000
48610  -17.050  -39.346  76.681 0.0000000000
47781  -23.112  -40.988  73.903 0.0000000000
49584  -23.767  -39.033  73.748 0.0000000000
46832  -25.097  -41.127  72.435 0.0000000000
46865  -26.910  -40.867  70.916 0.0000000000
47835  -29.078  -40.450  69.561 0.0000000000
46885  -31.278  -40.491  68.976 0.0000000000
48711  -32.604  -39.219  69.604 0.0000000000
47878  -35.224  -40.366  66.687 0.0000000000
53881  -36.101  -33.668  66.977 0.0000000000
53891  -37.332  -33.893  66.225 0.0000000000
52932  -38.109  -35.405  64.308 0.0000000000
56300  -38.303  -32.662  63.178 0.0000000000
59603  -39.045  -29.447  62.501 0.0000000000
72690  -44.267  -17.986  63.433 0.0000000000
76339  -49.363  -14.014  55.298 0.0000000000
77435  -49.406  -14.400  57.387 0.0000000000
49565  -16.645  -38.869  75.531 0.0000000000
61747  -37.775  -27.484  66.679 0.0000000000
63792  -38.343  -25.715  66.843 0.0000000000
63790  -36.899  -26.226  66.875 0.0000000000
50778  -34.580  -37.634  66.242 0.0000000000
50752  -35.457  -37.341  66.786 0.0000000000
52918  -35.135  -35.565  65.919 0.0000000000
60669  -36.143  -28.133  67.255 0.0000000000
59537  -36.538  -29.394  66.893 0.0000000000
60671  -37.086  -28.516  66.662 0.0000000000
60679  -38.041  -28.775  66.495 0.0000000000
70430  -42.628  -20.552  65.493 0.0000000000
70450  -42.192  -19.790  64.238 0.0000000000
77430  -46.178  -14.276  58.994 0.0000000000
77384  -46.158  -14.274  60.988 0.0000000000
76258  -47.367  -14.779  60.154 0.0000000000
75055  -47.657  -15.467  59.797 0.0000000000
76276  -47.810  -14.802  59.255 0.0000000000
72847  -52.201  -17.277  53.183 0.0000000000
73996  -52.093  -16.319  54.095 0.0000000000
71739  -51.095  -18.299  53.404 0.0000000000
76458  -52.682  -14.001  49.572 0.0000000000
76445  -53.732  -14.793  50.428 0.0000000000
75196  -53.611  -15.605  50.856 0.0000000000
75214  -53.750  -15.889  50.408 0.0000000000
72904  -53.364  -17.457  50.484 0.0000000000
74063  -53.894  -15.959  49.515 0.0000000000
74083  -53.514  -16.840  47.631 0.0000000000
61790  -40.412  -27.531  63.346 0.0000000000
61781  -41.137  -26.795  63.862 0.0000000000
62794  -40.201  -26.299  64.940 0.0000000000
65942  -39.315  -24.476  66.566 0.0000000000
64890  -39.842  -24.646  66.437 0.0000000000
67030  -39.981  -23.287  66.450 0.0000000000
67041  -40.385  -22.621  66.392 0.0000000000
67055  -39.194  -22.893  65.713 0.0000000000
47735  -18.109  -40.301  76.901 0.0000000000
49534  -17.951  -38.887  77.497 0.0000000000
50574  -20.406  -38.566  75.301 0.0000000000
51819  -26.058  -37.822  73.021 0.0000000000
49595  -25.380  -39.042  73.306 0.0000000000
47784  -25.187  -40.106  72.964 0.0000000000
48680  -25.943  -39.611  72.567 0.0000000000
46849  -25.913  -40.827  71.821 0.0000000000
48693  -26.897  -39.687  71.583 0.0000000000
47819  -29.453  -39.902  69.854 0.0000000000
46884  -30.367  -40.755  69.011 0.0000000000
47837  -30.953  -40.163  69.358 0.0000000000
49635  -33.391  -38.861  68.882 0.0000000000
50681  -32.837  -38.691  69.335 0.0000000000
49628  -33.062  -39.199  69.212 0.0000000000
47839  -32.739  -39.847  68.989 0.0000000000
47841  -33.700  -39.673  68.445 0.0000000000
46924  -34.260  -40.710  67.139 0.0000000000
48734  -34.769  -39.768  67.556 0.0000000000
50754  -36.852  -37.518  66.628 0.0000000000
49673  -36.507  -38.631  66.888 0.0000000000
50755  -37.138  -38.182  66.491 0.0000000000
51938  -37.410  -36.859  65.918 0.0000000000
53879  -35.619  -33.747  67.195 0.0000000000
56225  -35.550  -32.724  66.849 0.0000000000
56229  -37.702  -32.179  66.479 0.0000000000
55001  -37.402  -32.976  66.590 0.0000000000
55016  -37.830  -32.963  66.185 0.0000000000
53899  -37.720  -34.093  65.684 0.0000000000
55036  -38.148  -33.247  65.473 0.0000000000
56275  -38.395  -32.411  65.045 0.0000000000
60691  -38.890  -28.263  64.897 0.0000000000
59576  -38.623  -29.817  64.183 0.0000000000
60696  -39.068  -28.228  63.977 0.0000000000
60716  -40.166  -28.762  62.409 0.0000000000
51776  -15.922  -36.809  76.166 0.0000000000
51764  -15.827  -37.311  76.761 0.0000000000
50555  -16.114  -37.850  76.637 0.0000000000
62797  -42.203  -25.630  64.069 0.0000000000
63828  -42.835  -24.734  63.758 0.0000000000
68289  -44.280  -21.808  63.929 0.0000000000
72727  -42.633  -17.523  61.173 0.0000000000
72701  -43.210  -18.317  63.173 0.0000000000
73867  -43.969  -16.771  62.848 0.0000000000
72715  -46.638  -17.309  62.054 0.0000000000
72714  -46.333  -17.776  62.530 0.0000000000
76340  -51.549  -14.764  55.279 0.0000000000
77483  -51.165  -13.929  55.199 0.0000000000
77453  -50.435  -14.439  56.180 0.0000000000
77467  -49.720  -13.995  56.290 0.0000000000
76305  -50.168  -14.843  56.596 0.0000000000
75071  -49.480  -15.716  57.761 0.0000000000
78642  -53.982  -13.465  48.471 0.0000000000
75256  -54.033  -15.314  48.723 0.0000000000
77594  -54.179  -13.734  48.147 0.0000000000
76499  -54.064  -14.064  46.415 0.0000000000
62783  -39.070  -26.701  66.105 0.0000000000
62775  -39.449  -25.970  66.433 0.0000000000
62774  -38.899  -26.355  66.623 0.0000000000
64879  -38.860  -25.022  66.759 0.0000000000
65948  -37.916  -24.208  66.627 0.0000000000
51777  -16.934  -36.645  76.133 0.0000000000
50571  -18.698  -37.603  77.012 0.0000000000
51782  -21.104  -37.746  74.814 0.0000000000
49658  -34.570  -38.501  67.522 0.0000000000
49647  -34.993  -39.198  67.576 0.0000000000
50728  -35.241  -38.027  67.250 0.0000000000
50753  -35.933  -37.479  67.081 0.0000000000
51926  -36.523  -36.325  66.517 0.0000000000
58509  -35.576  -30.698  66.329 0.0000000000
57404  -35.909  -31.833  66.731 0.0000000000
58481  -36.193  -30.895  66.762 0.0000000000
58495  -37.115  -30.813  66.751 0.0000000000
57420  -38.007  -31.331  66.406 0.0000000000
58544  -38.607  -30.557  65.642 0.0000000000
59550  -38.216  -29.633  66.424 0.0000000000
60686  -38.356  -28.705  66.160 0.0000000000
51807  -15.503  -36.969  74.326 0.0000000000
67042  -42.239  -22.670  66.474 0.0000000000
65977  -43.015  -23.188  64.888 0.0000000000
68240  -43.088  -21.601  65.765 0.0000000000
69378  -43.382  -20.892  65.373 0.0000000000
70442  -44.015  -19.983  64.533 0.0000000000
75040  -44.354  -15.571  60.245 0.0000000000
75005  -44.598  -16.112  62.166 0.0000000000
76215  -45.166  -15.366  61.535 0.0000000000
76218  -46.645  -15.495  61.476 0.0000000000
76400  -52.372  -14.412  52.885 0.0000000000
77548  -51.854  -14.111  53.012 0.0000000000
76362  -52.704  -14.684  54.178 0.0000000000
75123  -51.836  -15.460  54.823 0.0000000000
61762  -35.864  -27.728  66.445 0.0000000000
60684  -35.803  -28.480  66.023 0.0000000000
70465  -42.166  -19.432  63.179 0.0000000000
73914  -43.044  -16.797  59.529 0.0000000000
75067  -43.488  -16.150  58.417 0.0000000000
76289  -45.051  -15.201  58.178 0.0000000000
76316  -45.778  -14.841  57.431 0.0000000000
76426  -52.641  -14.787  51.375 0.0000000000
75174  -53.245  -15.556  52.006 0.0000000000
74028  -52.976  -16.235  52.585 0.0000000000
71765  -52.411  -18.457  52.238 0.0000000000
74073  -53.651  -16.600  48.886 0.0000000000
71831  -54.161  -18.538  47.934 0.0000000000
60697  -41.724  -27.637  63.326 0.0000000000
62796  -41.749  -26.006  64.204 0.0000000000
63816  -41.907  -24.443  65.163 0.0000000000
63814  -40.311  -25.429  65.770 0.0000000000
64903  -40.888  -24.254  65.934 0.0000000000
65953  -41.697  -23.255  66.349 0.0000000000
68217  -41.254  -22.152  66.937 0.0000000000
69388  -41.134  -21.396  65.937 0.0000000000
64901  -36.680  -24.969  66.095 0.0000000000
65960  -37.063  -24.395  65.577 0.0000000000
65986  -38.483  -23.524  64.413 0.0000000000
47743  -16.974  -40.519  76.119 0.0000000000
45700  -17.646  -41.860  76.628 0.0000000000
46830  -23.917  -41.485  73.225 0.0000000000
51813  -20.900  -36.771  74.041 0.0000000000
51783  -21.791  -37.947  74.498 0.0000000000
49570  -22.991  -38.890  73.874 0.0000000000
46831  -24.520  -41.252  72.927 0.0000000000
45803  -27.281  -41.487  69.873 0.0000000000
45820  -28.447  -41.696  69.109 0.0000000000
50656  -30.865  -38.403  70.300 0.0000000000
50680  -32.227  -38.379  69.652 0.0000000000
48710  -31.928  -39.250  69.872 0.0000000000
47838  -31.863  -40.010  69.315 0.0000000000
46904  -32.402  -40.585  68.365 0.0000000000
49661  -35.623  -39.164  67.272 0.0000000000
52903  -35.432  -34.712  66.318 0.0000000000
52904  -35.811  -34.747  66.538 0.0000000000
52905  -36.339  -35.125  66.475 0.0000000000
54999  -36.350  -33.113  67.015 0.0000000000
53890  -36.917  -34.044  66.439 0.0000000000
52906  -36.965  -35.114  66.256 0.0000000000
52920  -37.665  -35.403  65.196 0.0000000000
51949  -37.926  -36.513  64.523 0.0000000000
56315  -38.286  -32.953  62.243 0.0000000000
58561  -38.608  -30.645  64.796 0.0000000000
58576  -38.368  -30.661  63.773 0.0000000000
58616  -39.021  -31.193  61.529 0.0000000000
58617  -39.995  -31.068  61.382 0.0000000000
49547  -16.580  -38.621  76.101 0.0000000000
71601  -42.773  -18.915  63.433 0.0000000000
71587  -43.819  -18.907  63.878 0.0000000000
71576  -44.755  -19.360  63.592 0.0000000000
73856  -45.416  -17.424  63.120 0.0000000000
71590  -45.585  -18.576  63.197 0.0000000000
69428  -45.565  -20.002  62.881 0.0000000000
75119  -46.078  -15.280  56.284 0.0000000000
76318  -46.881  -14.196  57.194 0.0000000000
76379  -50.535  -14.436  53.667 0.0000000000
75143  -49.472  -14.775  54.075 0.0000000000
75121  -48.104  -14.918  55.368 0.0000000000
77465  -48.144  -13.650  57.087 0.0000000000
77433  -48.353  -13.804  58.167 0.0000000000
76291  -48.821  -15.191  58.325 0.0000000000
47766  -16.441  -40.797  74.690 0.0000000000
61746  -37.089  -27.491  66.818 0.0000000000
62764  -37.030  -26.727  66.953 0.0000000000
50801  -34.289  -37.562  65.690 0.0000000000
51937  -35.075  -36.797  66.173 0.0000000000
52931  -34.848  -35.701  65.478 0.0000000000
61744  -36.184  -27.451  67.331 0.0000000000
60670  -36.517  -28.366  66.959 0.0000000000
61745  -36.542  -27.493  67.134 0.0000000000
69409  -41.633  -20.568  64.616 0.0000000000
70439  -42.056  -20.140  65.044 0.0000000000
77414  -46.628  -13.922  59.732 0.0000000000
77415  -47.358  -14.155  59.406 0.0000000000
77416  -48.028  -14.215  58.682 0.0000000000
71740  -51.767  -18.329  52.873 0.0000000000
72846  -51.682  -17.710  53.325 0.0000000000
77577  -54.065  -14.557  49.642 0.0000000000
76446  -54.094  -14.858  50.141 0.0000000000
75197  -53.928  -15.248  50.417 0.0000000000
75215  -54.031  -15.480  50.037 0.0000000000
74053  -53.788  -16.078  50.091 0.0000000000
61789  -39.642  -27.616  63.721 0.0000000000
61780  -40.115  -26.897  64.162 0.0000000000
61771  -39.573  -26.865  64.871 0.0000000000
65949  -38.733  -23.948  66.667 0.0000000000
65950  -39.353  -23.943  66.526 0.0000000000
67029  -39.402  -23.524  66.465 0.0000000000
67040  -39.735  -22.868  66.245 0.0000000000
50557  -17.394  -38.117  77.403 0.0000000000
50583  -20.953  -38.369  74.920 0.0000000000
49567  -20.630  -38.995  75.261 0.0000000000
50606  -25.991  -38.127  73.116 0.0000000000
50597  -25.830  -38.308  73.184 0.0000000000
49596  -25.991  -38.800  73.031 0.0000000000
48669  -25.915  -39.266  72.905 0.0000000000
49605  -26.241  -39.072  72.709 0.0000000000
48692  -26.230  -39.776  71.997 0.0000000000
48681  -26.548  -39.383  72.039 0.0000000000
48697  -30.124  -39.073  70.387 0.0000000000
48708  -29.885  -39.419  70.160 0.0000000000
47820  -30.473  -39.745  69.692 0.0000000000
49645  -34.061  -38.870  68.181 0.0000000000
49636  -33.495  -39.178  68.802 0.0000000000
49637  -33.794  -39.337  68.500 0.0000000000
48719  -33.534  -39.471  68.656 0.0000000000
48725  -33.950  -39.533  68.306 0.0000000000
47855  -34.031  -40.010  67.974 0.0000000000
48726  -34.473  -39.571  67.840 0.0000000000
50779  -37.275  -37.191  66.204 0.0000000000
50780  -37.585  -37.831  65.873 0.0000000000
56244  -35.264  -32.636  66.432 0.0000000000
56245  -37.998  -32.030  66.278 0.0000000000
61770  -38.976  -27.400  65.357 0.0000000000
51765  -16.727  -36.927  76.924 0.0000000000
51754  -16.747  -37.563  77.145 0.0000000000
51753  -16.373  -37.682  76.904 0.0000000000
63827  -42.359  -24.635  64.467 0.0000000000
64915  -42.598  -23.815  64.962 0.0000000000
68290  -44.578  -21.349  63.651 0.0000000000
67076  -44.562  -22.134  63.121 0.0000000000
68310  -44.931  -21.412  62.890 0.0000000000
73877  -43.104  -16.990  61.770 0.0000000000
72713  -43.441  -17.071  62.498 0.0000000000
73878  -43.858  -16.473  62.148 0.0000000000
76424  -51.062  -14.923  52.287 0.0000000000
76322  -50.909  -14.927  55.888 0.0000000000
77469  -51.061  -14.361  55.685 0.0000000000
61755  -38.460  -27.242  66.455 0.0000000000
64877  -37.746  -25.298  66.870 0.0000000000
64878  -38.152  -25.109  66.871 0.0000000000
64889  -38.210  -24.563  66.795 0.0000000000
51795  -20.241  -36.956  74.786 0.0000000000
50750  -34.062  -38.262  66.964 0.0000000000
49671  -34.361  -38.413  67.383 0.0000000000
49657  -34.004  -38.604  67.828 0.0000000000
49659  -35.210  -38.716  67.613 0.0000000000
50727  -35.052  -37.939  67.149 0.0000000000
51925  -35.923  -36.193  66.571 0.0000000000
58510  -35.821  -29.894  66.739 0.0000000000
58493  -35.858  -30.774  66.662 0.0000000000
58494  -36.181  -30.133  67.008 0.0000000000
59538  -37.149  -29.803  66.725 0.0000000000
59526  -36.984  -30.352  66.765 0.0000000000
58496  -37.537  -30.644  66.680 0.0000000000
58511  -37.996  -30.571  66.576 0.0000000000
58527  -38.319  -30.507  66.244 0.0000000000
61754  -38.038  -27.847  66.530 0.0000000000
61763  -38.201  -28.043  66.343 0.0000000000
61764  -38.533  -27.741  66.022 0.0000000000
51808  -16.502  -36.901  74.372 0.0000000000
51791  -16.183  -36.731  75.281 0.0000000000
68239  -42.371  -21.847  66.415 0.0000000000
67043  -42.897  -22.490  65.841 0.0000000000
70431  -43.160  -20.401  65.237 0.0000000000
70432  -43.619  -20.332  65.019 0.0000000000
69391  -43.910  -20.725  64.942 0.0000000000
75024  -44.484  -15.669  61.213 0.0000000000
76235  -44.922  -14.991  60.761 0.0000000000
76238  -46.833  -14.963  61.049 0.0000000000
76237  -46.264  -14.700  61.315 0.0000000000
75025  -46.915  -15.773  61.401 0.0000000000
73901  -47.417  -16.176  60.075 0.0000000000
75158  -52.821  -15.447  53.198 0.0000000000
76382  -52.731  -14.501  53.563 0.0000000000
75146  -52.712  -15.018  53.799 0.0000000000
73979  -51.152  -16.050  55.327 0.0000000000
73930  -43.187  -16.466  59.036 0.0000000000
75082  -44.768  -15.418  57.502 0.0000000000
76302  -45.460  -15.007  57.730 0.0000000000
75098  -45.376  -15.082  56.941 0.0000000000
76444  -52.657  -14.448  50.236 0.0000000000
76443  -52.131  -14.962  50.728 0.0000000000
76427  -53.306  -14.997  51.063 0.0000000000
74044  -53.331  -16.266  51.686 0.0000000000
72877  -53.057  -16.679  52.112 0.0000000000
72876  -52.721  -17.131  52.373 0.0000000000
71786  -52.757  -17.661  51.903 0.0000000000
71766  -52.792  -19.069  51.684 0.0000000000
71787  -53.026  -18.436  51.229 0.0000000000
72913  -53.506  -17.625  49.423 0.0000000000
75276  -53.876  -15.095  48.106 0.0000000000
75255  -53.697  -15.840  48.387 0.0000000000
72947  -54.019  -17.663  47.026 0.0000000000
72933  -53.906  -17.946  47.545 0.0000000000
59590  -41.944  -28.937  62.770 0.0000000000
62795  -41.073  -26.075  64.518 0.0000000000
61773  -41.505  -26.406  64.050 0.0000000000
63825  -41.412  -25.534  64.688 0.0000000000
63826  -41.777  -25.193  64.671 0.0000000000
63804  -39.369  -25.764  66.572 0.0000000000
62784  -39.871  -25.956  65.841 0.0000000000
63805  -39.937  -25.199  66.287 0.0000000000
65951  -40.046  -23.886  66.406 0.0000000000
64891  -40.481  -24.226  66.280 0.0000000000
64892  -41.124  -23.730  66.178 0.0000000000
67033  -41.732  -22.730  66.783 0.0000000000
67032  -41.333  -22.605  66.849 0.0000000000
68236  -40.267  -22.239  66.143 0.0000000000
68237  -40.891  -21.831  66.473 0.0000000000
47733  -17.225  -40.138  76.414 0.0000000000
46766  -17.298  -41.043  76.532 0.0000000000
47734  -17.545  -40.234  76.721 0.0000000000
47736  -18.720  -40.275  76.693 0.0000000000
49548  -19.143  -38.893  76.512 0.0000000000
46814  -22.597  -41.181  74.058 0.0000000000
45760  -23.271  -41.608  73.111 0.0000000000
46815  -23.342  -41.268  73.598 0.0000000000
51814  -21.844  -36.868  73.923 0.0000000000
51797  -21.902  -37.364  74.388 0.0000000000
48655  -23.269  -39.742  73.881 0.0000000000
48656  -24.426  -39.590  73.522 0.0000000000
47783  -24.624  -40.465  73.230 0.0000000000
47793  -24.885  -40.850  72.804 0.0000000000
45762  -24.690  -41.524  72.378 0.0000000000
44641  -24.915  -41.744  71.601 0.0000000000
46850  -26.460  -40.675  71.420 0.0000000000
46864  -26.237  -41.054  71.362 0.0000000000
45790  -26.193  -41.434  70.919 0.0000000000
45802  -26.578  -41.564  70.289 0.0000000000
45791  -26.835  -41.283  70.453 0.0000000000
47818  -28.414  -40.271  70.235 0.0000000000
47834  -28.521  -40.632  69.743 0.0000000000
45804  -28.177  -41.383  69.405 0.0000000000
46882  -28.678  -40.933  69.407 0.0000000000
46883  -29.467  -40.857  69.180 0.0000000000
46902  -30.838  -40.929  68.684 0.0000000000
45807  -30.278  -41.176  68.647 0.0000000000
45823  -30.771  -41.411  68.298 0.0000000000
46903  -31.498  -40.803  68.531 0.0000000000
49627  -32.892  -38.981  69.475 0.0000000000
50658  -32.469  -38.737  69.751 0.0000000000
49626  -32.227  -39.080  70.138 0.0000000000
47822  -32.302  -39.536  69.538 0.0000000000
47823  -32.670  -39.416  69.407 0.0000000000
47854  -33.345  -40.091  68.430 0.0000000000
47853  -32.944  -40.214  68.543 0.0000000000
46905  -33.096  -40.478  68.129 0.0000000000
45825  -32.277  -41.105  67.780 0.0000000000
46925  -34.849  -40.536  66.817 0.0000000000
46940  -34.593  -41.065  66.482 0.0000000000
46941  -35.233  -40.817  66.259 0.0000000000
49660  -35.506  -38.540  67.355 0.0000000000
52917  -34.875  -34.917  65.521 0.0000000000
53898  -34.846  -34.157  66.022 0.0000000000
53880  -35.850  -33.959  67.096 0.0000000000
53889  -35.541  -34.220  66.670 0.0000000000
52893  -36.134  -34.059  66.969 0.0000000000
52894  -36.227  -34.218  66.689 0.0000000000
56227  -36.606  -32.400  66.840 0.0000000000
56226  -36.041  -32.630  66.942 0.0000000000
53883  -37.066  -33.493  66.627 0.0000000000
52907  -37.375  -34.863  65.827 0.0000000000
52919  -37.370  -35.926  65.825 0.0000000000
53909  -38.049  -34.303  64.910 0.0000000000
55072  -38.437  -33.301  63.797 0.0000000000
59586  -38.576  -29.877  63.183 0.0000000000
58595  -38.483  -30.623  62.469 0.0000000000
58615  -38.479  -31.439  61.882 0.0000000000
58596  -39.437  -30.244  61.728 0.0000000000
60705  -40.760  -28.354  62.708 0.0000000000
59588  -40.703  -29.075  62.307 0.0000000000
59589  -41.351  -29.177  62.487 0.0000000000
49532  -16.561  -38.346  76.596 0.0000000000
49531  -16.114  -38.068  76.493 0.0000000000
48620  -16.964  -39.552  76.100 0.0000000000
65978  -43.483  -23.096  64.212 0.0000000000
70482  -41.975  -19.403  62.108 0.0000000000
70466  -42.478  -19.376  63.781 0.0000000000
72689  -43.616  -18.441  63.541 0.0000000000
71588  -44.375  -18.766  63.633 0.0000000000
71575  -44.344  -19.380  63.842 0.0000000000
71589  -45.010  -18.773  63.444 0.0000000000
74987  -45.061  -16.271  62.578 0.0000000000
74986  -44.779  -16.296  62.594 0.0000000000
73869  -45.288  -16.764  62.893 0.0000000000
72704  -45.941  -17.900  63.034 0.0000000000
71602  -45.955  -18.494  62.948 0.0000000000
70453  -45.636  -18.918  63.135 0.0000000000
70468  -45.772  -19.317  62.886 0.0000000000
76335  -46.382  -14.704  56.828 0.0000000000
76336  -46.970  -14.615  56.518 0.0000000000
77504  -52.578  -13.916  54.388 0.0000000000
76380  -51.175  -14.310  53.398 0.0000000000
77503  -51.886  -13.846  54.424 0.0000000000
77482  -50.154  -13.837  55.315 0.0000000000
77501  -50.230  -13.931  54.627 0.0000000000
76359  -49.608  -14.283  54.590 0.0000000000
75142  -48.744  -15.286  54.389 0.0000000000
76358  -48.970  -14.427  54.993 0.0000000000
75122  -48.609  -14.682  55.106 0.0000000000
76338  -48.670  -14.196  55.727 0.0000000000
77451  -49.289  -14.010  57.092 0.0000000000
77466  -48.907  -13.837  56.615 0.0000000000
77450  -48.642  -13.724  57.475 0.0000000000
77434  -48.949  -14.103  57.844 0.0000000000
77417  -48.552  -14.199  58.284 0.0000000000
76292  -49.152  -14.848  57.996 0.0000000000
62766  -38.392  -26.432  66.744 0.0000000000
62765  -37.726  -26.580  66.849 0.0000000000
63791  -37.592  -25.786  66.867 0.0000000000
63803  -37.193  -25.714  66.774 0.0000000000
59536  -36.004  -29.317  67.144 0.0000000000
60672  -37.648  -28.684  66.564 0.0000000000
69389  -41.707  -20.869  65.551 0.0000000000
69376  -42.145  -21.045  66.067 0.0000000000
69390  -42.297  -20.458  65.462 0.0000000000
70440  -42.843  -19.834  64.869 0.0000000000
76275  -45.464  -14.551  59.435 0.0000000000
76257  -45.447  -14.506  60.322 0.0000000000
77413  -45.926  -14.025  59.980 0.0000000000
77400  -46.973  -14.182  60.419 0.0000000000
75056  -48.297  -15.560  59.110 0.0000000000
74027  -52.605  -16.575  53.051 0.0000000000
74010  -52.421  -16.309  53.612 0.0000000000
72827  -52.107  -16.727  53.714 0.0000000000
72826  -51.576  -17.148  53.875 0.0000000000
77575  -53.181  -14.104  49.734 0.0000000000
77567  -53.522  -14.669  50.462 0.0000000000
76428  -53.776  -15.071  50.603 0.0000000000
74052  -53.527  -16.431  50.711 0.0000000000
74062  -53.611  -16.663  49.847 0.0000000000
76485  -53.772  -15.021  47.156 0.0000000000
75289  -53.629  -16.052  46.715 0.0000000000
74095  -54.010  -17.086  46.588 0.0000000000
71844  -55.061  -18.817  47.305 0.0000000000
61791  -41.198  -27.681  63.158 0.0000000000
62807  -40.747  -26.468  64.346 0.0000000000
62785  -40.492  -25.718  65.331 0.0000000000
64880  -39.404  -24.886  66.594 0.0000000000
65943  -39.647  -24.509  66.469 0.0000000000
67031  -40.766  -22.790  66.556 0.0000000000
68260  -39.852  -22.349  65.465 0.0000000000
49533  -17.121  -38.780  77.236 0.0000000000
48611  -17.643  -39.582  77.165 0.0000000000
48612  -18.381  -39.630  77.107 0.0000000000
47768  -22.757  -40.530  74.118 0.0000000000
48657  -25.024  -39.275  73.384 0.0000000000
48668  -25.303  -39.608  73.137 0.0000000000
48679  -25.443  -39.932  72.833 0.0000000000
46833  -25.526  -40.808  72.264 0.0000000000
46848  -25.497  -41.175  72.038 0.0000000000
47795  -25.821  -40.279  72.184 0.0000000000
47806  -26.331  -40.244  71.687 0.0000000000
47807  -26.956  -40.277  71.287 0.0000000000
47836  -29.993  -40.316  69.415 0.0000000000
50703  -33.248  -38.657  68.769 0.0000000000
48712  -32.881  -39.203  69.374 0.0000000000
48717  -32.883  -39.385  69.306 0.0000000000
46906  -33.617  -40.410  67.874 0.0000000000
47865  -34.333  -40.311  67.507 0.0000000000
47866  -34.744  -40.166  67.307 0.0000000000
51939  -37.627  -36.748  65.324 0.0000000000
55035  -34.891  -33.121  66.036 0.0000000000
55015  -35.259  -33.310  66.657 0.0000000000
54997  -35.484  -33.366  66.981 0.0000000000
54998  -35.835  -33.222  67.096 0.0000000000
56228  -37.262  -32.245  66.682 0.0000000000
55054  -38.338  -33.357  64.600 0.0000000000
56287  -38.382  -32.491  64.119 0.0000000000
59568  -38.782  -29.011  65.319 0.0000000000
59577  -38.817  -29.014  64.525 0.0000000000
59587  -38.841  -29.057  63.529 0.0000000000
60715  -39.689  -28.939  62.404 0.0000000000
60704  -39.613  -28.357  62.955 0.0000000000
51790  -15.144  -36.858  75.293 0.0000000000
51775  -14.875  -36.948  76.192 0.0000000000
51763  -14.772  -37.457  76.508 0.0000000000
50556  -16.707  -38.071  77.044 0.0000000000
67068  -43.949  -22.285  64.060 0.0000000000
67069  -44.326  -22.199  63.560 0.0000000000
72711  -42.551  -18.462  61.894 0.0000000000
71617  -42.900  -18.488  62.879 0.0000000000
72712  -42.913  -17.906  62.280 0.0000000000
72702  -43.656  -17.594  63.087 0.0000000000
72703  -44.269  -17.145  63.221 0.0000000000
73871  -46.356  -16.490  62.173 0.0000000000
73870  -46.043  -17.040  62.619 0.0000000000
77468  -50.475  -14.094  55.956 0.0000000000
77481  -49.405  -13.890  55.882 0.0000000000
77452  -49.861  -14.388  56.664 0.0000000000
76293  -49.741  -14.922  57.294 0.0000000000
77586  -54.108  -14.084  49.077 0.0000000000
75235  -54.159  -15.325  49.256 0.0000000000
76469  -54.147  -14.647  48.681 0.0000000000
76486  -54.080  -14.278  47.662 0.0000000000
62793  -39.503  -26.580  65.451 0.0000000000
63793  -39.129  -25.544  66.653 0.0000000000
65941  -38.764  -24.513  66.716 0.0000000000
65962  -38.381  -23.672  66.240 0.0000000000
51766  -17.690  -36.828  76.852 0.0000000000
51767  -18.666  -37.100  76.612 0.0000000000
51769  -19.717  -37.664  75.785 0.0000000000
50573  -20.093  -38.215  75.530 0.0000000000
50582  -20.592  -37.987  75.110 0.0000000000
49618  -30.586  -38.811  70.341 0.0000000000
49644  -33.804  -38.747  68.287 0.0000000000
50729  -35.425  -38.178  67.332 0.0000000000
58492  -35.533  -31.325  66.397 0.0000000000
57403  -35.524  -31.894  66.506 0.0000000000
57387  -36.080  -31.385  66.729 0.0000000000
57389  -36.937  -31.531  66.752 0.0000000000
59525  -36.585  -30.262  66.868 0.0000000000
57406  -37.297  -31.469  66.672 0.0000000000
57407  -37.669  -31.428  66.581 0.0000000000
57431  -38.265  -31.369  66.035 0.0000000000
59559  -38.631  -29.474  65.839 0.0000000000
59560  -38.704  -29.002  65.635 0.0000000000
60687  -38.654  -28.523  65.625 0.0000000000
65963  -42.265  -23.234  65.934 0.0000000000
65964  -42.706  -23.238  65.447 0.0000000000
67056  -43.004  -22.812  65.318 0.0000000000
67044  -43.278  -21.960  65.511 0.0000000000
69377  -42.810  -21.077  65.767 0.0000000000
68241  -43.545  -21.456  65.215 0.0000000000
68262  -44.097  -21.409  64.435 0.0000000000
69392  -44.287  -20.531  64.348 0.0000000000
75039  -43.888  -16.105  60.750 0.0000000000
75023  -44.053  -16.124  61.636 0.0000000000
75006  -45.398  -15.843  62.084 0.0000000000
76236  -45.695  -14.626  61.081 0.0000000000
76216  -45.826  -15.208  61.669 0.0000000000
75008  -46.465  -15.964  61.853 0.0000000000
73881  -46.715  -16.614  61.941 0.0000000000
76399  -51.589  -14.431  52.879 0.0000000000
76381  -52.664  -14.198  53.392 0.0000000000
77529  -52.995  -13.995  54.109 0.0000000000
77485  -52.572  -14.256  54.569 0.0000000000
75145  -52.470  -15.497  54.106 0.0000000000
75124  -52.306  -15.114  54.531 0.0000000000
76341  -52.240  -14.690  54.741 0.0000000000
75101  -51.135  -15.429  55.573 0.0000000000
62762  -36.011  -27.163  67.375 0.0000000000
62773  -36.431  -26.360  66.925 0.0000000000
62782  -35.930  -26.744  66.045 0.0000000000
57430  -35.186  -31.315  65.852 0.0000000000
59548  -35.762  -29.420  66.417 0.0000000000
60678  -35.911  -28.567  66.829 0.0000000000
61753  -35.946  -27.640  67.133 0.0000000000
69440  -41.045  -21.040  62.726 0.0000000000
71631  -42.192  -18.850  61.584 0.0000000000
72741  -42.533  -17.373  60.510 0.0000000000
73899  -42.794  -17.167  60.142 0.0000000000
73900  -43.329  -16.670  60.381 0.0000000000
75053  -43.659  -16.191  59.651 0.0000000000
75054  -44.260  -15.550  59.219 0.0000000000
75068  -44.424  -15.586  58.264 0.0000000000
76274  -44.899  -15.045  58.907 0.0000000000
76290  -45.534  -14.778  58.541 0.0000000000
76303  -46.091  -14.636  57.985 0.0000000000
77447  -46.620  -14.222  58.303 0.0000000000
76401  -52.785  -14.988  52.364 0.0000000000
74074  -53.941  -15.773  48.978 0.0000000000
72923  -53.599  -17.748  48.367 0.0000000000
61782  -41.877  -26.839  63.655 0.0000000000
62809  -42.194  -26.336  63.773 0.0000000000
63806  -40.517  -24.644  66.022 0.0000000000
64904  -41.590  -23.918  65.773 0.0000000000
68219  -42.090  -22.348  66.814 0.0000000000
69375  -41.480  -21.418  66.193 0.0000000000
69425  -40.991  -21.087  64.001 0.0000000000
63801  -36.331  -26.069  66.517 0.0000000000
64902  -37.320  -24.477  66.303 0.0000000000
65961  -37.675  -23.923  65.972 0.0000000000
65976  -38.249  -23.540  65.506 0.0000000000
67065  -38.770  -23.169  65.279 0.0000000000
67066  -39.303  -22.814  64.779 0.0000000000
46776  -16.833  -41.465  76.233 0.0000000000
45699  -17.189  -41.870  76.472 0.0000000000
50558  -18.417  -38.067  77.369 0.0000000000
49535  -18.724  -38.945  77.155 0.0000000000
51796  -21.104  -37.099  74.656 0.0000000000
50584  -21.952  -38.454  74.449 0.0000000000
49569  -22.372  -38.889  74.318 0.0000000000
47769  -23.867  -40.206  73.643 0.0000000000
47770  -24.431  -40.054  73.457 0.0000000000
46816  -24.048  -41.121  73.392 0.0000000000
45776  -25.748  -41.313  71.583 0.0000000000
48705  -27.470  -39.877  71.210 0.0000000000
47817  -27.597  -40.296  70.872 0.0000000000
46866  -27.633  -40.684  70.466 0.0000000000
46880  -27.311  -41.052  70.318 0.0000000000
45806  -29.652  -41.238  68.846 0.0000000000
45822  -29.813  -41.567  68.500 0.0000000000
50657  -31.854  -38.555  70.018 0.0000000000
49625  -31.471  -38.886  70.151 0.0000000000
47821  -31.474  -39.642  69.648 0.0000000000
46886  -31.994  -40.317  68.872 0.0000000000
45824  -31.676  -41.193  68.057 0.0000000000
48735  -35.246  -39.646  67.244 0.0000000000
47867  -35.430  -39.992  66.853 0.0000000000
48742  -36.052  -39.556  66.796 0.0000000000
47879  -35.878  -40.214  66.367 0.0000000000
53888  -35.377  -33.833  66.734 0.0000000000
55000  -36.914  -33.002  66.857 0.0000000000
53882  -36.607  -33.672  66.772 0.0000000000
52895  -36.612  -34.377  66.503 0.0000000000
57444  -38.463  -31.475  65.370 0.0000000000
57457  -38.422  -31.555  64.459 0.0000000000
57470  -38.240  -31.637  63.416 0.0000000000
57486  -40.869  -31.063  61.617 0.0000000000
59604  -40.056  -29.392  61.962 0.0000000000
58597  -40.464  -30.299  61.697 0.0000000000
48635  -16.885  -39.854  75.557 0.0000000000
64916  -42.938  -23.883  64.323 0.0000000000
70451  -42.707  -19.343  64.153 0.0000000000
71573  -43.490  -19.371  64.471 0.0000000000
72688  -43.240  -18.663  63.601 0.0000000000
71586  -43.223  -18.984  64.119 0.0000000000
71574  -43.889  -19.392  64.249 0.0000000000
70443  -44.469  -19.859  63.877 0.0000000000
73879  -44.268  -16.450  62.559 0.0000000000
73868  -44.639  -16.566  62.850 0.0000000000
73855  -44.829  -17.248  63.252 0.0000000000
72692  -45.499  -18.018  63.238 0.0000000000
72691  -44.953  -17.991  63.401 0.0000000000
70452  -45.206  -19.473  63.367 0.0000000000
69427  -45.139  -20.427  63.195 0.0000000000
75118  -44.917  -15.820  56.189 0.0000000000
75099  -45.961  -14.881  56.819 0.0000000000
76304  -46.608  -14.322  57.725 0.0000000000
77448  -47.165  -13.932  57.958 0.0000000000
76398  -50.847  -14.662  52.980 0.0000000000
75156  -50.358  -14.830  53.140 0.0000000000
77502  -50.903  -13.913  54.371 0.0000000000
76378  -49.899  -14.518  53.979 0.0000000000
75155  -49.736  -15.113  53.397 0.0000000000
75141  -47.619  -15.751  55.051 0.0000000000
76337  -47.783  -14.443  56.113 0.0000000000
76320  -48.218  -13.941  56.468 0.0000000000
76319  -47.552  -13.983  56.763 0.0000000000
77464  -47.522  -13.778  57.363 0.0000000000
77449  -47.930  -13.612  57.795 0.0000000000
77432  -47.634  -13.907  58.475 0.0000000000
76277  -48.506  -14.794  58.532 0.0000000000
75069  -48.647  -15.455  58.572 0.0000000000
75070  -48.987  -15.768  58.254 0.0000000000
73917  -49.030  -16.691  58.541 0.0000000000
45711  -17.354  -42.348  76.481 0.0000000000
47782  -23.636  -40.792  73.649 0.0000000000
47794  -25.325  -40.412  72.672 0.0000000000
47856  -34.496  -39.892  67.713 0.0000000000
48667  -24.716  -39.931  73.352 0.0000000000
48727  -34.924  -39.510  67.541 0.0000000000
49586  -25.515  -38.665  73.294 0.0000000000
49606  -26.679  -39.016  72.260 0.0000000000
49648  -35.195  -39.373  67.416 0.0000000000
49670  -33.803  -38.349  67.259 0.0000000000
50607  -26.505  -38.348  72.690 0.0000000000
51756  -18.233  -37.329  77.183 0.0000000000
56208  -36.754  -31.958  66.758 0.0000000000
57388  -36.406  -31.686  66.759 0.0000000000
57405  -36.204  -32.195  66.828 0.0000000000
58480  -36.060  -31.131  66.840 0.0000000000
58482  -36.689  -30.945  66.763 0.0000000000
59602  -38.639  -29.934  62.691 0.0000000000
60677  -35.846  -28.707  66.484 0.0000000000
60685  -35.860  -28.362  66.486 0.0000000000
60707  -41.975  -28.279  63.158 0.0000000000
61761  -35.858  -27.847  65.945 0.0000000000
61772  -41.282  -26.400  64.146 0.0000000000
62772  -35.945  -26.865  66.967 0.0000000000
62808  -41.026  -26.428  64.240 0.0000000000
63817  -42.295  -24.163  65.035 0.0000000000
67054  -38.707  -23.274  65.860 0.0000000000
68218  -41.779  -22.179  66.963 0.0000000000
68263  -44.419  -20.918  64.087 0.0000000000
69374  -41.185  -21.547  66.246 0.0000000000
69443  -45.815  -19.897  62.544 0.0000000000
70467  -45.444  -19.795  63.098 0.0000000000
72894  -52.844  -17.288  52.000 0.0000000000
72934  -54.447  -18.175  47.162 0.0000000000
73888  -42.957  -17.046  60.892 0.0000000000
74989  -46.120  -16.317  62.244 0.0000000000
75004  -44.146  -16.179  62.025 0.0000000000
75007  -45.989  -15.791  62.026 0.0000000000
75157  -52.618  -15.819  53.580 0.0000000000
76217  -46.348  -15.325  61.585 0.0000000000
76278  -48.806  -14.421  58.159 0.0000000000
76317  -46.142  -14.648  57.261 0.0000000000
76342  -52.602  -14.553  54.497 0.0000000000
76360  -50.235  -14.159  54.242 0.0000000000
76361  -52.507  -14.886  54.425 0.0000000000
77383  -45.924  -14.318  60.952 0.0000000000
77385  -46.532  -14.377  60.904 0.0000000000
77398  -45.901  -14.204  60.689 0.0000000000
77399  -46.367  -14.003  60.531 0.0000000000
77486  -52.748  -14.377  54.396 0.0000000000
77505  -52.805  -14.222  54.209 0.0000000000
77526  -51.086  -14.086  53.760 0.0000000000
77527  -51.700  -13.980  53.624 0.0000000000
77528  -52.483  -13.968  53.697 0.0000000000
77549  -52.203  -14.005  53.336 0.0000000000
