#!ascii label  , from subject 3472 vox2ras=TkReg
1467
58618  -42.639  -29.822  61.275 0.0000000000
44708  -32.090  -41.999  67.107 0.0000000000
63958  -47.732  -25.737  56.886 0.0000000000
60831  -37.515  -28.309  51.313 0.0000000000
67180  -44.012  -22.192  57.278 0.0000000000
49713  -38.486  -37.874  63.181 0.0000000000
48816  -28.593  -40.071  58.125 0.0000000000
55250  -32.930  -33.923  53.902 0.0000000000
45787  -24.093  -41.915  71.331 0.0000000000
70598  -51.930  -18.993  52.561 0.0000000000
45959  -21.519  -42.635  59.324 0.0000000000
59680  -40.129  -29.638  56.710 0.0000000000
63975  -40.381  -25.707  55.583 0.0000000000
63876  -43.022  -25.263  60.512 0.0000000000
55128  -39.611  -33.826  61.076 0.0000000000
52998  -36.181  -35.336  59.301 0.0000000000
56411  -38.733  -32.641  57.343 0.0000000000
58734  -35.448  -30.860  53.044 0.0000000000
68512  -54.025  -21.668  49.750 0.0000000000
44703  -27.355  -42.382  68.543 0.0000000000
46955  -22.803  -40.915  65.477 0.0000000000
44811  -26.151  -42.250  63.041 0.0000000000
68438  -46.288  -21.576  54.777 0.0000000000
46957  -36.084  -41.090  64.881 0.0000000000
44839  -30.269  -42.640  61.684 0.0000000000
49719  -32.958  -38.942  61.307 0.0000000000
50942  -31.227  -37.078  56.506 0.0000000000
45730  -19.738  -42.300  75.390 0.0000000000
72742  -46.507  -17.684  60.574 0.0000000000
69481  -48.820  -20.569  58.179 0.0000000000
75100  -50.585  -15.572  56.234 0.0000000000
66080  -50.570  -23.585  56.168 0.0000000000
65109  -49.774  -24.000  52.966 0.0000000000
45835  -19.631  -41.847  68.638 0.0000000000
44870  -25.283  -42.557  57.157 0.0000000000
59645  -41.467  -29.677  59.662 0.0000000000
61822  -40.992  -27.785  59.581 0.0000000000
60726  -42.744  -28.099  61.738 0.0000000000
57503  -41.216  -31.597  61.446 0.0000000000
53979  -40.672  -34.265  59.509 0.0000000000
57547  -41.646  -31.911  59.481 0.0000000000
57586  -39.878  -30.904  56.875 0.0000000000
60769  -47.069  -28.411  57.589 0.0000000000
61849  -48.108  -27.583  57.424 0.0000000000
44705  -29.440  -42.515  67.960 0.0000000000
44752  -26.997  -42.230  65.957 0.0000000000
45882  -29.292  -42.375  65.290 0.0000000000
62962  -38.473  -26.739  50.525 0.0000000000
65044  -42.138  -24.076  56.625 0.0000000000
66118  -40.849  -23.822  53.947 0.0000000000
67235  -43.155  -21.954  54.567 0.0000000000
67255  -44.527  -22.427  53.505 0.0000000000
68419  -44.350  -21.170  55.496 0.0000000000
47911  -37.584  -39.598  64.039 0.0000000000
47923  -34.837  -40.310  63.507 0.0000000000
49709  -36.202  -38.627  62.846 0.0000000000
53052  -34.163  -34.795  56.958 0.0000000000
52074  -33.347  -35.856  57.720 0.0000000000
53058  -32.003  -35.769  55.250 0.0000000000
59733  -36.383  -29.675  52.443 0.0000000000
72777  -47.360  -17.626  58.726 0.0000000000
70561  -50.411  -19.436  56.431 0.0000000000
68440  -51.205  -22.160  54.542 0.0000000000
65078  -50.567  -24.413  54.217 0.0000000000
66125  -52.135  -23.205  53.239 0.0000000000
68508  -50.117  -21.626  48.949 0.0000000000
45759  -22.116  -41.596  73.332 0.0000000000
46860  -19.819  -41.353  71.821 0.0000000000
46877  -21.889  -40.743  70.415 0.0000000000
46986  -22.056  -41.239  62.658 0.0000000000
46969  -20.654  -41.875  64.390 0.0000000000
44822  -21.197  -43.568  61.569 0.0000000000
47020  -29.125  -41.519  59.687 0.0000000000
44847  -27.722  -42.613  59.899 0.0000000000
45988  -27.125  -42.124  57.644 0.0000000000
60802  -39.082  -28.545  54.200 0.0000000000
61897  -39.100  -27.244  53.366 0.0000000000
61862  -40.017  -27.168  56.761 0.0000000000
63921  -41.995  -25.130  58.497 0.0000000000
66037  -43.655  -23.760  59.045 0.0000000000
52954  -39.175  -35.754  62.004 0.0000000000
50897  -38.001  -36.924  61.370 0.0000000000
52019  -39.415  -35.754  60.452 0.0000000000
53998  -37.418  -34.459  58.125 0.0000000000
55235  -36.202  -33.434  55.819 0.0000000000
56471  -34.056  -32.814  53.432 0.0000000000
57583  -37.215  -32.085  55.803 0.0000000000
58698  -38.419  -30.378  55.169 0.0000000000
68482  -53.718  -21.266  51.488 0.0000000000
72913  -53.506  -17.625  49.423 0.0000000000
44666  -25.386  -42.078  70.290 0.0000000000
46901  -23.494  -41.344  68.854 0.0000000000
44732  -25.494  -41.977  67.522 0.0000000000
45894  -24.855  -41.651  64.675 0.0000000000
45941  -24.479  -41.729  61.604 0.0000000000
64028  -39.325  -25.434  52.486 0.0000000000
65076  -45.577  -24.255  54.471 0.0000000000
65059  -46.789  -24.392  55.563 0.0000000000
44725  -33.641  -41.810  65.814 0.0000000000
44773  -31.905  -43.049  64.502 0.0000000000
44798  -33.053  -42.183  64.204 0.0000000000
47936  -32.067  -40.973  62.206 0.0000000000
48812  -30.663  -39.393  59.943 0.0000000000
50895  -35.286  -37.103  60.854 0.0000000000
50915  -32.355  -37.707  59.216 0.0000000000
50932  -29.462  -38.239  57.115 0.0000000000
61783  -42.420  -26.956  63.450 0.0000000000
46905  -33.096  -40.478  68.129 0.0000000000
48751  -37.119  -39.429  65.837 0.0000000000
50802  -38.182  -37.727  64.757 0.0000000000
63837  -43.226  -24.865  63.230 0.0000000000
64968  -44.347  -23.456  61.867 0.0000000000
68352  -45.362  -21.665  60.735 0.0000000000
70484  -46.104  -19.399  62.251 0.0000000000
69480  -45.188  -20.125  59.002 0.0000000000
71703  -45.972  -18.684  57.219 0.0000000000
69501  -47.737  -20.547  56.678 0.0000000000
66062  -48.614  -22.856  57.091 0.0000000000
72780  -49.761  -17.634  57.863 0.0000000000
68393  -50.055  -21.825  57.697 0.0000000000
63942  -49.245  -25.430  57.001 0.0000000000
63979  -49.536  -25.581  55.839 0.0000000000
67279  -51.344  -22.403  51.517 0.0000000000
45755  -18.350  -43.089  73.621 0.0000000000
43696  -19.929  -44.061  68.797 0.0000000000
47886  -21.471  -40.629  67.008 0.0000000000
44731  -20.223  -42.832  66.290 0.0000000000
44813  -28.460  -42.937  62.316 0.0000000000
44834  -26.281  -42.163  60.266 0.0000000000
45971  -23.104  -41.809  58.008 0.0000000000
44928  -23.880  -44.212  54.646 0.0000000000
58630  -42.207  -30.711  60.306 0.0000000000
60736  -42.113  -28.571  60.868 0.0000000000
59621  -42.621  -29.058  61.805 0.0000000000
56317  -42.061  -31.370  61.598 0.0000000000
56358  -41.834  -32.201  60.502 0.0000000000
57520  -42.206  -31.586  60.398 0.0000000000
57536  -41.663  -31.418  59.478 0.0000000000
62903  -46.979  -26.436  56.663 0.0000000000
62889  -47.236  -27.006  57.304 0.0000000000
60770  -47.738  -28.466  57.746 0.0000000000
62890  -47.903  -26.564  57.300 0.0000000000
44706  -30.335  -42.319  67.691 0.0000000000
44720  -29.717  -42.736  67.220 0.0000000000
44738  -30.935  -42.857  66.369 0.0000000000
60845  -37.481  -27.868  50.387 0.0000000000
60832  -38.139  -27.705  51.371 0.0000000000
66061  -43.149  -23.357  57.311 0.0000000000
67198  -42.857  -22.887  56.025 0.0000000000
67199  -43.340  -22.584  56.455 0.0000000000
68435  -43.746  -21.571  55.016 0.0000000000
68406  -44.230  -21.454  56.575 0.0000000000
48772  -38.390  -38.614  63.995 0.0000000000
48781  -37.525  -38.760  63.270 0.0000000000
49711  -37.903  -38.288  62.843 0.0000000000
54043  -33.765  -34.179  55.551 0.0000000000
54030  -33.164  -34.770  55.998 0.0000000000
53066  -32.363  -34.979  54.825 0.0000000000
53075  -31.533  -35.188  53.819 0.0000000000
59734  -37.401  -29.050  52.246 0.0000000000
59768  -35.374  -29.118  50.873 0.0000000000
60830  -36.610  -28.741  51.080 0.0000000000
70596  -50.432  -19.513  53.578 0.0000000000
69540  -50.874  -20.667  53.382 0.0000000000
67240  -52.107  -22.633  53.505 0.0000000000
69542  -52.318  -21.202  52.647 0.0000000000
45772  -22.769  -41.635  72.580 0.0000000000
46862  -21.566  -40.977  71.357 0.0000000000
46863  -22.578  -41.179  71.189 0.0000000000
46999  -22.056  -41.411  61.471 0.0000000000
46985  -21.306  -41.912  62.380 0.0000000000
45950  -21.172  -42.838  60.568 0.0000000000
43764  -21.513  -44.328  60.545 0.0000000000
44844  -21.591  -44.044  59.413 0.0000000000
47955  -28.999  -40.711  58.925 0.0000000000
47026  -28.700  -41.623  59.042 0.0000000000
47028  -27.240  -41.285  57.169 0.0000000000
60781  -39.665  -28.834  56.160 0.0000000000
61875  -39.507  -27.789  55.589 0.0000000000
60767  -39.839  -28.489  56.870 0.0000000000
62844  -42.305  -26.387  60.407 0.0000000000
62871  -40.967  -26.376  58.442 0.0000000000
63897  -42.067  -25.679  59.515 0.0000000000
65005  -42.693  -24.789  59.104 0.0000000000
64986  -43.390  -24.691  60.359 0.0000000000
53950  -39.375  -34.864  61.573 0.0000000000
52004  -39.445  -36.062  61.080 0.0000000000
52978  -39.931  -35.085  60.542 0.0000000000
55180  -39.407  -33.807  58.355 0.0000000000
54000  -39.847  -34.457  58.915 0.0000000000
54020  -38.416  -33.919  57.883 0.0000000000
54034  -36.482  -33.911  56.739 0.0000000000
55218  -37.647  -33.133  56.828 0.0000000000
56425  -36.573  -32.998  55.871 0.0000000000
56427  -38.188  -32.335  56.800 0.0000000000
58681  -40.097  -30.324  56.704 0.0000000000
57603  -38.825  -30.598  55.726 0.0000000000
58680  -39.551  -30.241  56.140 0.0000000000
59708  -38.767  -29.403  54.459 0.0000000000
44683  -25.998  -42.181  69.722 0.0000000000
44701  -25.379  -42.403  68.846 0.0000000000
44716  -25.834  -42.335  68.145 0.0000000000
44768  -27.063  -42.201  64.886 0.0000000000
45881  -25.879  -41.803  65.604 0.0000000000
45912  -25.472  -41.826  63.931 0.0000000000
45930  -24.306  -41.671  62.688 0.0000000000
45942  -25.318  -42.083  62.153 0.0000000000
63994  -39.810  -25.736  54.632 0.0000000000
62935  -39.105  -26.331  53.015 0.0000000000
65072  -39.955  -24.851  53.997 0.0000000000
67252  -41.889  -22.814  53.065 0.0000000000
65102  -40.709  -24.040  52.283 0.0000000000
65103  -41.746  -23.755  51.818 0.0000000000
67236  -44.930  -21.905  53.985 0.0000000000
66123  -45.099  -23.298  53.685 0.0000000000
66106  -45.692  -23.354  54.276 0.0000000000
65077  -46.171  -24.265  55.036 0.0000000000
67238  -46.360  -22.494  54.725 0.0000000000
45871  -35.121  -41.351  65.683 0.0000000000
44759  -33.714  -41.872  65.011 0.0000000000
45901  -34.217  -41.622  64.796 0.0000000000
48778  -34.413  -39.804  62.908 0.0000000000
48777  -33.573  -40.354  62.727 0.0000000000
48792  -32.331  -39.802  61.647 0.0000000000
47945  -30.883  -40.338  61.153 0.0000000000
48805  -32.236  -39.110  60.946 0.0000000000
52016  -36.874  -36.344  60.673 0.0000000000
52002  -36.795  -36.920  61.241 0.0000000000
52015  -35.623  -36.370  60.341 0.0000000000
52072  -31.914  -36.934  57.154 0.0000000000
50928  -32.833  -36.966  58.719 0.0000000000
50934  -31.343  -37.280  57.174 0.0000000000
50926  -30.918  -37.930  57.944 0.0000000000
57631  -35.152  -31.571  53.384 0.0000000000
49691  -38.114  -38.575  65.199 0.0000000000
53924  -38.444  -34.330  63.891 0.0000000000
62811  -42.961  -25.853  63.434 0.0000000000
65989  -44.344  -22.573  63.212 0.0000000000
67090  -44.706  -22.255  62.514 0.0000000000
67107  -44.857  -22.434  61.807 0.0000000000
68329  -45.101  -21.612  62.138 0.0000000000
72728  -46.465  -18.008  61.711 0.0000000000
70513  -46.050  -19.520  60.976 0.0000000000
71661  -45.861  -19.013  59.986 0.0000000000
70537  -45.207  -19.502  58.414 0.0000000000
71678  -46.151  -18.022  58.783 0.0000000000
70538  -48.370  -18.832  58.362 0.0000000000
71705  -47.369  -18.984  57.160 0.0000000000
69490  -48.315  -20.368  57.586 0.0000000000
67201  -48.156  -22.258  56.743 0.0000000000
68392  -48.496  -21.388  57.580 0.0000000000
73948  -49.725  -16.837  57.300 0.0000000000
68410  -50.862  -22.178  56.409 0.0000000000
68409  -50.922  -21.548  56.929 0.0000000000
67184  -50.341  -22.791  56.825 0.0000000000
66064  -49.672  -23.506  56.874 0.0000000000
65036  -49.786  -24.450  56.533 0.0000000000
63960  -49.585  -25.339  56.435 0.0000000000
63961  -49.879  -25.012  55.953 0.0000000000
65092  -49.971  -24.397  53.571 0.0000000000
64016  -49.458  -25.044  53.968 0.0000000000
64032  -48.754  -25.055  53.380 0.0000000000
68496  -54.469  -21.011  50.557 0.0000000000
67282  -53.441  -21.914  51.323 0.0000000000
67293  -52.612  -21.958  50.331 0.0000000000
46897  -19.757  -41.213  69.940 0.0000000000
45785  -19.023  -42.059  71.554 0.0000000000
44678  -19.266  -42.976  69.626 0.0000000000
43688  -19.158  -43.969  70.087 0.0000000000
44679  -19.554  -43.342  68.929 0.0000000000
46939  -23.900  -41.129  67.227 0.0000000000
47877  -22.175  -40.497  67.554 0.0000000000
47887  -22.245  -40.612  66.646 0.0000000000
45878  -20.319  -42.165  65.637 0.0000000000
42736  -22.078  -45.798  64.737 0.0000000000
44816  -31.262  -42.776  63.016 0.0000000000
44794  -30.077  -42.728  63.727 0.0000000000
44827  -30.004  -43.084  62.004 0.0000000000
44855  -26.551  -42.358  58.642 0.0000000000
44846  -26.891  -42.356  59.583 0.0000000000
44845  -25.982  -42.271  59.190 0.0000000000
45973  -25.043  -42.098  58.790 0.0000000000
45985  -24.149  -42.121  57.167 0.0000000000
43827  -23.204  -44.750  55.642 0.0000000000
59654  -40.896  -29.760  58.595 0.0000000000
60752  -40.422  -28.935  58.164 0.0000000000
60746  -40.990  -28.943  59.309 0.0000000000
61813  -41.879  -27.642  60.590 0.0000000000
62835  -43.048  -26.401  61.608 0.0000000000
56336  -40.105  -32.726  60.844 0.0000000000
53962  -40.494  -34.336  60.421 0.0000000000
55146  -41.342  -33.195  60.132 0.0000000000
55183  -41.229  -33.163  59.505 0.0000000000
56390  -40.054  -32.748  58.368 0.0000000000
56428  -38.950  -32.009  57.167 0.0000000000
57545  -40.694  -31.809  58.394 0.0000000000
58651  -41.044  -30.774  58.468 0.0000000000
61865  -48.366  -27.664  56.837 0.0000000000
44704  -28.433  -42.532  68.229 0.0000000000
44718  -27.622  -42.621  67.664 0.0000000000
44719  -28.663  -42.737  67.376 0.0000000000
44753  -27.831  -42.366  65.559 0.0000000000
44769  -27.902  -42.330  64.441 0.0000000000
63976  -41.089  -24.851  55.653 0.0000000000
65074  -40.953  -24.295  54.805 0.0000000000
66090  -41.688  -23.714  55.288 0.0000000000
66105  -41.928  -23.098  54.616 0.0000000000
67253  -42.519  -22.503  53.262 0.0000000000
66121  -43.670  -22.741  52.816 0.0000000000
68453  -43.790  -21.725  54.212 0.0000000000
68436  -44.462  -21.443  54.564 0.0000000000
68420  -44.901  -20.972  55.050 0.0000000000
47904  -36.496  -40.476  64.747 0.0000000000
47902  -35.331  -40.863  64.262 0.0000000000
48769  -36.588  -39.816  63.804 0.0000000000
48779  -35.642  -39.666  63.445 0.0000000000
49721  -34.620  -38.332  61.745 0.0000000000
53040  -35.213  -34.800  57.971 0.0000000000
52064  -34.419  -35.763  58.709 0.0000000000
53038  -33.785  -35.277  57.337 0.0000000000
53037  -33.030  -35.646  56.997 0.0000000000
52086  -31.118  -36.721  55.576 0.0000000000
52085  -30.475  -36.775  55.115 0.0000000000
53064  -31.135  -35.993  54.312 0.0000000000
58735  -36.082  -30.326  53.078 0.0000000000
59748  -34.862  -29.678  51.303 0.0000000000
73890  -47.084  -16.313  61.005 0.0000000000
72758  -46.759  -17.448  59.399 0.0000000000
73901  -47.417  -16.176  60.075 0.0000000000
71664  -48.432  -17.537  58.895 0.0000000000
72778  -48.943  -18.160  58.796 0.0000000000
73979  -51.152  -16.050  55.327 0.0000000000
72808  -50.009  -17.459  56.326 0.0000000000
70569  -50.198  -19.152  55.578 0.0000000000
68439  -50.741  -21.407  55.135 0.0000000000
67220  -51.170  -22.979  55.177 0.0000000000
65062  -50.930  -24.015  55.095 0.0000000000
66108  -51.338  -23.488  54.569 0.0000000000
66124  -51.522  -23.669  53.809 0.0000000000
66142  -51.343  -23.612  52.952 0.0000000000
68529  -53.771  -21.707  48.783 0.0000000000
68528  -52.260  -21.798  49.200 0.0000000000
67335  -52.577  -22.103  47.907 0.0000000000
45758  -21.016  -41.680  73.754 0.0000000000
45757  -20.023  -42.015  73.869 0.0000000000
46845  -20.481  -41.359  72.394 0.0000000000
46861  -20.583  -41.076  71.568 0.0000000000
46898  -20.432  -40.797  69.470 0.0000000000
46972  -23.182  -41.069  63.995 0.0000000000
47901  -22.138  -40.808  65.277 0.0000000000
46970  -21.176  -41.576  63.787 0.0000000000
45928  -20.965  -42.765  62.706 0.0000000000
44810  -21.179  -43.522  62.545 0.0000000000
42762  -22.123  -45.052  63.492 0.0000000000
43751  -21.978  -44.873  62.109 0.0000000000
45953  -29.643  -42.015  60.771 0.0000000000
44849  -29.250  -42.633  60.727 0.0000000000
45964  -28.533  -42.346  59.641 0.0000000000
45974  -27.444  -42.192  58.464 0.0000000000
44871  -26.293  -42.464  57.650 0.0000000000
60813  -38.544  -28.455  52.950 0.0000000000
61896  -38.722  -27.696  52.719 0.0000000000
60814  -38.989  -28.103  53.527 0.0000000000
62914  -39.659  -26.590  55.199 0.0000000000
62915  -40.031  -26.464  55.810 0.0000000000
62870  -40.503  -27.018  58.066 0.0000000000
62887  -40.523  -26.558  57.263 0.0000000000
63956  -41.219  -25.212  56.401 0.0000000000
63939  -42.071  -24.804  57.676 0.0000000000
65034  -43.075  -23.914  57.923 0.0000000000
66048  -43.584  -23.366  58.293 0.0000000000
51975  -38.858  -36.530  62.549 0.0000000000
50866  -38.388  -37.662  62.409 0.0000000000
50882  -38.908  -36.724  61.527 0.0000000000
52018  -38.766  -36.219  60.574 0.0000000000
52041  -38.204  -35.899  60.155 0.0000000000
52989  -39.955  -35.142  60.049 0.0000000000
53000  -38.479  -35.436  59.512 0.0000000000
53023  -36.841  -34.894  58.758 0.0000000000
54017  -35.604  -34.446  57.569 0.0000000000
54045  -35.262  -34.078  56.229 0.0000000000
55233  -34.506  -33.743  55.292 0.0000000000
55266  -33.910  -33.285  54.011 0.0000000000
56457  -34.961  -32.831  54.459 0.0000000000
56458  -35.710  -32.293  54.673 0.0000000000
57617  -36.096  -31.506  54.339 0.0000000000
57585  -38.872  -31.300  56.457 0.0000000000
57602  -38.136  -31.042  55.602 0.0000000000
58715  -36.507  -30.653  53.877 0.0000000000
59706  -37.512  -29.840  53.795 0.0000000000
59722  -38.153  -29.149  53.278 0.0000000000
70612  -52.699  -19.692  51.938 0.0000000000
71787  -53.026  -18.436  51.229 0.0000000000
70643  -53.678  -19.496  50.591 0.0000000000
70664  -54.337  -19.726  49.418 0.0000000000
70680  -54.669  -19.856  48.583 0.0000000000
69609  -55.146  -20.612  47.694 0.0000000000
44651  -24.768  -41.940  70.899 0.0000000000
45801  -23.829  -41.858  70.302 0.0000000000
44680  -24.412  -42.239  69.392 0.0000000000
45838  -24.606  -42.012  68.316 0.0000000000
45865  -24.397  -41.358  66.619 0.0000000000
44733  -26.124  -42.172  67.296 0.0000000000
45880  -25.262  -41.621  65.879 0.0000000000
45879  -24.224  -41.473  65.365 0.0000000000
45910  -23.817  -41.414  63.403 0.0000000000
47000  -22.884  -41.184  61.822 0.0000000000
47010  -22.866  -41.235  60.757 0.0000000000
61902  -38.475  -27.129  51.808 0.0000000000
62952  -38.870  -25.997  51.119 0.0000000000
65088  -40.413  -24.177  53.471 0.0000000000
63978  -46.592  -25.620  55.928 0.0000000000
65045  -47.295  -25.092  56.246 0.0000000000
44709  -32.680  -41.863  66.732 0.0000000000
44739  -31.834  -42.946  66.222 0.0000000000
44757  -32.682  -42.764  65.132 0.0000000000
44774  -32.715  -42.703  64.429 0.0000000000
44817  -31.971  -42.488  63.139 0.0000000000
46991  -33.778  -41.313  63.798 0.0000000000
46989  -32.505  -41.609  62.793 0.0000000000
45943  -30.788  -41.925  61.828 0.0000000000
47934  -30.522  -41.160  61.327 0.0000000000
47950  -30.068  -40.167  60.296 0.0000000000
48817  -29.316  -39.399  58.479 0.0000000000
49724  -37.709  -37.896  62.315 0.0000000000
50878  -35.051  -37.740  61.321 0.0000000000
49738  -34.108  -38.151  61.166 0.0000000000
52037  -33.776  -36.693  59.401 0.0000000000
50916  -33.111  -37.305  59.540 0.0000000000
49736  -32.634  -38.517  60.566 0.0000000000
49749  -31.431  -38.607  59.634 0.0000000000
49758  -30.202  -38.541  58.416 0.0000000000
56483  -33.158  -32.727  52.358 0.0000000000
58579  -42.143  -29.670  62.351 0.0000000000
59591  -42.427  -28.518  62.674 0.0000000000
45746  -21.778  -41.605  74.229 0.0000000000
45774  -24.533  -41.821  71.915 0.0000000000
44652  -25.271  -41.783  71.097 0.0000000000
45790  -26.193  -41.434  70.919 0.0000000000
45806  -29.652  -41.238  68.846 0.0000000000
45823  -30.771  -41.411  68.298 0.0000000000
45839  -31.262  -41.648  67.873 0.0000000000
45841  -32.712  -41.379  67.222 0.0000000000
45842  -33.599  -41.270  66.892 0.0000000000
46940  -34.593  -41.065  66.482 0.0000000000
46950  -35.533  -40.944  65.850 0.0000000000
48750  -36.500  -39.740  66.234 0.0000000000
47897  -36.587  -40.389  65.252 0.0000000000
48758  -37.753  -39.334  65.205 0.0000000000
49692  -38.368  -38.502  64.616 0.0000000000
50828  -38.520  -37.882  64.084 0.0000000000
50849  -38.475  -36.871  63.575 0.0000000000
52943  -38.518  -35.513  63.467 0.0000000000
55088  -38.519  -33.643  63.017 0.0000000000
58577  -41.415  -29.891  62.230 0.0000000000
60718  -42.930  -27.602  62.431 0.0000000000
61806  -43.157  -27.034  62.150 0.0000000000
63855  -43.432  -25.025  62.244 0.0000000000
64925  -43.341  -23.879  63.614 0.0000000000
64953  -43.767  -24.116  62.472 0.0000000000
64967  -43.876  -24.148  61.830 0.0000000000
66016  -44.305  -23.601  61.309 0.0000000000
67142  -44.606  -22.775  59.989 0.0000000000
68362  -44.755  -22.062  59.497 0.0000000000
69455  -45.595  -20.998  61.533 0.0000000000
68363  -45.200  -21.325  59.798 0.0000000000
68376  -44.754  -21.447  58.853 0.0000000000
69487  -44.718  -20.414  57.121 0.0000000000
69500  -45.124  -19.912  56.437 0.0000000000
70566  -46.236  -19.987  55.586 0.0000000000
71693  -46.498  -18.139  57.905 0.0000000000
70559  -47.019  -19.264  56.448 0.0000000000
68421  -46.987  -21.550  55.173 0.0000000000
67219  -47.796  -22.672  56.013 0.0000000000
66093  -47.519  -23.660  55.851 0.0000000000
65046  -47.991  -24.472  56.515 0.0000000000
73918  -49.421  -16.994  58.255 0.0000000000
70540  -49.731  -19.448  58.501 0.0000000000
70551  -50.492  -19.639  57.331 0.0000000000
69483  -50.123  -20.685  58.208 0.0000000000
67144  -48.936  -22.071  58.368 0.0000000000
67182  -48.962  -22.294  57.756 0.0000000000
65035  -48.979  -24.484  57.038 0.0000000000
63941  -48.433  -25.686  57.073 0.0000000000
62891  -48.709  -26.462  56.990 0.0000000000
62905  -48.698  -26.788  56.281 0.0000000000
62918  -48.655  -26.801  55.549 0.0000000000
63980  -49.883  -24.957  55.355 0.0000000000
62932  -48.877  -26.308  55.261 0.0000000000
61891  -47.996  -27.778  54.822 0.0000000000
67272  -53.261  -21.925  52.057 0.0000000000
66156  -51.806  -22.911  52.027 0.0000000000
66155  -50.842  -23.108  52.205 0.0000000000
68493  -51.416  -21.687  50.066 0.0000000000
67277  -49.221  -22.470  51.299 0.0000000000
65126  -48.707  -24.061  52.257 0.0000000000
45771  -19.006  -42.193  72.664 0.0000000000
46900  -22.750  -40.940  69.262 0.0000000000
47863  -21.405  -40.481  68.555 0.0000000000
46937  -20.222  -41.248  67.813 0.0000000000
46953  -20.814  -41.319  65.877 0.0000000000
46947  -20.433  -41.387  66.929 0.0000000000
45852  -19.924  -42.099  67.508 0.0000000000
43701  -20.365  -44.042  67.800 0.0000000000
45899  -30.330  -42.645  64.891 0.0000000000
45915  -29.259  -42.454  63.960 0.0000000000
44812  -27.302  -42.636  62.576 0.0000000000
44836  -28.107  -42.916  60.667 0.0000000000
44824  -27.673  -42.865  61.467 0.0000000000
44823  -26.489  -42.409  61.559 0.0000000000
45952  -25.397  -42.030  60.987 0.0000000000
45962  -24.172  -41.627  59.434 0.0000000000
47023  -22.510  -41.888  58.540 0.0000000000
46002  -26.148  -42.270  56.266 0.0000000000
44911  -25.137  -42.770  55.253 0.0000000000
46017  -24.141  -42.731  55.515 0.0000000000
46000  -23.413  -43.068  56.006 0.0000000000
44868  -22.557  -43.183  57.016 0.0000000000
43778  -22.053  -44.602  58.233 0.0000000000
59634  -42.419  -29.473  61.137 0.0000000000
56303  -42.221  -30.756  61.812 0.0000000000
57521  -42.376  -31.546  60.821 0.0000000000
58631  -42.549  -30.808  60.879 0.0000000000
62904  -47.445  -26.449  57.103 0.0000000000
44707  -31.250  -42.125  67.514 0.0000000000
44721  -30.690  -42.681  67.151 0.0000000000
44722  -31.600  -42.620  66.951 0.0000000000
61910  -37.948  -27.622  50.711 0.0000000000
67179  -43.690  -22.846  57.684 0.0000000000
68405  -43.819  -21.972  56.389 0.0000000000
49705  -38.496  -38.126  63.739 0.0000000000
49703  -37.958  -38.642  63.409 0.0000000000
49712  -38.324  -38.033  62.873 0.0000000000
54057  -33.371  -34.125  54.909 0.0000000000
54042  -32.923  -34.589  55.243 0.0000000000
60821  -37.830  -28.538  52.057 0.0000000000
59751  -37.055  -28.852  51.552 0.0000000000
60844  -36.701  -28.208  50.268 0.0000000000
71740  -51.767  -18.329  52.873 0.0000000000
70597  -51.419  -19.545  52.810 0.0000000000
70610  -51.852  -20.108  52.552 0.0000000000
69541  -51.805  -20.798  52.756 0.0000000000
69553  -52.092  -20.331  52.472 0.0000000000
45786  -23.161  -41.644  71.788 0.0000000000
45800  -23.412  -41.516  71.024 0.0000000000
47008  -21.554  -42.029  59.923 0.0000000000
46998  -21.470  -41.973  61.048 0.0000000000
44843  -21.364  -43.579  59.770 0.0000000000
44852  -21.478  -43.165  59.145 0.0000000000
47954  -28.483  -40.733  58.242 0.0000000000
47959  -27.915  -40.655  57.677 0.0000000000
60782  -39.941  -29.017  56.751 0.0000000000
60768  -40.145  -28.970  57.265 0.0000000000
62855  -41.813  -26.348  59.905 0.0000000000
63875  -42.596  -25.622  60.065 0.0000000000
63898  -42.818  -25.161  59.796 0.0000000000
55127  -39.043  -33.630  61.461 0.0000000000
53961  -39.939  -34.573  60.886 0.0000000000
55205  -39.566  -33.170  58.227 0.0000000000
55204  -38.730  -33.438  57.750 0.0000000000
55203  -37.998  -33.470  57.279 0.0000000000
56426  -37.245  -32.605  56.236 0.0000000000
59679  -39.712  -29.552  56.125 0.0000000000
44684  -26.929  -41.980  69.422 0.0000000000
44702  -26.227  -42.375  68.919 0.0000000000
44790  -26.326  -41.982  64.291 0.0000000000
45931  -25.161  -41.953  63.090 0.0000000000
63995  -40.301  -25.068  54.736 0.0000000000
66137  -42.229  -23.270  52.221 0.0000000000
67237  -45.677  -22.455  54.268 0.0000000000
45887  -35.601  -41.217  65.310 0.0000000000
45886  -34.996  -41.539  65.300 0.0000000000
45902  -35.015  -41.549  64.951 0.0000000000
48793  -33.441  -39.545  62.127 0.0000000000
52987  -36.433  -35.816  60.032 0.0000000000
52039  -35.576  -35.805  59.680 0.0000000000
50935  -31.993  -37.071  57.533 0.0000000000
50933  -30.262  -37.847  57.194 0.0000000000
50941  -30.635  -37.280  56.209 0.0000000000
57642  -34.952  -31.064  52.693 0.0000000000
68310  -44.931  -21.412  62.890 0.0000000000
72729  -46.738  -17.082  61.315 0.0000000000
71647  -46.158  -18.835  60.808 0.0000000000
71662  -46.144  -18.242  59.784 0.0000000000
71677  -45.697  -18.779  59.088 0.0000000000
70550  -48.597  -19.739  58.064 0.0000000000
76306  -50.593  -14.673  56.124 0.0000000000
76321  -50.450  -15.107  56.373 0.0000000000
75083  -49.993  -15.740  57.015 0.0000000000
73964  -50.147  -16.491  56.531 0.0000000000
67203  -50.883  -22.914  56.070 0.0000000000
67185  -50.701  -22.646  56.525 0.0000000000
67202  -50.578  -23.103  56.437 0.0000000000
66065  -50.228  -23.582  56.521 0.0000000000
65037  -50.292  -24.007  56.300 0.0000000000
65048  -49.917  -24.795  56.200 0.0000000000
65049  -50.398  -24.305  55.806 0.0000000000
64033  -49.403  -24.573  53.389 0.0000000000
65108  -49.017  -24.397  52.906 0.0000000000
68513  -54.530  -21.129  49.928 0.0000000000
67294  -53.417  -21.860  50.499 0.0000000000
45744  -19.479  -42.366  74.596 0.0000000000
45816  -19.424  -41.955  69.373 0.0000000000
45799  -19.226  -42.029  70.323 0.0000000000
44698  -19.503  -42.584  68.800 0.0000000000
46949  -23.621  -41.020  66.603 0.0000000000
46938  -23.102  -40.771  67.215 0.0000000000
46948  -22.943  -40.842  66.259 0.0000000000
42735  -21.709  -45.309  65.255 0.0000000000
44828  -30.678  -42.716  62.354 0.0000000000
44815  -30.475  -42.903  62.851 0.0000000000
44854  -25.698  -42.401  58.199 0.0000000000
45986  -24.877  -42.245  57.898 0.0000000000
60753  -40.683  -29.064  58.762 0.0000000000
60737  -42.472  -28.412  61.293 0.0000000000
61814  -42.563  -27.388  61.202 0.0000000000
57502  -40.531  -31.810  61.218 0.0000000000
55130  -41.075  -33.094  60.365 0.0000000000
56337  -41.185  -32.315  60.823 0.0000000000
56393  -41.739  -32.218  59.693 0.0000000000
55162  -41.646  -32.726  59.875 0.0000000000
56392  -41.358  -32.577  59.402 0.0000000000
56391  -40.700  -32.559  58.757 0.0000000000
56413  -40.280  -32.173  58.217 0.0000000000
57546  -41.204  -31.642  58.950 0.0000000000
58643  -41.441  -30.706  59.265 0.0000000000
59667  -40.807  -30.310  57.958 0.0000000000
44686  -29.171  -42.071  68.438 0.0000000000
44736  -28.940  -42.484  66.235 0.0000000000
44754  -28.503  -42.341  65.113 0.0000000000
61923  -38.258  -27.105  50.259 0.0000000000
65043  -41.723  -24.236  56.021 0.0000000000
66075  -42.011  -23.650  55.769 0.0000000000
67216  -42.691  -22.668  55.385 0.0000000000
67234  -42.554  -22.407  54.139 0.0000000000
67254  -43.475  -22.297  53.355 0.0000000000
69507  -44.862  -20.747  55.447 0.0000000000
47905  -37.440  -39.723  64.385 0.0000000000
47910  -37.051  -39.948  64.142 0.0000000000
49710  -37.205  -38.411  62.851 0.0000000000
48780  -36.825  -39.133  63.342 0.0000000000
49708  -35.113  -38.886  62.592 0.0000000000
49722  -35.641  -38.124  62.058 0.0000000000
53039  -34.701  -34.859  57.548 0.0000000000
53021  -34.883  -35.208  58.288 0.0000000000
53059  -32.355  -35.430  55.568 0.0000000000
53050  -32.833  -35.328  56.339 0.0000000000
52088  -32.196  -35.818  55.821 0.0000000000
52082  -32.341  -35.924  56.335 0.0000000000
52087  -31.887  -36.080  55.577 0.0000000000
52094  -31.427  -36.249  55.083 0.0000000000
53065  -31.677  -35.704  54.669 0.0000000000
59732  -35.647  -29.872  52.126 0.0000000000
72743  -46.964  -16.841  60.262 0.0000000000
75056  -48.297  -15.560  59.110 0.0000000000
73915  -47.983  -16.128  59.518 0.0000000000
73916  -48.523  -16.474  59.076 0.0000000000
72760  -48.857  -17.420  58.770 0.0000000000
72826  -51.576  -17.148  53.875 0.0000000000
75144  -52.055  -15.915  54.435 0.0000000000
73995  -51.539  -16.352  54.620 0.0000000000
73994  -50.840  -16.600  55.130 0.0000000000
72816  -50.277  -17.300  55.440 0.0000000000
71720  -50.128  -18.161  54.884 0.0000000000
68455  -50.816  -21.393  54.165 0.0000000000
69524  -50.365  -20.541  54.405 0.0000000000
68424  -50.969  -22.216  55.637 0.0000000000
67239  -51.600  -22.812  54.256 0.0000000000
66109  -51.817  -23.193  53.908 0.0000000000
65111  -50.863  -23.953  53.432 0.0000000000
68535  -53.633  -21.834  47.835 0.0000000000
67336  -53.141  -21.965  48.432 0.0000000000
46828  -21.221  -41.538  72.945 0.0000000000
46876  -20.687  -40.756  70.525 0.0000000000
47832  -21.255  -40.580  69.741 0.0000000000
46971  -22.200  -41.002  63.786 0.0000000000
45940  -21.119  -42.713  61.785 0.0000000000
43750  -21.563  -44.237  62.316 0.0000000000
43759  -21.511  -44.303  61.424 0.0000000000
43765  -21.957  -44.904  60.301 0.0000000000
42781  -22.391  -45.537  60.912 0.0000000000
47012  -29.579  -41.487  60.473 0.0000000000
45965  -29.149  -42.195  60.178 0.0000000000
45976  -28.749  -42.030  59.470 0.0000000000
45989  -27.735  -41.929  58.253 0.0000000000
45975  -28.130  -42.125  58.954 0.0000000000
44872  -26.957  -42.326  58.296 0.0000000000
45987  -26.417  -42.324  57.014 0.0000000000
59723  -38.737  -28.751  53.676 0.0000000000
62900  -39.797  -27.050  56.077 0.0000000000
62901  -40.271  -26.494  56.368 0.0000000000
61821  -40.545  -27.808  59.025 0.0000000000
61829  -40.311  -27.872  58.462 0.0000000000
62853  -40.647  -27.159  58.896 0.0000000000
63920  -41.485  -25.801  58.806 0.0000000000
63938  -41.268  -25.693  57.575 0.0000000000
63937  -40.863  -26.064  57.192 0.0000000000
65032  -41.858  -24.695  56.912 0.0000000000
65021  -43.213  -24.130  58.713 0.0000000000
65020  -42.643  -24.491  58.172 0.0000000000
66049  -43.847  -23.307  58.891 0.0000000000
52953  -38.834  -35.729  62.698 0.0000000000
51989  -39.115  -36.360  61.776 0.0000000000
50899  -39.109  -36.384  60.943 0.0000000000
52042  -38.984  -35.725  60.001 0.0000000000
53969  -40.958  -34.210  60.096 0.0000000000
52990  -40.437  -34.742  60.046 0.0000000000
53003  -40.286  -34.802  59.780 0.0000000000
53999  -38.608  -34.305  58.277 0.0000000000
53025  -38.982  -34.973  59.008 0.0000000000
53024  -37.957  -34.942  58.890 0.0000000000
53997  -36.375  -34.481  58.046 0.0000000000
55216  -36.127  -33.753  56.071 0.0000000000
54033  -35.934  -34.021  56.572 0.0000000000
55234  -35.462  -33.681  55.660 0.0000000000
55253  -34.915  -33.364  55.033 0.0000000000
56440  -35.318  -33.196  55.114 0.0000000000
56442  -36.728  -32.385  55.591 0.0000000000
57600  -36.312  -32.133  55.040 0.0000000000
57563  -39.535  -31.592  57.195 0.0000000000
58697  -37.683  -30.653  54.899 0.0000000000
57618  -36.921  -30.866  54.544 0.0000000000
58716  -37.333  -30.164  54.092 0.0000000000
71801  -53.489  -18.540  50.072 0.0000000000
70663  -53.890  -19.308  49.834 0.0000000000
70644  -54.194  -19.775  50.162 0.0000000000
71816  -53.867  -18.820  48.966 0.0000000000
71832  -54.488  -19.206  48.223 0.0000000000
70693  -54.928  -19.566  47.932 0.0000000000
69605  -55.165  -20.235  47.957 0.0000000000
70694  -55.376  -19.794  47.598 0.0000000000
44650  -24.434  -42.062  70.519 0.0000000000
44665  -24.876  -42.211  70.100 0.0000000000
44715  -25.172  -42.175  68.221 0.0000000000
44700  -24.861  -42.303  68.751 0.0000000000
45854  -24.875  -41.719  67.602 0.0000000000
45853  -24.304  -41.535  67.739 0.0000000000
44734  -26.874  -42.378  66.980 0.0000000000
45895  -25.688  -41.781  64.941 0.0000000000
45893  -23.970  -41.527  64.337 0.0000000000
47001  -23.690  -41.400  62.120 0.0000000000
47011  -23.677  -41.394  61.179 0.0000000000
61903  -38.831  -26.947  52.592 0.0000000000
62944  -38.852  -26.216  52.010 0.0000000000
64042  -39.428  -25.331  51.438 0.0000000000
66103  -40.865  -23.973  54.298 0.0000000000
65073  -40.626  -24.319  54.376 0.0000000000
65122  -41.552  -24.341  51.266 0.0000000000
66122  -44.157  -23.075  52.941 0.0000000000
65091  -45.030  -24.194  53.827 0.0000000000
63997  -45.393  -25.576  54.836 0.0000000000
65058  -46.053  -24.953  55.237 0.0000000000
65060  -47.416  -24.437  56.046 0.0000000000
44724  -33.071  -42.002  66.205 0.0000000000
44740  -32.603  -42.659  65.896 0.0000000000
44741  -33.166  -42.205  65.573 0.0000000000
44775  -33.209  -42.142  64.590 0.0000000000
44758  -33.198  -42.239  65.022 0.0000000000
44797  -32.664  -42.447  63.839 0.0000000000
44818  -32.404  -42.386  63.467 0.0000000000
47908  -35.152  -40.786  64.069 0.0000000000
46975  -34.786  -41.274  64.368 0.0000000000
47922  -34.080  -40.897  63.536 0.0000000000
47921  -33.013  -41.076  62.784 0.0000000000
47920  -32.526  -41.254  62.588 0.0000000000
47004  -31.845  -41.683  62.450 0.0000000000
47003  -31.252  -41.571  61.984 0.0000000000
47002  -30.524  -41.518  61.432 0.0000000000
47935  -30.961  -40.984  61.538 0.0000000000
48803  -30.615  -40.061  60.654 0.0000000000
48811  -29.693  -39.879  59.544 0.0000000000
50881  -38.304  -37.350  61.899 0.0000000000
49725  -38.209  -37.867  62.455 0.0000000000
50880  -37.358  -37.333  61.686 0.0000000000
50879  -36.149  -37.430  61.479 0.0000000000
50894  -34.176  -37.547  60.592 0.0000000000
52038  -34.576  -36.255  59.508 0.0000000000
52063  -33.445  -36.372  58.637 0.0000000000
50927  -32.096  -37.393  58.379 0.0000000000
49751  -32.983  -37.978  60.198 0.0000000000
49750  -32.331  -38.134  59.798 0.0000000000
49760  -31.900  -38.026  59.145 0.0000000000
50925  -30.281  -38.156  57.817 0.0000000000
49757  -29.524  -38.754  58.053 0.0000000000
49765  -28.891  -38.835  57.528 0.0000000000
56470  -33.403  -33.077  53.058 0.0000000000
45732  -21.297  -41.677  75.054 0.0000000000
45775  -25.171  -41.568  71.832 0.0000000000
45805  -28.922  -41.334  69.090 0.0000000000
46922  -32.771  -40.856  67.797 0.0000000000
46923  -33.346  -40.851  67.517 0.0000000000
45858  -35.128  -41.014  66.258 0.0000000000
46941  -35.233  -40.817  66.259 0.0000000000
49674  -37.221  -38.716  66.254 0.0000000000
48743  -36.745  -39.240  66.425 0.0000000000
47888  -36.574  -39.966  65.970 0.0000000000
47889  -37.072  -39.844  65.347 0.0000000000
47898  -37.267  -39.874  64.891 0.0000000000
50803  -38.453  -38.184  64.409 0.0000000000
51961  -38.273  -36.353  63.811 0.0000000000
52932  -38.109  -35.405  64.308 0.0000000000
55072  -38.437  -33.301  63.797 0.0000000000
55106  -38.683  -33.886  62.078 0.0000000000
58578  -41.753  -29.805  62.361 0.0000000000
60699  -42.588  -27.619  63.078 0.0000000000
59592  -42.594  -28.026  62.739 0.0000000000
60700  -42.858  -27.222  63.103 0.0000000000
62820  -43.303  -25.923  63.028 0.0000000000
61798  -43.208  -26.867  62.743 0.0000000000
62827  -43.368  -25.989  62.542 0.0000000000
62836  -43.335  -25.960  62.068 0.0000000000
63847  -43.422  -24.949  62.755 0.0000000000
65999  -44.372  -22.922  62.820 0.0000000000
65998  -44.101  -23.327  62.967 0.0000000000
64954  -44.207  -23.506  62.334 0.0000000000
64987  -43.649  -24.375  60.809 0.0000000000
68343  -45.215  -21.908  61.443 0.0000000000
67126  -44.926  -22.676  60.879 0.0000000000
67143  -45.024  -22.130  60.178 0.0000000000
71618  -46.202  -18.632  62.426 0.0000000000
69443  -45.815  -19.897  62.544 0.0000000000
70483  -45.951  -20.118  61.967 0.0000000000
69469  -45.441  -20.363  59.706 0.0000000000
69463  -45.630  -20.707  60.551 0.0000000000
68377  -45.104  -20.759  59.123 0.0000000000
69479  -44.864  -20.499  58.286 0.0000000000
70548  -45.283  -19.392  57.261 0.0000000000
69508  -45.554  -20.447  55.365 0.0000000000
70558  -46.040  -19.390  56.295 0.0000000000
72776  -46.787  -17.663  58.505 0.0000000000
72796  -47.162  -17.729  58.297 0.0000000000
70560  -47.558  -19.688  56.891 0.0000000000
70568  -47.305  -19.920  56.304 0.0000000000
70567  -46.774  -19.852  55.862 0.0000000000
69510  -47.272  -20.460  55.927 0.0000000000
68422  -47.573  -21.501  55.918 0.0000000000
66078  -48.188  -23.309  56.510 0.0000000000
66079  -48.610  -23.821  56.855 0.0000000000
73932  -49.571  -16.716  57.802 0.0000000000
73931  -49.287  -16.409  58.122 0.0000000000
72762  -49.849  -17.279  58.015 0.0000000000
71666  -49.621  -17.966  58.367 0.0000000000
71682  -49.769  -18.472  58.237 0.0000000000
71706  -50.135  -18.564  56.901 0.0000000000
68394  -50.472  -21.929  57.299 0.0000000000
69492  -50.576  -20.877  57.602 0.0000000000
69482  -50.147  -21.253  57.876 0.0000000000
68380  -50.052  -21.104  58.309 0.0000000000
67164  -49.657  -22.052  57.956 0.0000000000
67163  -49.022  -22.082  58.096 0.0000000000
67183  -49.756  -22.523  57.394 0.0000000000
66063  -49.096  -23.262  57.213 0.0000000000
65047  -48.509  -24.460  56.838 0.0000000000
62906  -49.226  -26.062  56.418 0.0000000000
62919  -49.054  -26.192  55.751 0.0000000000
65061  -50.507  -24.467  54.920 0.0000000000
64000  -49.938  -24.829  54.571 0.0000000000
64015  -48.549  -25.921  54.011 0.0000000000
63999  -49.201  -25.720  54.914 0.0000000000
63998  -48.787  -26.079  54.572 0.0000000000
62931  -48.559  -26.607  54.744 0.0000000000
69555  -53.284  -20.511  51.788 0.0000000000
68470  -53.117  -21.361  52.243 0.0000000000
67280  -52.177  -22.302  51.319 0.0000000000
66157  -52.462  -22.585  51.805 0.0000000000
68527  -51.770  -21.800  48.836 0.0000000000
68510  -51.851  -21.721  49.500 0.0000000000
68509  -51.148  -21.623  49.256 0.0000000000
67290  -49.955  -21.805  50.712 0.0000000000
66153  -48.350  -23.389  51.515 0.0000000000
46844  -19.636  -41.626  72.502 0.0000000000
46826  -19.592  -41.940  73.190 0.0000000000
44649  -18.604  -43.229  71.496 0.0000000000
45784  -18.606  -42.698  72.154 0.0000000000
43678  -18.816  -44.070  70.906 0.0000000000
43689  -19.462  -43.895  69.390 0.0000000000
42706  -19.754  -44.948  69.771 0.0000000000
42712  -20.424  -45.044  68.698 0.0000000000
46879  -23.426  -41.461  69.619 0.0000000000
47864  -22.006  -40.445  68.373 0.0000000000
47876  -21.319  -40.515  67.870 0.0000000000
47862  -20.916  -40.572  68.386 0.0000000000
47885  -20.777  -40.822  67.339 0.0000000000
46961  -21.535  -41.070  64.905 0.0000000000
46954  -21.382  -41.015  65.606 0.0000000000
46960  -20.759  -41.635  64.887 0.0000000000
45864  -20.157  -42.089  66.524 0.0000000000
44714  -20.137  -42.995  67.138 0.0000000000
42763  -22.409  -45.524  62.938 0.0000000000
44756  -31.906  -43.044  65.368 0.0000000000
44755  -31.180  -42.942  65.664 0.0000000000
44772  -30.952  -42.855  64.702 0.0000000000
44814  -29.554  -42.982  62.601 0.0000000000
44793  -29.004  -42.652  63.274 0.0000000000
44792  -28.059  -42.511  63.431 0.0000000000
44848  -28.545  -42.642  60.185 0.0000000000
44837  -28.900  -42.982  60.912 0.0000000000
44835  -27.235  -42.555  60.552 0.0000000000
45963  -25.278  -41.916  59.844 0.0000000000
45972  -24.157  -41.785  58.290 0.0000000000
45961  -23.442  -41.575  58.802 0.0000000000
47024  -22.819  -41.644  58.810 0.0000000000
46018  -25.277  -42.723  54.676 0.0000000000
44912  -25.672  -42.614  55.913 0.0000000000
44929  -24.246  -43.837  54.465 0.0000000000
44910  -24.291  -43.011  54.984 0.0000000000
46016  -23.807  -42.934  55.488 0.0000000000
44909  -23.565  -43.718  55.211 0.0000000000
42838  -23.053  -45.532  56.368 0.0000000000
44888  -22.769  -43.684  56.353 0.0000000000
44887  -22.370  -44.270  56.805 0.0000000000
44867  -22.180  -43.651  57.473 0.0000000000
43793  -22.235  -44.679  57.315 0.0000000000
59646  -41.791  -30.406  59.894 0.0000000000
59633  -41.871  -29.614  60.348 0.0000000000
56316  -41.687  -31.566  61.476 0.0000000000
56338  -41.975  -31.840  61.160 0.0000000000
56359  -42.341  -31.729  61.022 0.0000000000
57537  -41.973  -31.640  59.855 0.0000000000
58644  -41.874  -31.029  59.761 0.0000000000
62917  -46.503  -26.325  56.131 0.0000000000
61864  -46.719  -27.542  56.947 0.0000000000
61847  -47.147  -27.630  57.385 0.0000000000
61848  -47.525  -27.605  57.498 0.0000000000
44737  -30.072  -42.654  66.495 0.0000000000
45867  -29.740  -42.487  65.880 0.0000000000
61911  -38.285  -27.166  50.964 0.0000000000
66060  -42.808  -23.516  56.872 0.0000000000
66076  -42.526  -23.415  56.256 0.0000000000
66077  -42.963  -23.220  56.720 0.0000000000
67217  -43.311  -22.068  55.466 0.0000000000
68418  -43.779  -21.775  55.900 0.0000000000
48771  -38.036  -39.133  63.996 0.0000000000
48770  -37.459  -39.364  63.696 0.0000000000
54031  -34.000  -34.491  56.356 0.0000000000
54055  -32.108  -34.828  54.180 0.0000000000
54066  -31.170  -34.971  53.176 0.0000000000
59750  -36.551  -29.152  51.636 0.0000000000
59749  -35.618  -29.374  51.402 0.0000000000
60829  -36.104  -29.018  51.174 0.0000000000
71738  -50.268  -18.548  53.980 0.0000000000
68456  -51.445  -21.579  53.580 0.0000000000
68441  -51.742  -22.248  53.776 0.0000000000
68457  -52.278  -21.767  53.071 0.0000000000
67257  -52.726  -22.385  52.706 0.0000000000
46829  -21.953  -41.541  72.647 0.0000000000
46847  -22.244  -41.391  71.997 0.0000000000
44833  -21.201  -43.746  60.763 0.0000000000
43768  -21.605  -44.319  59.860 0.0000000000
43769  -21.901  -44.680  59.328 0.0000000000
47025  -28.275  -41.383  58.380 0.0000000000
47029  -27.691  -41.530  57.804 0.0000000000
60792  -39.338  -28.641  55.037 0.0000000000
61861  -39.708  -27.908  56.575 0.0000000000
62843  -41.564  -27.024  60.107 0.0000000000
62854  -41.320  -26.450  59.383 0.0000000000
63896  -41.601  -25.919  59.271 0.0000000000
65006  -43.439  -24.419  59.783 0.0000000000
53938  -38.959  -35.199  62.176 0.0000000000
52966  -39.551  -35.511  61.301 0.0000000000
54001  -40.476  -33.976  59.021 0.0000000000
54019  -37.936  -33.980  57.597 0.0000000000
54018  -36.744  -34.077  57.254 0.0000000000
55202  -37.421  -33.676  57.059 0.0000000000
55217  -36.735  -33.560  56.459 0.0000000000
58699  -38.945  -30.000  55.319 0.0000000000
58718  -38.598  -29.951  54.882 0.0000000000
59693  -39.357  -29.456  55.534 0.0000000000
44682  -25.446  -42.319  69.565 0.0000000000
44767  -26.360  -41.958  65.324 0.0000000000
45911  -24.585  -41.731  63.683 0.0000000000
62927  -39.384  -26.531  54.032 0.0000000000
64011  -39.465  -25.562  53.543 0.0000000000
65087  -39.787  -24.668  52.962 0.0000000000
66119  -41.427  -23.287  53.686 0.0000000000
66135  -40.926  -23.682  53.207 0.0000000000
66136  -41.505  -23.358  52.678 0.0000000000
67256  -45.086  -22.490  53.801 0.0000000000
66107  -46.314  -23.424  54.824 0.0000000000
66092  -46.931  -23.525  55.356 0.0000000000
45870  -34.360  -41.589  65.675 0.0000000000
44742  -33.727  -41.825  65.372 0.0000000000
45885  -34.352  -41.653  65.205 0.0000000000
45900  -33.506  -41.916  64.745 0.0000000000
47937  -32.868  -40.343  62.327 0.0000000000
48791  -31.507  -40.325  61.509 0.0000000000
48804  -31.420  -39.591  60.816 0.0000000000
48813  -31.364  -39.105  60.166 0.0000000000
52003  -37.434  -36.774  61.190 0.0000000000
50896  -36.132  -36.815  60.950 0.0000000000
52014  -34.727  -36.828  60.245 0.0000000000
52073  -32.493  -36.513  57.514 0.0000000000
52062  -32.722  -36.822  58.306 0.0000000000
49759  -31.202  -38.186  58.794 0.0000000000
57630  -34.474  -32.139  53.100 0.0000000000
46906  -33.617  -40.410  67.874 0.0000000000
47855  -34.031  -40.010  67.974 0.0000000000
49682  -37.655  -38.811  65.696 0.0000000000
50780  -37.585  -37.831  65.873 0.0000000000
62810  -42.565  -26.195  63.630 0.0000000000
61784  -42.800  -26.813  63.319 0.0000000000
62798  -42.556  -25.410  63.817 0.0000000000
63828  -42.835  -24.734  63.758 0.0000000000
66007  -44.539  -22.956  62.178 0.0000000000
73880  -46.493  -17.178  62.331 0.0000000000
72714  -46.333  -17.776  62.530 0.0000000000
71632  -46.274  -18.872  61.794 0.0000000000
70499  -46.128  -19.478  61.523 0.0000000000
71646  -45.974  -19.163  60.388 0.0000000000
70523  -45.522  -19.560  59.430 0.0000000000
71692  -45.706  -18.655  58.089 0.0000000000
71679  -48.117  -17.815  58.751 0.0000000000
71694  -47.422  -18.263  57.975 0.0000000000
70549  -47.910  -19.442  57.671 0.0000000000
69489  -47.924  -20.101  57.199 0.0000000000
69502  -47.987  -20.482  57.196 0.0000000000
68407  -48.046  -21.410  56.907 0.0000000000
68408  -48.111  -20.851  57.205 0.0000000000
68391  -48.294  -21.824  57.168 0.0000000000
67181  -48.503  -22.149  57.308 0.0000000000
76293  -49.741  -14.922  57.294 0.0000000000
68423  -50.867  -21.394  56.150 0.0000000000
69503  -50.817  -20.525  56.743 0.0000000000
68395  -50.721  -22.233  56.814 0.0000000000
64017  -50.137  -24.629  53.990 0.0000000000
68483  -54.268  -21.030  50.983 0.0000000000
68495  -54.092  -21.516  50.684 0.0000000000
67292  -51.791  -21.925  50.740 0.0000000000
67301  -49.776  -22.060  48.347 0.0000000000
68507  -49.430  -21.660  49.486 0.0000000000
45743  -18.507  -42.843  74.427 0.0000000000
46875  -19.712  -41.237  70.966 0.0000000000
44663  -18.928  -43.041  70.631 0.0000000000
46921  -23.688  -41.178  67.999 0.0000000000
46920  -22.827  -40.779  68.297 0.0000000000
45908  -20.597  -42.305  64.160 0.0000000000
44748  -20.390  -43.114  65.591 0.0000000000
43708  -20.550  -43.695  66.646 0.0000000000
42726  -21.449  -45.308  66.342 0.0000000000
44795  -31.137  -42.966  63.711 0.0000000000
44826  -29.187  -43.095  61.695 0.0000000000
44856  -27.387  -42.329  59.065 0.0000000000
42875  -24.243  -45.661  54.881 0.0000000000
43846  -23.725  -44.716  54.913 0.0000000000
59666  -40.575  -29.661  57.690 0.0000000000
59653  -40.631  -29.489  58.134 0.0000000000
60735  -41.514  -28.706  60.141 0.0000000000
61812  -41.451  -27.789  60.175 0.0000000000
62845  -42.788  -26.209  61.031 0.0000000000
55129  -40.504  -33.546  60.601 0.0000000000
55145  -40.962  -33.734  60.339 0.0000000000
53970  -41.219  -33.749  59.830 0.0000000000
55147  -41.647  -32.727  60.058 0.0000000000
55161  -41.436  -33.041  59.787 0.0000000000
55160  -41.121  -33.550  59.536 0.0000000000
55181  -40.185  -33.489  58.661 0.0000000000
56412  -39.535  -32.395  57.754 0.0000000000
57564  -40.334  -31.452  57.687 0.0000000000
57565  -40.846  -31.300  58.274 0.0000000000
58664  -40.787  -30.864  57.892 0.0000000000
58663  -40.503  -30.465  57.281 0.0000000000
44685  -28.198  -42.086  68.889 0.0000000000
44735  -27.792  -42.553  66.647 0.0000000000
44791  -27.109  -42.329  63.758 0.0000000000
65056  -40.769  -24.754  55.065 0.0000000000
65057  -41.233  -24.278  55.233 0.0000000000
66104  -41.178  -23.829  54.542 0.0000000000
66091  -42.165  -23.300  55.465 0.0000000000
66120  -42.021  -22.755  53.743 0.0000000000
67269  -42.433  -22.769  52.668 0.0000000000
66138  -43.253  -23.167  52.530 0.0000000000
67270  -42.924  -22.575  52.859 0.0000000000
68454  -44.236  -21.854  53.836 0.0000000000
68437  -45.377  -21.320  54.588 0.0000000000
46966  -35.755  -41.171  64.919 0.0000000000
47903  -35.714  -40.840  64.518 0.0000000000
47909  -36.191  -40.329  64.265 0.0000000000
48768  -35.926  -40.143  63.961 0.0000000000
48794  -34.251  -39.014  62.228 0.0000000000
49720  -33.795  -38.686  61.568 0.0000000000
52997  -35.219  -35.523  58.991 0.0000000000
53020  -34.099  -35.572  58.031 0.0000000000
53051  -33.474  -35.029  56.682 0.0000000000
52081  -31.686  -36.689  56.501 0.0000000000
52080  -31.184  -36.971  56.183 0.0000000000
50947  -30.509  -37.005  55.542 0.0000000000
52093  -30.915  -36.337  54.609 0.0000000000
52098  -30.423  -36.320  54.128 0.0000000000
58747  -34.603  -30.878  52.191 0.0000000000
58748  -35.273  -30.412  52.384 0.0000000000
58764  -34.457  -30.336  51.563 0.0000000000
58778  -34.358  -29.775  50.933 0.0000000000
72759  -47.876  -17.050  59.265 0.0000000000
71663  -48.191  -17.452  59.049 0.0000000000
71680  -48.877  -18.160  58.620 0.0000000000
70539  -49.173  -19.517  58.486 0.0000000000
73965  -50.761  -15.995  55.924 0.0000000000
73978  -50.513  -16.582  55.782 0.0000000000
71713  -50.078  -18.355  55.987 0.0000000000
70580  -50.127  -19.401  54.682 0.0000000000
69511  -50.483  -20.302  55.644 0.0000000000
66081  -50.830  -23.543  55.678 0.0000000000
66094  -51.022  -23.583  55.210 0.0000000000
65079  -51.053  -24.080  54.402 0.0000000000
65094  -51.025  -24.051  53.739 0.0000000000
65093  -50.532  -24.247  53.700 0.0000000000
65110  -50.488  -23.956  53.257 0.0000000000
66141  -50.375  -23.669  52.725 0.0000000000
68530  -54.503  -21.151  48.913 0.0000000000
67303  -53.306  -21.874  49.625 0.0000000000
67321  -53.105  -21.896  48.977 0.0000000000
67320  -52.494  -21.923  48.681 0.0000000000
68526  -51.005  -21.867  48.475 0.0000000000
46827  -20.323  -41.629  73.154 0.0000000000
46846  -21.350  -41.281  72.189 0.0000000000
46918  -19.839  -41.273  69.052 0.0000000000
46962  -22.526  -40.900  64.710 0.0000000000
45909  -20.811  -42.426  63.396 0.0000000000
43740  -21.614  -44.342  63.352 0.0000000000
43741  -22.000  -44.762  62.852 0.0000000000
43760  -21.955  -44.911  61.200 0.0000000000
42773  -22.361  -45.562  61.866 0.0000000000
45954  -30.142  -42.162  61.310 0.0000000000
44850  -29.749  -42.557  61.154 0.0000000000
45966  -29.551  -42.343  60.833 0.0000000000
44857  -28.065  -42.444  59.538 0.0000000000
59735  -38.075  -28.680  52.521 0.0000000000
60822  -38.253  -28.118  52.086 0.0000000000
61888  -39.311  -27.659  54.410 0.0000000000
63974  -39.928  -26.003  55.154 0.0000000000
61846  -39.988  -27.888  57.431 0.0000000000
63955  -40.772  -25.960  56.729 0.0000000000
65033  -42.543  -24.040  57.223 0.0000000000
67161  -43.805  -22.939  58.194 0.0000000000
50850  -38.577  -37.332  63.331 0.0000000000
50867  -38.623  -37.271  62.419 0.0000000000
50898  -38.582  -36.683  61.200 0.0000000000
52017  -37.963  -36.427  60.787 0.0000000000
52040  -37.513  -36.008  60.311 0.0000000000
52999  -37.345  -35.545  59.636 0.0000000000
52043  -39.534  -35.378  59.919 0.0000000000
53026  -39.534  -34.937  59.241 0.0000000000
53001  -39.270  -35.264  59.524 0.0000000000
53022  -35.751  -34.834  58.411 0.0000000000
53996  -35.896  -34.517  58.036 0.0000000000
54016  -35.064  -34.547  57.318 0.0000000000
54032  -34.917  -34.391  56.820 0.0000000000
54044  -34.662  -34.099  55.973 0.0000000000
55232  -33.883  -33.807  54.946 0.0000000000
55251  -33.508  -33.756  54.339 0.0000000000
55252  -34.289  -33.397  54.603 0.0000000000
56456  -34.310  -33.074  54.125 0.0000000000
56441  -35.920  -32.895  55.271 0.0000000000
56472  -34.787  -32.295  53.709 0.0000000000
57616  -35.304  -32.079  54.153 0.0000000000
57632  -35.854  -30.981  53.561 0.0000000000
57584  -37.771  -31.786  56.076 0.0000000000
57601  -37.091  -31.534  55.278 0.0000000000
58736  -36.754  -30.124  53.527 0.0000000000
59721  -37.266  -29.690  53.319 0.0000000000
59707  -37.894  -29.719  53.922 0.0000000000
70611  -52.129  -19.686  52.385 0.0000000000
71766  -52.792  -19.069  51.684 0.0000000000
70628  -53.243  -19.629  51.378 0.0000000000
69568  -54.009  -20.384  51.044 0.0000000000
69583  -54.182  -20.009  50.560 0.0000000000
69584  -54.456  -20.412  50.247 0.0000000000
69598  -54.592  -20.480  49.256 0.0000000000
71817  -54.329  -19.432  48.783 0.0000000000
69604  -54.867  -20.478  48.392 0.0000000000
68536  -54.577  -21.305  47.977 0.0000000000
68537  -54.966  -21.029  47.529 0.0000000000
68543  -54.387  -21.365  47.346 0.0000000000
45817  -23.943  -42.024  69.350 0.0000000000
44681  -24.814  -42.335  69.365 0.0000000000
45818  -24.424  -42.213  68.951 0.0000000000
45837  -24.044  -41.824  68.519 0.0000000000
46956  -23.579  -41.130  65.857 0.0000000000
44717  -26.663  -42.447  67.953 0.0000000000
44750  -25.691  -41.801  66.791 0.0000000000
44751  -26.182  -41.962  66.272 0.0000000000
45866  -25.171  -41.588  66.907 0.0000000000
46963  -23.392  -41.139  64.946 0.0000000000
46987  -23.152  -41.080  62.883 0.0000000000
45929  -23.742  -41.376  62.890 0.0000000000
47009  -22.107  -41.505  60.303 0.0000000000
47017  -22.150  -41.821  59.190 0.0000000000
47958  -27.393  -40.649  57.123 0.0000000000
62951  -38.535  -26.623  51.060 0.0000000000
62943  -38.631  -26.498  51.503 0.0000000000
62963  -38.811  -26.196  50.415 0.0000000000
65101  -39.875  -24.727  51.939 0.0000000000
65090  -44.486  -24.276  53.198 0.0000000000
63977  -45.998  -25.608  55.414 0.0000000000
63957  -47.155  -25.749  56.454 0.0000000000
44723  -32.379  -42.408  66.588 0.0000000000
44796  -32.006  -42.881  63.702 0.0000000000
44829  -31.241  -42.514  62.584 0.0000000000
46965  -35.122  -41.265  64.555 0.0000000000
46964  -34.590  -41.419  64.528 0.0000000000
46973  -33.574  -41.477  63.808 0.0000000000
46990  -33.222  -41.604  63.614 0.0000000000
45934  -33.029  -41.943  63.815 0.0000000000
45945  -32.084  -41.996  62.788 0.0000000000
45944  -31.398  -42.134  62.424 0.0000000000
45955  -30.664  -42.269  61.890 0.0000000000
47013  -29.974  -41.661  61.005 0.0000000000
47943  -29.724  -41.083  60.525 0.0000000000
47944  -30.167  -40.915  60.920 0.0000000000
47949  -29.540  -40.811  60.104 0.0000000000
49723  -36.743  -37.925  62.244 0.0000000000
50917  -34.047  -36.900  59.883 0.0000000000
50893  -33.419  -37.750  60.288 0.0000000000
49737  -33.434  -38.212  60.813 0.0000000000
49735  -31.911  -38.845  60.308 0.0000000000
49748  -30.704  -38.743  59.203 0.0000000000
48818  -30.083  -39.144  59.148 0.0000000000
48823  -28.739  -39.445  57.903 0.0000000000
48822  -28.181  -39.505  57.446 0.0000000000
57655  -34.117  -31.030  51.792 0.0000000000
58600  -42.523  -29.613  62.066 0.0000000000
59590  -41.944  -28.937  62.770 0.0000000000
59578  -42.227  -28.348  63.013 0.0000000000
60698  -42.215  -27.728  63.274 0.0000000000
45745  -20.595  -42.026  74.677 0.0000000000
45747  -22.637  -41.449  73.693 0.0000000000
45760  -23.271  -41.608  73.111 0.0000000000
45773  -23.699  -41.825  72.295 0.0000000000
45761  -24.152  -41.683  72.704 0.0000000000
44640  -24.807  -41.810  71.409 0.0000000000
44653  -25.735  -41.672  70.923 0.0000000000
44667  -26.051  -41.826  70.313 0.0000000000
44668  -26.679  -41.733  69.949 0.0000000000
45819  -27.806  -41.752  69.319 0.0000000000
45821  -29.045  -41.689  68.814 0.0000000000
44687  -30.026  -41.917  68.100 0.0000000000
44688  -30.738  -41.886  67.917 0.0000000000
45840  -31.864  -41.564  67.564 0.0000000000
45855  -33.182  -41.628  66.643 0.0000000000
45856  -33.836  -41.573  66.260 0.0000000000
45843  -34.201  -41.233  66.561 0.0000000000
45857  -34.695  -41.318  66.127 0.0000000000
45888  -35.760  -41.026  65.455 0.0000000000
46942  -35.932  -40.522  66.020 0.0000000000
46951  -35.919  -40.771  65.648 0.0000000000
46958  -36.033  -40.899  65.247 0.0000000000
48764  -37.922  -39.335  64.597 0.0000000000
48759  -38.242  -38.982  64.807 0.0000000000
48765  -38.315  -38.857  64.374 0.0000000000
51949  -37.926  -36.513  64.523 0.0000000000
50827  -38.308  -37.181  63.988 0.0000000000
51974  -38.625  -36.431  63.229 0.0000000000
53937  -38.728  -34.721  62.788 0.0000000000
53949  -38.898  -34.636  61.997 0.0000000000
56334  -38.677  -33.150  61.608 0.0000000000
57485  -38.203  -31.903  62.396 0.0000000000
57500  -38.640  -32.207  61.549 0.0000000000
56335  -39.241  -32.929  61.185 0.0000000000
57501  -39.569  -31.969  61.160 0.0000000000
58617  -39.995  -31.068  61.382 0.0000000000
58598  -41.202  -30.417  61.934 0.0000000000
58599  -41.631  -30.430  62.105 0.0000000000
57472  -41.919  -30.546  62.111 0.0000000000
59606  -42.634  -28.733  62.255 0.0000000000
60717  -42.794  -28.235  62.147 0.0000000000
60727  -42.984  -27.701  61.859 0.0000000000
61792  -43.072  -26.761  63.128 0.0000000000
63863  -43.063  -25.629  61.200 0.0000000000
65988  -43.994  -23.010  63.407 0.0000000000
64939  -43.699  -23.904  62.986 0.0000000000
63864  -43.337  -25.212  61.589 0.0000000000
63877  -43.256  -25.098  61.050 0.0000000000
65007  -43.916  -23.916  60.190 0.0000000000
66028  -44.619  -23.210  61.092 0.0000000000
66027  -44.391  -23.379  60.562 0.0000000000
66038  -44.014  -23.462  59.595 0.0000000000
67162  -44.115  -22.571  58.624 0.0000000000
69442  -45.481  -20.641  62.499 0.0000000000
70498  -45.915  -20.094  61.168 0.0000000000
68390  -44.469  -21.439  57.781 0.0000000000
70536  -44.903  -19.889  57.671 0.0000000000
69488  -44.960  -19.859  56.994 0.0000000000
69499  -44.729  -20.605  56.030 0.0000000000
69523  -46.103  -20.805  54.918 0.0000000000
71704  -46.720  -18.671  57.083 0.0000000000
69509  -46.650  -20.691  55.303 0.0000000000
67218  -47.058  -22.560  55.230 0.0000000000
72761  -49.404  -17.576  58.478 0.0000000000
71681  -49.435  -18.300  58.493 0.0000000000
70524  -49.639  -20.200  58.718 0.0000000000
72797  -49.841  -17.634  57.155 0.0000000000
71695  -50.053  -18.649  57.689 0.0000000000
70541  -50.153  -19.817  58.176 0.0000000000
70525  -49.932  -20.270  58.655 0.0000000000
69471  -49.840  -20.740  59.035 0.0000000000
69470  -49.247  -20.787  58.773 0.0000000000
68378  -48.886  -21.471  58.217 0.0000000000
63959  -48.355  -24.997  56.868 0.0000000000
63940  -48.024  -26.001  57.184 0.0000000000
62892  -49.265  -25.854  56.796 0.0000000000
61878  -48.288  -27.785  55.822 0.0000000000
61892  -48.412  -27.248  55.242 0.0000000000
69554  -52.540  -20.643  52.360 0.0000000000
68458  -52.785  -21.791  52.598 0.0000000000
67271  -52.959  -22.447  51.922 0.0000000000
66143  -52.361  -23.010  52.416 0.0000000000
66140  -49.963  -23.711  52.678 0.0000000000
68511  -52.327  -21.823  49.694 0.0000000000
68494  -52.032  -21.799  50.067 0.0000000000
68491  -49.746  -21.587  49.850 0.0000000000
67278  -50.337  -22.477  51.558 0.0000000000
66154  -49.663  -23.442  52.242 0.0000000000
45756  -19.020  -42.399  73.637 0.0000000000
45770  -18.499  -42.840  72.888 0.0000000000
42698  -19.441  -45.453  70.651 0.0000000000
42705  -19.182  -44.745  70.495 0.0000000000
46878  -22.909  -41.197  70.246 0.0000000000
46899  -22.260  -40.763  69.792 0.0000000000
47852  -22.382  -40.610  68.789 0.0000000000
47851  -21.868  -40.512  69.179 0.0000000000
47850  -20.990  -40.517  68.987 0.0000000000
46919  -20.378  -40.875  68.578 0.0000000000
46936  -19.947  -41.375  68.423 0.0000000000
47896  -22.225  -40.768  65.877 0.0000000000
47895  -21.513  -40.813  66.143 0.0000000000
47894  -20.947  -40.931  66.628 0.0000000000
45851  -19.848  -41.755  68.101 0.0000000000
45836  -19.685  -42.275  68.213 0.0000000000
44699  -19.770  -43.095  68.127 0.0000000000
42719  -20.720  -44.885  67.877 0.0000000000
42748  -21.927  -45.076  64.226 0.0000000000
45868  -30.362  -42.676  65.912 0.0000000000
45883  -30.020  -42.519  65.335 0.0000000000
44771  -30.287  -42.685  64.460 0.0000000000
45898  -29.739  -42.487  64.585 0.0000000000
45897  -28.855  -42.339  64.517 0.0000000000
45896  -28.355  -42.353  64.276 0.0000000000
44838  -29.578  -42.874  61.313 0.0000000000
44825  -28.479  -43.062  61.364 0.0000000000
45951  -24.461  -41.675  60.549 0.0000000000
47019  -23.649  -41.393  60.292 0.0000000000
47018  -23.001  -41.354  59.614 0.0000000000
45960  -21.847  -42.243  59.018 0.0000000000
46003  -26.689  -41.849  56.795 0.0000000000
44891  -25.904  -42.653  56.681 0.0000000000
44890  -25.255  -42.736  56.178 0.0000000000
44889  -24.601  -42.716  55.712 0.0000000000
44869  -24.650  -42.566  56.436 0.0000000000
45984  -23.015  -42.651  56.986 0.0000000000
45983  -22.434  -42.957  57.407 0.0000000000
45970  -22.150  -42.561  58.311 0.0000000000
45969  -21.613  -42.949  58.830 0.0000000000
44853  -21.702  -43.628  58.770 0.0000000000
42794  -22.379  -45.513  58.850 0.0000000000
42837  -22.649  -45.081  56.607 0.0000000000
42874  -23.663  -45.225  55.214 0.0000000000
43810  -22.446  -44.795  56.789 0.0000000000
43811  -22.677  -44.676  56.369 0.0000000000
43847  -24.287  -44.725  54.354 0.0000000000
44664  -24.398  -42.210  69.851 0.0000000000
44770  -28.371  -42.347  64.582 0.0000000000
44776  -33.663  -42.057  64.880 0.0000000000
44840  -30.816  -42.422  62.196 0.0000000000
45789  -25.595  -41.572  71.301 0.0000000000
45869  -30.766  -42.855  65.858 0.0000000000
45872  -35.592  -41.034  65.646 0.0000000000
45873  -35.825  -40.943  65.499 0.0000000000
45884  -30.608  -42.751  65.400 0.0000000000
45903  -35.480  -41.674  64.786 0.0000000000
45913  -28.197  -42.363  63.990 0.0000000000
45914  -28.602  -42.412  63.883 0.0000000000
45916  -32.977  -42.149  63.944 0.0000000000
45917  -33.362  -41.858  64.270 0.0000000000
45918  -33.791  -41.679  64.587 0.0000000000
45932  -32.016  -42.240  62.924 0.0000000000
45933  -32.548  -42.141  63.391 0.0000000000
46001  -23.929  -42.517  56.096 0.0000000000
46967  -35.971  -41.026  64.810 0.0000000000
46974  -34.187  -41.405  64.233 0.0000000000
46988  -23.711  -41.380  62.631 0.0000000000
47016  -21.703  -42.122  59.329 0.0000000000
47833  -21.812  -40.622  69.789 0.0000000000
47875  -20.664  -40.732  67.979 0.0000000000
47900  -21.738  -40.877  65.548 0.0000000000
47907  -34.497  -41.098  63.955 0.0000000000
49700  -38.464  -38.402  64.208 0.0000000000
49704  -38.301  -38.402  63.557 0.0000000000
49766  -29.760  -38.372  57.696 0.0000000000
50877  -34.489  -37.951  61.190 0.0000000000
52979  -40.459  -34.606  60.256 0.0000000000
52988  -37.056  -35.903  60.188 0.0000000000
53002  -39.945  -34.903  59.523 0.0000000000
53978  -40.188  -34.588  59.319 0.0000000000
53980  -41.149  -33.703  59.656 0.0000000000
55107  -39.124  -34.207  61.606 0.0000000000
55182  -40.877  -33.406  59.197 0.0000000000
55219  -38.260  -33.018  57.198 0.0000000000
56301  -41.895  -31.105  61.830 0.0000000000
56302  -41.892  -31.121  62.052 0.0000000000
56318  -42.273  -31.064  61.606 0.0000000000
56339  -42.294  -31.458  61.326 0.0000000000
56357  -41.393  -32.682  60.373 0.0000000000
56373  -41.621  -32.549  59.731 0.0000000000
56374  -41.820  -32.362  59.982 0.0000000000
57471  -41.827  -30.917  61.938 0.0000000000
57473  -42.222  -30.385  62.015 0.0000000000
57487  -41.550  -31.009  61.822 0.0000000000
57488  -41.761  -30.754  62.006 0.0000000000
57489  -42.412  -30.527  61.674 0.0000000000
57504  -42.521  -31.100  61.267 0.0000000000
58717  -38.157  -30.057  54.562 0.0000000000
58749  -35.842  -30.058  52.527 0.0000000000
58765  -35.152  -29.908  51.784 0.0000000000
59579  -42.397  -28.085  63.024 0.0000000000
59605  -40.928  -29.713  62.092 0.0000000000
59607  -42.671  -28.112  62.509 0.0000000000
59632  -41.626  -29.368  60.072 0.0000000000
59720  -36.614  -29.926  53.118 0.0000000000
60708  -42.435  -27.908  63.172 0.0000000000
60709  -42.817  -27.532  62.845 0.0000000000
60745  -40.556  -28.439  58.941 0.0000000000
61805  -42.923  -27.255  61.713 0.0000000000
61845  -39.799  -28.114  56.971 0.0000000000
62888  -40.828  -26.406  57.836 0.0000000000
64940  -44.073  -23.522  62.707 0.0000000000
65050  -50.801  -23.869  55.460 0.0000000000
65127  -49.284  -23.973  52.623 0.0000000000
66017  -44.630  -23.080  61.544 0.0000000000
66039  -49.382  -22.284  58.225 0.0000000000
66040  -49.879  -22.533  58.668 0.0000000000
66041  -50.382  -22.241  58.953 0.0000000000
66050  -49.442  -22.092  58.024 0.0000000000
66051  -49.835  -22.216  58.129 0.0000000000
66052  -50.238  -22.327  58.522 0.0000000000
67076  -44.562  -22.134  63.121 0.0000000000
67125  -44.678  -22.963  60.491 0.0000000000
67145  -49.356  -22.227  58.846 0.0000000000
67146  -50.085  -21.878  59.072 0.0000000000
67165  -50.108  -21.807  58.459 0.0000000000
67200  -43.875  -22.062  56.662 0.0000000000
67258  -53.037  -21.894  52.436 0.0000000000
67268  -41.940  -22.952  52.584 0.0000000000
67281  -52.865  -22.173  51.224 0.0000000000
67291  -50.925  -21.855  50.845 0.0000000000
67300  -48.992  -22.009  48.799 0.0000000000
67302  -52.715  -21.883  49.409 0.0000000000
67319  -51.727  -22.079  48.204 0.0000000000
68364  -48.981  -21.633  58.646 0.0000000000
68365  -49.617  -21.366  59.104 0.0000000000
68366  -50.171  -21.209  58.972 0.0000000000
68379  -49.871  -21.561  57.993 0.0000000000
68469  -52.624  -21.392  52.566 0.0000000000
68492  -50.569  -21.572  49.956 0.0000000000
68544  -54.785  -21.175  47.455 0.0000000000
69472  -50.088  -20.750  58.682 0.0000000000
69491  -50.343  -21.495  57.622 0.0000000000
69522  -45.825  -20.955  54.780 0.0000000000
69569  -54.357  -20.735  50.730 0.0000000000
69608  -54.839  -20.930  48.253 0.0000000000
70512  -45.830  -19.654  60.379 0.0000000000
70526  -50.088  -20.418  58.500 0.0000000000
70547  -44.918  -19.859  57.253 0.0000000000
70681  -55.049  -19.992  48.105 0.0000000000
71665  -49.506  -17.919  58.496 0.0000000000
71721  -50.706  -17.743  54.060 0.0000000000
72779  -49.278  -17.808  58.600 0.0000000000
72795  -46.983  -17.763  58.049 0.0000000000
