#!ascii label  , from subject 3472 vox2ras=TkReg
332
81489  -24.823  -10.616  -5.841 0.0000000000
78224  -22.068  -13.497  -2.288 0.0000000000
77135  -27.495  -14.466  -5.299 0.0000000000
72460  -24.855  -18.422  -3.356 0.0000000000
94001  -24.270  1.589  -3.946 0.0000000000
91062  -24.721  -1.480  -3.710 0.0000000000
86804  -20.868  -5.743  -3.224 0.0000000000
69102  -24.096  -21.856  -1.177 0.0000000000
74698  -24.062  -16.290  -3.629 0.0000000000
73593  -22.814  -17.661  -1.777 0.0000000000
92020  -24.226  -0.388  -3.886 0.0000000000
91056  -21.816  -1.823  -3.360 0.0000000000
82583  -22.072  -9.632  -3.370 0.0000000000
84610  -19.397  -7.826  -2.113 0.0000000000
84631  -22.995  -7.850  -4.852 0.0000000000
86837  -24.316  -5.750  -5.544 0.0000000000
84648  -25.475  -8.484  -5.067 0.0000000000
81478  -27.389  -10.731  -4.704 0.0000000000
79273  -20.727  -12.021  -2.059 0.0000000000
79289  -23.751  -12.521  -4.085 0.0000000000
79322  -26.091  -12.787  -5.514 0.0000000000
77132  -25.304  -14.709  -4.746 0.0000000000
73635  -26.254  -16.755  -4.532 0.0000000000
72462  -27.815  -18.655  -3.163 0.0000000000
88915  -19.214  -4.058  -1.758 0.0000000000
88945  -22.270  -3.731  -4.999 0.0000000000
88950  -25.995  -4.390  -3.478 0.0000000000
71307  -22.016  -19.533  -0.637 0.0000000000
70179  -24.803  -20.464  -2.312 0.0000000000
74675  -22.287  -16.669  -1.537 0.0000000000
73591  -21.311  -17.333  -0.755 0.0000000000
92017  -22.159  -1.139  -3.370 0.0000000000
91054  -19.945  -2.146  -1.862 0.0000000000
82597  -23.311  -9.555  -4.670 0.0000000000
83603  -22.239  -8.664  -3.713 0.0000000000
82622  -23.979  -9.030  -5.875 0.0000000000
84658  -24.096  -7.736  -6.012 0.0000000000
83626  -25.146  -8.793  -5.813 0.0000000000
83614  -25.928  -8.982  -4.836 0.0000000000
81476  -25.848  -10.160  -5.534 0.0000000000
79274  -21.273  -12.544  -2.133 0.0000000000
80356  -22.616  -11.660  -3.148 0.0000000000
78237  -23.624  -13.069  -3.687 0.0000000000
78249  -24.582  -13.139  -4.755 0.0000000000
78226  -23.721  -14.205  -3.557 0.0000000000
73620  -24.764  -17.427  -3.608 0.0000000000
74699  -24.783  -16.511  -3.963 0.0000000000
73621  -25.399  -17.278  -3.971 0.0000000000
72475  -26.657  -18.170  -3.906 0.0000000000
71359  -26.458  -18.973  -3.529 0.0000000000
93999  -22.675  1.559  -3.243 0.0000000000
94994  -22.444  2.438  -2.644 0.0000000000
95004  -23.827  2.592  -3.719 0.0000000000
95968  -25.303  3.529  -3.918 0.0000000000
94002  -25.219  1.522  -3.823 0.0000000000
85703  -19.804  -6.784  -2.406 0.0000000000
86793  -19.333  -5.880  -2.012 0.0000000000
87853  -19.679  -4.879  -2.235 0.0000000000
88927  -21.361  -3.890  -3.541 0.0000000000
87862  -21.602  -4.657  -3.920 0.0000000000
86823  -25.201  -5.927  -4.322 0.0000000000
87878  -24.688  -5.066  -4.701 0.0000000000
86807  -26.418  -5.293  -3.494 0.0000000000
78268  -26.766  -13.726  -5.414 0.0000000000
79305  -27.120  -12.507  -5.177 0.0000000000
69100  -22.400  -21.473  -0.374 0.0000000000
70161  -23.441  -20.934  -1.170 0.0000000000
70177  -23.108  -19.956  -1.412 0.0000000000
69121  -24.540  -21.417  -1.590 0.0000000000
77097  -21.836  -14.914  -1.607 0.0000000000
77111  -23.345  -14.742  -3.183 0.0000000000
74685  -22.948  -16.263  -2.144 0.0000000000
74676  -23.054  -16.961  -2.134 0.0000000000
72459  -23.997  -18.448  -2.732 0.0000000000
92975  -22.271  0.645  -3.229 0.0000000000
92977  -23.795  0.631  -3.991 0.0000000000
92018  -22.491  -0.461  -3.581 0.0000000000
91060  -23.076  -1.408  -4.089 0.0000000000
91061  -23.775  -1.379  -3.989 0.0000000000
82570  -20.426  -9.759  -2.229 0.0000000000
83596  -20.811  -8.862  -2.681 0.0000000000
84624  -21.520  -7.708  -3.418 0.0000000000
85716  -22.074  -6.731  -3.887 0.0000000000
86821  -22.513  -5.683  -5.067 0.0000000000
85737  -23.142  -6.645  -5.493 0.0000000000
85740  -24.836  -7.323  -5.252 0.0000000000
85729  -25.913  -6.910  -4.073 0.0000000000
83616  -27.628  -8.581  -4.086 0.0000000000
66781  -25.424  -23.553  -0.477 0.0000000000
67955  -25.858  -22.711  -1.092 0.0000000000
81446  -21.490  -11.171  -2.576 0.0000000000
81462  -22.756  -10.957  -3.526 0.0000000000
80383  -24.105  -11.041  -5.158 0.0000000000
80385  -25.236  -11.676  -5.787 0.0000000000
79320  -25.044  -12.559  -5.512 0.0000000000
78266  -25.740  -13.369  -5.391 0.0000000000
77134  -26.282  -14.627  -5.335 0.0000000000
75940  -24.353  -15.665  -3.929 0.0000000000
75951  -25.798  -15.422  -4.897 0.0000000000
74714  -27.195  -16.212  -4.797 0.0000000000
74701  -27.673  -16.844  -4.300 0.0000000000
73624  -28.193  -17.423  -3.633 0.0000000000
92979  -25.706  0.512  -3.544 0.0000000000
90015  -20.454  -2.941  -2.464 0.0000000000
90021  -22.127  -2.697  -4.312 0.0000000000
90023  -23.494  -2.256  -4.599 0.0000000000
87896  -23.363  -4.794  -5.635 0.0000000000
88947  -24.129  -3.782  -4.992 0.0000000000
90025  -25.384  -2.757  -3.662 0.0000000000
80374  -26.874  -11.556  -5.206 0.0000000000
80358  -28.242  -11.290  -4.329 0.0000000000
72428  -21.461  -18.727  -0.504 0.0000000000
72429  -22.061  -18.693  -0.935 0.0000000000
71343  -23.809  -19.119  -2.360 0.0000000000
71344  -24.517  -19.389  -2.770 0.0000000000
69122  -25.388  -21.426  -1.867 0.0000000000
70180  -25.892  -20.817  -2.270 0.0000000000
71346  -26.146  -19.668  -3.223 0.0000000000
81488  -24.249  -10.477  -5.457 0.0000000000
82611  -23.782  -9.487  -5.417 0.0000000000
82612  -24.383  -9.668  -5.802 0.0000000000
82623  -24.391  -8.971  -6.049 0.0000000000
82613  -24.947  -9.476  -6.021 0.0000000000
82614  -25.467  -9.638  -5.647 0.0000000000
81490  -25.618  -10.685  -5.751 0.0000000000
77109  -21.748  -14.197  -1.792 0.0000000000
78205  -21.216  -13.517  -1.632 0.0000000000
79275  -22.419  -12.565  -2.728 0.0000000000
78225  -23.193  -13.596  -3.131 0.0000000000
72473  -25.189  -17.855  -3.683 0.0000000000
72474  -25.717  -18.289  -3.791 0.0000000000
72461  -25.410  -18.815  -3.508 0.0000000000
94000  -23.404  1.600  -3.730 0.0000000000
95005  -24.762  2.549  -3.915 0.0000000000
95006  -25.716  2.429  -3.830 0.0000000000
91063  -25.844  -1.586  -3.415 0.0000000000
85714  -20.581  -6.627  -2.960 0.0000000000
86794  -20.151  -5.769  -2.613 0.0000000000
87854  -20.551  -4.777  -2.885 0.0000000000
87861  -21.173  -5.048  -3.418 0.0000000000
86825  -26.902  -6.137  -3.516 0.0000000000
86824  -26.170  -5.852  -3.624 0.0000000000
77146  -27.025  -14.136  -5.442 0.0000000000
78252  -27.407  -13.527  -5.214 0.0000000000
77136  -28.226  -14.199  -4.795 0.0000000000
67953  -23.895  -22.498  -0.830 0.0000000000
67952  -23.043  -22.418  -0.535 0.0000000000
69101  -23.377  -21.550  -0.871 0.0000000000
69120  -23.838  -21.249  -1.280 0.0000000000
75920  -22.404  -15.597  -1.812 0.0000000000
73607  -23.454  -17.633  -2.493 0.0000000000
72446  -23.351  -18.469  -2.100 0.0000000000
92014  -21.996  0.032  -3.123 0.0000000000
92976  -22.943  0.637  -3.774 0.0000000000
91059  -22.511  -1.661  -3.859 0.0000000000
82582  -21.336  -9.829  -2.785 0.0000000000
83612  -22.881  -8.651  -4.392 0.0000000000
84625  -22.451  -7.716  -4.133 0.0000000000
85726  -22.631  -6.847  -4.778 0.0000000000
84644  -23.156  -7.365  -5.290 0.0000000000
84647  -25.031  -7.963  -5.499 0.0000000000
85749  -24.446  -7.446  -5.783 0.0000000000
84633  -25.045  -7.565  -5.050 0.0000000000
85728  -24.946  -6.863  -4.860 0.0000000000
84634  -25.667  -7.962  -4.651 0.0000000000
84635  -26.789  -7.833  -4.037 0.0000000000
82599  -26.661  -9.756  -4.748 0.0000000000
82600  -27.760  -9.585  -4.247 0.0000000000
81463  -28.147  -10.422  -4.254 0.0000000000
65735  -25.053  -24.059  -0.197 0.0000000000
66762  -25.771  -23.847  0.002 0.0000000000
80336  -20.460  -11.470  -1.946 0.0000000000
80337  -21.118  -11.607  -2.319 0.0000000000
79288  -23.221  -12.489  -3.383 0.0000000000
80357  -23.292  -11.621  -3.813 0.0000000000
80372  -23.887  -11.588  -4.693 0.0000000000
80384  -24.538  -11.602  -5.375 0.0000000000
80373  -24.338  -12.123  -4.986 0.0000000000
78239  -24.879  -14.228  -4.570 0.0000000000
78250  -25.138  -13.592  -5.030 0.0000000000
78251  -25.696  -13.898  -5.223 0.0000000000
77144  -26.042  -14.064  -5.368 0.0000000000
77133  -25.814  -14.535  -5.131 0.0000000000
75930  -23.685  -15.632  -3.409 0.0000000000
73634  -25.765  -16.858  -4.331 0.0000000000
74711  -25.197  -16.134  -4.371 0.0000000000
74712  -25.696  -16.217  -4.599 0.0000000000
74713  -26.321  -16.117  -4.862 0.0000000000
73636  -26.682  -16.579  -4.637 0.0000000000
72476  -27.488  -18.096  -3.709 0.0000000000
72477  -28.032  -18.114  -3.411 0.0000000000
72463  -28.573  -18.145  -2.969 0.0000000000
92978  -24.718  0.578  -3.838 0.0000000000
83595  -19.914  -8.793  -2.165 0.0000000000
88914  -18.315  -4.181  -1.328 0.0000000000
90003  -18.735  -3.383  -1.369 0.0000000000
90014  -19.545  -3.114  -1.810 0.0000000000
88934  -21.767  -3.727  -4.192 0.0000000000
90016  -21.359  -2.947  -3.333 0.0000000000
90038  -22.612  -3.061  -5.104 0.0000000000
90022  -22.790  -2.258  -4.730 0.0000000000
90039  -23.283  -3.108  -5.243 0.0000000000
86835  -23.222  -5.698  -5.655 0.0000000000
87877  -22.697  -4.703  -5.357 0.0000000000
87897  -23.967  -4.864  -5.680 0.0000000000
87879  -25.291  -4.982  -4.072 0.0000000000
88948  -24.560  -4.131  -4.598 0.0000000000
88949  -25.385  -4.051  -3.753 0.0000000000
90041  -24.787  -3.304  -4.147 0.0000000000
88935  -25.551  -3.492  -3.631 0.0000000000
88936  -26.255  -3.833  -3.389 0.0000000000
80386  -25.880  -11.893  -5.688 0.0000000000
81491  -26.254  -11.390  -5.556 0.0000000000
80387  -26.470  -12.208  -5.455 0.0000000000
80375  -27.625  -11.885  -4.795 0.0000000000
73576  -21.642  -18.246  -0.765 0.0000000000
70178  -23.705  -20.485  -1.631 0.0000000000
71325  -23.332  -19.403  -1.773 0.0000000000
71326  -23.982  -19.811  -2.242 0.0000000000
67973  -25.627  -22.096  -1.494 0.0000000000
70196  -25.582  -20.149  -2.840 0.0000000000
74674  -21.398  -16.799  -0.957 0.0000000000
73592  -21.897  -17.729  -1.112 0.0000000000
92013  -21.525  -0.644  -2.840 0.0000000000
91055  -20.884  -1.879  -2.614 0.0000000000
82596  -22.763  -9.543  -3.956 0.0000000000
83625  -23.671  -8.513  -5.615 0.0000000000
84645  -23.611  -7.609  -5.719 0.0000000000
83636  -23.808  -8.387  -5.927 0.0000000000
83638  -24.829  -8.585  -6.033 0.0000000000
83627  -25.468  -8.941  -5.366 0.0000000000
82598  -25.932  -9.703  -5.236 0.0000000000
81477  -26.377  -10.576  -5.298 0.0000000000
79248  -20.759  -12.969  -1.571 0.0000000000
80338  -21.817  -11.706  -2.651 0.0000000000
79303  -24.254  -12.621  -4.647 0.0000000000
78238  -24.266  -13.658  -4.109 0.0000000000
74687  -24.219  -16.905  -3.506 0.0000000000
73622  -26.123  -17.455  -4.203 0.0000000000
73623  -27.035  -17.243  -4.320 0.0000000000
71360  -27.144  -18.740  -3.469 0.0000000000
93996  -21.976  1.476  -2.567 0.0000000000
95003  -23.047  2.512  -3.289 0.0000000000
95007  -26.670  2.315  -3.696 0.0000000000
92021  -25.208  -0.467  -3.575 0.0000000000
86784  -18.416  -6.001  -1.561 0.0000000000
87843  -18.836  -5.010  -1.669 0.0000000000
88925  -20.010  -3.895  -2.400 0.0000000000
87855  -21.131  -4.419  -3.325 0.0000000000
86822  -24.629  -5.814  -5.008 0.0000000000
87898  -24.358  -5.013  -5.260 0.0000000000
87863  -26.499  -4.794  -3.431 0.0000000000
79323  -26.661  -13.068  -5.349 0.0000000000
79306  -27.742  -12.739  -4.896 0.0000000000
70160  -22.814  -20.474  -0.951 0.0000000000
71324  -22.655  -19.436  -1.208 0.0000000000
77110  -22.521  -14.588  -2.356 0.0000000000
75929  -23.046  -15.581  -2.667 0.0000000000
74686  -23.498  -16.631  -2.961 0.0000000000
73608  -24.104  -17.593  -3.150 0.0000000000
93995  -21.409  1.111  -2.278 0.0000000000
92019  -23.354  -0.358  -3.997 0.0000000000
90024  -24.289  -2.393  -4.147 0.0000000000
83602  -21.506  -8.827  -3.194 0.0000000000
84612  -21.099  -8.277  -3.011 0.0000000000
84611  -20.523  -7.744  -2.732 0.0000000000
84623  -20.960  -7.166  -3.165 0.0000000000
85715  -21.277  -6.602  -3.418 0.0000000000
86805  -21.637  -5.711  -3.782 0.0000000000
86806  -22.208  -6.031  -4.381 0.0000000000
86836  -23.879  -5.755  -5.884 0.0000000000
85748  -24.281  -7.355  -5.874 0.0000000000
85739  -24.450  -6.907  -5.620 0.0000000000
85727  -24.562  -6.319  -5.304 0.0000000000
85730  -27.094  -6.804  -3.635 0.0000000000
84636  -27.804  -7.771  -3.864 0.0000000000
83615  -26.728  -8.801  -4.397 0.0000000000
75954  -27.969  -14.979  -5.022 0.0000000000
66780  -24.396  -23.305  -0.723 0.0000000000
67954  -24.845  -22.496  -1.246 0.0000000000
81445  -21.035  -10.693  -2.406 0.0000000000
81460  -21.452  -10.398  -2.710 0.0000000000
81461  -21.941  -10.689  -2.944 0.0000000000
81474  -22.575  -10.271  -3.587 0.0000000000
81475  -23.232  -10.563  -4.158 0.0000000000
81487  -23.723  -10.469  -4.985 0.0000000000
79321  -25.566  -12.561  -5.592 0.0000000000
79304  -24.637  -12.629  -5.105 0.0000000000
78265  -25.383  -13.025  -5.397 0.0000000000
78267  -26.290  -13.561  -5.427 0.0000000000
77145  -26.553  -14.248  -5.426 0.0000000000
75964  -26.979  -14.614  -5.453 0.0000000000
77121  -24.054  -14.806  -3.733 0.0000000000
77122  -24.718  -14.922  -4.314 0.0000000000
75941  -24.853  -15.770  -4.290 0.0000000000
75950  -25.265  -15.540  -4.575 0.0000000000
75952  -26.444  -15.325  -5.200 0.0000000000
75953  -27.244  -15.212  -5.275 0.0000000000
74715  -27.904  -15.645  -4.826 0.0000000000
74702  -28.264  -16.376  -4.232 0.0000000000
94003  -26.198  1.450  -3.561 0.0000000000
92980  -26.769  0.442  -3.387 0.0000000000
86820  -22.028  -5.317  -4.384 0.0000000000
88946  -22.908  -3.852  -5.475 0.0000000000
88972  -24.398  -4.578  -4.984 0.0000000000
88971  -24.094  -4.173  -5.252 0.0000000000
90067  -23.732  -3.618  -5.248 0.0000000000
90040  -24.018  -3.239  -4.843 0.0000000000
90026  -26.604  -2.711  -3.249 0.0000000000
73575  -21.194  -17.869  -0.518 0.0000000000
72445  -22.687  -18.559  -1.477 0.0000000000
71345  -25.293  -19.407  -3.266 0.0000000000
67972  -25.096  -21.884  -1.584 0.0000000000
70195  -25.012  -19.908  -2.874 0.0000000000
71358  -25.795  -19.069  -3.529 0.0000000000
74700  -25.380  -16.591  -4.249 0.0000000000
75963  -26.672  -14.839  -5.396 0.0000000000
82624  -24.658  -8.844  -6.092 0.0000000000
83613  -23.356  -8.659  -5.073 0.0000000000
83637  -24.439  -8.394  -6.052 0.0000000000
84632  -23.367  -7.982  -5.356 0.0000000000
84646  -24.578  -7.572  -5.725 0.0000000000
84659  -24.600  -7.899  -5.911 0.0000000000
84660  -25.152  -8.268  -5.838 0.0000000000
85738  -23.808  -6.786  -5.913 0.0000000000
87876  -22.111  -4.616  -4.713 0.0000000000
87880  -25.930  -4.898  -3.583 0.0000000000
88913  -17.377  -4.326  -1.073 0.0000000000
88926  -20.831  -3.794  -2.971 0.0000000000
88970  -23.542  -4.040  -5.485 0.0000000000
90042  -25.252  -3.383  -3.790 0.0000000000
90068  -23.949  -3.674  -5.129 0.0000000000
