#!ascii label  , from subject 3472 vox2ras=TkReg
263
72447  -29.672  -18.184  -2.058 0.0000000000
77135  -27.495  -14.466  -5.299 0.0000000000
91062  -24.721  -1.480  -3.710 0.0000000000
85717  -27.233  -6.236  -3.530 0.0000000000
81448  -29.901  -10.315  -2.773 0.0000000000
78210  -32.241  -13.876  -1.738 0.0000000000
92020  -24.226  -0.388  -3.886 0.0000000000
83604  -29.044  -8.410  -3.773 0.0000000000
81478  -27.389  -10.731  -4.704 0.0000000000
73625  -28.738  -16.841  -3.587 0.0000000000
77112  -29.953  -14.417  -2.987 0.0000000000
74690  -31.306  -15.610  -1.935 0.0000000000
67956  -26.664  -22.301  -0.910 0.0000000000
72462  -27.815  -18.655  -3.163 0.0000000000
96973  -25.285  5.303  -4.012 0.0000000000
95978  -26.574  3.941  -4.027 0.0000000000
95008  -27.652  2.285  -3.633 0.0000000000
92024  -28.467  -0.659  -3.386 0.0000000000
90028  -28.738  -2.750  -3.581 0.0000000000
88950  -25.995  -4.390  -3.478 0.0000000000
87866  -29.088  -4.714  -4.107 0.0000000000
85721  -30.490  -6.287  -3.798 0.0000000000
84616  -31.326  -7.546  -2.217 0.0000000000
82563  -32.792  -9.570  -1.428 0.0000000000
79290  -28.374  -12.448  -4.384 0.0000000000
80341  -30.802  -11.654  -2.131 0.0000000000
83614  -25.928  -8.982  -4.836 0.0000000000
81476  -25.848  -10.160  -5.534 0.0000000000
73610  -29.284  -17.352  -2.858 0.0000000000
74688  -29.863  -16.414  -2.896 0.0000000000
73595  -30.268  -17.346  -2.104 0.0000000000
64628  -26.890  -25.289  2.432 0.0000000000
65673  -26.508  -24.637  1.883 0.0000000000
66741  -27.045  -23.683  1.289 0.0000000000
72475  -26.657  -18.170  -3.906 0.0000000000
71359  -26.458  -18.973  -3.529 0.0000000000
95970  -27.073  3.084  -3.951 0.0000000000
92022  -26.307  -0.546  -3.382 0.0000000000
91064  -26.998  -1.630  -3.162 0.0000000000
91065  -28.115  -1.681  -3.230 0.0000000000
90026  -26.604  -2.711  -3.249 0.0000000000
86807  -26.418  -5.293  -3.494 0.0000000000
87864  -27.308  -4.737  -3.392 0.0000000000
86809  -28.104  -5.652  -3.606 0.0000000000
86810  -29.149  -5.742  -4.047 0.0000000000
85719  -28.776  -6.670  -3.860 0.0000000000
82586  -29.303  -8.859  -3.578 0.0000000000
84627  -30.017  -7.811  -3.559 0.0000000000
83598  -30.844  -8.435  -2.349 0.0000000000
83588  -31.563  -8.515  -1.737 0.0000000000
81434  -31.266  -10.048  -1.751 0.0000000000
78268  -26.766  -13.726  -5.414 0.0000000000
79305  -27.120  -12.507  -5.177 0.0000000000
78253  -28.141  -13.292  -4.753 0.0000000000
78228  -30.933  -13.431  -2.305 0.0000000000
79277  -30.437  -12.473  -2.448 0.0000000000
79279  -32.049  -12.671  -1.733 0.0000000000
79254  -32.035  -12.015  -1.668 0.0000000000
79255  -32.756  -12.360  -1.586 0.0000000000
67958  -28.065  -22.177  -0.095 0.0000000000
69104  -27.245  -21.652  -1.004 0.0000000000
69105  -28.343  -21.589  -0.324 0.0000000000
70183  -28.413  -20.242  -1.472 0.0000000000
85729  -25.913  -6.910  -4.073 0.0000000000
85731  -28.174  -7.120  -3.710 0.0000000000
83616  -27.628  -8.581  -4.086 0.0000000000
82601  -28.178  -9.004  -4.009 0.0000000000
82584  -28.392  -9.981  -4.010 0.0000000000
74715  -27.904  -15.645  -4.826 0.0000000000
77123  -28.753  -14.332  -4.210 0.0000000000
75943  -29.260  -15.265  -3.565 0.0000000000
75932  -30.917  -15.190  -2.329 0.0000000000
75933  -31.421  -15.090  -1.985 0.0000000000
66764  -27.408  -23.163  0.563 0.0000000000
74714  -27.195  -16.212  -4.797 0.0000000000
74701  -27.673  -16.844  -4.300 0.0000000000
73624  -28.193  -17.423  -3.633 0.0000000000
71349  -29.026  -18.629  -2.360 0.0000000000
98673  -25.958  6.653  -4.512 0.0000000000
96961  -24.894  4.708  -3.841 0.0000000000
96974  -25.881  4.821  -3.991 0.0000000000
95979  -27.488  3.824  -4.187 0.0000000000
95013  -29.144  3.009  -4.133 0.0000000000
95010  -29.422  1.861  -3.878 0.0000000000
92979  -25.706  0.512  -3.544 0.0000000000
92981  -27.830  0.387  -3.365 0.0000000000
92989  -29.635  0.306  -3.885 0.0000000000
92037  -30.096  -0.707  -4.261 0.0000000000
91067  -29.808  -1.731  -4.152 0.0000000000
88951  -29.614  -3.751  -4.922 0.0000000000
90025  -25.384  -2.757  -3.662 0.0000000000
88937  -27.476  -3.756  -3.314 0.0000000000
88938  -28.483  -3.754  -3.597 0.0000000000
87881  -29.577  -4.732  -4.840 0.0000000000
86827  -30.196  -5.361  -4.633 0.0000000000
86797  -31.255  -6.147  -2.956 0.0000000000
84626  -29.305  -7.608  -3.813 0.0000000000
85706  -30.501  -7.048  -3.403 0.0000000000
80374  -26.874  -11.556  -5.206 0.0000000000
80358  -28.242  -11.290  -4.329 0.0000000000
80339  -29.391  -11.053  -3.181 0.0000000000
78241  -29.346  -13.288  -3.499 0.0000000000
79276  -29.548  -12.318  -3.095 0.0000000000
81449  -30.662  -10.691  -2.178 0.0000000000
80319  -31.512  -11.229  -1.702 0.0000000000
81436  -33.142  -10.492  -1.465 0.0000000000
71347  -27.259  -19.587  -2.748 0.0000000000
71329  -29.235  -19.469  -1.535 0.0000000000
71330  -30.125  -18.799  -1.305 0.0000000000
73594  -29.746  -17.637  -2.336 0.0000000000
73596  -31.092  -17.359  -1.271 0.0000000000
72448  -30.502  -18.061  -1.430 0.0000000000
64629  -27.983  -25.284  2.632 0.0000000000
91063  -25.844  -1.586  -3.415 0.0000000000
86825  -26.902  -6.137  -3.516 0.0000000000
86824  -26.170  -5.852  -3.624 0.0000000000
86808  -27.068  -5.638  -3.450 0.0000000000
85718  -27.773  -6.357  -3.591 0.0000000000
82572  -29.629  -9.299  -3.238 0.0000000000
82573  -30.502  -9.480  -2.419 0.0000000000
77146  -27.025  -14.136  -5.442 0.0000000000
78252  -27.407  -13.527  -5.214 0.0000000000
77136  -28.226  -14.199  -4.795 0.0000000000
78229  -31.740  -13.333  -1.902 0.0000000000
78230  -32.379  -13.149  -1.697 0.0000000000
78211  -33.103  -13.432  -1.557 0.0000000000
84634  -25.667  -7.962  -4.651 0.0000000000
84635  -26.789  -7.833  -4.037 0.0000000000
82599  -26.661  -9.756  -4.748 0.0000000000
82600  -27.760  -9.585  -4.247 0.0000000000
81463  -28.147  -10.422  -4.254 0.0000000000
74702  -28.264  -16.376  -4.232 0.0000000000
75942  -28.623  -15.181  -4.244 0.0000000000
74703  -29.190  -16.138  -3.546 0.0000000000
74689  -30.646  -16.262  -2.297 0.0000000000
75931  -29.979  -15.321  -2.989 0.0000000000
75921  -31.981  -15.153  -1.669 0.0000000000
63561  -26.292  -26.112  2.684 0.0000000000
63535  -25.855  -26.758  2.943 0.0000000000
66765  -28.115  -22.795  0.596 0.0000000000
72476  -27.488  -18.096  -3.709 0.0000000000
72477  -28.032  -18.114  -3.411 0.0000000000
72463  -28.573  -18.145  -2.969 0.0000000000
97823  -24.905  5.824  -4.012 0.0000000000
98672  -25.151  6.704  -4.323 0.0000000000
97824  -25.569  5.832  -4.229 0.0000000000
98674  -26.929  6.611  -4.487 0.0000000000
97825  -26.445  5.721  -4.303 0.0000000000
95968  -25.303  3.529  -3.918 0.0000000000
96962  -25.473  4.252  -3.914 0.0000000000
95977  -25.877  3.952  -3.920 0.0000000000
96975  -26.960  4.764  -4.222 0.0000000000
96976  -27.959  4.646  -4.405 0.0000000000
95971  -27.895  3.008  -4.008 0.0000000000
95009  -28.765  2.392  -3.775 0.0000000000
94005  -28.263  1.367  -3.428 0.0000000000
92023  -27.413  -0.608  -3.314 0.0000000000
92980  -26.769  0.442  -3.387 0.0000000000
92982  -28.825  0.337  -3.491 0.0000000000
92025  -29.399  -0.695  -3.673 0.0000000000
91066  -29.085  -1.728  -3.562 0.0000000000
90029  -29.493  -2.782  -4.143 0.0000000000
90043  -30.003  -2.728  -4.946 0.0000000000
87879  -25.291  -4.982  -4.072 0.0000000000
88949  -25.385  -4.051  -3.753 0.0000000000
88935  -25.551  -3.492  -3.631 0.0000000000
88936  -26.255  -3.833  -3.389 0.0000000000
87865  -28.304  -4.737  -3.625 0.0000000000
88939  -29.250  -3.790  -4.126 0.0000000000
86826  -29.613  -5.368  -4.469 0.0000000000
86811  -30.132  -5.988  -4.314 0.0000000000
86812  -30.985  -5.579  -3.801 0.0000000000
84637  -28.611  -7.776  -3.842 0.0000000000
85732  -28.752  -7.290  -3.824 0.0000000000
84615  -30.548  -7.554  -3.096 0.0000000000
85708  -31.633  -6.623  -2.397 0.0000000000
82562  -31.880  -9.388  -1.545 0.0000000000
81491  -26.254  -11.390  -5.556 0.0000000000
80375  -27.625  -11.885  -4.795 0.0000000000
80359  -28.920  -11.719  -3.783 0.0000000000
77124  -29.316  -14.369  -3.544 0.0000000000
78240  -28.762  -13.522  -4.161 0.0000000000
78227  -29.980  -13.539  -2.868 0.0000000000
80340  -30.104  -11.420  -2.589 0.0000000000
80320  -32.511  -11.325  -1.522 0.0000000000
80321  -33.442  -11.441  -1.488 0.0000000000
70184  -28.981  -20.170  -1.148 0.0000000000
71308  -29.646  -19.720  -0.890 0.0000000000
82598  -25.932  -9.703  -5.236 0.0000000000
81477  -26.377  -10.576  -5.298 0.0000000000
73611  -30.064  -16.880  -2.595 0.0000000000
74677  -30.904  -16.827  -1.782 0.0000000000
74678  -31.607  -16.324  -1.455 0.0000000000
66740  -26.536  -23.785  0.987 0.0000000000
65698  -26.814  -24.148  1.670 0.0000000000
65674  -27.466  -24.268  2.122 0.0000000000
73623  -27.035  -17.243  -4.320 0.0000000000
73622  -26.123  -17.455  -4.203 0.0000000000
71360  -27.144  -18.740  -3.469 0.0000000000
95969  -26.194  3.208  -3.906 0.0000000000
95006  -25.716  2.429  -3.830 0.0000000000
95007  -26.670  2.315  -3.696 0.0000000000
94003  -26.198  1.450  -3.561 0.0000000000
92021  -25.208  -0.467  -3.575 0.0000000000
90027  -27.767  -2.722  -3.217 0.0000000000
87863  -26.499  -4.794  -3.431 0.0000000000
85720  -30.067  -6.895  -3.886 0.0000000000
83605  -29.622  -8.410  -3.538 0.0000000000
83597  -30.201  -8.487  -3.036 0.0000000000
82561  -31.171  -9.161  -1.886 0.0000000000
79323  -26.661  -13.068  -5.349 0.0000000000
79306  -27.742  -12.739  -4.896 0.0000000000
77113  -30.550  -14.390  -2.590 0.0000000000
79278  -31.354  -12.414  -1.956 0.0000000000
79256  -33.747  -12.386  -1.421 0.0000000000
67957  -27.530  -22.216  -0.398 0.0000000000
69103  -26.776  -21.870  -1.170 0.0000000000
70162  -27.889  -20.918  -1.179 0.0000000000
70182  -27.520  -20.323  -1.979 0.0000000000
70163  -28.705  -20.680  -0.837 0.0000000000
85730  -27.094  -6.804  -3.635 0.0000000000
84636  -27.804  -7.771  -3.864 0.0000000000
83617  -28.385  -8.481  -3.928 0.0000000000
83615  -26.728  -8.801  -4.397 0.0000000000
82585  -28.833  -9.369  -3.760 0.0000000000
82571  -29.274  -9.551  -3.454 0.0000000000
81447  -29.295  -10.013  -3.347 0.0000000000
75954  -27.969  -14.979  -5.022 0.0000000000
77114  -31.489  -14.377  -2.037 0.0000000000
77098  -32.087  -14.467  -1.734 0.0000000000
77099  -32.672  -14.429  -1.569 0.0000000000
62545  -25.240  -27.067  2.886 0.0000000000
67939  -27.048  -22.911  -0.182 0.0000000000
66763  -26.342  -23.680  0.365 0.0000000000
67940  -27.797  -22.603  0.115 0.0000000000
67917  -28.706  -22.641  0.873 0.0000000000
75953  -27.244  -15.212  -5.275 0.0000000000
73609  -28.681  -17.653  -3.157 0.0000000000
72464  -29.147  -18.095  -2.567 0.0000000000
96960  -23.960  4.620  -3.290 0.0000000000
97826  -27.447  5.649  -4.394 0.0000000000
95980  -28.518  3.563  -4.242 0.0000000000
95981  -29.432  3.598  -4.390 0.0000000000
95014  -29.754  2.438  -4.301 0.0000000000
94012  -29.750  1.262  -4.160 0.0000000000
94004  -27.224  1.394  -3.411 0.0000000000
94006  -29.168  1.271  -3.653 0.0000000000
92990  -30.157  0.302  -4.565 0.0000000000
92038  -30.472  -0.776  -5.134 0.0000000000
90041  -24.787  -3.304  -4.147 0.0000000000
87867  -31.520  -4.776  -3.817 0.0000000000
86813  -31.987  -5.007  -3.064 0.0000000000
85707  -30.811  -6.690  -3.163 0.0000000000
84604  -32.035  -7.978  -1.582 0.0000000000
81464  -28.756  -10.548  -3.801 0.0000000000
79291  -29.030  -12.661  -3.811 0.0000000000
81435  -32.180  -10.348  -1.498 0.0000000000
71327  -27.624  -19.917  -2.285 0.0000000000
71328  -28.088  -19.803  -2.116 0.0000000000
71348  -28.355  -19.083  -2.514 0.0000000000
63560  -25.235  -26.331  2.424 0.0000000000
86828  -30.642  -5.130  -4.650 0.0000000000
87880  -25.930  -4.898  -3.583 0.0000000000
