#!ascii label  , from subject 3472 vox2ras=TkReg
1202
113880  45.546  25.043  25.757 0.0000000000
117813  49.788  31.285  28.799 0.0000000000
110765  53.278  21.659  33.640 0.0000000000
113079  40.367  24.578  29.033 0.0000000000
113005  43.914  23.952  33.067 0.0000000000
117854  49.043  31.385  26.702 0.0000000000
119009  43.858  34.149  33.230 0.0000000000
121388  46.739  37.806  31.094 0.0000000000
110703  53.734  21.371  39.078 0.0000000000
107700  50.171  17.088  37.460 0.0000000000
114557  51.829  26.921  24.858 0.0000000000
111527  49.981  22.298  28.654 0.0000000000
113054  51.074  24.665  30.235 0.0000000000
114441  51.391  27.174  36.494 0.0000000000
121428  43.612  37.789  27.335 0.0000000000
119660  51.645  35.067  27.374 0.0000000000
110728  47.404  21.377  36.128 0.0000000000
113105  42.561  24.443  27.228 0.0000000000
112284  42.366  24.088  30.224 0.0000000000
113091  44.633  24.211  28.297 0.0000000000
115144  48.495  27.593  27.624 0.0000000000
115147  44.198  27.312  27.201 0.0000000000
121981  46.830  38.596  34.792 0.0000000000
110005  52.444  19.782  40.698 0.0000000000
107691  54.256  17.001  38.806 0.0000000000
106016  54.454  15.141  40.019 0.0000000000
123423  45.719  41.222  25.182 0.0000000000
115747  52.294  28.916  27.900 0.0000000000
113853  51.639  25.142  27.249 0.0000000000
115729  50.335  28.365  30.193 0.0000000000
118332  49.336  32.155  38.844 0.0000000000
115680  51.034  29.106  35.409 0.0000000000
115647  50.684  28.515  37.746 0.0000000000
113750  50.084  25.682  38.924 0.0000000000
119642  49.030  34.904  30.527 0.0000000000
120788  49.578  36.305  30.259 0.0000000000
119043  51.179  33.251  28.664 0.0000000000
117866  52.540  31.549  26.170 0.0000000000
110791  52.179  21.415  31.274 0.0000000000
111483  49.438  22.532  32.678 0.0000000000
110736  50.866  21.439  35.176 0.0000000000
111472  40.883  21.892  33.860 0.0000000000
110067  42.664  20.692  34.642 0.0000000000
119702  49.338  35.590  24.547 0.0000000000
119078  47.152  33.339  26.293 0.0000000000
118392  46.264  32.297  30.665 0.0000000000
117067  48.222  29.725  31.950 0.0000000000
125926  42.480  44.936  31.723 0.0000000000
122684  43.831  40.063  31.378 0.0000000000
120769  45.712  36.347  31.963 0.0000000000
111431  54.179  22.159  36.931 0.0000000000
110044  52.194  20.489  36.568 0.0000000000
109287  53.568  18.948  38.412 0.0000000000
106850  52.873  16.002  35.365 0.0000000000
113876  49.240  25.157  25.021 0.0000000000
112320  47.931  23.356  26.480 0.0000000000
112341  51.278  23.238  24.965 0.0000000000
112302  53.034  22.510  28.011 0.0000000000
113034  53.481  23.275  31.497 0.0000000000
114480  48.791  27.058  33.044 0.0000000000
114465  51.858  26.620  33.886 0.0000000000
112981  52.780  24.249  34.638 0.0000000000
112191  51.822  23.004  37.253 0.0000000000
111410  50.064  22.680  39.720 0.0000000000
122757  43.165  40.138  25.474 0.0000000000
122057  46.895  39.467  25.911 0.0000000000
120810  48.879  36.132  27.172 0.0000000000
121434  50.377  37.179  25.974 0.0000000000
119090  51.045  33.678  25.502 0.0000000000
115773  50.580  28.625  26.020 0.0000000000
113038  47.066  24.447  30.915 0.0000000000
111467  45.732  22.969  34.450 0.0000000000
108547  44.302  19.376  34.391 0.0000000000
109302  48.334  19.305  37.530 0.0000000000
113113  44.324  24.535  26.267 0.0000000000
112308  43.790  23.932  28.040 0.0000000000
112323  44.995  23.577  26.950 0.0000000000
114546  47.248  26.060  26.700 0.0000000000
114519  45.924  26.882  27.821 0.0000000000
114548  45.252  26.127  26.485 0.0000000000
114550  43.636  26.043  26.569 0.0000000000
109260  50.920  19.224  42.189 0.0000000000
108510  53.394  18.360  40.616 0.0000000000
107674  52.372  17.158  41.220 0.0000000000
107738  40.784  17.597  32.194 0.0000000000
117101  51.262  29.953  28.741 0.0000000000
115736  51.437  28.759  28.985 0.0000000000
116406  50.615  29.490  29.608 0.0000000000
117001  48.239  30.069  38.501 0.0000000000
116999  49.623  30.725  38.400 0.0000000000
118410  49.217  32.610  28.808 0.0000000000
119650  50.056  34.369  29.725 0.0000000000
118427  50.981  32.338  28.433 0.0000000000
117810  51.934  31.528  28.156 0.0000000000
110781  53.253  21.639  32.899 0.0000000000
110767  51.934  21.322  33.188 0.0000000000
110751  52.794  21.180  34.344 0.0000000000
113081  39.041  24.607  30.066 0.0000000000
112287  40.083  23.705  31.016 0.0000000000
113043  42.967  24.143  31.820 0.0000000000
112257  41.353  23.026  32.286 0.0000000000
112238  42.089  23.002  33.390 0.0000000000
110756  42.258  21.423  34.528 0.0000000000
111470  42.914  22.132  34.617 0.0000000000
118469  49.351  32.853  26.021 0.0000000000
119688  48.246  34.586  25.134 0.0000000000
119077  48.154  33.242  26.146 0.0000000000
114522  41.177  25.948  28.538 0.0000000000
113840  39.593  25.429  29.417 0.0000000000
119021  44.572  33.365  31.913 0.0000000000
117763  45.260  31.798  31.716 0.0000000000
118380  44.148  31.919  32.914 0.0000000000
120182  45.161  36.178  34.376 0.0000000000
121372  45.765  37.773  33.766 0.0000000000
119628  44.960  35.342  32.163 0.0000000000
119019  46.141  34.165  31.019 0.0000000000
111421  54.051  21.947  37.774 0.0000000000
110033  53.912  20.251  37.570 0.0000000000
109295  54.329  19.786  38.452 0.0000000000
132221  55.049  15.844  36.262 0.0000000000
106836  53.826  15.819  37.196 0.0000000000
106063  53.501  15.106  34.949 0.0000000000
113875  50.141  25.537  24.871 0.0000000000
113130  49.913  24.276  24.495 0.0000000000
113128  51.452  24.688  24.498 0.0000000000
113847  51.162  25.012  28.333 0.0000000000
113099  52.278  24.007  27.134 0.0000000000
113070  52.158  23.697  29.207 0.0000000000
112279  53.419  22.473  29.703 0.0000000000
113035  52.909  23.762  31.093 0.0000000000
117045  47.666  30.089  33.823 0.0000000000
115719  48.680  28.407  31.898 0.0000000000
115691  48.579  28.676  33.916 0.0000000000
115678  51.768  28.625  36.147 0.0000000000
115059  51.444  27.610  34.693 0.0000000000
114453  52.144  26.643  34.813 0.0000000000
113780  52.771  25.036  33.878 0.0000000000
113772  51.974  25.702  34.996 0.0000000000
112201  52.531  23.482  35.970 0.0000000000
113765  50.816  25.435  36.085 0.0000000000
113723  49.755  25.508  40.990 0.0000000000
112182  49.917  23.487  39.083 0.0000000000
122060  43.201  38.606  26.678 0.0000000000
122733  44.872  39.824  25.868 0.0000000000
121440  45.023  38.318  26.392 0.0000000000
122701  45.423  39.361  30.976 0.0000000000
122020  44.006  38.306  30.900 0.0000000000
121398  46.648  37.826  30.453 0.0000000000
120224  51.154  35.438  28.942 0.0000000000
120233  49.017  35.803  28.815 0.0000000000
120239  50.276  35.982  27.798 0.0000000000
120820  49.423  36.888  26.506 0.0000000000
120817  51.106  36.076  26.793 0.0000000000
120252  51.212  35.640  25.985 0.0000000000
119672  51.584  34.700  26.447 0.0000000000
115781  52.220  28.673  26.059 0.0000000000
117161  51.725  30.519  25.761 0.0000000000
115166  51.434  27.745  25.333 0.0000000000
114543  50.346  27.121  25.700 0.0000000000
112304  49.570  22.958  27.365 0.0000000000
113073  47.446  24.337  28.543 0.0000000000
112282  48.574  23.633  29.763 0.0000000000
111448  48.666  22.447  34.603 0.0000000000
111485  47.647  23.263  33.551 0.0000000000
110739  46.996  21.945  35.548 0.0000000000
110741  44.970  21.594  35.457 0.0000000000
110050  45.772  20.448  36.032 0.0000000000
109290  51.176  18.813  38.286 0.0000000000
110037  50.232  20.048  37.505 0.0000000000
107701  49.168  17.420  37.157 0.0000000000
113107  41.596  24.474  28.074 0.0000000000
112298  40.890  23.933  29.693 0.0000000000
112310  41.951  24.046  28.638 0.0000000000
113078  43.072  24.367  30.105 0.0000000000
113041  44.524  24.716  31.365 0.0000000000
116434  49.313  29.553  27.047 0.0000000000
114537  42.113  25.907  27.623 0.0000000000
110014  52.879  20.490  40.194 0.0000000000
109277  54.415  19.150  39.480 0.0000000000
109271  53.913  19.212  40.113 0.0000000000
107683  54.787  16.437  39.361 0.0000000000
115155  52.576  27.741  26.122 0.0000000000
113861  52.515  25.623  26.003 0.0000000000
115142  52.077  27.627  27.556 0.0000000000
114516  51.040  26.606  28.350 0.0000000000
114508  50.398  26.495  29.518 0.0000000000
117722  48.534  31.774  36.565 0.0000000000
116341  49.632  29.812  35.106 0.0000000000
117720  50.668  31.111  36.800 0.0000000000
117012  51.302  29.663  37.283 0.0000000000
115023  51.314  28.128  37.497 0.0000000000
114439  50.490  26.271  37.957 0.0000000000
114422  50.477  26.803  38.565 0.0000000000
114410  49.973  26.421  39.652 0.0000000000
114394  49.413  26.109  41.758 0.0000000000
121420  42.641  37.448  28.347 0.0000000000
120767  47.928  36.799  31.058 0.0000000000
120780  48.153  36.960  30.435 0.0000000000
120220  49.627  35.619  30.737 0.0000000000
119640  50.813  35.083  29.813 0.0000000000
119653  51.843  34.203  28.499 0.0000000000
119074  52.203  33.438  27.075 0.0000000000
118445  52.371  32.503  27.376 0.0000000000
116433  52.665  29.698  27.035 0.0000000000
110799  51.357  21.434  30.120 0.0000000000
111513  49.738  22.283  30.832 0.0000000000
110784  51.225  21.484  31.838 0.0000000000
111463  50.045  22.094  33.285 0.0000000000
110727  48.574  21.448  36.224 0.0000000000
106853  50.238  16.679  35.047 0.0000000000
106854  49.242  16.899  35.015 0.0000000000
110770  39.486  21.395  33.663 0.0000000000
112275  40.555  23.335  31.500 0.0000000000
112240  40.617  22.502  33.072 0.0000000000
110759  40.106  21.128  33.927 0.0000000000
109320  40.815  20.216  34.266 0.0000000000
109331  41.581  19.418  34.105 0.0000000000
108559  41.997  18.804  33.597 0.0000000000
120267  48.116  36.005  24.084 0.0000000000
119704  47.559  35.233  24.532 0.0000000000
117791  47.966  31.859  29.528 0.0000000000
117084  49.440  29.817  30.346 0.0000000000
117761  47.072  30.857  30.924 0.0000000000
117055  46.879  30.391  32.546 0.0000000000
117739  46.594  30.793  34.476 0.0000000000
117723  47.426  31.636  36.506 0.0000000000
118351  47.450  32.313  38.236 0.0000000000
124040  43.640  42.129  31.449 0.0000000000
123338  45.434  41.120  31.344 0.0000000000
122003  46.251  38.984  31.383 0.0000000000
120768  46.368  36.979  31.610 0.0000000000
119634  46.876  35.067  31.149 0.0000000000
119026  47.337  33.623  30.126 0.0000000000
110749  53.995  21.766  35.045 0.0000000000
110734  52.982  20.827  35.122 0.0000000000
110053  53.646  20.699  36.107 0.0000000000
109298  52.600  19.554  37.936 0.0000000000
107695  51.646  17.402  38.112 0.0000000000
108523  54.142  18.175  38.868 0.0000000000
106832  53.028  16.750  37.711 0.0000000000
106846  51.432  16.431  36.105 0.0000000000
113878  47.345  24.983  25.525 0.0000000000
112334  46.581  23.554  26.142 0.0000000000
112344  48.430  23.676  25.294 0.0000000000
112331  49.618  22.899  25.868 0.0000000000
111542  50.903  22.310  26.996 0.0000000000
113110  52.395  24.271  25.903 0.0000000000
111547  52.436  22.403  26.685 0.0000000000
111533  51.801  21.643  28.029 0.0000000000
110811  53.785  21.057  29.125 0.0000000000
111510  53.470  22.202  31.326 0.0000000000
111481  53.568  22.172  32.895 0.0000000000
116395  49.149  29.419  31.054 0.0000000000
115111  49.617  27.467  30.737 0.0000000000
113824  49.993  25.579  31.107 0.0000000000
115686  49.784  28.778  34.909 0.0000000000
114478  50.344  26.183  33.278 0.0000000000
113814  51.615  24.894  31.811 0.0000000000
113016  52.666  24.600  32.191 0.0000000000
113000  53.191  24.341  33.205 0.0000000000
112217  53.553  23.257  34.212 0.0000000000
112199  53.671  23.067  35.563 0.0000000000
111432  53.556  22.504  37.040 0.0000000000
111423  53.008  22.115  38.199 0.0000000000
112964  49.799  24.316  38.421 0.0000000000
111425  51.438  22.497  38.614 0.0000000000
110705  52.652  21.686  39.249 0.0000000000
110689  51.370  21.226  40.399 0.0000000000
122756  44.264  40.360  25.526 0.0000000000
122731  46.752  40.356  25.702 0.0000000000
122075  48.015  39.812  25.704 0.0000000000
120791  47.287  36.699  29.504 0.0000000000
120812  45.672  36.782  27.173 0.0000000000
120822  47.163  37.097  26.458 0.0000000000
122055  48.885  38.330  25.866 0.0000000000
122087  49.444  38.410  25.320 0.0000000000
120264  50.470  36.431  24.832 0.0000000000
119686  50.524  34.684  25.214 0.0000000000
118456  50.493  32.055  25.892 0.0000000000
118465  52.250  32.508  25.881 0.0000000000
117868  51.278  31.556  25.675 0.0000000000
117149  49.864  30.384  26.599 0.0000000000
115143  49.362  27.770  26.918 0.0000000000
114545  48.450  26.237  26.595 0.0000000000
113103  46.222  23.741  27.486 0.0000000000
113825  46.041  25.084  29.714 0.0000000000
113020  45.260  24.604  32.043 0.0000000000
112252  48.222  23.431  31.423 0.0000000000
112254  46.799  24.214  32.525 0.0000000000
112220  44.998  23.406  34.000 0.0000000000
111452  44.480  22.147  35.083 0.0000000000
109317  43.133  20.049  34.491 0.0000000000
110724  51.750  20.759  36.083 0.0000000000
110046  50.031  20.737  36.917 0.0000000000
110048  47.660  20.552  36.792 0.0000000000
107706  47.792  17.580  35.840 0.0000000000
108537  46.029  19.110  36.045 0.0000000000
106018  52.560  15.618  40.252 0.0000000000
104290  52.669  13.986  38.075 0.0000000000
113881  44.871  24.952  25.920 0.0000000000
112336  44.582  23.815  26.474 0.0000000000
113112  44.971  24.106  25.969 0.0000000000
113866  45.849  25.572  26.049 0.0000000000
114547  46.164  26.029  26.617 0.0000000000
113867  45.043  25.573  26.098 0.0000000000
113868  44.329  25.422  26.276 0.0000000000
108503  51.498  18.843  41.655 0.0000000000
117125  50.411  30.687  28.822 0.0000000000
117102  50.853  30.090  28.931 0.0000000000
117103  49.803  30.147  29.704 0.0000000000
117814  49.381  31.853  28.757 0.0000000000
118409  49.866  32.715  28.571 0.0000000000
117812  50.652  31.438  28.488 0.0000000000
117124  50.981  30.777  28.554 0.0000000000
110766  52.741  21.357  33.446 0.0000000000
113080  39.525  24.620  29.702 0.0000000000
113063  39.533  24.159  30.535 0.0000000000
113062  40.178  24.229  29.908 0.0000000000
113022  43.602  24.121  32.497 0.0000000000
112255  43.040  23.956  32.649 0.0000000000
112237  43.271  23.710  33.290 0.0000000000
112222  43.043  23.017  34.173 0.0000000000
119076  48.621  33.169  26.074 0.0000000000
118458  48.726  32.658  26.280 0.0000000000
113849  40.957  25.151  28.397 0.0000000000
113839  40.449  25.735  28.972 0.0000000000
113841  38.850  25.100  29.783 0.0000000000
119013  44.123  33.737  32.526 0.0000000000
118386  44.218  32.602  32.437 0.0000000000
119014  43.774  33.617  33.011 0.0000000000
120194  44.648  35.636  33.690 0.0000000000
120193  45.062  36.262  33.360 0.0000000000
119629  44.539  35.000  32.676 0.0000000000
119636  44.684  34.201  31.918 0.0000000000
111414  53.868  21.640  38.509 0.0000000000
110709  54.201  21.194  38.254 0.0000000000
110702  54.124  20.981  38.930 0.0000000000
106057  54.252  15.414  36.308 0.0000000000
114565  51.441  26.019  24.527 0.0000000000
113885  51.156  25.139  24.434 0.0000000000
114564  52.128  26.066  24.731 0.0000000000
113071  51.331  24.392  29.333 0.0000000000
113086  51.496  24.196  28.723 0.0000000000
113052  52.722  23.518  30.112 0.0000000000
113053  52.055  24.130  30.203 0.0000000000
116348  48.122  29.978  34.079 0.0000000000
116352  48.026  29.678  33.615 0.0000000000
116347  48.613  29.606  34.444 0.0000000000
115051  51.660  27.800  36.409 0.0000000000
115054  51.713  27.733  35.414 0.0000000000
114446  51.520  26.677  35.756 0.0000000000
113773  51.449  25.267  35.473 0.0000000000
114447  51.084  26.062  35.956 0.0000000000
112932  49.661  25.068  41.264 0.0000000000
122045  42.981  38.048  27.197 0.0000000000
121441  44.151  38.224  26.688 0.0000000000
121427  44.673  37.610  26.933 0.0000000000
122018  46.020  38.785  30.782 0.0000000000
120230  51.261  35.518  28.009 0.0000000000
120231  50.676  35.775  28.456 0.0000000000
120238  50.854  35.900  27.577 0.0000000000
120808  50.545  36.313  27.072 0.0000000000
120237  51.218  35.796  27.219 0.0000000000
120245  51.336  35.611  26.697 0.0000000000
115165  52.115  27.741  25.510 0.0000000000
115782  51.750  28.628  25.746 0.0000000000
114558  50.700  26.759  25.168 0.0000000000
112293  49.456  22.946  28.278 0.0000000000
112294  48.825  23.542  28.736 0.0000000000
112281  49.237  22.865  29.231 0.0000000000
110738  48.125  22.077  35.525 0.0000000000
111449  47.524  22.545  34.824 0.0000000000
110056  46.008  21.002  35.993 0.0000000000
110049  46.547  20.624  36.334 0.0000000000
108528  50.531  18.117  38.197 0.0000000000
108531  49.595  18.162  37.794 0.0000000000
107704  49.524  16.907  36.609 0.0000000000
113106  41.893  24.466  27.767 0.0000000000
112326  42.325  24.104  27.932 0.0000000000
112295  43.371  24.185  28.736 0.0000000000
113077  43.692  24.510  29.525 0.0000000000
113060  43.744  24.615  30.632 0.0000000000
113076  44.534  24.688  29.131 0.0000000000
115764  48.624  28.644  27.567 0.0000000000
116421  47.903  29.178  27.991 0.0000000000
115128  48.026  28.080  28.086 0.0000000000
115131  44.895  27.264  27.963 0.0000000000
115130  46.078  27.462  28.422 0.0000000000
114551  43.054  25.672  26.748 0.0000000000
113855  42.527  25.445  27.136 0.0000000000
113856  41.939  25.083  27.533 0.0000000000
110013  53.863  20.188  39.953 0.0000000000
109272  53.224  19.477  40.500 0.0000000000
106809  54.146  15.934  39.864 0.0000000000
107672  54.113  17.018  40.107 0.0000000000
106808  54.902  15.571  39.950 0.0000000000
106048  55.640  15.171  38.869 0.0000000000
105137  54.568  14.500  39.211 0.0000000000
123438  45.094  41.523  24.618 0.0000000000
124134  44.474  41.911  24.017 0.0000000000
115762  52.454  28.851  27.381 0.0000000000
115141  52.453  27.737  27.051 0.0000000000
115125  52.218  28.267  27.764 0.0000000000
115737  50.891  28.542  29.565 0.0000000000
115127  51.232  27.501  28.602 0.0000000000
115118  50.844  27.490  29.151 0.0000000000
118365  49.421  32.319  37.705 0.0000000000
117721  49.820  31.720  36.660 0.0000000000
117704  50.042  31.996  37.908 0.0000000000
116308  50.240  29.400  37.724 0.0000000000
116998  50.519  30.225  37.750 0.0000000000
116307  50.866  29.387  37.549 0.0000000000
115666  51.438  28.632  37.327 0.0000000000
115646  51.113  28.575  37.583 0.0000000000
115024  50.996  27.826  37.825 0.0000000000
115025  50.515  27.638  38.223 0.0000000000
115016  49.749  26.901  39.333 0.0000000000
115006  49.683  26.805  40.078 0.0000000000
114404  49.549  26.408  40.644 0.0000000000
119632  48.636  35.430  30.940 0.0000000000
120766  49.074  36.306  31.081 0.0000000000
120221  49.008  35.578  31.081 0.0000000000
119033  50.695  33.806  29.157 0.0000000000
119649  50.807  34.517  29.613 0.0000000000
119032  51.301  33.986  29.136 0.0000000000
119648  51.417  34.715  29.259 0.0000000000
119042  51.677  33.551  28.556 0.0000000000
119059  52.126  33.428  27.927 0.0000000000
118425  52.108  32.519  28.054 0.0000000000
116419  52.293  29.711  27.906 0.0000000000
117122  52.235  30.770  27.929 0.0000000000
115772  52.514  28.733  26.646 0.0000000000
110798  52.206  21.388  30.376 0.0000000000
110792  51.337  21.458  30.956 0.0000000000
110753  50.754  21.747  34.019 0.0000000000
110768  51.063  21.592  32.814 0.0000000000
110737  49.531  21.932  35.191 0.0000000000
111489  38.959  22.269  33.325 0.0000000000
111505  39.919  22.598  32.881 0.0000000000
112285  41.562  23.750  30.399 0.0000000000
112274  41.486  23.441  31.339 0.0000000000
111486  41.512  22.564  33.495 0.0000000000
112239  41.153  22.649  33.004 0.0000000000
111487  41.020  22.324  33.466 0.0000000000
111473  40.431  21.756  33.777 0.0000000000
110758  40.597  21.349  34.078 0.0000000000
110070  40.401  20.822  34.135 0.0000000000
110757  41.364  21.413  34.298 0.0000000000
110068  41.784  20.728  34.481 0.0000000000
109318  42.172  20.049  34.411 0.0000000000
120265  49.977  36.025  24.580 0.0000000000
119093  47.682  33.877  25.732 0.0000000000
119689  47.050  34.515  25.157 0.0000000000
119094  46.533  33.894  25.756 0.0000000000
117774  47.204  31.583  30.167 0.0000000000
117775  46.576  31.975  30.470 0.0000000000
117056  46.041  30.729  32.482 0.0000000000
117047  46.301  30.594  33.310 0.0000000000
117731  46.805  31.074  35.328 0.0000000000
117705  47.986  32.112  37.381 0.0000000000
124716  42.902  43.116  31.337 0.0000000000
124039  44.848  42.237  31.427 0.0000000000
123337  46.218  41.022  31.552 0.0000000000
122682  45.859  39.946  31.274 0.0000000000
120757  45.523  37.037  32.728 0.0000000000
120756  45.909  37.596  32.233 0.0000000000
121378  46.150  38.128  31.897 0.0000000000
120213  46.264  35.885  31.648 0.0000000000
119028  45.918  33.358  30.875 0.0000000000
119644  46.903  34.236  30.639 0.0000000000
118398  46.745  32.625  30.252 0.0000000000
118397  47.531  32.612  29.708 0.0000000000
110732  54.231  21.673  35.659 0.0000000000
110723  54.128  21.019  36.034 0.0000000000
110722  54.305  21.456  36.554 0.0000000000
109296  54.021  19.692  38.157 0.0000000000
109297  53.405  19.623  38.013 0.0000000000
109288  52.812  18.907  38.333 0.0000000000
109289  51.962  18.892  38.343 0.0000000000
108526  52.205  18.105  38.492 0.0000000000
108516  54.373  18.236  39.212 0.0000000000
106844  53.121  16.035  36.247 0.0000000000
106837  53.285  16.222  37.124 0.0000000000
106838  52.527  16.491  37.165 0.0000000000
106839  51.677  16.485  36.961 0.0000000000
106845  52.297  16.305  36.179 0.0000000000
106852  51.218  16.476  35.156 0.0000000000
106851  52.136  16.295  35.246 0.0000000000
113877  48.308  25.082  25.279 0.0000000000
113121  48.007  24.341  25.167 0.0000000000
113132  48.629  24.329  24.900 0.0000000000
112342  50.413  23.064  24.873 0.0000000000
112343  49.449  23.118  25.056 0.0000000000
111557  50.101  22.826  25.312 0.0000000000
112330  50.188  22.660  26.129 0.0000000000
111549  50.837  22.595  26.104 0.0000000000
114542  52.097  25.855  26.631 0.0000000000
113862  52.253  24.845  26.532 0.0000000000
112316  52.660  23.163  27.306 0.0000000000
113098  52.604  23.568  26.652 0.0000000000
112315  52.866  22.763  27.003 0.0000000000
111541  51.940  21.902  27.280 0.0000000000
111540  52.958  21.987  27.561 0.0000000000
110819  52.945  21.565  28.245 0.0000000000
111531  53.837  21.817  28.564 0.0000000000
112268  53.375  22.807  30.833 0.0000000000
111518  53.700  21.905  30.397 0.0000000000
112251  53.694  22.726  31.963 0.0000000000
117085  48.848  29.944  30.798 0.0000000000
115090  48.549  27.720  32.628 0.0000000000
115102  48.701  27.674  31.996 0.0000000000
114500  49.603  26.466  30.848 0.0000000000
114490  49.282  26.436  31.868 0.0000000000
116340  50.586  29.882  35.512 0.0000000000
115681  50.367  29.228  35.232 0.0000000000
115072  51.303  27.030  34.072 0.0000000000
115073  50.658  27.171  34.169 0.0000000000
114466  50.963  26.506  33.675 0.0000000000
113806  50.501  25.707  32.635 0.0000000000
113805  51.813  25.195  32.443 0.0000000000
113017  52.010  24.814  31.928 0.0000000000
113804  52.539  25.053  32.740 0.0000000000
112989  52.941  24.419  34.152 0.0000000000
113791  52.881  24.824  33.654 0.0000000000
112208  53.819  22.982  35.137 0.0000000000
112209  53.197  23.624  35.027 0.0000000000
112202  52.150  23.306  36.510 0.0000000000
112189  53.128  22.945  36.463 0.0000000000
112190  52.757  22.887  36.792 0.0000000000
111433  52.961  22.415  37.541 0.0000000000
111434  52.554  22.410  37.829 0.0000000000
113762  50.054  25.252  37.799 0.0000000000
111418  50.871  22.611  38.989 0.0000000000
111417  51.907  22.097  38.992 0.0000000000
111409  51.137  22.114  39.423 0.0000000000
110698  51.918  21.604  39.684 0.0000000000
122735  42.527  39.469  26.089 0.0000000000
122758  41.865  40.089  25.214 0.0000000000
122058  45.536  39.202  26.068 0.0000000000
122732  45.961  40.098  25.790 0.0000000000
122076  47.354  40.278  25.657 0.0000000000
122056  48.062  38.874  25.938 0.0000000000
120789  48.823  36.566  30.085 0.0000000000
120790  47.999  36.777  29.758 0.0000000000
120241  48.471  35.689  28.063 0.0000000000
120235  47.581  35.772  28.396 0.0000000000
120811  47.403  35.981  27.569 0.0000000000
120821  48.384  36.862  26.517 0.0000000000
120819  50.187  36.835  26.510 0.0000000000
121436  49.068  37.653  26.130 0.0000000000
121435  49.755  37.598  26.050 0.0000000000
122073  49.384  38.205  25.676 0.0000000000
121445  49.904  37.802  25.561 0.0000000000
121451  50.368  37.306  25.014 0.0000000000
121444  50.366  37.302  25.396 0.0000000000
119685  51.151  34.696  25.684 0.0000000000
119091  50.173  33.751  25.483 0.0000000000
118467  50.810  32.752  25.584 0.0000000000
118455  52.478  32.470  26.592 0.0000000000
119088  52.215  33.190  26.336 0.0000000000
116453  51.190  29.399  25.926 0.0000000000
116443  51.304  30.027  25.980 0.0000000000
117148  50.910  30.722  26.048 0.0000000000
116444  50.659  29.491  26.181 0.0000000000
116445  49.967  29.519  26.553 0.0000000000
115774  49.975  28.639  26.470 0.0000000000
114559  49.792  25.962  25.392 0.0000000000
114544  49.724  26.863  26.197 0.0000000000
113863  48.922  25.745  25.737 0.0000000000
113864  47.840  25.574  25.945 0.0000000000
112321  47.043  23.519  26.592 0.0000000000
112322  45.974  23.503  26.975 0.0000000000
113102  46.777  23.697  27.232 0.0000000000
113056  47.610  24.425  29.857 0.0000000000
113074  46.400  24.702  28.902 0.0000000000
113057  46.430  24.943  30.084 0.0000000000
113058  45.634  25.088  30.503 0.0000000000
113018  46.775  24.499  31.505 0.0000000000
111503  49.791  22.313  31.836 0.0000000000
111514  48.916  23.032  31.005 0.0000000000
111504  48.940  22.911  31.871 0.0000000000
111466  46.892  23.176  34.052 0.0000000000
112233  47.266  23.721  33.022 0.0000000000
112218  46.561  23.654  33.486 0.0000000000
112219  45.922  23.526  33.733 0.0000000000
111468  44.745  22.806  34.609 0.0000000000
109310  44.687  20.398  35.434 0.0000000000
110065  44.202  20.536  35.248 0.0000000000
109316  44.234  19.825  34.876 0.0000000000
109329  43.503  19.519  34.170 0.0000000000
109328  44.029  19.471  34.306 0.0000000000
110055  52.413  20.672  35.744 0.0000000000
109301  49.294  19.199  37.854 0.0000000000
110038  49.153  20.113  37.491 0.0000000000
110047  48.904  20.789  36.907 0.0000000000
110039  48.263  20.112  37.333 0.0000000000
106860  48.912  17.047  33.999 0.0000000000
107709  48.261  17.227  35.005 0.0000000000
107713  47.890  17.328  33.846 0.0000000000
113114  43.505  24.456  26.618 0.0000000000
112325  43.094  23.900  27.573 0.0000000000
112337  43.914  24.035  26.654 0.0000000000
112324  44.027  23.765  27.152 0.0000000000
112307  44.711  23.791  27.583 0.0000000000
114531  47.718  26.803  27.651 0.0000000000
114517  47.274  27.073  28.046 0.0000000000
114532  46.535  26.482  27.355 0.0000000000
114533  45.422  26.590  27.183 0.0000000000
114534  44.640  26.707  26.820 0.0000000000
114535  43.791  26.894  26.724 0.0000000000
114549  44.447  26.153  26.463 0.0000000000
113869  43.638  25.171  26.519 0.0000000000
109267  51.743  19.353  41.253 0.0000000000
109266  52.570  19.189  40.886 0.0000000000
108502  52.305  18.452  41.319 0.0000000000
108501  52.888  17.997  41.089 0.0000000000
106810  53.306  16.328  40.434 0.0000000000
116420  51.809  29.591  28.434 0.0000000000
115748  51.896  28.815  28.423 0.0000000000
116405  51.332  29.463  28.920 0.0000000000
116982  48.929  31.043  38.891 0.0000000000
117686  50.326  31.199  38.117 0.0000000000
115667  50.067  28.857  37.728 0.0000000000
119035  48.865  33.696  29.487 0.0000000000
119651  49.486  34.177  29.684 0.0000000000
119034  49.884  33.511  28.984 0.0000000000
119044  50.585  33.081  28.612 0.0000000000
118426  51.581  32.455  28.365 0.0000000000
117811  51.323  31.472  28.375 0.0000000000
117123  51.577  30.360  28.419 0.0000000000
110790  52.886  21.516  31.626 0.0000000000
110783  52.062  21.289  32.196 0.0000000000
110782  52.889  21.422  32.470 0.0000000000
110752  51.889  21.292  34.224 0.0000000000
112273  42.308  23.847  31.161 0.0000000000
112256  42.422  23.658  32.300 0.0000000000
111471  41.787  22.221  34.043 0.0000000000
112223  42.442  22.630  34.109 0.0000000000
110755  43.062  21.316  34.825 0.0000000000
119687  49.546  34.840  24.939 0.0000000000
119092  48.961  33.570  25.771 0.0000000000
118459  47.738  32.687  26.552 0.0000000000
114510  41.048  26.700  29.000 0.0000000000
114511  39.785  26.721  29.705 0.0000000000
118393  45.676  32.573  31.079 0.0000000000
117762  46.281  31.568  31.030 0.0000000000
118394  44.883  32.663  31.673 0.0000000000
117754  44.623  31.765  32.436 0.0000000000
121369  46.188  37.548  34.716 0.0000000000
121982  46.206  38.129  34.293 0.0000000000
120748  45.471  36.960  34.033 0.0000000000
120202  45.158  35.845  32.391 0.0000000000
120214  45.613  35.798  31.878 0.0000000000
119635  45.443  35.039  31.703 0.0000000000
119020  45.290  33.634  31.389 0.0000000000
110041  54.311  20.814  37.215 0.0000000000
110717  54.278  21.390  37.457 0.0000000000
110032  54.262  20.511  37.967 0.0000000000
109286  54.143  19.020  38.555 0.0000000000
106829  54.795  16.034  37.921 0.0000000000
106830  54.113  16.150  37.965 0.0000000000
106054  54.328  15.687  37.155 0.0000000000
106058  53.598  15.499  36.034 0.0000000000
106061  53.336  15.540  35.470 0.0000000000
113131  49.139  24.420  24.704 0.0000000000
113886  50.438  24.952  24.507 0.0000000000
113129  50.876  24.239  24.476 0.0000000000
113119  51.224  23.761  24.649 0.0000000000
113854  51.354  25.193  27.761 0.0000000000
113085  51.699  24.057  28.060 0.0000000000
112303  52.435  23.265  27.978 0.0000000000
112291  52.949  23.045  28.962 0.0000000000
112290  53.610  22.398  28.765 0.0000000000
113069  52.782  23.314  29.574 0.0000000000
112269  53.069  23.264  30.523 0.0000000000
117053  48.072  29.619  32.420 0.0000000000
116362  48.251  29.264  32.511 0.0000000000
115704  48.356  28.476  33.007 0.0000000000
115075  48.794  27.766  33.688 0.0000000000
116338  51.723  29.181  36.026 0.0000000000
115684  51.329  28.427  35.234 0.0000000000
115055  51.626  28.181  35.201 0.0000000000
115058  52.044  27.352  34.792 0.0000000000
114454  52.170  27.021  34.407 0.0000000000
113792  52.530  25.416  33.419 0.0000000000
114464  52.356  26.278  34.145 0.0000000000
113781  52.475  25.336  34.327 0.0000000000
112990  52.637  24.606  34.491 0.0000000000
112982  52.354  24.404  35.069 0.0000000000
112983  51.791  24.442  35.503 0.0000000000
112973  51.390  24.096  36.155 0.0000000000
112974  50.764  24.131  36.739 0.0000000000
113734  49.812  25.595  40.060 0.0000000000
112954  49.710  24.730  39.528 0.0000000000
112940  49.695  24.919  40.494 0.0000000000
112171  49.552  23.975  40.012 0.0000000000
122061  41.938  38.769  26.753 0.0000000000
122734  43.735  39.550  25.968 0.0000000000
122059  44.406  38.958  26.274 0.0000000000
121439  46.056  38.413  26.203 0.0000000000
122683  44.928  40.138  31.258 0.0000000000
122005  44.461  39.226  31.132 0.0000000000
122019  45.072  38.559  30.743 0.0000000000
121399  45.660  37.976  30.342 0.0000000000
120225  50.293  35.883  29.582 0.0000000000
120226  49.409  36.126  29.543 0.0000000000
120232  49.912  35.900  28.711 0.0000000000
120240  49.464  35.836  27.912 0.0000000000
120809  49.858  36.332  27.134 0.0000000000
120818  50.789  36.525  26.503 0.0000000000
120827  50.814  36.551  25.778 0.0000000000
120826  51.103  36.139  26.350 0.0000000000
119089  51.745  33.606  25.910 0.0000000000
116442  52.375  29.658  26.378 0.0000000000
117160  52.311  30.581  25.987 0.0000000000
116451  52.030  29.595  25.917 0.0000000000
116452  51.552  29.464  25.871 0.0000000000
115783  51.084  28.625  25.701 0.0000000000
115156  50.455  27.759  25.844 0.0000000000
115167  50.927  27.748  25.393 0.0000000000
112319  48.829  23.234  26.741 0.0000000000
113088  47.456  23.928  27.635 0.0000000000
113072  48.226  23.960  28.144 0.0000000000
113055  48.255  24.164  29.030 0.0000000000
112283  48.170  23.904  30.346 0.0000000000
111464  49.047  22.589  33.646 0.0000000000
111484  48.355  23.086  33.015 0.0000000000
111465  48.047  22.942  34.003 0.0000000000
111450  46.414  22.475  34.984 0.0000000000
111451  45.381  22.325  35.109 0.0000000000
110740  45.938  21.683  35.618 0.0000000000
110057  45.277  20.855  35.745 0.0000000000
109315  44.918  19.491  35.166 0.0000000000
109299  51.659  19.484  37.949 0.0000000000
110036  51.349  20.069  37.445 0.0000000000
109300  50.508  19.197  38.017 0.0000000000
108532  48.397  18.209  37.181 0.0000000000
113094  41.273  24.413  28.407 0.0000000000
112311  41.182  24.045  28.990 0.0000000000
112297  41.748  23.950  29.516 0.0000000000
112309  42.846  23.973  28.347 0.0000000000
112296  42.698  24.144  29.280 0.0000000000
113061  43.004  24.282  30.923 0.0000000000
113042  43.707  24.419  31.587 0.0000000000
113021  44.457  24.404  32.199 0.0000000000
117150  49.252  30.662  26.879 0.0000000000
117836  48.625  31.110  27.021 0.0000000000
116436  47.749  29.749  27.931 0.0000000000
115129  47.245  27.590  28.298 0.0000000000
114536  42.640  26.730  27.190 0.0000000000
113848  41.547  25.589  28.016 0.0000000000
121368  46.657  37.762  35.437 0.0000000000
120741  45.735  36.725  35.022 0.0000000000
110696  53.505  21.027  39.599 0.0000000000
110019  54.004  20.830  39.443 0.0000000000
109270  54.228  19.113  39.773 0.0000000000
107684  54.408  17.269  39.357 0.0000000000
107690  54.760  16.551  38.818 0.0000000000
106828  55.319  15.924  38.609 0.0000000000
105172  55.309  14.821  36.806 0.0000000000
114556  52.520  26.641  25.416 0.0000000000
114541  52.438  26.791  26.484 0.0000000000
114527  51.822  26.773  27.339 0.0000000000
115126  51.668  27.622  28.099 0.0000000000
114515  51.483  27.046  27.893 0.0000000000
114528  51.281  25.762  27.722 0.0000000000
113835  50.664  25.359  29.286 0.0000000000
117729  48.947  31.315  35.873 0.0000000000
117039  48.692  30.352  34.888 0.0000000000
117728  49.535  31.168  35.892 0.0000000000
117030  50.061  30.747  35.768 0.0000000000
117029  50.777  30.393  36.030 0.0000000000
117702  50.881  30.709  37.153 0.0000000000
116333  51.408  29.932  36.380 0.0000000000
116332  51.626  29.464  36.565 0.0000000000
115675  51.720  28.668  36.847 0.0000000000
115052  51.390  27.459  36.898 0.0000000000
114442  50.869  26.561  36.846 0.0000000000
115045  51.225  27.539  37.390 0.0000000000
114438  50.910  27.067  37.838 0.0000000000
115015  50.147  27.032  38.829 0.0000000000
114403  49.799  26.005  40.537 0.0000000000
113724  49.688  25.937  41.186 0.0000000000
113716  49.466  25.482  41.859 0.0000000000
121419  43.254  37.534  27.960 0.0000000000
121387  47.451  37.394  30.639 0.0000000000
120779  48.938  36.597  30.700 0.0000000000
120777  50.150  36.011  30.631 0.0000000000
119641  50.165  35.045  30.221 0.0000000000
120219  50.200  35.682  30.274 0.0000000000
120218  50.857  35.316  29.616 0.0000000000
119654  51.714  34.947  28.364 0.0000000000
119671  51.878  34.272  27.043 0.0000000000
119659  51.992  34.261  27.745 0.0000000000
117851  52.661  31.575  26.945 0.0000000000
117835  52.384  31.593  27.651 0.0000000000
117146  52.638  30.619  26.597 0.0000000000
111526  50.617  21.795  29.009 0.0000000000
111521  49.810  22.247  29.652 0.0000000000
111520  50.539  21.745  29.932 0.0000000000
111502  50.480  21.806  31.422 0.0000000000
111482  50.343  21.969  32.323 0.0000000000
110754  49.618  22.180  34.164 0.0000000000
106848  49.568  16.773  35.817 0.0000000000
106859  49.987  16.888  34.008 0.0000000000
110771  38.347  21.545  33.581 0.0000000000
112286  40.594  23.744  30.602 0.0000000000
112258  40.188  22.833  32.453 0.0000000000
111488  40.110  22.193  33.325 0.0000000000
110078  39.888  20.525  33.901 0.0000000000
110069  40.956  20.718  34.332 0.0000000000
109319  41.300  20.113  34.343 0.0000000000
108560  40.935  18.764  33.596 0.0000000000
119703  48.659  35.384  24.555 0.0000000000
117855  48.180  32.010  26.703 0.0000000000
118446  47.369  32.044  27.012 0.0000000000
117790  48.842  31.542  29.174 0.0000000000
117789  49.308  30.824  29.325 0.0000000000
117104  48.773  30.586  29.789 0.0000000000
117086  47.890  30.612  30.433 0.0000000000
117068  47.642  30.330  31.609 0.0000000000
117069  46.593  30.739  31.697 0.0000000000
117046  47.038  30.314  33.463 0.0000000000
117730  47.991  31.280  35.745 0.0000000000
118366  48.903  32.233  37.272 0.0000000000
118350  48.591  32.458  38.201 0.0000000000
123340  43.167  41.006  31.494 0.0000000000
124715  44.060  43.322  31.385 0.0000000000
123339  44.337  41.106  31.481 0.0000000000
122004  46.088  39.317  31.021 0.0000000000
121989  46.107  38.621  33.752 0.0000000000
121996  46.101  39.051  32.460 0.0000000000
120212  47.413  36.023  31.316 0.0000000000
119633  48.103  35.357  30.986 0.0000000000
119643  47.758  34.579  30.602 0.0000000000
119025  48.208  34.071  30.084 0.0000000000
119036  48.028  33.370  29.661 0.0000000000
118411  48.377  32.623  29.306 0.0000000000
110750  53.479  21.575  34.570 0.0000000000
110733  53.721  21.098  35.446 0.0000000000
110054  53.062  20.581  35.879 0.0000000000
110043  53.123  20.383  36.628 0.0000000000
110042  53.899  20.637  36.740 0.0000000000
110034  53.266  20.108  37.368 0.0000000000
110035  52.385  20.085  37.358 0.0000000000
108527  51.367  18.128  38.407 0.0000000000
107696  50.935  17.486  38.018 0.0000000000
109285  54.463  19.286  38.901 0.0000000000
108524  53.687  18.147  38.651 0.0000000000
107692  53.810  17.162  38.561 0.0000000000
107693  53.266  17.297  38.300 0.0000000000
108525  53.018  18.116  38.505 0.0000000000
107694  52.497  17.206  38.106 0.0000000000
107699  51.163  16.889  37.584 0.0000000000
106840  50.917  16.541  36.906 0.0000000000
113879  46.373  25.012  25.671 0.0000000000
113123  45.960  24.479  25.628 0.0000000000
113122  46.854  24.402  25.502 0.0000000000
112345  47.275  23.843  25.610 0.0000000000
112333  47.612  23.444  25.941 0.0000000000
112353  49.252  23.791  24.715 0.0000000000
112332  48.639  23.263  25.856 0.0000000000
111543  50.170  22.620  27.049 0.0000000000
111535  50.168  22.487  27.735 0.0000000000
113874  52.274  25.342  25.191 0.0000000000
113118  51.802  24.212  24.845 0.0000000000
112340  52.007  23.336  25.551 0.0000000000
113111  52.493  24.181  26.529 0.0000000000
112329  52.506  23.136  26.247 0.0000000000
111555  51.478  22.759  25.688 0.0000000000
111548  51.677  22.348  26.398 0.0000000000
111534  50.944  21.898  28.004 0.0000000000
110813  52.167  21.447  28.599 0.0000000000
110805  52.166  21.340  29.502 0.0000000000
110804  52.972  21.365  29.762 0.0000000000
111525  54.026  22.154  29.275 0.0000000000
110796  53.929  21.262  30.376 0.0000000000
111519  53.527  21.717  30.773 0.0000000000
111500  53.504  21.854  32.095 0.0000000000
116393  50.344  28.997  30.222 0.0000000000
116378  49.242  28.903  31.223 0.0000000000
115730  49.756  28.336  30.755 0.0000000000
115110  50.192  27.473  30.119 0.0000000000
114499  50.027  26.477  30.167 0.0000000000
113823  50.297  25.533  30.408 0.0000000000
116346  49.227  29.236  34.819 0.0000000000
115687  49.014  28.764  34.531 0.0000000000
115060  50.288  27.902  34.623 0.0000000000
115074  49.682  27.345  34.143 0.0000000000
114479  49.497  26.389  32.870 0.0000000000
113807  49.707  25.978  32.293 0.0000000000
113815  50.790  25.143  31.559 0.0000000000
113037  50.909  24.859  30.879 0.0000000000
113036  51.778  24.591  31.244 0.0000000000
113015  53.468  23.719  32.140 0.0000000000
112231  53.639  23.107  33.033 0.0000000000
111462  53.599  22.323  33.806 0.0000000000
112216  53.870  22.763  34.787 0.0000000000
111447  54.054  22.357  35.194 0.0000000000
111441  54.047  22.468  35.968 0.0000000000
112210  52.874  23.576  35.476 0.0000000000
112200  53.406  23.030  36.020 0.0000000000
111422  53.547  22.084  38.012 0.0000000000
111415  53.432  21.773  38.634 0.0000000000
114443  50.404  25.855  37.384 0.0000000000
113766  50.404  25.039  36.796 0.0000000000
112967  50.539  23.836  37.391 0.0000000000
112185  50.814  23.016  38.232 0.0000000000
112184  51.479  22.844  37.857 0.0000000000
111424  52.032  22.392  38.211 0.0000000000
111416  52.826  21.902  38.747 0.0000000000
110704  53.256  21.542  39.163 0.0000000000
110697  52.827  21.274  39.672 0.0000000000
110015  52.193  21.029  40.165 0.0000000000
110006  51.591  20.336  40.815 0.0000000000
123424  44.715  41.105  25.187 0.0000000000
122755  45.317  40.630  25.560 0.0000000000
122754  46.281  40.794  25.538 0.0000000000
122753  47.078  40.772  25.476 0.0000000000
122752  47.733  40.527  25.286 0.0000000000
122751  48.465  39.847  25.145 0.0000000000
120802  43.561  37.146  28.469 0.0000000000
120813  44.310  37.222  27.709 0.0000000000
121397  47.521  37.346  30.134 0.0000000000
121409  46.944  37.261  29.797 0.0000000000
120228  48.087  36.275  29.411 0.0000000000
120801  44.774  36.767  28.417 0.0000000000
121426  45.505  37.681  26.546 0.0000000000
120823  46.284  37.583  26.404 0.0000000000
121438  47.128  38.234  26.130 0.0000000000
121437  48.166  37.872  26.120 0.0000000000
122074  48.831  39.000  25.525 0.0000000000
122088  49.035  39.002  24.848 0.0000000000
121452  49.905  37.877  24.894 0.0000000000
120253  50.746  35.798  25.161 0.0000000000
120254  50.267  35.323  24.854 0.0000000000
118468  49.947  32.881  25.817 0.0000000000
118457  49.666  32.233  26.190 0.0000000000
119075  51.957  33.849  26.536 0.0000000000
118466  51.633  32.610  25.482 0.0000000000
117867  52.117  31.538  25.558 0.0000000000
117852  50.771  31.448  25.953 0.0000000000
117853  50.193  31.405  26.290 0.0000000000
115763  49.344  28.650  27.013 0.0000000000
115157  49.934  27.743  26.359 0.0000000000
114529  49.369  27.195  26.720 0.0000000000
114530  48.945  26.996  27.045 0.0000000000
113865  46.790  25.521  26.049 0.0000000000
112335  45.524  23.651  26.229 0.0000000000
112306  45.299  23.645  27.332 0.0000000000
113090  45.619  24.013  27.851 0.0000000000
113089  46.622  24.100  27.878 0.0000000000
113075  45.330  24.641  28.786 0.0000000000
113827  45.264  25.218  30.078 0.0000000000
113040  45.430  24.869  31.263 0.0000000000
113003  45.203  24.310  32.696 0.0000000000
112270  49.098  22.889  30.201 0.0000000000
112271  48.464  23.451  30.634 0.0000000000
112272  47.819  23.939  30.877 0.0000000000
112232  48.011  23.423  32.238 0.0000000000
112253  47.345  24.094  31.854 0.0000000000
113019  46.257  24.574  32.027 0.0000000000
112236  44.315  23.747  33.483 0.0000000000
112221  44.025  23.310  34.138 0.0000000000
111469  43.824  22.576  34.647 0.0000000000
111454  43.346  21.674  34.894 0.0000000000
110742  44.231  21.490  35.279 0.0000000000
110066  43.569  20.661  34.945 0.0000000000
109330  42.564  19.456  34.085 0.0000000000
110735  51.974  20.956  35.231 0.0000000000
110725  50.941  20.999  36.080 0.0000000000
110045  51.099  20.601  36.826 0.0000000000
110726  49.824  21.304  36.145 0.0000000000
107705  48.663  17.248  36.184 0.0000000000
108535  47.944  17.801  36.434 0.0000000000
107710  47.230  17.605  35.050 0.0000000000
108533  47.774  18.785  37.149 0.0000000000
109304  47.511  19.448  37.183 0.0000000000
109305  46.668  19.637  36.695 0.0000000000
109306  45.926  19.859  36.180 0.0000000000
106811  52.139  16.688  41.097 0.0000000000
106017  53.570  15.520  40.002 0.0000000000
105139  52.578  14.778  39.154 0.0000000000
105138  53.709  14.527  39.213 0.0000000000
104271  53.226  14.190  38.674 0.0000000000
104272  52.700  14.267  38.598 0.0000000000
104310  55.116  14.567  36.249 0.0000000000
105123  54.223  14.717  39.631 0.0000000000
105124  53.628  14.944  39.679 0.0000000000
105125  53.108  15.172  39.819 0.0000000000
105136  55.185  14.655  38.884 0.0000000000
105156  55.331  14.754  38.190 0.0000000000
105157  54.688  14.300  38.286 0.0000000000
105158  53.997  14.228  38.703 0.0000000000
105166  55.422  14.874  37.542 0.0000000000
105171  55.463  15.198  37.261 0.0000000000
105173  55.218  15.219  35.951 0.0000000000
105177  55.595  14.794  37.069 0.0000000000
105178  55.458  15.128  36.554 0.0000000000
105185  55.413  15.249  36.840 0.0000000000
105186  55.336  15.375  36.526 0.0000000000
106015  55.019  15.207  40.126 0.0000000000
106033  55.224  14.941  39.694 0.0000000000
106034  54.671  14.732  39.740 0.0000000000
106049  54.821  15.684  36.836 0.0000000000
106050  54.510  15.854  37.473 0.0000000000
106053  55.581  15.267  38.034 0.0000000000
106060  53.693  15.096  35.611 0.0000000000
106822  55.252  15.739  39.450 0.0000000000
106831  53.534  16.507  37.867 0.0000000000
106834  55.312  15.617  37.775 0.0000000000
106835  55.189  15.534  37.057 0.0000000000
106843  53.619  15.729  36.571 0.0000000000
106847  50.393  16.564  36.174 0.0000000000
106857  52.047  16.379  34.268 0.0000000000
107659  52.570  17.816  41.258 0.0000000000
107671  54.643  16.109  39.723 0.0000000000
107673  52.907  17.348  40.952 0.0000000000
107698  51.878  16.818  37.644 0.0000000000
108509  54.208  18.364  39.830 0.0000000000
108511  52.940  18.881  40.831 0.0000000000
108538  45.633  19.516  35.846 0.0000000000
109309  45.219  19.936  35.621 0.0000000000
110012  54.238  19.591  39.755 0.0000000000
110018  54.386  20.120  39.361 0.0000000000
110025  54.371  20.347  38.663 0.0000000000
110058  44.548  20.959  35.480 0.0000000000
110059  44.011  20.974  35.300 0.0000000000
110077  40.510  20.387  34.168 0.0000000000
110098  54.239  21.012  30.144 0.0000000000
110099  54.105  20.987  30.333 0.0000000000
110103  54.265  20.894  29.902 0.0000000000
110104  54.014  20.898  30.019 0.0000000000
110109  54.131  21.041  29.618 0.0000000000
110110  53.947  20.878  29.656 0.0000000000
110729  46.578  21.338  35.954 0.0000000000
110743  43.648  21.333  35.093 0.0000000000
110769  40.152  21.557  33.755 0.0000000000
110795  54.218  21.255  30.146 0.0000000000
110797  53.182  21.592  30.616 0.0000000000
110802  54.244  21.296  29.792 0.0000000000
110803  53.665  21.144  29.935 0.0000000000
110806  51.355  21.496  29.281 0.0000000000
110810  54.156  21.336  29.379 0.0000000000
110812  52.937  21.317  28.940 0.0000000000
110814  51.376  21.613  28.571 0.0000000000
110818  53.432  21.489  28.589 0.0000000000
110820  52.421  21.651  27.890 0.0000000000
111442  53.854  22.563  36.524 0.0000000000
111453  43.737  21.907  34.988 0.0000000000
111461  53.881  22.336  34.572 0.0000000000
111501  53.251  21.617  31.869 0.0000000000
111511  53.426  21.764  31.255 0.0000000000
111512  50.649  21.672  30.664 0.0000000000
111517  54.145  21.499  30.122 0.0000000000
111524  54.164  21.671  29.640 0.0000000000
111530  54.080  21.794  28.802 0.0000000000
111532  53.451  22.033  28.091 0.0000000000
111539  53.366  21.785  28.208 0.0000000000
111550  50.302  22.730  25.718 0.0000000000
111554  52.068  22.749  26.081 0.0000000000
111556  50.741  22.811  25.397 0.0000000000
112192  51.165  23.148  37.687 0.0000000000
112234  46.139  24.155  33.007 0.0000000000
112235  45.182  23.898  33.338 0.0000000000
112280  53.070  23.030  29.973 0.0000000000
112292  52.315  23.466  28.557 0.0000000000
112301  53.619  22.186  28.299 0.0000000000
112305  48.882  23.449  27.764 0.0000000000
112317  50.391  22.578  26.557 0.0000000000
112318  49.802  22.816  26.600 0.0000000000
112346  46.268  23.944  25.777 0.0000000000
112347  45.575  24.086  25.810 0.0000000000
112351  50.786  23.526  24.645 0.0000000000
112352  50.100  23.589  24.583 0.0000000000
112354  48.664  24.068  24.845 0.0000000000
112966  51.094  23.711  36.852 0.0000000000
112972  52.024  24.070  35.611 0.0000000000
113001  52.839  24.904  32.881 0.0000000000
113002  45.719  24.439  32.474 0.0000000000
113004  44.453  24.109  32.904 0.0000000000
113023  42.983  24.029  32.339 0.0000000000
113039  46.289  24.767  31.087 0.0000000000
113059  44.665  25.037  30.274 0.0000000000
113087  48.152  23.573  27.338 0.0000000000
113092  43.973  24.320  28.695 0.0000000000
113093  41.796  24.277  28.162 0.0000000000
113100  48.081  23.371  26.877 0.0000000000
113101  47.549  23.524  27.006 0.0000000000
113104  43.260  23.967  26.888 0.0000000000
113115  43.030  24.377  26.810 0.0000000000
113120  48.661  24.634  24.962 0.0000000000
113124  45.280  24.517  25.773 0.0000000000
113125  44.850  24.514  25.932 0.0000000000
113715  49.643  25.373  41.362 0.0000000000
113793  51.451  25.882  33.252 0.0000000000
113794  50.823  26.010  33.257 0.0000000000
113816  49.848  25.739  31.724 0.0000000000
113826  45.724  25.169  29.892 0.0000000000
113836  46.186  24.975  29.504 0.0000000000
113837  45.791  24.984  29.365 0.0000000000
113838  45.174  25.061  29.543 0.0000000000
113846  51.435  24.842  27.827 0.0000000000
113857  41.459  24.821  27.963 0.0000000000
113870  43.001  24.899  26.760 0.0000000000
113884  51.824  25.236  24.550 0.0000000000
113887  49.765  24.851  24.654 0.0000000000
114411  49.873  26.687  39.979 0.0000000000
114421  50.780  27.331  38.145 0.0000000000
114467  50.038  26.663  33.704 0.0000000000
114468  49.287  26.969  33.546 0.0000000000
114518  46.802  26.949  28.025 0.0000000000
114526  52.335  27.106  26.963 0.0000000000
114566  50.793  25.688  24.630 0.0000000000
115044  51.569  28.046  37.131 0.0000000000
115061  49.350  28.096  34.445 0.0000000000
115062  48.875  28.305  34.195 0.0000000000
115089  48.799  27.044  32.251 0.0000000000
115101  49.125  27.524  31.401 0.0000000000
115117  51.366  28.142  28.827 0.0000000000
115145  47.908  27.479  27.988 0.0000000000
115146  44.758  26.955  27.259 0.0000000000
115648  50.250  28.455  37.857 0.0000000000
115668  49.894  29.103  37.714 0.0000000000
115679  51.579  28.738  35.603 0.0000000000
115685  50.738  28.515  35.049 0.0000000000
115718  49.194  28.322  31.303 0.0000000000
115749  48.020  28.637  28.019 0.0000000000
116306  51.226  29.056  37.453 0.0000000000
116325  51.435  29.333  37.222 0.0000000000
116326  51.170  29.423  37.435 0.0000000000
116327  50.295  28.948  37.695 0.0000000000
116328  50.139  29.042  37.707 0.0000000000
116339  51.312  29.666  35.931 0.0000000000
116342  49.031  30.116  34.973 0.0000000000
116351  48.229  29.176  33.442 0.0000000000
116363  47.978  29.444  33.083 0.0000000000
116379  48.734  29.296  31.565 0.0000000000
116394  49.640  29.419  30.557 0.0000000000
116407  50.131  29.527  30.041 0.0000000000
116435  48.334  29.692  27.609 0.0000000000
116981  49.254  31.107  38.780 0.0000000000
116997  51.037  30.163  37.467 0.0000000000
117000  48.850  30.355  38.460 0.0000000000
117013  51.084  29.960  37.394 0.0000000000
117014  50.678  30.716  37.595 0.0000000000
117021  51.408  29.752  37.081 0.0000000000
117022  51.275  30.233  36.794 0.0000000000
117023  50.893  30.630  36.509 0.0000000000
117024  50.466  30.968  36.338 0.0000000000
117028  51.161  30.204  36.310 0.0000000000
117031  49.216  30.669  35.354 0.0000000000
117042  46.584  30.627  33.970 0.0000000000
117054  47.673  29.790  32.767 0.0000000000
117070  45.838  31.116  31.826 0.0000000000
117105  48.079  31.128  29.710 0.0000000000
117138  52.606  30.662  27.361 0.0000000000
117139  49.309  30.291  26.958 0.0000000000
117141  47.605  30.422  27.744 0.0000000000
117147  51.383  30.535  25.876 0.0000000000
117162  51.380  30.841  25.807 0.0000000000
117668  49.190  31.387  38.923 0.0000000000
117687  49.574  31.776  38.727 0.0000000000
117688  49.122  31.778  39.137 0.0000000000
117703  50.517  31.350  37.403 0.0000000000
117719  50.965  30.715  36.818 0.0000000000
117764  44.694  32.168  32.013 0.0000000000
118349  49.379  32.273  38.479 0.0000000000
118387  43.735  33.128  32.937 0.0000000000
118399  46.193  32.865  30.648 0.0000000000
118428  50.285  32.268  28.460 0.0000000000
118429  49.715  32.124  28.585 0.0000000000
119010  43.544  33.441  33.464 0.0000000000
119027  46.519  33.493  30.563 0.0000000000
119031  51.511  34.109  29.054 0.0000000000
119045  50.189  32.939  28.553 0.0000000000
119639  51.095  35.065  29.612 0.0000000000
119647  51.661  34.168  28.866 0.0000000000
120203  44.767  35.739  32.993 0.0000000000
120210  49.349  36.003  31.129 0.0000000000
120211  48.659  35.838  31.154 0.0000000000
120227  48.578  36.224  29.471 0.0000000000
120234  48.050  35.826  28.898 0.0000000000
120242  47.868  35.707  28.222 0.0000000000
120266  49.078  36.136  24.240 0.0000000000
120765  49.447  36.254  31.110 0.0000000000
120778  49.652  36.152  30.813 0.0000000000
120787  50.011  36.068  30.391 0.0000000000
120798  47.710  36.303  29.333 0.0000000000
120803  42.873  37.162  28.802 0.0000000000
120806  51.128  36.021  27.020 0.0000000000
120807  50.954  36.142  27.019 0.0000000000
120814  43.679  37.433  27.892 0.0000000000
120830  50.558  36.780  25.133 0.0000000000
121408  47.472  37.088  29.787 0.0000000000
121429  42.807  37.788  27.656 0.0000000000
121988  46.503  39.031  34.102 0.0000000000
122017  46.483  38.415  30.895 0.0000000000
122054  49.346  38.006  25.898 0.0000000000
122663  46.347  39.262  33.652 0.0000000000
122700  45.903  39.391  30.950 0.0000000000
125363  43.244  44.242  31.455 0.0000000000
