#!ascii label  , from subject 3472 vox2ras=TkReg
278
28713  46.129  -60.051  19.327 0.0000000000
20272  47.690  -66.859  14.510 0.0000000000
23505  47.398  -64.796  19.396 0.0000000000
25608  51.438  -62.285  18.235 0.0000000000
18134  51.230  -68.962  17.487 0.0000000000
20163  49.443  -67.565  20.051 0.0000000000
18137  48.648  -69.737  17.011 0.0000000000
22433  49.346  -65.166  17.853 0.0000000000
26625  48.840  -61.221  16.637 0.0000000000
26566  46.938  -61.905  20.685 0.0000000000
24532  50.105  -63.938  20.528 0.0000000000
22415  51.456  -65.384  19.189 0.0000000000
20211  51.155  -67.086  16.641 0.0000000000
19217  52.190  -67.597  13.791 0.0000000000
29689  43.139  -59.240  20.914 0.0000000000
26548  44.372  -61.624  21.336 0.0000000000
25598  45.220  -62.459  19.200 0.0000000000
28759  50.499  -59.559  16.402 0.0000000000
19151  47.628  -68.828  17.329 0.0000000000
21294  48.188  -66.174  16.357 0.0000000000
23534  47.569  -63.968  16.874 0.0000000000
24535  47.004  -63.225  20.663 0.0000000000
23462  48.633  -64.532  20.512 0.0000000000
19092  50.961  -68.223  19.163 0.0000000000
21245  51.344  -66.604  19.720 0.0000000000
20170  51.414  -67.001  18.444 0.0000000000
21275  50.826  -66.535  18.007 0.0000000000
20210  51.624  -67.583  16.835 0.0000000000
21366  51.968  -66.207  13.344 0.0000000000
26587  43.657  -61.595  19.986 0.0000000000
26586  44.558  -62.155  20.110 0.0000000000
26610  44.125  -61.863  18.010 0.0000000000
26595  50.721  -61.262  18.552 0.0000000000
27676  51.025  -60.862  17.140 0.0000000000
27693  46.897  -60.526  15.905 0.0000000000
28760  48.390  -59.851  15.705 0.0000000000
21265  46.939  -66.654  18.573 0.0000000000
21246  48.614  -66.079  20.002 0.0000000000
19096  48.295  -67.463  19.347 0.0000000000
19111  48.917  -68.681  18.788 0.0000000000
18118  50.063  -69.498  17.867 0.0000000000
23519  50.021  -64.045  18.244 0.0000000000
26609  50.335  -61.709  17.124 0.0000000000
24613  48.278  -63.084  17.134 0.0000000000
25628  46.933  -62.154  16.397 0.0000000000
21391  47.263  -66.766  12.627 0.0000000000
27634  46.374  -61.308  20.538 0.0000000000
25585  49.580  -62.378  19.888 0.0000000000
26580  51.594  -62.619  19.210 0.0000000000
22379  49.857  -65.506  20.613 0.0000000000
24530  51.620  -64.342  20.112 0.0000000000
24581  51.411  -63.482  18.690 0.0000000000
22417  50.304  -65.198  18.407 0.0000000000
21293  49.185  -66.565  16.924 0.0000000000
20238  49.586  -66.889  15.545 0.0000000000
19169  51.849  -68.154  16.021 0.0000000000
20236  51.579  -67.338  15.570 0.0000000000
20270  50.246  -66.649  14.604 0.0000000000
20302  49.510  -66.581  13.816 0.0000000000
29709  44.579  -59.024  19.475 0.0000000000
28715  44.801  -59.591  19.875 0.0000000000
28668  44.170  -60.442  21.169 0.0000000000
27635  45.597  -60.902  20.726 0.0000000000
25548  45.495  -62.224  21.260 0.0000000000
25586  46.157  -62.984  20.345 0.0000000000
24584  46.847  -63.819  19.538 0.0000000000
24600  45.217  -63.878  17.804 0.0000000000
23522  45.720  -65.110  17.901 0.0000000000
27689  50.482  -60.393  16.422 0.0000000000
28714  45.493  -59.686  19.432 0.0000000000
28734  46.170  -59.525  18.860 0.0000000000
28733  46.938  -59.948  18.793 0.0000000000
21320  47.904  -66.410  15.771 0.0000000000
22468  47.119  -65.524  15.860 0.0000000000
24561  47.415  -63.904  20.218 0.0000000000
24534  47.916  -63.751  20.600 0.0000000000
23481  47.940  -64.523  20.277 0.0000000000
19130  51.061  -68.807  18.305 0.0000000000
20169  51.403  -67.578  18.897 0.0000000000
19129  51.366  -68.418  18.067 0.0000000000
20185  51.499  -67.677  17.849 0.0000000000
19150  51.651  -68.323  17.154 0.0000000000
21412  52.057  -66.417  12.080 0.0000000000
26598  43.656  -61.367  18.714 0.0000000000
26594  51.367  -61.920  18.513 0.0000000000
27664  50.959  -60.981  17.809 0.0000000000
26607  51.185  -61.612  17.707 0.0000000000
27716  47.149  -59.906  15.613 0.0000000000
20171  47.426  -67.112  18.868 0.0000000000
19113  47.117  -67.747  18.260 0.0000000000
18120  48.265  -69.237  17.442 0.0000000000
19132  48.208  -68.757  18.092 0.0000000000
18119  49.081  -69.305  18.022 0.0000000000
18099  49.897  -69.187  18.442 0.0000000000
18136  49.560  -69.867  17.144 0.0000000000
23520  48.993  -64.166  17.670 0.0000000000
24597  49.637  -63.178  17.637 0.0000000000
24614  47.353  -63.109  16.679 0.0000000000
24619  46.532  -63.221  16.243 0.0000000000
25629  46.208  -61.868  16.035 0.0000000000
26584  47.674  -61.593  19.967 0.0000000000
26565  48.002  -62.307  20.383 0.0000000000
25584  50.480  -62.632  19.854 0.0000000000
25562  51.174  -63.473  20.177 0.0000000000
20148  49.439  -66.795  20.321 0.0000000000
21226  49.385  -66.065  20.449 0.0000000000
21225  50.060  -66.363  20.533 0.0000000000
22395  51.582  -65.461  19.716 0.0000000000
23458  51.580  -65.007  20.086 0.0000000000
23501  51.654  -64.539  19.573 0.0000000000
24580  51.713  -63.680  19.278 0.0000000000
23502  51.422  -64.418  19.090 0.0000000000
23503  50.875  -64.302  18.682 0.0000000000
22416  51.045  -65.265  18.788 0.0000000000
20187  50.718  -66.845  17.373 0.0000000000
21276  49.961  -66.290  17.759 0.0000000000
20212  50.097  -66.900  16.622 0.0000000000
20213  49.041  -66.763  16.210 0.0000000000
17204  49.086  -70.119  11.693 0.0000000000
19243  51.306  -68.559  12.975 0.0000000000
19219  51.432  -68.762  13.573 0.0000000000
18190  51.577  -68.862  14.204 0.0000000000
19196  52.020  -67.803  14.552 0.0000000000
21367  51.377  -65.940  13.322 0.0000000000
21344  51.625  -66.369  13.965 0.0000000000
21346  50.427  -66.317  14.117 0.0000000000
20301  50.133  -66.364  14.068 0.0000000000
21369  49.697  -66.321  13.321 0.0000000000
29710  43.485  -58.683  20.004 0.0000000000
28716  44.199  -59.376  20.185 0.0000000000
26549  43.712  -61.391  21.364 0.0000000000
27609  43.076  -60.838  21.545 0.0000000000
27608  43.906  -60.991  21.456 0.0000000000
27636  44.811  -60.534  20.867 0.0000000000
27607  44.769  -61.145  21.331 0.0000000000
27606  45.400  -61.548  21.269 0.0000000000
26547  45.098  -61.927  21.400 0.0000000000
25587  45.366  -62.584  20.219 0.0000000000
25597  45.929  -63.112  19.397 0.0000000000
23524  43.262  -64.795  17.316 0.0000000000
23523  44.461  -64.892  17.532 0.0000000000
25626  49.101  -62.123  17.055 0.0000000000
26624  49.903  -61.330  16.733 0.0000000000
27690  49.537  -60.542  16.253 0.0000000000
28778  48.981  -59.694  15.388 0.0000000000
22434  48.218  -65.126  17.137 0.0000000000
22435  47.754  -64.546  16.978 0.0000000000
25566  47.379  -62.797  20.714 0.0000000000
24533  49.021  -63.847  20.580 0.0000000000
20162  50.194  -67.821  20.029 0.0000000000
21224  50.778  -66.702  20.287 0.0000000000
20161  50.877  -67.580  19.757 0.0000000000
21261  51.495  -66.383  19.116 0.0000000000
21262  51.233  -66.237  18.551 0.0000000000
20186  51.223  -67.075  17.704 0.0000000000
20267  52.104  -67.101  13.929 0.0000000000
21386  52.250  -66.670  12.947 0.0000000000
22519  51.792  -65.938  13.052 0.0000000000
26569  44.017  -61.827  20.907 0.0000000000
26568  44.844  -62.247  21.001 0.0000000000
26597  44.448  -61.873  19.007 0.0000000000
27677  50.759  -60.169  17.088 0.0000000000
26626  47.730  -61.141  16.448 0.0000000000
27691  48.564  -60.273  16.104 0.0000000000
28761  48.065  -59.929  15.873 0.0000000000
28779  47.795  -59.617  15.415 0.0000000000
22419  47.209  -65.735  18.835 0.0000000000
22397  48.205  -65.417  19.931 0.0000000000
21264  47.563  -66.436  19.080 0.0000000000
20165  47.939  -67.056  19.288 0.0000000000
19095  48.755  -67.879  19.476 0.0000000000
19094  49.576  -68.298  19.582 0.0000000000
19110  49.810  -68.800  18.979 0.0000000000
18098  50.335  -69.214  18.261 0.0000000000
24595  51.137  -63.019  18.258 0.0000000000
26608  50.823  -61.725  17.371 0.0000000000
25610  50.317  -62.342  17.480 0.0000000000
25611  49.617  -62.470  17.335 0.0000000000
25627  48.051  -62.142  16.745 0.0000000000
26627  46.695  -61.043  16.049 0.0000000000
20304  47.506  -66.993  13.569 0.0000000000
27655  46.486  -60.678  19.781 0.0000000000
27669  47.078  -60.515  19.212 0.0000000000
27654  47.315  -60.956  19.523 0.0000000000
26581  51.083  -62.135  19.288 0.0000000000
25595  51.694  -62.816  18.806 0.0000000000
23460  50.453  -64.783  20.574 0.0000000000
22378  50.664  -65.696  20.522 0.0000000000
23459  51.205  -64.919  20.362 0.0000000000
24531  51.130  -63.946  20.307 0.0000000000
24559  51.617  -63.813  20.064 0.0000000000
25582  51.778  -63.203  19.427 0.0000000000
25596  51.436  -62.773  18.362 0.0000000000
24582  50.835  -63.539  18.418 0.0000000000
21263  50.725  -65.934  18.348 0.0000000000
21277  48.918  -65.940  17.278 0.0000000000
20239  48.258  -66.726  15.475 0.0000000000
18135  50.584  -69.601  17.041 0.0000000000
18214  49.867  -69.786  12.549 0.0000000000
18174  51.656  -68.997  15.315 0.0000000000
18155  51.411  -69.034  16.497 0.0000000000
20268  51.744  -66.985  14.395 0.0000000000
20269  51.260  -66.741  14.729 0.0000000000
20237  50.768  -66.946  15.642 0.0000000000
20271  48.968  -66.923  14.633 0.0000000000
20303  48.445  -66.961  13.786 0.0000000000
20328  48.089  -66.905  13.086 0.0000000000
30671  44.271  -57.767  18.406 0.0000000000
29727  43.818  -58.023  19.026 0.0000000000
29726  44.439  -58.383  18.955 0.0000000000
29708  45.087  -59.286  19.318 0.0000000000
28694  45.127  -60.174  20.253 0.0000000000
28696  43.705  -59.656  20.878 0.0000000000
28695  44.464  -59.956  20.583 0.0000000000
27656  45.723  -60.332  19.894 0.0000000000
26567  45.987  -61.701  21.012 0.0000000000
25567  46.147  -62.452  20.892 0.0000000000
25568  45.551  -62.503  20.833 0.0000000000
24562  46.805  -63.360  20.332 0.0000000000
24583  47.345  -64.234  19.788 0.0000000000
24599  46.161  -63.906  18.485 0.0000000000
23506  46.770  -64.856  18.613 0.0000000000
26622  51.024  -61.263  17.155 0.0000000000
27688  50.937  -60.935  16.835 0.0000000000
27715  49.286  -60.121  15.857 0.0000000000
27713  50.256  -59.825  15.783 0.0000000000
18100  49.443  -69.007  18.565 0.0000000000
18116  51.167  -68.904  17.996 0.0000000000
19093  50.382  -68.349  19.458 0.0000000000
19108  51.136  -68.419  18.653 0.0000000000
19109  50.568  -68.807  18.674 0.0000000000
19112  47.828  -67.850  18.748 0.0000000000
19131  48.759  -68.927  18.314 0.0000000000
19195  52.183  -67.415  13.934 0.0000000000
19218  51.991  -68.057  13.552 0.0000000000
20146  50.521  -67.358  20.153 0.0000000000
20147  50.101  -67.166  20.347 0.0000000000
20149  48.995  -66.385  20.232 0.0000000000
20164  48.677  -66.973  19.838 0.0000000000
20172  47.059  -67.365  18.475 0.0000000000
20240  47.625  -66.600  15.090 0.0000000000
20273  47.046  -66.897  14.040 0.0000000000
20299  52.278  -67.188  13.515 0.0000000000
20326  49.389  -66.417  13.242 0.0000000000
21227  48.928  -65.890  20.307 0.0000000000
21247  48.139  -66.269  19.559 0.0000000000
21295  47.510  -65.696  16.124 0.0000000000
21321  47.336  -66.148  15.463 0.0000000000
21343  51.914  -66.620  13.798 0.0000000000
21345  50.944  -66.215  14.129 0.0000000000
21347  47.304  -66.498  14.880 0.0000000000
21365  52.175  -66.744  13.463 0.0000000000
21368  50.319  -66.166  13.554 0.0000000000
21385  52.311  -66.899  13.264 0.0000000000
22377  51.314  -65.760  20.205 0.0000000000
22418  47.734  -65.610  19.423 0.0000000000
22520  51.636  -65.866  12.849 0.0000000000
22538  51.954  -65.967  12.644 0.0000000000
23480  51.735  -64.619  19.894 0.0000000000
23482  47.583  -64.474  19.930 0.0000000000
23504  47.776  -64.958  19.812 0.0000000000
23521  48.208  -64.063  17.287 0.0000000000
24536  46.526  -63.005  20.648 0.0000000000
24558  51.842  -63.878  19.806 0.0000000000
24560  47.731  -64.067  20.423 0.0000000000
24596  50.553  -63.071  17.963 0.0000000000
24598  48.829  -63.458  17.417 0.0000000000
24612  49.093  -62.850  17.307 0.0000000000
25549  45.325  -62.394  21.182 0.0000000000
25563  50.729  -63.366  20.228 0.0000000000
25583  51.405  -63.188  19.888 0.0000000000
25609  51.098  -62.406  17.840 0.0000000000
25625  49.879  -61.960  17.174 0.0000000000
26546  45.605  -62.000  21.313 0.0000000000
26585  46.943  -61.293  20.155 0.0000000000
26623  50.679  -61.231  16.886 0.0000000000
27692  47.422  -60.284  15.969 0.0000000000
27714  49.840  -60.046  15.732 0.0000000000
