#!ascii label  , from subject 3472 vox2ras=TkReg
207
80124  26.236  -11.202  -7.710 0.0000000000
72365  25.748  -18.072  -5.990 0.0000000000
85274  24.049  -5.908  -6.507 0.0000000000
95626  23.675  3.549  -8.075 0.0000000000
71167  24.674  -19.697  -5.219 0.0000000000
87391  26.925  -4.310  -7.165 0.0000000000
90643  26.163  -1.376  -6.492 0.0000000000
79044  25.162  -12.564  -7.159 0.0000000000
75843  26.549  -14.776  -8.269 0.0000000000
78035  27.348  -13.434  -8.675 0.0000000000
82196  26.985  -9.567  -10.260 0.0000000000
80152  28.509  -11.947  -10.310 0.0000000000
83236  24.673  -8.482  -6.642 0.0000000000
84308  27.266  -6.928  -8.587 0.0000000000
92669  23.357  0.666  -7.312 0.0000000000
92665  27.230  0.540  -7.433 0.0000000000
74632  27.046  -16.463  -6.216 0.0000000000
89568  25.449  -2.603  -6.306 0.0000000000
90626  24.782  -1.337  -6.349 0.0000000000
80125  25.299  -11.479  -7.133 0.0000000000
78036  26.691  -13.467  -8.239 0.0000000000
79063  26.920  -12.786  -8.547 0.0000000000
72350  25.284  -18.862  -5.477 0.0000000000
83220  24.799  -7.522  -6.587 0.0000000000
83234  26.518  -7.957  -7.241 0.0000000000
84296  26.587  -6.929  -7.035 0.0000000000
88503  27.438  -3.417  -7.826 0.0000000000
86319  27.412  -5.165  -8.736 0.0000000000
94670  21.174  2.652  -7.258 0.0000000000
93686  21.689  1.607  -7.715 0.0000000000
93685  22.768  1.608  -7.544 0.0000000000
96601  28.401  4.628  -7.680 0.0000000000
95621  28.846  3.540  -7.849 0.0000000000
94664  27.314  2.517  -7.523 0.0000000000
93679  28.519  1.870  -7.710 0.0000000000
92664  27.959  0.478  -7.850 0.0000000000
76938  27.542  -15.165  -7.633 0.0000000000
75815  26.824  -15.943  -7.555 0.0000000000
69952  23.460  -20.856  -5.299 0.0000000000
86304  26.036  -5.188  -6.678 0.0000000000
87381  25.475  -4.187  -6.502 0.0000000000
88504  27.055  -3.228  -7.230 0.0000000000
89602  27.919  -2.086  -8.220 0.0000000000
76953  24.773  -14.559  -7.261 0.0000000000
78020  25.017  -13.600  -7.142 0.0000000000
76967  27.146  -14.302  -8.463 0.0000000000
78018  28.489  -13.876  -7.982 0.0000000000
81159  26.740  -10.768  -8.530 0.0000000000
80141  27.054  -11.370  -9.479 0.0000000000
81168  27.229  -10.626  -10.342 0.0000000000
81144  24.354  -10.533  -6.629 0.0000000000
82175  24.501  -9.472  -6.641 0.0000000000
81142  26.308  -10.095  -7.603 0.0000000000
82187  26.903  -9.667  -8.334 0.0000000000
82186  27.063  -9.091  -9.228 0.0000000000
83254  26.416  -8.062  -11.035 0.0000000000
85284  27.150  -5.762  -7.437 0.0000000000
85310  27.092  -6.172  -9.250 0.0000000000
91664  23.996  0.037  -6.833 0.0000000000
95624  25.689  3.549  -7.765 0.0000000000
94666  25.176  2.580  -7.587 0.0000000000
92667  25.092  0.635  -6.967 0.0000000000
91649  24.877  -0.338  -6.590 0.0000000000
91662  26.342  -0.512  -6.744 0.0000000000
90661  27.988  -1.082  -7.996 0.0000000000
73539  25.449  -17.687  -7.008 0.0000000000
75830  25.394  -15.458  -7.751 0.0000000000
79061  28.191  -12.737  -9.396 0.0000000000
78017  28.733  -13.126  -8.455 0.0000000000
90627  24.099  -1.632  -6.426 0.0000000000
91651  23.626  -1.148  -6.548 0.0000000000
79043  26.253  -12.437  -7.770 0.0000000000
80142  26.780  -11.885  -8.587 0.0000000000
68840  22.942  -21.957  -4.502 0.0000000000
68861  23.387  -21.311  -4.864 0.0000000000
84282  24.843  -6.569  -6.524 0.0000000000
84297  25.747  -7.255  -6.663 0.0000000000
88517  27.687  -3.166  -8.434 0.0000000000
87404  27.498  -4.225  -9.226 0.0000000000
95627  22.799  3.597  -7.694 0.0000000000
94668  23.245  2.605  -7.605 0.0000000000
94662  28.952  2.729  -7.857 0.0000000000
93697  29.293  1.629  -8.934 0.0000000000
76937  28.061  -14.658  -7.370 0.0000000000
75813  27.955  -15.192  -6.582 0.0000000000
72367  24.089  -19.016  -6.378 0.0000000000
87382  24.446  -4.243  -6.474 0.0000000000
89587  25.446  -2.344  -6.298 0.0000000000
88489  25.465  -3.131  -6.338 0.0000000000
89585  26.950  -2.007  -6.933 0.0000000000
89603  27.470  -2.551  -7.641 0.0000000000
96606  23.153  4.459  -8.243 0.0000000000
76966  27.628  -13.908  -8.645 0.0000000000
76950  27.884  -14.259  -8.320 0.0000000000
69951  24.140  -20.467  -5.107 0.0000000000
69933  24.386  -20.816  -4.436 0.0000000000
81158  26.976  -10.216  -9.389 0.0000000000
82174  25.588  -9.335  -6.869 0.0000000000
82173  26.469  -9.025  -7.393 0.0000000000
83233  27.070  -7.517  -7.876 0.0000000000
82172  27.015  -8.570  -8.118 0.0000000000
83247  27.101  -7.976  -8.959 0.0000000000
83253  26.799  -8.411  -10.299 0.0000000000
84318  26.896  -7.231  -9.677 0.0000000000
86303  26.795  -5.150  -7.043 0.0000000000
85285  26.667  -5.972  -6.932 0.0000000000
86302  27.307  -5.092  -7.700 0.0000000000
85311  26.614  -6.418  -10.292 0.0000000000
92671  21.211  0.492  -7.935 0.0000000000
92670  22.344  0.529  -7.585 0.0000000000
96602  27.262  4.575  -7.585 0.0000000000
94665  26.225  2.533  -7.551 0.0000000000
93681  26.761  1.498  -7.374 0.0000000000
93682  25.679  1.548  -7.302 0.0000000000
92666  26.197  0.413  -7.009 0.0000000000
92653  25.948  -0.165  -6.719 0.0000000000
92684  28.501  0.492  -8.344 0.0000000000
91682  28.156  -0.238  -8.241 0.0000000000
91681  28.695  -0.224  -8.822 0.0000000000
90660  28.410  -0.824  -8.595 0.0000000000
73540  24.640  -17.592  -7.094 0.0000000000
76952  25.795  -14.546  -7.797 0.0000000000
75829  26.355  -15.602  -8.079 0.0000000000
74647  26.865  -16.177  -7.079 0.0000000000
74633  26.425  -17.034  -6.603 0.0000000000
80153  27.777  -11.756  -10.192 0.0000000000
79074  27.938  -12.391  -9.748 0.0000000000
79073  28.334  -12.327  -9.890 0.0000000000
88490  24.651  -3.312  -6.339 0.0000000000
89570  23.953  -2.476  -6.423 0.0000000000
89569  24.889  -2.344  -6.250 0.0000000000
71186  24.922  -19.194  -5.510 0.0000000000
69950  24.754  -19.949  -4.829 0.0000000000
71166  25.283  -19.343  -4.875 0.0000000000
71151  25.734  -19.535  -4.133 0.0000000000
82213  27.020  -9.709  -11.256 0.0000000000
83221  23.844  -7.655  -6.754 0.0000000000
83235  25.710  -8.296  -6.735 0.0000000000
87390  27.477  -4.112  -7.983 0.0000000000
93684  23.733  1.648  -7.471 0.0000000000
96620  29.007  4.339  -7.944 0.0000000000
95622  27.834  3.554  -7.590 0.0000000000
94663  28.347  2.541  -7.625 0.0000000000
93680  27.943  1.454  -7.571 0.0000000000
93699  28.317  0.940  -7.936 0.0000000000
92683  29.170  0.613  -9.046 0.0000000000
75842  26.998  -15.097  -8.342 0.0000000000
75828  27.157  -15.450  -7.876 0.0000000000
75814  27.352  -15.567  -7.074 0.0000000000
68886  23.033  -21.072  -5.321 0.0000000000
69979  23.223  -20.424  -5.697 0.0000000000
71187  24.351  -19.547  -5.791 0.0000000000
72366  25.097  -18.549  -6.199 0.0000000000
85273  24.783  -5.766  -6.509 0.0000000000
86294  25.111  -5.108  -6.544 0.0000000000
87392  26.322  -4.518  -6.751 0.0000000000
88505  26.255  -3.675  -6.642 0.0000000000
89611  28.078  -2.364  -9.209 0.0000000000
95628  21.979  3.651  -7.188 0.0000000000
78019  25.966  -13.496  -7.627 0.0000000000
76968  26.469  -14.153  -8.083 0.0000000000
76951  27.513  -14.876  -8.071 0.0000000000
78006  28.592  -14.005  -7.336 0.0000000000
80170  28.271  -11.455  -10.668 0.0000000000
81184  27.766  -10.770  -11.100 0.0000000000
81183  28.561  -11.014  -10.945 0.0000000000
81182  29.055  -11.315  -10.469 0.0000000000
80126  24.239  -11.618  -6.656 0.0000000000
81143  25.413  -10.378  -7.055 0.0000000000
83269  26.782  -9.130  -10.864 0.0000000000
85286  25.709  -6.122  -6.613 0.0000000000
84295  27.138  -6.543  -7.618 0.0000000000
85299  27.377  -5.968  -8.193 0.0000000000
91665  23.085  -0.524  -6.848 0.0000000000
95625  24.662  3.579  -7.967 0.0000000000
94667  24.189  2.588  -7.721 0.0000000000
93683  24.670  1.638  -7.360 0.0000000000
92668  24.217  0.819  -7.141 0.0000000000
91650  24.061  -0.815  -6.559 0.0000000000
90625  25.397  -1.084  -6.384 0.0000000000
90642  26.931  -1.114  -6.967 0.0000000000
91660  27.612  -0.256  -7.682 0.0000000000
90641  27.418  -0.884  -7.426 0.0000000000
89601  28.308  -1.527  -8.811 0.0000000000
72382  24.914  -18.132  -6.893 0.0000000000
73525  25.741  -17.862  -6.410 0.0000000000
74664  25.271  -16.225  -7.641 0.0000000000
74663  25.801  -16.071  -7.890 0.0000000000
73538  26.060  -17.398  -6.726 0.0000000000
79062  27.507  -12.514  -9.231 0.0000000000
78033  28.458  -12.949  -9.010 0.0000000000
79060  28.802  -12.470  -9.288 0.0000000000
78034  28.062  -13.426  -8.810 0.0000000000
79072  28.719  -12.207  -9.943 0.0000000000
80151  29.074  -11.845  -10.056 0.0000000000
80168  29.005  -11.614  -10.404 0.0000000000
80169  28.764  -11.562  -10.514 0.0000000000
88518  27.438  -3.108  -7.759 0.0000000000
89586  26.069  -2.539  -6.430 0.0000000000
90644  25.454  -1.844  -6.299 0.0000000000
90662  27.489  -1.630  -7.484 0.0000000000
91648  25.710  -0.575  -6.556 0.0000000000
91661  26.961  -0.305  -7.180 0.0000000000
91663  24.528  0.300  -6.852 0.0000000000
92654  25.556  0.001  -6.731 0.0000000000
93698  28.782  1.417  -8.150 0.0000000000
94684  28.843  2.168  -7.827 0.0000000000
