#!ascii label  , from subject 3625 vox2ras=TkReg
1460
63306  -39.039  -19.933  53.301 0.0000000000
80664  -52.888  -4.488  47.381 0.0000000000
72169  -46.011  -12.734  50.455 0.0000000000
36287  -13.613  -44.695  75.071 0.0000000000
61995  -35.115  -20.614  58.726 0.0000000000
40981  -28.637  -40.862  68.756 0.0000000000
46358  -37.242  -35.598  68.079 0.0000000000
55439  -38.588  -26.514  65.425 0.0000000000
59718  -39.883  -22.478  63.307 0.0000000000
42073  -19.991  -40.825  67.514 0.0000000000
39844  -24.970  -42.494  71.016 0.0000000000
42113  -24.535  -40.100  65.959 0.0000000000
46443  -32.908  -35.927  64.381 0.0000000000
50479  -37.072  -32.016  64.779 0.0000000000
64443  -41.629  -19.834  59.079 0.0000000000
63262  -45.369  -19.722  55.674 0.0000000000
74375  -51.043  -9.306  47.921 0.0000000000
67768  -42.293  -15.811  52.368 0.0000000000
79626  -50.800  -5.084  42.492 0.0000000000
33895  -9.553  -46.941  76.907 0.0000000000
65557  -39.084  -19.041  62.132 0.0000000000
64479  -36.288  -19.347  56.854 0.0000000000
45378  -28.998  -37.455  64.547 0.0000000000
45306  -32.579  -38.185  68.330 0.0000000000
68811  -48.981  -14.941  55.007 0.0000000000
87990  -56.242  3.120  38.743 0.0000000000
54491  -36.837  -27.607  63.571 0.0000000000
56481  -37.514  -25.648  63.232 0.0000000000
42094  -22.056  -41.408  66.155 0.0000000000
50508  -34.690  -31.830  62.493 0.0000000000
51579  -36.030  -30.245  62.921 0.0000000000
52553  -38.254  -29.536  65.187 0.0000000000
63222  -40.792  -20.006  56.265 0.0000000000
63191  -43.269  -19.924  57.465 0.0000000000
63288  -42.127  -19.689  54.565 0.0000000000
77452  -52.044  -7.047  47.501 0.0000000000
75400  -54.477  -8.569  49.668 0.0000000000
81779  -55.347  -3.558  46.708 0.0000000000
35096  -10.739  -46.093  72.281 0.0000000000
35051  -11.323  -46.742  75.872 0.0000000000
61986  -38.073  -21.183  60.510 0.0000000000
63096  -39.541  -19.743  63.415 0.0000000000
64360  -37.535  -19.604  60.707 0.0000000000
65617  -37.797  -18.982  59.402 0.0000000000
64436  -35.307  -19.647  57.821 0.0000000000
38776  -26.919  -42.327  69.504 0.0000000000
38734  -27.003  -43.260  71.549 0.0000000000
38763  -28.671  -42.579  70.066 0.0000000000
40938  -30.657  -40.854  70.219 0.0000000000
46453  -26.535  -36.209  62.942 0.0000000000
47470  -28.562  -35.794  63.321 0.0000000000
46402  -35.603  -36.182  65.994 0.0000000000
46399  -32.557  -36.819  65.982 0.0000000000
45330  -34.880  -37.523  68.164 0.0000000000
44196  -34.738  -38.200  69.984 0.0000000000
40928  -16.386  -41.491  70.700 0.0000000000
40903  -18.007  -41.289  73.671 0.0000000000
40882  -18.651  -41.119  75.865 0.0000000000
69983  -44.775  -13.903  51.203 0.0000000000
67760  -45.279  -15.431  53.271 0.0000000000
69967  -47.485  -13.885  52.403 0.0000000000
91309  -57.160  5.617  38.110 0.0000000000
37499  -13.895  -44.076  78.398 0.0000000000
56428  -40.832  -25.698  67.257 0.0000000000
58569  -40.790  -24.187  66.774 0.0000000000
58585  -39.432  -24.571  65.007 0.0000000000
58645  -37.535  -23.477  61.417 0.0000000000
40956  -20.629  -41.329  70.589 0.0000000000
40935  -22.595  -42.129  71.801 0.0000000000
40978  -22.341  -41.868  69.929 0.0000000000
39893  -24.815  -41.913  68.419 0.0000000000
41022  -26.683  -40.677  67.224 0.0000000000
48471  -30.242  -35.106  62.471 0.0000000000
48489  -33.028  -33.840  62.570 0.0000000000
48461  -35.734  -34.161  64.539 0.0000000000
48442  -37.490  -34.039  66.555 0.0000000000
50456  -38.707  -31.497  67.189 0.0000000000
53552  -39.840  -28.790  66.747 0.0000000000
42070  -17.296  -40.515  67.757 0.0000000000
64350  -43.484  -18.901  62.441 0.0000000000
65549  -46.922  -18.211  63.457 0.0000000000
64389  -45.338  -18.783  60.562 0.0000000000
63170  -46.735  -19.744  58.221 0.0000000000
73235  -48.437  -11.013  49.614 0.0000000000
71105  -50.463  -12.680  51.733 0.0000000000
73224  -52.279  -11.033  51.218 0.0000000000
28369  -7.712  -51.087  79.966 0.0000000000
65668  -40.535  -17.573  52.334 0.0000000000
69997  -40.598  -13.715  50.054 0.0000000000
72219  -45.727  -11.501  48.169 0.0000000000
73275  -47.050  -10.651  46.935 0.0000000000
76464  -49.321  -7.730  46.519 0.0000000000
78535  -50.216  -5.955  46.360 0.0000000000
79597  -52.235  -5.334  45.282 0.0000000000
78561  -48.860  -5.586  44.263 0.0000000000
35016  -11.662  -45.690  79.488 0.0000000000
34993  -9.626  -46.730  80.083 0.0000000000
30675  -8.820  -49.102  79.859 0.0000000000
65466  -43.590  -18.493  67.183 0.0000000000
61925  -41.338  -20.956  66.183 0.0000000000
65509  -41.301  -19.167  64.983 0.0000000000
65527  -41.607  -18.675  64.439 0.0000000000
65589  -39.914  -18.776  60.850 0.0000000000
64461  -38.547  -19.635  57.965 0.0000000000
63254  -37.539  -20.308  55.322 0.0000000000
39812  -25.133  -43.511  72.628 0.0000000000
43193  -26.709  -38.486  64.984 0.0000000000
43158  -29.060  -38.671  66.827 0.0000000000
46419  -30.491  -36.621  64.705 0.0000000000
45325  -30.730  -37.656  66.808 0.0000000000
43136  -30.542  -39.323  68.432 0.0000000000
43108  -32.497  -39.407  70.066 0.0000000000
36336  -12.755  -44.930  72.069 0.0000000000
38743  -14.776  -43.230  71.496 0.0000000000
37548  -14.673  -43.468  74.149 0.0000000000
65647  -43.937  -17.769  54.196 0.0000000000
65639  -46.981  -17.728  55.272 0.0000000000
66655  -50.137  -16.668  55.982 0.0000000000
69925  -51.338  -13.728  55.126 0.0000000000
80697  -54.147  -4.266  43.788 0.0000000000
81810  -55.860  -2.356  42.693 0.0000000000
83845  -57.230  -0.574  41.828 0.0000000000
84846  -55.474  0.643  39.087 0.0000000000
86847  -58.243  2.567  41.061 0.0000000000
54499  -36.328  -27.615  62.698 0.0000000000
55463  -36.742  -26.751  63.173 0.0000000000
55471  -35.628  -26.728  61.557 0.0000000000
51594  -35.235  -30.278  62.233 0.0000000000
53570  -36.219  -28.933  62.755 0.0000000000
53571  -36.616  -28.413  63.189 0.0000000000
63285  -39.286  -20.161  54.365 0.0000000000
63258  -41.481  -20.053  55.344 0.0000000000
63308  -40.667  -19.568  53.759 0.0000000000
78519  -52.182  -5.447  47.777 0.0000000000
78521  -54.183  -6.063  48.552 0.0000000000
79558  -53.686  -4.843  48.509 0.0000000000
80655  -54.832  -4.068  48.661 0.0000000000
80674  -53.667  -4.209  47.079 0.0000000000
35082  -12.526  -45.611  73.566 0.0000000000
35065  -11.220  -46.661  74.544 0.0000000000
36286  -12.883  -45.349  75.407 0.0000000000
60836  -36.538  -21.482  59.762 0.0000000000
61985  -37.583  -20.587  60.329 0.0000000000
63122  -36.953  -20.286  59.550 0.0000000000
64381  -37.052  -20.041  59.280 0.0000000000
63139  -35.334  -20.310  58.564 0.0000000000
40894  -20.719  -41.287  74.230 0.0000000000
39881  -27.755  -41.703  69.067 0.0000000000
38762  -28.004  -42.705  70.050 0.0000000000
39864  -28.695  -41.832  69.592 0.0000000000
39865  -29.631  -41.897  69.846 0.0000000000
40963  -30.067  -40.894  69.989 0.0000000000
46403  -36.375  -36.096  66.509 0.0000000000
45366  -34.930  -36.658  66.724 0.0000000000
45331  -35.830  -37.072  67.974 0.0000000000
45307  -35.599  -37.474  68.442 0.0000000000
40931  -19.046  -41.233  71.511 0.0000000000
40904  -19.156  -41.200  73.563 0.0000000000
40893  -19.842  -41.064  74.439 0.0000000000
65468  -45.406  -17.854  67.126 0.0000000000
71099  -44.916  -13.238  50.804 0.0000000000
69965  -45.531  -14.168  52.196 0.0000000000
71086  -46.971  -13.541  51.723 0.0000000000
55441  -40.213  -26.661  66.071 0.0000000000
57525  -39.978  -25.230  65.883 0.0000000000
56459  -38.814  -25.714  65.292 0.0000000000
57579  -37.431  -24.836  62.627 0.0000000000
58644  -36.640  -24.037  61.314 0.0000000000
59744  -37.207  -23.153  60.686 0.0000000000
40996  -19.660  -40.865  68.499 0.0000000000
40977  -21.295  -41.484  69.589 0.0000000000
40997  -20.798  -41.299  68.176 0.0000000000
41032  -23.437  -41.040  66.308 0.0000000000
41019  -23.040  -41.453  67.007 0.0000000000
41020  -24.446  -41.410  67.375 0.0000000000
39907  -25.442  -41.465  67.738 0.0000000000
41021  -25.738  -40.868  66.978 0.0000000000
49484  -31.907  -33.679  61.727 0.0000000000
50495  -35.713  -31.938  63.622 0.0000000000
49465  -35.084  -33.026  63.757 0.0000000000
49466  -36.249  -32.750  64.378 0.0000000000
48452  -36.574  -34.241  65.496 0.0000000000
49454  -36.846  -33.003  65.379 0.0000000000
49428  -37.886  -32.990  66.993 0.0000000000
50465  -37.951  -31.892  65.966 0.0000000000
54476  -38.339  -27.733  65.318 0.0000000000
52547  -39.207  -29.626  66.367 0.0000000000
54469  -39.352  -27.589  65.901 0.0000000000
55442  -40.546  -27.416  66.796 0.0000000000
42071  -18.112  -40.580  67.703 0.0000000000
64386  -42.143  -19.555  60.879 0.0000000000
64365  -43.819  -19.119  61.514 0.0000000000
63124  -42.998  -19.837  60.199 0.0000000000
63226  -44.852  -20.155  56.454 0.0000000000
63168  -44.829  -19.773  58.238 0.0000000000
63194  -46.231  -19.924  57.352 0.0000000000
63195  -47.177  -19.898  57.333 0.0000000000
63228  -46.649  -19.731  56.524 0.0000000000
73252  -49.586  -10.437  48.913 0.0000000000
73237  -50.145  -10.875  49.864 0.0000000000
73254  -51.410  -10.037  49.454 0.0000000000
76416  -55.882  -7.562  51.394 0.0000000000
73261  -45.960  -11.233  47.606 0.0000000000
73282  -45.154  -10.354  46.204 0.0000000000
75435  -47.123  -8.171  45.809 0.0000000000
77458  -47.784  -6.885  45.825 0.0000000000
77460  -49.436  -6.826  46.258 0.0000000000
78546  -48.092  -6.231  45.427 0.0000000000
78556  -49.298  -5.426  44.988 0.0000000000
33913  -9.111  -47.133  75.131 0.0000000000
32830  -8.292  -47.789  76.712 0.0000000000
37476  -13.611  -43.888  80.380 0.0000000000
36249  -12.815  -45.248  79.033 0.0000000000
37463  -13.081  -44.992  80.626 0.0000000000
34984  -10.961  -46.232  81.100 0.0000000000
32790  -10.318  -47.540  81.169 0.0000000000
32797  -9.435  -48.075  79.830 0.0000000000
31750  -10.017  -48.680  81.046 0.0000000000
30682  -9.472  -49.744  79.965 0.0000000000
58587  -40.502  -23.315  65.501 0.0000000000
60770  -41.244  -21.970  66.667 0.0000000000
60801  -40.634  -22.215  64.911 0.0000000000
64347  -39.121  -19.376  62.400 0.0000000000
63087  -39.876  -19.675  63.969 0.0000000000
64335  -39.917  -18.980  63.808 0.0000000000
65526  -40.880  -18.724  64.309 0.0000000000
65543  -40.649  -18.347  63.550 0.0000000000
65559  -40.684  -18.326  62.656 0.0000000000
65572  -39.809  -18.556  61.744 0.0000000000
64459  -36.611  -19.369  57.704 0.0000000000
64439  -38.067  -19.317  58.730 0.0000000000
64480  -37.175  -19.645  57.023 0.0000000000
63219  -37.816  -20.153  56.256 0.0000000000
63218  -36.864  -19.881  56.173 0.0000000000
40960  -23.673  -42.422  71.478 0.0000000000
40922  -23.787  -42.585  72.691 0.0000000000
39834  -24.800  -42.936  71.703 0.0000000000
45390  -27.506  -37.021  63.753 0.0000000000
44269  -26.736  -38.069  64.345 0.0000000000
44256  -27.978  -38.228  65.232 0.0000000000
43177  -27.882  -38.642  65.876 0.0000000000
44244  -29.174  -38.220  66.234 0.0000000000
47497  -31.326  -35.305  62.943 0.0000000000
47496  -30.319  -35.745  63.114 0.0000000000
46441  -31.196  -36.287  63.860 0.0000000000
46357  -32.303  -37.355  67.304 0.0000000000
46374  -31.208  -37.273  66.286 0.0000000000
45304  -31.575  -37.831  67.816 0.0000000000
44233  -30.893  -38.134  67.713 0.0000000000
44213  -31.420  -38.491  68.280 0.0000000000
43124  -31.320  -39.473  69.264 0.0000000000
44194  -32.760  -38.537  69.871 0.0000000000
49408  -38.776  -32.379  68.773 0.0000000000
38759  -15.068  -42.794  70.899 0.0000000000
38732  -15.746  -42.507  72.761 0.0000000000
37559  -14.607  -43.580  73.141 0.0000000000
40864  -19.622  -41.230  77.516 0.0000000000
66700  -41.388  -16.799  52.512 0.0000000000
65658  -42.642  -17.768  53.815 0.0000000000
67758  -42.982  -16.086  53.124 0.0000000000
68821  -47.108  -15.324  53.809 0.0000000000
67742  -46.707  -16.172  54.397 0.0000000000
67724  -47.901  -16.053  55.025 0.0000000000
66670  -48.429  -17.183  55.567 0.0000000000
67707  -50.028  -15.852  55.778 0.0000000000
71092  -52.096  -12.512  52.761 0.0000000000
71074  -50.682  -13.466  52.981 0.0000000000
71064  -52.616  -12.847  54.241 0.0000000000
79607  -51.454  -5.472  44.535 0.0000000000
79598  -53.156  -5.176  45.105 0.0000000000
79619  -52.671  -5.112  43.276 0.0000000000
80729  -54.063  -3.513  41.931 0.0000000000
81822  -55.654  -2.388  41.620 0.0000000000
82867  -56.963  -1.269  42.432 0.0000000000
82884  -55.718  -1.392  40.530 0.0000000000
85858  -54.606  1.686  38.160 0.0000000000
84859  -54.559  0.841  38.555 0.0000000000
85846  -55.872  1.647  38.975 0.0000000000
85834  -56.881  1.449  39.854 0.0000000000
86877  -57.292  2.463  39.946 0.0000000000
89108  -57.674  4.147  39.832 0.0000000000
90250  -58.127  5.380  37.967 0.0000000000
54485  -37.836  -27.772  64.723 0.0000000000
56473  -37.914  -25.803  63.956 0.0000000000
56472  -37.307  -26.257  63.576 0.0000000000
56490  -36.222  -25.503  62.249 0.0000000000
42074  -20.647  -40.965  67.267 0.0000000000
50519  -34.781  -30.976  62.356 0.0000000000
50509  -35.376  -31.228  62.883 0.0000000000
50496  -36.575  -31.392  64.044 0.0000000000
51564  -37.613  -30.522  64.716 0.0000000000
52560  -37.171  -29.441  64.056 0.0000000000
53565  -37.799  -28.613  64.604 0.0000000000
64464  -41.284  -19.867  58.198 0.0000000000
63166  -42.702  -19.846  58.685 0.0000000000
63190  -42.115  -20.018  57.543 0.0000000000
63224  -42.830  -20.088  56.415 0.0000000000
63260  -43.492  -19.828  55.356 0.0000000000
75426  -51.696  -8.515  47.376 0.0000000000
75398  -53.113  -8.909  49.148 0.0000000000
76444  -53.595  -7.751  48.396 0.0000000000
77433  -55.498  -7.132  49.692 0.0000000000
81787  -55.999  -3.049  45.994 0.0000000000
33924  -10.320  -46.747  74.908 0.0000000000
33904  -10.813  -46.843  76.502 0.0000000000
60830  -38.930  -21.808  61.744 0.0000000000
60814  -39.898  -21.051  63.228 0.0000000000
60821  -38.980  -20.947  61.821 0.0000000000
63104  -38.613  -19.742  61.941 0.0000000000
65556  -38.300  -19.051  61.692 0.0000000000
65587  -37.989  -18.685  60.755 0.0000000000
65586  -37.634  -18.930  60.377 0.0000000000
64437  -36.004  -19.568  58.172 0.0000000000
64458  -35.740  -19.368  57.480 0.0000000000
39845  -25.761  -42.623  70.498 0.0000000000
39835  -25.645  -42.820  71.246 0.0000000000
38746  -27.194  -42.965  70.797 0.0000000000
38747  -27.915  -43.180  70.662 0.0000000000
39847  -30.482  -41.767  70.241 0.0000000000
46454  -27.330  -35.935  63.101 0.0000000000
46439  -28.859  -36.458  63.647 0.0000000000
47452  -34.218  -35.484  64.773 0.0000000000
46421  -32.327  -36.495  65.075 0.0000000000
46400  -33.546  -36.630  66.251 0.0000000000
45349  -33.436  -37.151  67.201 0.0000000000
44234  -33.487  -37.996  68.203 0.0000000000
44195  -33.707  -38.149  70.023 0.0000000000
44236  -34.643  -37.896  68.811 0.0000000000
40972  -16.679  -41.184  69.020 0.0000000000
40929  -16.922  -40.890  71.313 0.0000000000
40902  -17.324  -41.280  73.181 0.0000000000
39808  -17.346  -41.544  74.734 0.0000000000
40892  -18.870  -41.015  74.665 0.0000000000
68862  -43.310  -14.606  51.597 0.0000000000
67769  -43.449  -15.448  52.504 0.0000000000
68849  -44.765  -14.687  52.269 0.0000000000
68837  -46.731  -14.875  53.244 0.0000000000
69933  -48.180  -14.655  53.875 0.0000000000
80714  -48.737  -4.148  41.900 0.0000000000
80716  -51.277  -4.303  41.794 0.0000000000
80724  -50.184  -3.387  41.229 0.0000000000
88005  -55.551  3.028  37.849 0.0000000000
89138  -56.355  3.859  38.081 0.0000000000
89151  -55.460  4.774  37.071 0.0000000000
91322  -56.024  6.022  37.008 0.0000000000
37522  -13.975  -43.887  75.782 0.0000000000
36274  -13.511  -44.710  76.265 0.0000000000
57504  -41.322  -24.796  68.376 0.0000000000
57517  -40.863  -24.961  67.203 0.0000000000
58577  -40.344  -24.530  65.984 0.0000000000
58597  -39.793  -23.711  64.281 0.0000000000
57550  -38.469  -25.275  64.354 0.0000000000
58607  -38.960  -24.291  63.319 0.0000000000
59717  -39.332  -23.110  62.867 0.0000000000
59745  -37.932  -22.628  61.046 0.0000000000
59757  -36.857  -22.470  60.075 0.0000000000
40932  -20.070  -41.239  71.544 0.0000000000
40919  -21.746  -41.794  72.509 0.0000000000
40957  -21.570  -41.664  70.753 0.0000000000
40958  -22.392  -41.980  70.970 0.0000000000
39877  -23.325  -42.190  69.761 0.0000000000
41018  -21.642  -41.511  67.242 0.0000000000
39891  -23.116  -42.057  68.873 0.0000000000
39878  -24.432  -42.240  69.488 0.0000000000
39879  -25.449  -42.239  69.171 0.0000000000
39895  -26.991  -41.337  68.220 0.0000000000
41002  -27.652  -40.542  68.039 0.0000000000
47514  -31.774  -34.690  62.585 0.0000000000
47498  -32.505  -34.781  63.045 0.0000000000
49474  -34.269  -32.989  62.863 0.0000000000
48475  -34.298  -33.653  63.171 0.0000000000
47476  -33.710  -35.014  64.010 0.0000000000
47478  -35.373  -34.940  64.724 0.0000000000
47455  -36.452  -35.037  65.695 0.0000000000
47420  -37.509  -35.043  67.275 0.0000000000
47408  -38.181  -34.610  68.405 0.0000000000
48435  -37.998  -33.599  67.248 0.0000000000
49415  -38.492  -32.443  68.175 0.0000000000
50450  -38.892  -31.734  68.110 0.0000000000
51551  -38.579  -30.588  65.910 0.0000000000
51542  -39.380  -30.361  67.201 0.0000000000
51528  -39.743  -30.442  68.500 0.0000000000
53541  -40.597  -28.431  68.365 0.0000000000
40973  -17.342  -40.982  69.326 0.0000000000
64327  -43.819  -18.707  63.836 0.0000000000
64339  -45.070  -18.593  63.049 0.0000000000
64352  -45.480  -18.566  62.417 0.0000000000
64390  -46.373  -18.588  60.591 0.0000000000
63143  -44.465  -19.469  59.053 0.0000000000
64420  -45.804  -18.847  59.718 0.0000000000
72186  -47.238  -11.776  49.967 0.0000000000
71103  -48.409  -12.817  51.324 0.0000000000
72188  -49.528  -11.467  50.355 0.0000000000
72174  -51.368  -11.870  51.543 0.0000000000
73217  -53.017  -11.341  52.005 0.0000000000
74358  -53.458  -9.420  50.274 0.0000000000
73226  -54.090  -10.088  51.705 0.0000000000
64543  -38.276  -19.490  51.530 0.0000000000
64529  -39.823  -19.366  52.938 0.0000000000
65666  -38.994  -18.444  51.434 0.0000000000
66711  -40.378  -16.866  51.580 0.0000000000
67778  -40.655  -15.710  51.023 0.0000000000
68859  -41.136  -14.865  50.995 0.0000000000
69981  -42.491  -14.253  50.814 0.0000000000
70000  -43.475  -13.540  50.412 0.0000000000
72183  -44.675  -12.553  49.975 0.0000000000
72207  -45.408  -11.916  49.233 0.0000000000
73249  -46.681  -11.208  48.567 0.0000000000
73263  -47.668  -10.691  47.916 0.0000000000
73277  -48.845  -9.790  47.131 0.0000000000
74394  -46.576  -8.993  45.827 0.0000000000
74396  -48.269  -8.945  46.368 0.0000000000
74386  -49.995  -9.042  47.330 0.0000000000
76453  -50.639  -7.493  46.916 0.0000000000
78527  -51.260  -5.758  47.085 0.0000000000
79579  -51.468  -5.152  47.015 0.0000000000
80673  -52.844  -4.689  46.800 0.0000000000
79595  -50.612  -5.534  45.594 0.0000000000
78563  -50.177  -5.635  44.536 0.0000000000
79616  -49.106  -5.524  43.513 0.0000000000
79624  -48.312  -5.007  42.653 0.0000000000
36273  -12.866  -45.632  76.747 0.0000000000
35036  -12.262  -45.958  77.731 0.0000000000
35034  -10.783  -46.821  77.863 0.0000000000
36218  -11.689  -45.763  80.874 0.0000000000
35006  -10.671  -46.141  80.295 0.0000000000
33882  -9.650  -46.995  78.882 0.0000000000
33871  -8.897  -48.172  78.735 0.0000000000
32806  -8.377  -48.675  78.969 0.0000000000
31756  -7.419  -49.461  79.186 0.0000000000
29553  -7.871  -50.433  80.081 0.0000000000
65487  -43.587  -18.510  66.343 0.0000000000
63046  -41.664  -20.467  67.205 0.0000000000
61949  -40.496  -20.374  64.478 0.0000000000
63077  -41.109  -20.001  65.256 0.0000000000
65485  -41.991  -18.879  66.293 0.0000000000
65511  -42.599  -18.724  65.416 0.0000000000
65512  -43.570  -18.607  65.409 0.0000000000
65545  -42.523  -18.723  63.563 0.0000000000
64363  -41.706  -19.004  61.638 0.0000000000
64384  -40.440  -19.100  60.315 0.0000000000
65606  -39.129  -18.694  60.097 0.0000000000
64413  -39.405  -18.955  59.391 0.0000000000
64441  -39.858  -19.280  58.718 0.0000000000
64482  -39.156  -19.787  57.099 0.0000000000
63255  -38.562  -20.310  55.322 0.0000000000
63284  -38.282  -20.320  54.333 0.0000000000
62009  -33.966  -20.556  58.306 0.0000000000
63162  -33.818  -19.999  57.859 0.0000000000
64476  -34.374  -19.591  57.019 0.0000000000
63216  -35.041  -19.779  56.147 0.0000000000
63252  -35.589  -20.078  55.263 0.0000000000
63282  -36.229  -20.459  54.342 0.0000000000
63304  -36.936  -20.393  53.365 0.0000000000
63321  -37.567  -20.039  52.457 0.0000000000
38724  -26.021  -43.343  72.217 0.0000000000
42142  -24.429  -39.369  64.713 0.0000000000
43204  -25.250  -38.566  64.468 0.0000000000
42128  -25.692  -39.105  65.570 0.0000000000
42115  -26.753  -39.397  66.285 0.0000000000
42098  -27.797  -39.875  67.366 0.0000000000
42076  -28.873  -39.993  68.464 0.0000000000
48469  -29.018  -34.693  62.357 0.0000000000
47471  -29.319  -36.078  63.440 0.0000000000
46417  -29.454  -36.835  64.406 0.0000000000
46398  -31.669  -36.991  65.791 0.0000000000
46396  -30.270  -36.848  65.655 0.0000000000
45344  -29.730  -37.552  66.154 0.0000000000
44231  -29.558  -38.371  66.876 0.0000000000
43145  -29.346  -39.184  67.562 0.0000000000
42059  -29.927  -39.865  69.054 0.0000000000
42048  -30.730  -40.240  69.752 0.0000000000
42033  -32.016  -40.029  69.905 0.0000000000
36335  -11.998  -45.452  71.846 0.0000000000
36320  -13.001  -44.974  73.195 0.0000000000
38758  -14.534  -43.268  70.448 0.0000000000
37600  -13.304  -43.777  69.879 0.0000000000
37578  -13.363  -44.298  71.082 0.0000000000
37558  -14.121  -44.080  72.839 0.0000000000
37534  -14.049  -43.958  74.652 0.0000000000
38702  -15.293  -42.928  75.849 0.0000000000
39789  -18.192  -41.384  76.654 0.0000000000
64531  -41.293  -18.891  53.533 0.0000000000
64518  -42.638  -18.839  54.192 0.0000000000
64520  -44.443  -18.573  54.680 0.0000000000
67740  -44.577  -16.368  53.698 0.0000000000
65648  -44.895  -17.760  54.507 0.0000000000
64503  -46.614  -18.714  55.462 0.0000000000
64504  -47.473  -18.641  55.700 0.0000000000
71088  -48.860  -13.224  52.141 0.0000000000
69949  -48.906  -14.037  53.638 0.0000000000
69923  -49.625  -14.539  55.344 0.0000000000
80682  -53.721  -4.857  46.173 0.0000000000
80691  -54.602  -4.044  45.525 0.0000000000
81793  -55.503  -2.933  44.935 0.0000000000
79629  -53.443  -4.217  42.577 0.0000000000
80707  -54.842  -3.448  43.332 0.0000000000
82859  -56.122  -2.101  44.370 0.0000000000
83825  -57.019  -1.019  43.276 0.0000000000
83826  -57.518  -0.415  43.325 0.0000000000
82894  -55.038  -0.921  39.830 0.0000000000
83851  -56.318  -0.457  40.315 0.0000000000
85817  -57.915  1.380  41.385 0.0000000000
90218  -57.844  4.912  39.269 0.0000000000
53578  -36.243  -28.337  62.667 0.0000000000
52574  -35.781  -29.456  62.373 0.0000000000
53577  -35.645  -28.366  62.103 0.0000000000
63286  -40.203  -19.943  54.432 0.0000000000
63307  -39.961  -19.781  53.601 0.0000000000
79572  -53.054  -4.681  48.038 0.0000000000
78520  -53.253  -5.563  48.321 0.0000000000
80654  -53.966  -4.434  48.389 0.0000000000
80665  -53.957  -4.150  47.904 0.0000000000
36303  -12.989  -45.177  74.282 0.0000000000
35066  -12.299  -45.907  74.441 0.0000000000
61996  -36.101  -20.862  59.304 0.0000000000
61984  -36.958  -20.661  59.786 0.0000000000
63140  -35.996  -20.326  58.776 0.0000000000
40895  -21.500  -41.625  74.028 0.0000000000
40906  -20.965  -41.449  73.311 0.0000000000
39882  -28.586  -41.365  69.156 0.0000000000
40961  -29.106  -41.017  69.259 0.0000000000
40962  -29.488  -41.064  69.632 0.0000000000
42046  -29.460  -40.649  69.420 0.0000000000
46378  -36.838  -35.842  67.260 0.0000000000
45352  -36.199  -36.611  67.273 0.0000000000
45332  -36.662  -36.498  68.004 0.0000000000
45309  -37.259  -36.396  68.858 0.0000000000
40905  -20.127  -41.204  73.441 0.0000000000
71100  -45.578  -13.033  50.825 0.0000000000
71085  -46.064  -13.533  51.616 0.0000000000
71101  -46.475  -13.088  51.024 0.0000000000
55440  -38.991  -26.673  65.597 0.0000000000
56444  -39.336  -25.807  65.672 0.0000000000
56443  -38.649  -26.181  65.408 0.0000000000
57594  -36.224  -24.552  61.709 0.0000000000
58624  -36.991  -24.336  61.997 0.0000000000
42112  -23.505  -40.471  65.895 0.0000000000
41033  -23.974  -40.842  66.493 0.0000000000
41034  -24.933  -40.658  66.509 0.0000000000
49455  -37.429  -32.243  65.510 0.0000000000
55449  -38.705  -27.362  65.575 0.0000000000
54477  -38.769  -28.145  65.667 0.0000000000
42072  -19.045  -40.706  67.626 0.0000000000
64416  -41.753  -19.709  60.042 0.0000000000
64417  -42.514  -19.819  60.197 0.0000000000
64444  -42.286  -19.874  59.532 0.0000000000
63193  -45.295  -20.044  57.365 0.0000000000
63227  -45.770  -19.907  56.515 0.0000000000
63263  -46.195  -19.434  55.830 0.0000000000
74364  -50.428  -9.949  48.438 0.0000000000
73253  -50.710  -10.343  49.261 0.0000000000
74365  -51.217  -9.764  48.765 0.0000000000
75345  -55.823  -8.407  52.194 0.0000000000
72242  -44.644  -10.933  46.572 0.0000000000
78533  -48.443  -6.381  45.768 0.0000000000
33902  -9.345  -47.000  75.969 0.0000000000
33901  -8.763  -47.337  75.584 0.0000000000
32836  -8.262  -47.707  75.820 0.0000000000
33894  -8.833  -47.292  76.406 0.0000000000
37475  -13.166  -44.646  80.384 0.0000000000
37464  -13.501  -44.112  81.045 0.0000000000
32798  -10.195  -48.091  81.309 0.0000000000
30678  -11.100  -49.193  80.588 0.0000000000
59704  -40.440  -22.659  64.835 0.0000000000
59695  -40.589  -22.641  65.305 0.0000000000
59703  -40.301  -22.607  64.227 0.0000000000
65541  -39.435  -19.086  62.849 0.0000000000
65542  -39.914  -18.800  63.394 0.0000000000
65558  -39.795  -18.556  62.552 0.0000000000
64460  -37.546  -19.642  57.930 0.0000000000
39843  -24.240  -42.589  71.554 0.0000000000
45377  -28.128  -37.467  64.306 0.0000000000
44270  -27.524  -37.993  64.516 0.0000000000
45361  -28.750  -37.903  64.956 0.0000000000
44243  -28.423  -38.464  65.901 0.0000000000
44257  -28.816  -38.147  65.543 0.0000000000
47474  -32.021  -35.710  63.432 0.0000000000
46442  -32.150  -36.268  64.142 0.0000000000
45327  -31.851  -37.459  67.404 0.0000000000
45305  -32.048  -37.992  68.069 0.0000000000
44214  -32.321  -38.433  68.802 0.0000000000
44193  -31.907  -38.827  69.269 0.0000000000
50443  -39.292  -31.560  69.077 0.0000000000
39806  -16.470  -42.090  74.554 0.0000000000
67767  -41.630  -16.089  52.016 0.0000000000
66701  -42.025  -16.352  52.833 0.0000000000
67757  -42.346  -16.203  52.963 0.0000000000
68810  -48.301  -15.305  54.674 0.0000000000
67743  -47.617  -15.554  54.357 0.0000000000
67725  -48.712  -15.516  55.075 0.0000000000
67706  -48.872  -15.985  55.367 0.0000000000
68799  -49.374  -15.359  55.398 0.0000000000
71076  -52.539  -12.536  53.334 0.0000000000
79617  -50.379  -5.611  43.768 0.0000000000
79618  -51.645  -5.446  43.431 0.0000000000
81833  -55.009  -2.223  40.849 0.0000000000
81834  -55.609  -2.026  40.991 0.0000000000
82883  -54.550  -1.661  40.187 0.0000000000
86888  -55.538  2.304  38.475 0.0000000000
85859  -55.166  1.313  38.667 0.0000000000
86875  -55.991  2.203  38.980 0.0000000000
86876  -56.591  2.343  39.469 0.0000000000
87978  -57.413  3.089  39.946 0.0000000000
87977  -56.949  3.555  39.418 0.0000000000
54484  -37.331  -27.486  64.122 0.0000000000
55456  -37.708  -26.670  64.378 0.0000000000
55455  -37.106  -26.916  63.840 0.0000000000
55472  -36.166  -26.478  62.316 0.0000000000
51593  -34.645  -30.515  61.903 0.0000000000
50510  -36.080  -31.094  63.364 0.0000000000
51580  -36.558  -30.524  63.516 0.0000000000
51563  -37.120  -30.290  64.091 0.0000000000
52568  -36.720  -29.494  63.372 0.0000000000
53564  -37.184  -28.527  64.092 0.0000000000
63189  -41.070  -19.933  57.255 0.0000000000
63259  -42.451  -20.011  55.408 0.0000000000
63289  -42.905  -19.582  54.688 0.0000000000
76455  -52.247  -8.011  47.488 0.0000000000
76443  -52.834  -7.409  47.850 0.0000000000
78510  -55.424  -6.048  49.735 0.0000000000
77424  -55.874  -6.810  50.505 0.0000000000
78499  -56.210  -5.779  50.310 0.0000000000
81780  -55.944  -3.027  46.872 0.0000000000
33925  -10.871  -46.820  75.254 0.0000000000
33915  -10.550  -46.856  75.712 0.0000000000
60829  -38.466  -21.612  61.122 0.0000000000
63112  -37.646  -19.841  60.851 0.0000000000
61975  -37.882  -20.075  60.937 0.0000000000
63113  -38.051  -19.740  61.371 0.0000000000
64346  -38.425  -19.310  61.809 0.0000000000
64361  -37.864  -19.295  61.195 0.0000000000
64383  -37.788  -18.970  60.985 0.0000000000
64382  -37.498  -19.385  60.292 0.0000000000
63164  -35.895  -19.995  58.367 0.0000000000
64410  -36.678  -19.979  58.628 0.0000000000
38760  -26.474  -42.602  69.992 0.0000000000
38745  -26.464  -42.803  70.706 0.0000000000
38761  -27.295  -42.611  69.939 0.0000000000
39866  -30.234  -41.323  70.124 0.0000000000
47493  -27.869  -35.343  62.953 0.0000000000
46438  -28.010  -36.378  63.620 0.0000000000
46423  -34.290  -36.006  65.429 0.0000000000
46401  -34.584  -36.400  66.086 0.0000000000
45351  -35.310  -36.912  67.388 0.0000000000
45350  -34.372  -36.983  67.416 0.0000000000
45329  -33.839  -37.595  67.837 0.0000000000
44235  -34.074  -37.960  68.548 0.0000000000
44217  -35.366  -37.838  69.082 0.0000000000
40953  -17.631  -40.958  70.365 0.0000000000
40952  -16.805  -41.048  70.085 0.0000000000
40915  -18.512  -41.201  72.527 0.0000000000
39819  -17.615  -41.402  74.288 0.0000000000
40884  -20.522  -41.289  75.182 0.0000000000
40883  -19.655  -41.071  75.486 0.0000000000
69963  -44.006  -14.423  51.550 0.0000000000
68848  -43.871  -14.748  51.873 0.0000000000
69964  -44.462  -14.365  51.683 0.0000000000
69966  -46.638  -13.982  52.370 0.0000000000
69947  -46.322  -14.374  52.806 0.0000000000
69948  -47.693  -14.469  53.252 0.0000000000
68838  -47.408  -14.920  53.540 0.0000000000
80715  -49.994  -4.023  41.718 0.0000000000
86898  -54.213  2.738  37.216 0.0000000000
88004  -54.760  3.293  37.267 0.0000000000
89137  -55.609  4.132  37.298 0.0000000000
89136  -54.978  3.875  37.075 0.0000000000
37510  -14.151  -43.941  77.097 0.0000000000
38642  -14.689  -43.134  80.880 0.0000000000
56412  -41.015  -25.669  68.005 0.0000000000
57537  -39.845  -24.785  65.545 0.0000000000
58586  -39.978  -24.210  65.196 0.0000000000
58596  -39.332  -24.449  64.563 0.0000000000
58625  -37.752  -24.264  62.271 0.0000000000
58606  -38.309  -24.619  62.833 0.0000000000
58626  -38.701  -23.549  62.402 0.0000000000
59731  -38.233  -23.172  61.773 0.0000000000
40933  -20.983  -41.461  71.613 0.0000000000
40979  -22.884  -42.102  70.473 0.0000000000
39876  -22.721  -42.042  69.283 0.0000000000
41017  -21.011  -41.176  67.310 0.0000000000
41000  -24.147  -41.824  68.154 0.0000000000
40999  -23.470  -41.807  68.097 0.0000000000
39892  -23.882  -42.023  68.798 0.0000000000
39908  -26.281  -41.258  67.659 0.0000000000
39909  -26.816  -41.080  67.653 0.0000000000
39896  -27.622  -41.137  68.440 0.0000000000
41001  -27.137  -40.812  67.682 0.0000000000
48488  -32.395  -34.136  62.371 0.0000000000
48473  -32.931  -34.226  62.709 0.0000000000
49486  -33.992  -32.191  62.189 0.0000000000
49464  -34.613  -33.439  63.323 0.0000000000
48460  -34.566  -34.143  63.598 0.0000000000
48459  -33.977  -34.427  63.527 0.0000000000
47477  -34.787  -34.899  64.371 0.0000000000
47435  -36.917  -35.174  66.317 0.0000000000
48434  -37.980  -34.351  67.497 0.0000000000
50455  -38.107  -32.218  66.901 0.0000000000
50449  -38.433  -32.156  67.635 0.0000000000
51550  -38.181  -30.333  65.244 0.0000000000
53551  -39.323  -28.773  66.186 0.0000000000
52548  -39.675  -29.646  66.951 0.0000000000
51535  -39.600  -30.375  67.720 0.0000000000
52542  -39.992  -29.704  67.905 0.0000000000
53540  -40.367  -29.083  68.198 0.0000000000
53545  -40.237  -28.748  67.321 0.0000000000
55429  -40.828  -26.594  67.274 0.0000000000
54460  -40.817  -27.552  68.420 0.0000000000
40994  -17.763  -40.890  68.519 0.0000000000
40955  -19.624  -41.177  70.519 0.0000000000
64337  -43.200  -18.761  63.301 0.0000000000
64338  -44.269  -18.692  63.298 0.0000000000
64366  -44.878  -18.794  61.463 0.0000000000
64367  -46.044  -18.464  61.574 0.0000000000
63167  -43.861  -19.759  58.373 0.0000000000
63169  -45.772  -19.710  58.187 0.0000000000
63144  -45.315  -19.275  58.937 0.0000000000
63145  -46.276  -19.230  58.954 0.0000000000
64421  -46.777  -18.922  59.825 0.0000000000
63146  -47.255  -19.449  59.151 0.0000000000
62011  -48.475  -20.253  57.969 0.0000000000
72187  -48.335  -11.424  50.050 0.0000000000
73238  -51.367  -10.733  50.259 0.0000000000
72190  -51.241  -11.329  50.837 0.0000000000
73223  -51.556  -11.228  50.976 0.0000000000
72175  -52.073  -11.551  51.763 0.0000000000
75399  -53.724  -8.936  49.545 0.0000000000
74368  -53.101  -9.248  49.658 0.0000000000
75383  -54.037  -8.991  50.140 0.0000000000
74343  -54.385  -9.334  51.284 0.0000000000
28368  -7.204  -51.043  80.195 0.0000000000
28370  -6.945  -50.846  79.518 0.0000000000
28371  -7.299  -50.989  79.429 0.0000000000
67777  -39.921  -16.258  50.668 0.0000000000
68874  -41.425  -14.454  50.734 0.0000000000
68860  -41.957  -14.655  50.993 0.0000000000
69998  -41.718  -13.993  50.416 0.0000000000
71115  -43.030  -13.336  49.786 0.0000000000
71116  -43.762  -13.075  50.070 0.0000000000
71138  -43.484  -12.875  49.307 0.0000000000
72208  -46.523  -11.398  49.106 0.0000000000
73264  -48.796  -10.220  47.946 0.0000000000
73276  -47.977  -9.974  47.103 0.0000000000
75436  -48.008  -8.247  46.118 0.0000000000
74395  -47.511  -8.944  46.166 0.0000000000
75437  -48.838  -8.400  46.507 0.0000000000
74385  -49.179  -9.012  46.935 0.0000000000
75423  -49.274  -8.467  46.761 0.0000000000
75424  -49.779  -8.201  46.943 0.0000000000
77461  -50.031  -6.494  46.450 0.0000000000
77450  -50.524  -6.539  46.664 0.0000000000
78526  -50.728  -6.067  46.644 0.0000000000
78536  -51.080  -5.586  46.710 0.0000000000
79586  -51.226  -5.481  46.331 0.0000000000
79585  -50.486  -5.638  46.028 0.0000000000
78557  -50.052  -5.588  45.027 0.0000000000
78562  -49.632  -5.624  44.373 0.0000000000
32829  -7.735  -48.275  76.974 0.0000000000
36261  -13.470  -44.759  77.483 0.0000000000
36250  -13.331  -44.795  78.399 0.0000000000
36248  -12.088  -45.413  79.461 0.0000000000
35027  -12.471  -45.641  78.404 0.0000000000
35026  -11.816  -45.936  78.782 0.0000000000
35035  -11.329  -46.563  77.614 0.0000000000
35025  -10.705  -46.643  78.508 0.0000000000
36207  -13.010  -45.517  81.352 0.0000000000
34994  -10.099  -46.570  80.364 0.0000000000
34995  -10.701  -46.101  80.758 0.0000000000
35005  -9.964  -46.612  79.820 0.0000000000
35014  -10.176  -46.688  79.207 0.0000000000
33873  -9.721  -46.824  79.373 0.0000000000
33881  -9.051  -47.684  78.350 0.0000000000
33872  -9.373  -47.249  79.350 0.0000000000
31748  -8.803  -48.835  79.681 0.0000000000
32796  -9.031  -48.395  79.369 0.0000000000
31757  -8.149  -48.977  79.357 0.0000000000
32805  -7.735  -49.124  78.981 0.0000000000
30680  -7.918  -49.459  79.945 0.0000000000
30681  -8.662  -49.677  79.994 0.0000000000
30693  -10.168  -49.996  79.851 0.0000000000
65467  -44.418  -18.088  67.148 0.0000000000
58557  -41.233  -23.983  67.738 0.0000000000
58544  -41.611  -23.874  68.766 0.0000000000
59681  -41.089  -23.096  67.067 0.0000000000
60757  -41.604  -22.136  67.708 0.0000000000
61910  -41.622  -21.233  67.350 0.0000000000
61968  -39.411  -20.434  62.754 0.0000000000
61959  -40.303  -20.890  63.927 0.0000000000
61958  -39.882  -20.257  63.738 0.0000000000
64315  -40.782  -19.419  64.755 0.0000000000
63088  -40.346  -19.731  64.454 0.0000000000
64316  -41.424  -19.507  65.534 0.0000000000
63078  -41.489  -19.748  65.914 0.0000000000
65484  -41.696  -19.215  66.030 0.0000000000
64300  -41.859  -19.078  66.718 0.0000000000
65510  -41.825  -18.803  65.304 0.0000000000
65528  -42.508  -18.689  64.492 0.0000000000
65544  -41.548  -18.495  63.595 0.0000000000
65573  -40.869  -18.633  61.730 0.0000000000
65574  -41.485  -18.749  62.089 0.0000000000
64362  -41.120  -18.907  61.252 0.0000000000
65605  -38.282  -18.626  60.083 0.0000000000
65588  -38.960  -18.503  60.863 0.0000000000
64440  -38.970  -19.202  58.677 0.0000000000
64462  -39.505  -19.498  57.921 0.0000000000
63220  -38.838  -20.046  56.231 0.0000000000
63185  -33.339  -19.996  57.279 0.0000000000
63215  -34.004  -19.802  56.437 0.0000000000
64477  -34.722  -19.618  56.861 0.0000000000
63250  -33.456  -20.309  55.175 0.0000000000
63251  -34.565  -20.003  55.254 0.0000000000
63281  -35.204  -20.316  54.281 0.0000000000
63305  -37.936  -20.172  53.395 0.0000000000
39841  -22.263  -42.022  72.154 0.0000000000
39821  -22.091  -41.954  72.779 0.0000000000
40920  -22.792  -42.246  72.489 0.0000000000
39822  -24.079  -42.726  73.056 0.0000000000
38733  -26.331  -43.017  71.479 0.0000000000
39824  -25.414  -43.206  71.925 0.0000000000
44268  -26.075  -38.150  64.272 0.0000000000
43192  -25.886  -38.586  64.953 0.0000000000
43175  -26.065  -38.978  65.691 0.0000000000
42114  -25.907  -39.744  66.140 0.0000000000
43157  -28.160  -39.105  66.563 0.0000000000
43144  -28.404  -39.508  67.376 0.0000000000
42075  -28.347  -39.865  67.931 0.0000000000
48470  -29.489  -34.898  62.440 0.0000000000
47473  -30.097  -36.290  63.779 0.0000000000
47472  -29.847  -36.158  63.556 0.0000000000
47450  -29.933  -36.515  64.306 0.0000000000
47449  -29.820  -36.463  64.084 0.0000000000
46418  -29.974  -36.613  64.806 0.0000000000
45346  -30.937  -37.453  66.577 0.0000000000
46373  -30.699  -37.226  66.104 0.0000000000
45363  -29.840  -37.085  65.917 0.0000000000
45345  -30.312  -37.406  66.382 0.0000000000
44245  -29.859  -37.903  66.546 0.0000000000
44212  -30.753  -38.566  67.842 0.0000000000
43146  -30.323  -38.853  67.685 0.0000000000
43135  -29.594  -39.729  68.561 0.0000000000
43123  -30.466  -39.862  69.245 0.0000000000
43125  -32.130  -39.152  70.038 0.0000000000
42049  -31.555  -39.899  69.703 0.0000000000
44176  -34.236  -38.465  70.635 0.0000000000
48421  -38.287  -33.982  68.132 0.0000000000
36319  -12.340  -45.566  72.684 0.0000000000
36337  -13.268  -44.700  72.612 0.0000000000
40951  -16.181  -41.565  69.689 0.0000000000
39875  -15.467  -42.029  69.151 0.0000000000
39858  -15.622  -42.221  70.494 0.0000000000
39857  -14.991  -42.698  70.374 0.0000000000
37590  -13.691  -43.792  70.377 0.0000000000
37579  -14.159  -43.892  71.258 0.0000000000
37547  -14.077  -43.980  73.647 0.0000000000
37535  -14.704  -43.458  75.250 0.0000000000
40881  -18.068  -41.291  75.567 0.0000000000
39797  -17.592  -41.521  75.512 0.0000000000
39798  -18.033  -41.399  75.980 0.0000000000
65532  -46.675  -18.082  64.233 0.0000000000
64545  -40.108  -18.571  52.638 0.0000000000
64530  -40.479  -19.089  53.196 0.0000000000
65656  -40.833  -18.192  53.001 0.0000000000
65646  -43.212  -18.175  54.184 0.0000000000
64519  -43.569  -18.909  54.542 0.0000000000
67759  -44.313  -15.949  53.175 0.0000000000
67741  -45.266  -16.132  53.858 0.0000000000
66681  -46.369  -17.128  54.988 0.0000000000
66680  -45.524  -16.930  54.565 0.0000000000
65650  -46.327  -17.702  55.136 0.0000000000
65649  -45.744  -17.839  54.950 0.0000000000
65638  -46.283  -18.164  55.209 0.0000000000
65628  -49.567  -17.547  55.887 0.0000000000
65627  -48.884  -17.519  55.757 0.0000000000
71104  -49.432  -12.722  51.528 0.0000000000
71089  -49.834  -13.154  52.291 0.0000000000
69937  -51.365  -13.581  54.183 0.0000000000
69950  -49.851  -13.780  53.717 0.0000000000
69936  -50.550  -13.876  54.442 0.0000000000
69935  -49.641  -14.073  54.554 0.0000000000
69924  -50.510  -14.127  55.324 0.0000000000
79587  -52.195  -5.170  46.232 0.0000000000
80681  -52.897  -5.069  46.449 0.0000000000
79588  -52.863  -5.301  45.918 0.0000000000
79609  -53.344  -4.892  44.077 0.0000000000
80690  -54.119  -4.668  44.857 0.0000000000
81792  -55.009  -3.495  45.205 0.0000000000
80698  -54.890  -3.711  44.488 0.0000000000
79628  -52.840  -4.563  42.542 0.0000000000
80718  -53.085  -3.950  42.127 0.0000000000
81809  -55.078  -2.931  42.437 0.0000000000
80720  -54.414  -3.520  42.367 0.0000000000
81800  -55.272  -2.827  43.061 0.0000000000
81801  -55.527  -2.767  43.771 0.0000000000
82865  -56.158  -2.066  43.507 0.0000000000
82860  -56.618  -1.490  43.810 0.0000000000
82866  -56.622  -1.645  42.832 0.0000000000
82873  -57.116  -1.078  42.130 0.0000000000
83836  -57.247  -0.736  42.635 0.0000000000
84811  -57.776  0.229  42.366 0.0000000000
84845  -54.823  0.506  38.882 0.0000000000
83864  -54.648  -0.123  39.166 0.0000000000
82893  -54.084  -1.064  39.506 0.0000000000
83865  -55.657  -0.284  39.722 0.0000000000
82895  -55.549  -0.847  40.049 0.0000000000
83866  -56.220  0.016  39.883 0.0000000000
86864  -57.724  2.342  40.450 0.0000000000
85835  -57.365  1.222  40.464 0.0000000000
85818  -58.596  1.579  41.620 0.0000000000
90233  -56.905  4.878  38.518 0.0000000000
90217  -57.408  4.707  39.119 0.0000000000
90234  -57.546  5.235  38.665 0.0000000000
51610  -34.781  -30.053  61.742 0.0000000000
52584  -34.961  -29.304  61.607 0.0000000000
52567  -36.232  -29.537  62.830 0.0000000000
63256  -39.544  -20.139  55.313 0.0000000000
63257  -40.509  -20.065  55.305 0.0000000000
63287  -41.195  -19.740  54.352 0.0000000000
77440  -52.558  -6.359  47.937 0.0000000000
78508  -54.016  -5.281  48.696 0.0000000000
81751  -55.515  -3.445  48.605 0.0000000000
80666  -55.005  -3.713  48.094 0.0000000000
80675  -54.705  -3.992  47.390 0.0000000000
35081  -11.693  -46.196  73.252 0.0000000000
35052  -12.139  -46.156  75.618 0.0000000000
60837  -37.454  -21.663  60.081 0.0000000000
63123  -37.344  -20.012  60.294 0.0000000000
63163  -34.968  -20.007  58.280 0.0000000000
40885  -21.301  -41.598  74.907 0.0000000000
39863  -27.979  -42.227  69.681 0.0000000000
45367  -35.703  -36.567  66.743 0.0000000000
45308  -36.296  -37.240  68.570 0.0000000000
69984  -45.410  -13.585  51.314 0.0000000000
55428  -40.596  -26.289  66.570 0.0000000000
56427  -40.512  -25.743  66.554 0.0000000000
56445  -40.015  -25.820  65.985 0.0000000000
57524  -39.446  -25.365  65.580 0.0000000000
57536  -39.135  -25.095  65.145 0.0000000000
57562  -37.287  -25.181  62.847 0.0000000000
40976  -20.206  -41.125  69.493 0.0000000000
42095  -23.008  -41.195  66.056 0.0000000000
42096  -26.341  -40.295  66.751 0.0000000000
49475  -35.047  -32.206  63.138 0.0000000000
48462  -36.349  -33.529  64.957 0.0000000000
49441  -37.139  -33.547  65.908 0.0000000000
48443  -37.733  -33.372  66.768 0.0000000000
49442  -37.533  -32.901  66.273 0.0000000000
53557  -38.277  -28.704  65.200 0.0000000000
52554  -38.745  -29.610  65.767 0.0000000000
53558  -38.782  -28.802  65.699 0.0000000000
54464  -40.375  -28.145  67.066 0.0000000000
54470  -40.058  -27.995  66.597 0.0000000000
40995  -18.655  -40.868  68.557 0.0000000000
64364  -42.768  -19.220  61.644 0.0000000000
64387  -43.134  -19.632  60.756 0.0000000000
64388  -44.177  -19.263  60.394 0.0000000000
63192  -44.314  -19.993  57.386 0.0000000000
63229  -47.582  -19.496  56.391 0.0000000000
73236  -49.039  -10.914  49.697 0.0000000000
73239  -52.268  -10.304  50.402 0.0000000000
75385  -55.127  -8.465  50.537 0.0000000000
75384  -54.526  -8.816  50.511 0.0000000000
75366  -55.425  -8.504  51.380 0.0000000000
83801  -57.251  -1.150  44.591 0.0000000000
72230  -44.767  -11.432  47.280 0.0000000000
73273  -45.209  -10.983  46.876 0.0000000000
73274  -45.970  -10.866  46.989 0.0000000000
73283  -46.294  -10.107  46.163 0.0000000000
76462  -47.682  -7.411  45.882 0.0000000000
76463  -48.593  -7.544  46.213 0.0000000000
77459  -48.334  -6.740  45.914 0.0000000000
78534  -48.891  -6.234  45.966 0.0000000000
78547  -49.048  -5.646  45.651 0.0000000000
78548  -49.938  -5.613  45.656 0.0000000000
78555  -48.316  -5.621  44.717 0.0000000000
32824  -8.378  -47.971  77.589 0.0000000000
37486  -13.880  -43.818  79.537 0.0000000000
37485  -13.296  -44.558  79.787 0.0000000000
36239  -12.570  -45.052  79.878 0.0000000000
36230  -12.458  -45.206  80.346 0.0000000000
34985  -11.664  -46.212  81.469 0.0000000000
33858  -11.100  -46.837  81.273 0.0000000000
33865  -9.835  -46.845  80.415 0.0000000000
33864  -9.377  -47.258  80.020 0.0000000000
32789  -9.620  -47.520  80.560 0.0000000000
31749  -9.488  -48.378  80.307 0.0000000000
30676  -9.566  -49.047  80.012 0.0000000000
30677  -10.250  -49.218  80.517 0.0000000000
30683  -10.450  -49.759  80.085 0.0000000000
58578  -40.667  -23.717  66.088 0.0000000000
59688  -40.803  -22.736  66.061 0.0000000000
60785  -40.898  -21.770  65.598 0.0000000000
60784  -40.926  -21.260  65.310 0.0000000000
63105  -39.183  -19.743  62.665 0.0000000000
64324  -39.725  -19.429  63.739 0.0000000000
64325  -40.079  -19.243  64.127 0.0000000000
65508  -40.697  -18.862  64.627 0.0000000000
64438  -37.207  -19.572  58.682 0.0000000000
64481  -38.143  -19.950  57.138 0.0000000000
40936  -23.210  -42.358  71.941 0.0000000000
40921  -23.355  -42.436  72.621 0.0000000000
40937  -23.732  -42.570  72.119 0.0000000000
39833  -24.193  -42.771  72.296 0.0000000000
39823  -24.597  -43.162  72.506 0.0000000000
38725  -26.597  -43.589  72.266 0.0000000000
45389  -26.699  -37.194  63.581 0.0000000000
45376  -27.336  -37.543  64.082 0.0000000000
44255  -27.209  -38.362  64.938 0.0000000000
43176  -26.965  -38.855  65.733 0.0000000000
48472  -30.784  -35.187  62.589 0.0000000000
46456  -30.690  -36.035  63.432 0.0000000000
46440  -30.440  -36.370  63.935 0.0000000000
46376  -32.724  -37.186  66.924 0.0000000000
46375  -31.866  -37.132  66.685 0.0000000000
46356  -32.119  -37.197  67.137 0.0000000000
45347  -31.373  -37.362  66.869 0.0000000000
45326  -31.134  -37.734  67.343 0.0000000000
43137  -31.266  -39.117  68.702 0.0000000000
44192  -31.545  -39.001  68.893 0.0000000000
43126  -32.704  -38.812  70.244 0.0000000000
39839  -16.239  -41.710  71.892 0.0000000000
38744  -15.451  -42.621  71.665 0.0000000000
37567  -14.451  -43.773  72.211 0.0000000000
38731  -15.061  -43.138  72.464 0.0000000000
38722  -15.295  -43.081  73.504 0.0000000000
38712  -15.473  -42.954  74.685 0.0000000000
40865  -20.389  -41.273  77.140 0.0000000000
65669  -41.064  -17.519  52.829 0.0000000000
65657  -41.656  -17.684  53.213 0.0000000000
66688  -41.685  -17.039  53.091 0.0000000000
66689  -42.230  -16.795  53.269 0.0000000000
66690  -43.554  -16.932  53.740 0.0000000000
68820  -46.123  -15.421  53.579 0.0000000000
67723  -47.282  -16.317  54.737 0.0000000000
66668  -47.171  -16.717  54.940 0.0000000000
66669  -47.790  -16.961  55.314 0.0000000000
66653  -48.441  -16.465  55.375 0.0000000000
66654  -49.186  -16.716  55.650 0.0000000000
71106  -51.075  -12.583  51.997 0.0000000000
71090  -50.805  -13.143  52.459 0.0000000000
69969  -51.387  -13.157  52.804 0.0000000000
71063  -52.028  -13.172  53.806 0.0000000000
71053  -52.040  -13.272  54.719 0.0000000000
79608  -52.440  -5.342  44.288 0.0000000000
81821  -54.382  -2.947  41.582 0.0000000000
81811  -56.389  -2.002  42.296 0.0000000000
82872  -56.537  -1.513  41.664 0.0000000000
82885  -56.343  -0.980  40.889 0.0000000000
85857  -54.097  1.574  37.838 0.0000000000
84860  -54.991  0.824  38.802 0.0000000000
84847  -56.110  0.382  39.580 0.0000000000
85847  -56.318  1.150  39.442 0.0000000000
86863  -57.247  1.974  39.984 0.0000000000
87965  -57.941  3.472  40.537 0.0000000000
91324  -57.239  6.188  37.526 0.0000000000
91310  -57.592  5.588  38.102 0.0000000000
91325  -57.687  5.737  37.753 0.0000000000
55448  -38.229  -26.788  65.341 0.0000000000
56480  -36.850  -25.767  62.819 0.0000000000
42110  -21.611  -40.583  65.589 0.0000000000
42125  -23.092  -40.104  65.317 0.0000000000
42126  -23.965  -39.887  65.177 0.0000000000
50528  -33.705  -30.965  61.250 0.0000000000
50518  -34.211  -31.187  61.891 0.0000000000
50497  -37.213  -31.111  64.565 0.0000000000
52561  -37.749  -29.496  64.594 0.0000000000
63165  -41.920  -19.990  58.393 0.0000000000
63223  -41.785  -20.074  56.364 0.0000000000
63225  -43.861  -20.046  56.428 0.0000000000
63261  -44.456  -19.840  55.589 0.0000000000
74376  -51.824  -9.282  48.432 0.0000000000
75413  -52.654  -8.653  48.315 0.0000000000
75414  -53.618  -8.511  48.897 0.0000000000
76445  -54.382  -8.055  48.995 0.0000000000
77442  -54.366  -7.105  48.539 0.0000000000
77443  -54.999  -7.518  49.074 0.0000000000
76436  -55.145  -8.095  49.714 0.0000000000
76425  -55.557  -7.774  50.540 0.0000000000
81761  -55.988  -3.087  48.197 0.0000000000
82840  -56.348  -2.343  46.349 0.0000000000
82850  -56.239  -2.140  45.384 0.0000000000
35080  -10.425  -46.453  73.251 0.0000000000
35063  -9.517  -46.711  73.868 0.0000000000
33923  -9.430  -46.868  74.410 0.0000000000
33914  -9.802  -46.841  75.420 0.0000000000
33903  -10.093  -46.844  76.307 0.0000000000
59733  -39.573  -22.312  62.682 0.0000000000
60815  -40.296  -21.690  63.659 0.0000000000
60822  -39.489  -21.531  62.385 0.0000000000
61976  -38.338  -20.436  61.226 0.0000000000
61967  -38.883  -20.205  62.088 0.0000000000
65571  -38.940  -18.728  61.580 0.0000000000
65570  -38.213  -18.855  61.460 0.0000000000
65604  -37.599  -18.921  59.988 0.0000000000
64411  -37.388  -19.547  59.381 0.0000000000
65616  -37.538  -19.249  59.404 0.0000000000
64478  -35.440  -19.499  56.813 0.0000000000
39861  -25.092  -42.455  70.112 0.0000000000
38735  -27.684  -43.489  71.387 0.0000000000
39846  -29.760  -42.408  70.066 0.0000000000
46437  -27.234  -36.528  63.381 0.0000000000
46416  -28.736  -36.979  64.022 0.0000000000
46422  -33.376  -36.099  65.113 0.0000000000
45364  -33.566  -36.810  66.795 0.0000000000
46377  -33.309  -36.947  66.807 0.0000000000
45348  -32.980  -37.406  67.237 0.0000000000
45328  -32.812  -37.729  67.691 0.0000000000
44215  -33.250  -38.205  68.887 0.0000000000
44216  -34.267  -38.037  69.307 0.0000000000
39840  -16.774  -41.092  72.137 0.0000000000
39818  -17.064  -41.537  73.840 0.0000000000
40891  -17.988  -41.195  74.909 0.0000000000
40873  -19.614  -41.193  76.547 0.0000000000
68847  -42.972  -14.965  51.969 0.0000000000
67770  -44.301  -15.203  52.482 0.0000000000
68835  -44.927  -15.034  52.837 0.0000000000
68836  -45.713  -14.681  52.972 0.0000000000
68822  -47.943  -14.915  54.080 0.0000000000
68823  -48.529  -14.940  54.521 0.0000000000
79625  -49.535  -5.109  42.517 0.0000000000
80726  -51.789  -3.598  41.393 0.0000000000
85870  -54.279  1.853  37.741 0.0000000000
86900  -55.174  2.471  38.018 0.0000000000
87989  -55.842  2.916  38.316 0.0000000000
89123  -56.778  4.070  38.859 0.0000000000
90249  -56.428  4.900  37.745 0.0000000000
90248  -56.000  5.168  37.156 0.0000000000
91323  -56.676  5.855  37.489 0.0000000000
38653  -14.316  -43.422  80.316 0.0000000000
57516  -40.476  -25.131  66.507 0.0000000000
58568  -40.509  -24.803  66.467 0.0000000000
59694  -40.282  -23.200  64.888 0.0000000000
58608  -39.722  -23.288  63.554 0.0000000000
56458  -38.216  -25.738  65.024 0.0000000000
57535  -38.578  -25.388  64.881 0.0000000000
57551  -38.874  -24.808  64.261 0.0000000000
57563  -38.111  -25.122  63.137 0.0000000000
57564  -38.623  -24.925  63.773 0.0000000000
59732  -38.987  -22.569  62.154 0.0000000000
59746  -38.527  -22.382  61.523 0.0000000000
60838  -37.983  -21.940  60.518 0.0000000000
59758  -37.521  -22.430  60.394 0.0000000000
60848  -35.924  -21.354  59.459 0.0000000000
40918  -21.279  -41.600  72.476 0.0000000000
40934  -21.836  -41.841  71.825 0.0000000000
40959  -23.174  -42.153  71.120 0.0000000000
39859  -23.339  -42.203  70.516 0.0000000000
39860  -24.041  -42.333  70.646 0.0000000000
40998  -22.266  -41.781  68.518 0.0000000000
39862  -25.945  -42.458  69.728 0.0000000000
38775  -26.462  -42.371  69.577 0.0000000000
39894  -25.919  -41.722  68.379 0.0000000000
39880  -26.505  -42.063  69.068 0.0000000000
40980  -28.022  -40.940  68.493 0.0000000000
49499  -30.944  -33.488  61.173 0.0000000000
48487  -31.171  -34.378  62.243 0.0000000000
47513  -31.424  -34.790  62.526 0.0000000000
47475  -32.793  -35.478  63.682 0.0000000000
49485  -33.033  -32.965  62.310 0.0000000000
49473  -33.679  -33.342  62.662 0.0000000000
48474  -33.618  -34.061  63.002 0.0000000000
47499  -33.201  -34.869  63.387 0.0000000000
47453  -34.967  -35.469  64.923 0.0000000000
46424  -35.086  -35.914  65.473 0.0000000000
48451  -36.048  -34.500  65.112 0.0000000000
47454  -35.814  -35.117  65.300 0.0000000000
47434  -36.303  -35.572  65.883 0.0000000000
47407  -37.917  -34.823  68.074 0.0000000000
48420  -38.128  -34.425  67.931 0.0000000000
49414  -38.168  -32.897  67.696 0.0000000000
49407  -38.376  -33.014  68.527 0.0000000000
51520  -39.521  -30.933  68.842 0.0000000000
50480  -37.709  -31.344  65.176 0.0000000000
50481  -38.239  -31.129  65.690 0.0000000000
50466  -38.469  -31.322  66.365 0.0000000000
51541  -39.008  -30.455  66.647 0.0000000000
51534  -39.168  -30.919  67.527 0.0000000000
51527  -39.376  -31.010  68.306 0.0000000000
52537  -40.119  -29.831  68.764 0.0000000000
54465  -40.613  -27.921  67.491 0.0000000000
40974  -18.181  -41.101  69.458 0.0000000000
65530  -44.653  -18.354  64.290 0.0000000000
64351  -44.496  -18.788  62.366 0.0000000000
65562  -46.430  -18.403  62.627 0.0000000000
65575  -46.866  -18.481  62.095 0.0000000000
63141  -42.928  -19.849  59.681 0.0000000000
63142  -43.692  -19.633  59.423 0.0000000000
64418  -44.300  -19.364  59.645 0.0000000000
64419  -44.872  -19.097  59.699 0.0000000000
64391  -47.281  -18.697  60.635 0.0000000000
63171  -47.757  -20.041  58.335 0.0000000000
72170  -46.882  -12.482  50.519 0.0000000000
72171  -47.874  -12.262  50.614 0.0000000000
72172  -48.930  -12.081  50.860 0.0000000000
72173  -50.091  -12.139  51.003 0.0000000000
72158  -51.723  -12.086  52.126 0.0000000000
72159  -52.281  -11.941  52.373 0.0000000000
72160  -53.256  -11.684  52.790 0.0000000000
74366  -51.822  -9.516  49.122 0.0000000000
74357  -52.709  -9.704  50.034 0.0000000000
74341  -52.921  -10.064  50.807 0.0000000000
74359  -53.965  -9.178  50.698 0.0000000000
74342  -53.691  -9.752  51.061 0.0000000000
73225  -53.396  -10.571  51.527 0.0000000000
30691  -6.636  -49.810  78.609 0.0000000000
63322  -38.452  -19.832  52.558 0.0000000000
64544  -39.296  -19.196  52.252 0.0000000000
65667  -39.708  -18.106  52.035 0.0000000000
65680  -39.500  -17.574  51.398 0.0000000000
66699  -40.761  -17.068  52.157 0.0000000000
66712  -41.169  -16.223  51.695 0.0000000000
67779  -41.622  -15.512  51.507 0.0000000000
67780  -42.335  -15.107  51.639 0.0000000000
68861  -42.781  -14.602  51.373 0.0000000000
69982  -43.617  -14.157  51.148 0.0000000000
69999  -42.744  -13.761  50.388 0.0000000000
71098  -44.180  -13.428  50.651 0.0000000000
71118  -45.052  -12.878  50.526 0.0000000000
72184  -45.258  -12.579  50.133 0.0000000000
72206  -44.321  -12.472  49.424 0.0000000000
72185  -46.248  -12.207  49.860 0.0000000000
72209  -47.614  -11.214  49.419 0.0000000000
73262  -46.621  -11.192  47.900 0.0000000000
73250  -47.186  -10.975  48.701 0.0000000000
73251  -48.305  -10.842  48.978 0.0000000000
73265  -49.715  -10.021  48.090 0.0000000000
74374  -50.218  -9.575  47.768 0.0000000000
73284  -47.246  -9.759  46.373 0.0000000000
73285  -47.928  -9.482  46.459 0.0000000000
74373  -49.500  -9.705  47.456 0.0000000000
74387  -50.529  -9.156  47.539 0.0000000000
75425  -50.833  -8.591  47.232 0.0000000000
76454  -51.480  -7.726  47.172 0.0000000000
76452  -49.955  -7.238  46.593 0.0000000000
77451  -51.277  -6.758  47.167 0.0000000000
78528  -51.816  -6.227  47.564 0.0000000000
78518  -51.759  -5.240  47.425 0.0000000000
79571  -52.089  -4.895  47.437 0.0000000000
79580  -52.035  -4.803  46.894 0.0000000000
79596  -51.382  -5.403  45.491 0.0000000000
79606  -50.662  -5.547  44.852 0.0000000000
35044  -11.877  -46.285  76.725 0.0000000000
36260  -12.915  -45.365  77.981 0.0000000000
35043  -11.294  -46.662  76.756 0.0000000000
33896  -10.488  -46.849  77.286 0.0000000000
37453  -13.533  -44.954  80.899 0.0000000000
36219  -12.347  -45.462  80.736 0.0000000000
36229  -11.778  -45.588  80.496 0.0000000000
36205  -11.472  -45.951  81.152 0.0000000000
36237  -11.273  -45.811  80.252 0.0000000000
35015  -10.958  -46.044  79.574 0.0000000000
33888  -9.832  -46.977  78.019 0.0000000000
33887  -8.914  -47.325  77.369 0.0000000000
33863  -9.248  -48.043  79.184 0.0000000000
30679  -7.007  -49.982  79.496 0.0000000000
29552  -7.201  -50.387  80.099 0.0000000000
29554  -8.596  -50.232  79.933 0.0000000000
65457  -45.026  -17.996  67.765 0.0000000000
65488  -44.482  -18.033  66.269 0.0000000000
60800  -40.700  -21.417  64.653 0.0000000000
61936  -41.038  -20.782  65.358 0.0000000000
61948  -39.981  -20.199  64.053 0.0000000000
63064  -41.299  -20.509  65.762 0.0000000000
63065  -41.518  -20.109  66.329 0.0000000000
64278  -41.776  -19.864  67.304 0.0000000000
65464  -42.189  -18.925  67.095 0.0000000000
65465  -42.785  -18.781  67.232 0.0000000000
65486  -42.715  -18.757  66.332 0.0000000000
65529  -43.526  -18.679  64.348 0.0000000000
65546  -43.151  -18.721  63.773 0.0000000000
64336  -42.594  -18.756  63.098 0.0000000000
65560  -41.665  -18.640  62.699 0.0000000000
64348  -41.788  -18.839  62.258 0.0000000000
64349  -42.416  -18.872  62.521 0.0000000000
64385  -41.234  -19.250  60.703 0.0000000000
64415  -40.951  -19.498  59.769 0.0000000000
64412  -38.573  -18.864  59.384 0.0000000000
65607  -39.785  -18.946  60.044 0.0000000000
64414  -40.166  -19.235  59.522 0.0000000000
64442  -40.697  -19.563  58.880 0.0000000000
64463  -40.429  -19.562  57.996 0.0000000000
63188  -40.127  -19.727  57.111 0.0000000000
63221  -39.823  -19.953  56.219 0.0000000000
61994  -34.495  -20.697  58.546 0.0000000000
62010  -34.614  -20.480  58.462 0.0000000000
63187  -34.872  -19.718  57.756 0.0000000000
63186  -34.326  -19.711  57.445 0.0000000000
64457  -34.989  -19.610  57.363 0.0000000000
63217  -35.959  -19.693  56.084 0.0000000000
63253  -36.557  -20.189  55.302 0.0000000000
63283  -37.255  -20.387  54.358 0.0000000000
63303  -35.890  -20.404  53.279 0.0000000000
40907  -21.749  -41.794  73.106 0.0000000000
40897  -22.807  -42.111  73.691 0.0000000000
40910  -23.551  -42.447  73.199 0.0000000000
43156  -27.195  -39.264  66.369 0.0000000000
42097  -27.000  -39.821  66.779 0.0000000000
41023  -27.241  -40.320  67.443 0.0000000000
41003  -28.289  -40.408  68.360 0.0000000000
47494  -28.810  -35.031  62.874 0.0000000000
47495  -29.624  -35.494  62.953 0.0000000000
46420  -31.417  -36.688  64.894 0.0000000000
46397  -30.892  -37.037  65.612 0.0000000000
46395  -29.811  -36.916  65.313 0.0000000000
45362  -29.405  -37.530  65.410 0.0000000000
44232  -30.378  -38.190  67.138 0.0000000000
42058  -29.353  -40.336  69.055 0.0000000000
42047  -29.876  -40.353  69.545 0.0000000000
42032  -31.247  -40.369  70.016 0.0000000000
44174  -32.962  -38.689  70.326 0.0000000000
35097  -11.626  -45.862  72.291 0.0000000000
36304  -13.575  -44.551  73.993 0.0000000000
37565  -13.080  -44.617  71.550 0.0000000000
37566  -13.674  -44.443  72.077 0.0000000000
36321  -13.639  -44.472  73.070 0.0000000000
37523  -14.681  -43.401  76.346 0.0000000000
40872  -18.888  -41.213  77.013 0.0000000000
64517  -41.876  -19.154  54.037 0.0000000000
64532  -42.040  -18.481  53.726 0.0000000000
64500  -44.181  -19.300  55.012 0.0000000000
64501  -44.913  -19.183  55.095 0.0000000000
66691  -44.243  -16.551  53.639 0.0000000000
66678  -44.007  -17.228  53.934 0.0000000000
66679  -44.495  -16.940  54.026 0.0000000000
64521  -45.160  -18.454  54.854 0.0000000000
64502  -45.770  -18.829  55.227 0.0000000000
63264  -46.921  -19.279  55.902 0.0000000000
64483  -48.120  -18.901  56.018 0.0000000000
65640  -47.871  -17.776  55.549 0.0000000000
64505  -48.142  -18.318  55.802 0.0000000000
71102  -47.431  -13.019  51.089 0.0000000000
71087  -47.933  -13.486  51.849 0.0000000000
71071  -48.358  -13.826  52.704 0.0000000000
71073  -50.184  -13.478  52.990 0.0000000000
71072  -49.311  -13.599  52.925 0.0000000000
69934  -48.781  -14.617  54.339 0.0000000000
69922  -49.123  -14.654  54.937 0.0000000000
69911  -50.061  -14.673  55.781 0.0000000000
68812  -49.484  -14.937  55.434 0.0000000000
80683  -54.592  -4.098  46.513 0.0000000000
81786  -55.179  -3.508  45.821 0.0000000000
79627  -51.949  -4.914  42.483 0.0000000000
79620  -53.432  -4.553  43.175 0.0000000000
80719  -53.785  -3.844  42.236 0.0000000000
80706  -54.016  -3.993  42.906 0.0000000000
80708  -55.200  -3.324  43.959 0.0000000000
80699  -55.288  -3.175  44.293 0.0000000000
82851  -56.741  -1.518  44.678 0.0000000000
83813  -57.131  -0.899  44.020 0.0000000000
84804  -58.011  0.086  43.064 0.0000000000
83844  -56.829  -0.542  41.060 0.0000000000
84832  -56.703  0.525  40.048 0.0000000000
84833  -57.136  0.529  40.564 0.0000000000
84822  -57.349  0.342  41.198 0.0000000000
85807  -58.385  0.852  42.098 0.0000000000
89107  -57.196  4.243  39.264 0.0000000000
90235  -58.063  5.281  38.656 0.0000000000
28367  -6.909  -50.795  80.056 0.0000000000
29555  -10.522  -50.025  79.935 0.0000000000
29559  -8.211  -50.743  79.882 0.0000000000
30674  -8.464  -49.118  79.860 0.0000000000
30692  -9.858  -50.007  79.811 0.0000000000
31746  -9.640  -47.834  80.889 0.0000000000
31747  -9.766  -48.108  81.104 0.0000000000
33856  -9.711  -47.051  80.480 0.0000000000
33857  -10.285  -46.852  80.730 0.0000000000
33889  -10.459  -46.872  77.944 0.0000000000
33897  -11.005  -46.776  77.052 0.0000000000
33932  -9.267  -46.754  73.802 0.0000000000
34983  -10.532  -46.406  80.715 0.0000000000
35004  -9.429  -46.837  79.880 0.0000000000
35024  -10.091  -46.863  78.693 0.0000000000
36204  -11.073  -46.028  81.199 0.0000000000
36217  -11.160  -45.920  80.988 0.0000000000
36228  -11.196  -45.877  80.656 0.0000000000
36238  -11.775  -45.454  79.962 0.0000000000
37452  -12.872  -45.389  80.967 0.0000000000
39807  -16.779  -41.890  74.647 0.0000000000
39817  -16.444  -42.021  74.132 0.0000000000
39820  -21.894  -41.856  72.705 0.0000000000
39831  -22.026  -41.915  72.419 0.0000000000
39832  -22.352  -42.077  72.533 0.0000000000
39842  -22.509  -42.137  72.235 0.0000000000
40908  -22.428  -42.100  73.102 0.0000000000
43109  -33.000  -39.045  70.391 0.0000000000
45365  -34.047  -36.688  66.792 0.0000000000
46455  -30.323  -36.153  63.552 0.0000000000
47451  -30.158  -36.460  64.223 0.0000000000
49483  -31.336  -33.817  61.780 0.0000000000
53546  -40.503  -28.556  67.841 0.0000000000
54471  -40.434  -27.878  66.960 0.0000000000
60823  -39.843  -21.795  63.034 0.0000000000
61924  -41.233  -20.766  65.760 0.0000000000
61937  -41.047  -21.161  65.608 0.0000000000
62029  -48.633  -20.076  57.553 0.0000000000
63125  -43.397  -19.671  60.096 0.0000000000
63161  -33.497  -20.114  57.629 0.0000000000
64326  -43.414  -18.714  63.824 0.0000000000
64334  -39.567  -19.247  63.352 0.0000000000
64456  -34.582  -19.572  57.203 0.0000000000
65525  -40.364  -18.946  64.213 0.0000000000
65561  -42.280  -18.731  62.981 0.0000000000
65590  -40.701  -18.905  60.969 0.0000000000
65641  -48.435  -17.833  55.723 0.0000000000
65659  -43.310  -17.623  54.067 0.0000000000
65681  -40.001  -17.495  51.882 0.0000000000
67705  -48.430  -16.143  55.239 0.0000000000
68800  -49.993  -14.999  55.843 0.0000000000
68850  -45.257  -14.626  52.582 0.0000000000
69946  -45.866  -14.387  52.660 0.0000000000
69951  -50.721  -13.629  53.534 0.0000000000
69952  -51.427  -13.379  53.384 0.0000000000
69968  -51.032  -13.452  52.996 0.0000000000
69980  -42.067  -14.318  50.696 0.0000000000
71075  -51.898  -12.952  53.033 0.0000000000
71091  -51.603  -12.558  52.356 0.0000000000
71117  -44.504  -12.811  50.221 0.0000000000
71139  -44.001  -12.763  49.795 0.0000000000
72147  -52.840  -12.033  53.044 0.0000000000
72161  -53.736  -11.561  53.199 0.0000000000
72168  -45.597  -12.785  50.483 0.0000000000
72189  -50.641  -11.439  50.607 0.0000000000
72210  -48.159  -11.110  49.539 0.0000000000
72220  -46.406  -11.340  48.458 0.0000000000
72231  -45.518  -11.215  47.390 0.0000000000
73216  -52.424  -11.481  51.826 0.0000000000
74356  -51.966  -9.853  49.819 0.0000000000
74367  -52.514  -9.305  49.267 0.0000000000
74377  -52.206  -9.196  48.786 0.0000000000
74384  -48.519  -9.429  46.693 0.0000000000
74397  -48.707  -8.966  46.612 0.0000000000
75365  -54.916  -8.869  51.063 0.0000000000
75401  -54.853  -8.515  50.091 0.0000000000
75411  -51.371  -8.903  47.525 0.0000000000
75412  -51.865  -9.005  47.774 0.0000000000
75415  -54.090  -8.570  49.227 0.0000000000
75427  -52.169  -8.591  47.674 0.0000000000
75438  -49.300  -8.206  46.681 0.0000000000
76435  -54.740  -8.195  49.379 0.0000000000
76446  -54.853  -7.985  49.252 0.0000000000
76461  -47.185  -7.618  45.705 0.0000000000
76472  -47.219  -7.340  45.688 0.0000000000
77449  -49.993  -6.735  46.453 0.0000000000
77471  -47.871  -6.645  45.720 0.0000000000
79559  -54.389  -4.727  48.858 0.0000000000
79570  -51.625  -5.184  47.266 0.0000000000
81823  -56.186  -2.172  42.028 0.0000000000
82871  -55.927  -1.880  41.157 0.0000000000
83835  -56.993  -1.163  42.826 0.0000000000
83850  -55.812  -0.759  40.138 0.0000000000
83881  -54.521  0.357  38.781 0.0000000000
84821  -56.910  0.058  40.613 0.0000000000
86887  -54.977  2.205  38.091 0.0000000000
86889  -56.049  2.508  38.947 0.0000000000
86899  -54.665  2.372  37.688 0.0000000000
88003  -54.339  3.134  37.144 0.0000000000
88006  -56.022  3.220  38.226 0.0000000000
88020  -54.652  3.739  37.064 0.0000000000
89150  -54.820  4.404  36.985 0.0000000000
90216  -57.067  4.531  38.982 0.0000000000
91308  -56.791  5.383  38.010 0.0000000000
