#!ascii label  , from subject 3625 vox2ras=TkReg
913
53577  -35.645  -28.366  62.103 0.0000000000
44289  -19.456  -38.095  62.959 0.0000000000
48500  -28.137  -33.825  61.210 0.0000000000
78513  -42.934  -4.271  48.410 0.0000000000
83829  -48.028  -0.297  41.918 0.0000000000
43133  -11.731  -38.287  69.088 0.0000000000
75374  -41.182  -7.160  50.576 0.0000000000
58643  -36.093  -24.149  60.852 0.0000000000
50526  -32.436  -31.800  60.641 0.0000000000
44263  -15.177  -37.123  65.302 0.0000000000
40991  -15.445  -41.342  67.817 0.0000000000
54522  -32.462  -27.944  60.641 0.0000000000
57575  -31.783  -25.526  61.447 0.0000000000
46465  -24.466  -36.000  61.563 0.0000000000
51605  -29.219  -30.050  61.209 0.0000000000
66731  -36.693  -15.997  49.585 0.0000000000
72202  -40.087  -11.690  49.030 0.0000000000
74391  -43.306  -9.450  45.696 0.0000000000
36332  -8.435  -44.694  71.622 0.0000000000
36270  -5.438  -44.507  76.832 0.0000000000
59777  -29.429  -22.954  58.335 0.0000000000
63247  -29.903  -20.372  54.987 0.0000000000
64539  -32.799  -18.273  51.867 0.0000000000
37598  -11.710  -43.538  69.328 0.0000000000
43172  -19.232  -39.886  65.367 0.0000000000
43201  -22.463  -39.563  63.990 0.0000000000
51609  -34.251  -30.117  61.191 0.0000000000
47463  -17.317  -34.785  63.684 0.0000000000
44276  -17.026  -37.475  63.995 0.0000000000
43170  -17.215  -39.332  65.524 0.0000000000
53576  -32.714  -28.455  62.669 0.0000000000
52600  -31.087  -29.134  60.503 0.0000000000
69995  -35.902  -12.903  50.488 0.0000000000
70015  -38.476  -13.301  49.215 0.0000000000
73234  -37.561  -10.383  50.221 0.0000000000
75407  -40.924  -8.047  48.391 0.0000000000
77456  -42.441  -6.549  46.656 0.0000000000
75441  -45.455  -8.279  45.360 0.0000000000
78542  -44.296  -5.477  45.577 0.0000000000
80695  -45.245  -3.638  44.432 0.0000000000
58620  -29.733  -23.755  63.428 0.0000000000
58662  -30.712  -24.438  60.525 0.0000000000
59754  -28.123  -22.666  61.343 0.0000000000
65625  -27.715  -18.062  57.078 0.0000000000
65637  -29.579  -16.612  54.784 0.0000000000
63299  -31.451  -19.404  52.848 0.0000000000
66686  -30.932  -15.855  53.390 0.0000000000
67765  -32.952  -14.634  52.126 0.0000000000
47525  -25.811  -34.201  61.266 0.0000000000
39855  -9.762  -41.298  70.420 0.0000000000
39886  -11.027  -41.095  68.404 0.0000000000
32833  -5.333  -47.805  76.166 0.0000000000
32822  -4.297  -47.861  77.743 0.0000000000
75334  -37.770  -8.138  52.205 0.0000000000
59756  -35.962  -22.586  59.839 0.0000000000
49515  -30.185  -32.466  60.031 0.0000000000
44241  -13.158  -37.572  67.150 0.0000000000
41013  -13.064  -40.526  67.017 0.0000000000
42104  -14.945  -39.493  66.293 0.0000000000
83849  -49.326  -0.294  40.008 0.0000000000
53605  -33.931  -28.371  60.333 0.0000000000
55492  -34.391  -26.408  60.084 0.0000000000
56502  -32.806  -26.356  60.820 0.0000000000
46463  -19.640  -35.523  61.822 0.0000000000
45410  -21.590  -37.292  61.343 0.0000000000
47520  -21.204  -34.251  60.862 0.0000000000
47535  -24.010  -33.547  60.348 0.0000000000
50537  -25.289  -31.451  60.397 0.0000000000
51586  -26.241  -29.238  61.533 0.0000000000
50559  -28.205  -30.869  59.287 0.0000000000
50562  -31.260  -30.532  59.386 0.0000000000
51651  -32.583  -29.420  59.722 0.0000000000
64559  -38.318  -18.621  50.839 0.0000000000
75389  -39.412  -8.793  48.764 0.0000000000
73270  -41.187  -10.950  47.355 0.0000000000
80712  -46.784  -3.307  42.516 0.0000000000
36302  -6.360  -44.030  73.836 0.0000000000
33911  -6.657  -47.296  74.768 0.0000000000
56525  -34.011  -24.980  59.355 0.0000000000
58684  -33.250  -23.522  58.953 0.0000000000
59780  -32.566  -21.911  58.119 0.0000000000
63159  -27.803  -19.240  58.988 0.0000000000
62025  -28.738  -21.258  56.981 0.0000000000
62028  -32.436  -20.680  57.181 0.0000000000
63250  -33.456  -20.309  55.175 0.0000000000
63281  -35.204  -20.316  54.281 0.0000000000
64541  -36.360  -19.776  51.811 0.0000000000
66708  -34.889  -16.830  50.620 0.0000000000
68857  -35.021  -14.464  50.679 0.0000000000
44281  -24.696  -38.286  63.653 0.0000000000
38729  -9.263  -42.047  72.273 0.0000000000
37575  -10.053  -44.133  70.372 0.0000000000
38786  -13.242  -42.799  68.231 0.0000000000
31771  -3.000  -47.865  77.584 0.0000000000
43198  -19.483  -39.223  63.716 0.0000000000
43187  -20.610  -39.829  64.505 0.0000000000
44280  -20.365  -39.328  63.251 0.0000000000
52584  -34.961  -29.304  61.607 0.0000000000
45397  -18.280  -36.724  62.837 0.0000000000
45386  -16.892  -36.648  63.728 0.0000000000
44277  -17.680  -37.657  63.783 0.0000000000
44266  -18.020  -38.747  64.235 0.0000000000
72154  -35.763  -10.974  52.106 0.0000000000
72180  -36.361  -11.093  50.556 0.0000000000
73222  -36.117  -10.037  51.772 0.0000000000
76440  -42.570  -5.498  48.904 0.0000000000
76451  -42.078  -6.396  48.094 0.0000000000
77448  -42.431  -5.631  47.506 0.0000000000
77466  -43.754  -6.229  45.651 0.0000000000
79591  -43.466  -4.463  46.275 0.0000000000
80687  -43.775  -4.094  45.880 0.0000000000
58638  -28.362  -23.083  62.412 0.0000000000
67711  -29.742  -14.988  56.158 0.0000000000
66685  -30.301  -16.492  53.756 0.0000000000
67748  -30.954  -14.642  53.652 0.0000000000
67749  -31.849  -14.508  53.363 0.0000000000
48499  -27.283  -33.712  61.161 0.0000000000
47511  -27.412  -34.774  62.219 0.0000000000
48483  -27.781  -34.251  61.848 0.0000000000
40970  -10.370  -40.063  69.607 0.0000000000
42067  -11.129  -39.697  68.766 0.0000000000
82864  -47.524  -1.420  41.523 0.0000000000
32827  -4.622  -47.982  77.248 0.0000000000
57578  -36.749  -24.766  62.263 0.0000000000
58666  -36.508  -23.261  60.357 0.0000000000
49517  -31.852  -31.873  60.263 0.0000000000
49501  -32.826  -32.088  61.298 0.0000000000
46386  -15.262  -35.515  65.847 0.0000000000
46365  -14.239  -35.841  66.975 0.0000000000
45317  -13.558  -35.976  68.067 0.0000000000
44242  -13.590  -37.203  66.703 0.0000000000
43166  -13.688  -38.724  66.452 0.0000000000
43167  -14.422  -38.725  66.021 0.0000000000
42090  -18.440  -40.288  66.738 0.0000000000
42089  -17.509  -40.149  67.016 0.0000000000
53604  -33.246  -28.346  60.006 0.0000000000
55491  -33.430  -26.664  60.020 0.0000000000
55481  -33.164  -27.021  61.181 0.0000000000
47505  -19.920  -34.389  61.826 0.0000000000
47519  -20.591  -34.849  61.146 0.0000000000
47506  -20.674  -33.252  62.279 0.0000000000
48495  -22.501  -32.297  61.668 0.0000000000
49492  -23.548  -31.473  61.452 0.0000000000
50536  -24.676  -31.833  60.510 0.0000000000
51600  -24.809  -30.718  60.738 0.0000000000
51589  -29.341  -30.240  62.352 0.0000000000
51604  -28.257  -29.626  60.929 0.0000000000
51625  -27.319  -30.141  59.702 0.0000000000
51626  -28.246  -29.752  59.940 0.0000000000
51647  -29.202  -30.285  59.602 0.0000000000
51627  -29.217  -29.862  60.238 0.0000000000
53603  -32.002  -28.275  60.348 0.0000000000
53612  -31.714  -28.777  59.639 0.0000000000
53613  -32.191  -28.433  59.749 0.0000000000
52601  -33.093  -29.094  59.972 0.0000000000
65692  -37.430  -17.401  50.162 0.0000000000
66709  -38.732  -17.095  50.476 0.0000000000
66733  -38.123  -15.740  49.408 0.0000000000
71133  -38.945  -12.445  49.356 0.0000000000
70016  -39.701  -13.537  49.586 0.0000000000
76395  -39.297  -7.331  51.955 0.0000000000
75372  -38.774  -7.992  49.933 0.0000000000
75373  -40.128  -7.408  50.146 0.0000000000
74383  -42.241  -9.373  46.142 0.0000000000
74382  -41.298  -9.532  46.759 0.0000000000
73271  -42.404  -10.683  46.756 0.0000000000
72229  -43.541  -11.614  47.282 0.0000000000
80704  -46.387  -3.690  43.240 0.0000000000
81797  -45.465  -2.009  43.510 0.0000000000
81798  -46.191  -2.265  42.886 0.0000000000
37556  -7.678  -43.330  72.542 0.0000000000
37545  -7.566  -42.778  73.943 0.0000000000
37555  -7.222  -43.946  72.746 0.0000000000
33930  -7.894  -46.772  73.704 0.0000000000
32835  -7.532  -48.150  76.025 0.0000000000
56513  -33.014  -25.894  59.810 0.0000000000
56514  -34.001  -25.701  59.637 0.0000000000
57606  -32.625  -25.242  59.580 0.0000000000
58681  -30.007  -24.101  59.985 0.0000000000
58683  -32.113  -23.857  58.998 0.0000000000
59767  -31.422  -23.214  58.682 0.0000000000
59768  -32.630  -22.749  58.545 0.0000000000
59778  -30.638  -22.786  57.985 0.0000000000
63160  -28.067  -18.423  59.484 0.0000000000
64499  -28.568  -18.697  55.424 0.0000000000
63211  -28.126  -19.950  56.345 0.0000000000
62058  -29.442  -20.458  55.636 0.0000000000
62026  -30.977  -21.106  56.408 0.0000000000
62047  -31.374  -20.882  55.958 0.0000000000
63214  -32.589  -20.443  56.147 0.0000000000
63248  -31.123  -20.926  54.739 0.0000000000
63316  -32.317  -18.970  52.489 0.0000000000
63300  -32.612  -19.783  52.970 0.0000000000
63317  -33.390  -19.280  52.076 0.0000000000
63303  -35.890  -20.404  53.279 0.0000000000
63336  -34.206  -19.251  51.390 0.0000000000
64556  -34.917  -18.613  50.993 0.0000000000
65674  -33.705  -17.451  51.070 0.0000000000
67751  -34.075  -12.757  52.889 0.0000000000
67766  -33.973  -13.949  51.757 0.0000000000
68828  -34.833  -12.557  52.382 0.0000000000
45418  -22.809  -36.228  61.195 0.0000000000
45398  -23.603  -37.983  62.411 0.0000000000
45399  -24.262  -37.523  62.490 0.0000000000
37597  -10.691  -43.032  69.322 0.0000000000
37586  -9.758  -43.040  70.007 0.0000000000
37587  -10.900  -43.787  69.872 0.0000000000
41014  -14.121  -40.729  67.059 0.0000000000
39905  -13.616  -41.392  67.355 0.0000000000
39889  -14.443  -42.117  68.154 0.0000000000
42108  -19.821  -40.360  65.988 0.0000000000
42109  -20.688  -40.381  65.933 0.0000000000
42124  -22.379  -40.259  65.179 0.0000000000
43190  -23.364  -39.867  64.904 0.0000000000
50528  -33.705  -30.965  61.250 0.0000000000
50517  -33.527  -31.818  61.579 0.0000000000
47441  -16.509  -34.824  64.584 0.0000000000
46410  -16.030  -35.699  64.802 0.0000000000
44264  -15.621  -37.504  64.865 0.0000000000
44253  -15.786  -38.677  64.869 0.0000000000
44265  -16.841  -38.183  64.540 0.0000000000
43171  -18.299  -39.692  65.711 0.0000000000
54508  -32.510  -28.019  61.441 0.0000000000
55470  -33.425  -27.053  62.534 0.0000000000
51590  -30.232  -30.253  62.647 0.0000000000
51628  -30.078  -29.835  60.571 0.0000000000
52582  -31.790  -28.921  61.636 0.0000000000
68881  -36.269  -14.642  49.605 0.0000000000
67804  -37.515  -15.066  49.142 0.0000000000
70013  -36.516  -12.970  49.705 0.0000000000
72199  -37.538  -11.594  49.818 0.0000000000
72200  -38.355  -11.464  49.579 0.0000000000
75391  -41.059  -7.675  49.572 0.0000000000
75422  -41.727  -6.787  48.382 0.0000000000
75421  -41.777  -7.804  47.346 0.0000000000
75431  -42.730  -8.253  45.979 0.0000000000
75433  -44.657  -8.490  45.454 0.0000000000
76460  -44.140  -7.929  45.486 0.0000000000
77467  -44.574  -6.342  45.465 0.0000000000
78544  -46.064  -5.664  45.211 0.0000000000
80689  -44.957  -4.096  45.094 0.0000000000
81784  -44.324  -2.819  44.956 0.0000000000
36333  -9.912  -45.470  71.465 0.0000000000
35094  -8.354  -45.912  72.339 0.0000000000
35080  -10.425  -46.453  73.251 0.0000000000
58641  -30.562  -24.657  61.738 0.0000000000
58642  -31.237  -24.926  61.010 0.0000000000
58661  -29.791  -24.402  61.142 0.0000000000
58680  -28.974  -23.975  60.583 0.0000000000
59764  -28.134  -23.133  60.160 0.0000000000
65613  -28.079  -17.382  58.429 0.0000000000
66639  -28.486  -16.298  57.169 0.0000000000
66648  -28.696  -16.474  56.012 0.0000000000
64514  -29.151  -18.519  54.671 0.0000000000
63277  -30.379  -19.961  53.588 0.0000000000
64526  -30.283  -17.811  53.554 0.0000000000
65655  -31.146  -17.084  52.928 0.0000000000
65663  -31.690  -17.094  52.462 0.0000000000
66698  -32.928  -16.256  51.770 0.0000000000
67764  -32.341  -14.920  52.818 0.0000000000
47508  -24.886  -35.100  61.148 0.0000000000
46452  -25.444  -36.233  62.529 0.0000000000
47491  -26.058  -35.456  62.259 0.0000000000
39873  -10.363  -41.024  69.040 0.0000000000
38772  -11.460  -42.751  68.775 0.0000000000
35049  -5.136  -46.584  76.241 0.0000000000
35042  -5.096  -45.508  76.951 0.0000000000
35041  -5.049  -46.328  76.750 0.0000000000
33885  -4.239  -47.031  77.970 0.0000000000
32813  -4.260  -47.211  78.188 0.0000000000
60847  -35.430  -21.360  59.072 0.0000000000
49498  -29.652  -33.268  60.735 0.0000000000
48485  -29.354  -34.496  61.939 0.0000000000
44204  -12.546  -36.676  69.094 0.0000000000
43134  -12.215  -37.641  68.661 0.0000000000
42068  -11.665  -39.239  68.158 0.0000000000
43152  -12.971  -38.606  67.035 0.0000000000
42085  -13.528  -39.662  66.650 0.0000000000
41016  -15.796  -40.656  67.334 0.0000000000
43169  -16.307  -39.442  65.810 0.0000000000
42088  -16.498  -40.165  67.047 0.0000000000
40992  -16.378  -40.930  67.980 0.0000000000
83848  -48.627  -0.713  40.549 0.0000000000
53588  -34.975  -28.404  61.461 0.0000000000
54511  -34.982  -27.537  61.150 0.0000000000
54524  -34.090  -27.538  60.336 0.0000000000
57592  -32.247  -25.865  60.522 0.0000000000
56488  -33.226  -26.434  61.867 0.0000000000
57576  -32.703  -25.875  61.929 0.0000000000
58622  -31.346  -25.031  62.445 0.0000000000
58604  -31.325  -24.592  63.711 0.0000000000
44301  -19.033  -37.297  62.433 0.0000000000
44302  -20.036  -37.635  62.296 0.0000000000
45415  -20.188  -36.174  61.598 0.0000000000
45417  -21.959  -36.351  61.184 0.0000000000
46473  -23.287  -35.610  60.846 0.0000000000
48494  -22.261  -33.001  61.285 0.0000000000
48509  -22.634  -33.469  60.568 0.0000000000
47523  -24.298  -34.391  60.475 0.0000000000
48496  -24.695  -33.648  60.566 0.0000000000
49494  -25.819  -32.972  60.781 0.0000000000
49512  -26.940  -32.117  60.323 0.0000000000
51570  -25.244  -29.286  62.429 0.0000000000
51602  -26.195  -29.707  60.448 0.0000000000
50539  -27.147  -31.189  59.749 0.0000000000
49513  -27.966  -32.120  59.974 0.0000000000
49530  -29.535  -31.722  59.472 0.0000000000
50541  -30.619  -31.862  59.582 0.0000000000
50543  -32.214  -31.026  59.906 0.0000000000
52612  -30.664  -29.459  60.204 0.0000000000
50563  -31.946  -30.228  59.451 0.0000000000
50544  -32.913  -30.543  60.245 0.0000000000
51631  -33.677  -29.876  60.659 0.0000000000
52583  -34.416  -29.271  60.988 0.0000000000
47485  -18.235  -34.854  62.896 0.0000000000
67806  -39.091  -14.952  49.657 0.0000000000
74333  -36.811  -9.272  51.252 0.0000000000
74351  -37.897  -9.638  49.832 0.0000000000
73258  -39.285  -10.328  48.924 0.0000000000
75406  -40.135  -8.812  48.004 0.0000000000
74372  -39.922  -9.770  47.998 0.0000000000
72214  -40.554  -11.459  48.536 0.0000000000
72216  -42.226  -12.143  48.450 0.0000000000
80713  -47.411  -3.916  42.332 0.0000000000
82863  -46.955  -1.472  42.214 0.0000000000
82858  -47.253  -0.728  42.270 0.0000000000
37519  -6.808  -42.945  75.524 0.0000000000
36301  -5.810  -44.699  74.298 0.0000000000
35093  -7.547  -45.679  72.737 0.0000000000
35062  -6.422  -46.212  74.036 0.0000000000
35061  -5.722  -45.794  74.631 0.0000000000
32840  -5.738  -47.771  75.632 0.0000000000
55493  -35.086  -26.270  60.222 0.0000000000
56503  -35.497  -25.638  60.502 0.0000000000
57622  -34.907  -24.628  59.638 0.0000000000
57605  -32.320  -24.594  59.341 0.0000000000
57619  -32.773  -24.104  59.034 0.0000000000
58685  -34.644  -23.530  59.370 0.0000000000
59769  -33.868  -22.510  58.896 0.0000000000
60862  -33.640  -21.146  58.351 0.0000000000
60835  -27.925  -21.844  60.520 0.0000000000
60843  -27.743  -21.534  58.586 0.0000000000
64455  -27.717  -18.550  57.732 0.0000000000
62023  -27.866  -21.173  57.664 0.0000000000
60858  -29.276  -22.381  57.766 0.0000000000
59787  -30.355  -22.171  57.341 0.0000000000
60877  -32.327  -21.178  57.501 0.0000000000
63278  -31.805  -20.426  53.658 0.0000000000
63280  -34.155  -20.324  54.168 0.0000000000
64542  -37.067  -19.686  51.639 0.0000000000
65677  -36.812  -18.094  50.484 0.0000000000
65690  -35.970  -16.860  50.315 0.0000000000
66707  -34.121  -16.477  50.836 0.0000000000
66720  -34.716  -16.064  50.506 0.0000000000
68869  -35.298  -14.867  50.195 0.0000000000
69994  -35.408  -13.142  50.912 0.0000000000
69979  -35.251  -12.387  51.376 0.0000000000
44291  -21.713  -38.863  62.322 0.0000000000
43212  -23.190  -39.023  63.482 0.0000000000
45400  -25.175  -37.184  63.117 0.0000000000
37564  -8.511  -42.508  72.130 0.0000000000
38757  -9.341  -42.084  70.733 0.0000000000
37574  -9.013  -43.337  71.009 0.0000000000
36348  -8.852  -44.099  71.228 0.0000000000
36350  -10.522  -45.064  70.842 0.0000000000
41012  -12.125  -40.375  67.499 0.0000000000
38785  -12.234  -42.376  68.239 0.0000000000
38773  -12.529  -43.250  68.774 0.0000000000
30703  -4.556  -49.419  77.455 0.0000000000
31772  -3.677  -48.264  77.764 0.0000000000
32811  -2.727  -47.194  78.182 0.0000000000
54498  -35.746  -27.345  61.977 0.0000000000
44278  -18.819  -38.644  63.637 0.0000000000
44279  -19.744  -38.973  63.273 0.0000000000
44288  -18.358  -37.435  63.085 0.0000000000
44287  -17.818  -37.163  63.393 0.0000000000
73221  -35.925  -10.500  51.467 0.0000000000
73213  -36.291  -9.990  52.691 0.0000000000
77436  -42.665  -4.778  48.551 0.0000000000
78525  -42.741  -4.559  47.711 0.0000000000
78532  -42.961  -5.030  46.777 0.0000000000
79584  -43.060  -4.054  47.044 0.0000000000
67730  -30.466  -14.413  54.425 0.0000000000
42057  -11.173  -38.961  69.454 0.0000000000
82870  -48.358  -1.560  40.845 0.0000000000
83839  -48.221  -0.729  41.132 0.0000000000
58644  -36.640  -24.037  61.314 0.0000000000
58665  -35.772  -23.799  60.116 0.0000000000
49500  -32.083  -32.656  61.044 0.0000000000
45356  -14.880  -36.657  65.699 0.0000000000
46385  -14.597  -36.184  66.182 0.0000000000
45355  -14.128  -36.840  66.300 0.0000000000
44251  -13.817  -37.851  66.319 0.0000000000
44252  -14.738  -37.800  65.405 0.0000000000
54523  -32.991  -27.539  60.218 0.0000000000
54509  -32.720  -27.568  61.059 0.0000000000
49482  -23.220  -31.031  62.483 0.0000000000
50516  -23.871  -30.650  61.735 0.0000000000
50524  -24.409  -31.171  60.807 0.0000000000
51584  -24.556  -30.322  61.085 0.0000000000
51588  -28.277  -30.019  62.119 0.0000000000
54532  -32.460  -28.029  60.091 0.0000000000
54533  -32.702  -28.103  59.859 0.0000000000
66723  -37.073  -16.676  49.762 0.0000000000
66732  -37.387  -15.964  49.429 0.0000000000
72201  -39.254  -11.628  49.306 0.0000000000
71134  -39.841  -12.449  49.460 0.0000000000
75355  -40.504  -7.117  50.979 0.0000000000
76419  -39.525  -7.425  50.457 0.0000000000
73280  -43.014  -10.281  46.087 0.0000000000
73272  -43.395  -10.883  46.543 0.0000000000
82855  -45.402  -1.479  44.038 0.0000000000
36318  -7.556  -44.338  72.372 0.0000000000
57591  -31.789  -25.210  60.173 0.0000000000
59766  -30.290  -23.608  58.884 0.0000000000
63275  -28.964  -19.141  55.002 0.0000000000
63246  -28.825  -19.836  55.544 0.0000000000
62059  -29.849  -20.785  55.681 0.0000000000
63318  -34.460  -19.864  52.155 0.0000000000
63335  -33.719  -18.945  51.486 0.0000000000
64555  -33.920  -18.438  51.071 0.0000000000
64554  -33.372  -18.052  51.387 0.0000000000
46464  -23.574  -36.438  61.354 0.0000000000
45412  -24.013  -36.782  61.917 0.0000000000
37588  -12.015  -44.149  70.041 0.0000000000
40990  -14.699  -41.307  67.447 0.0000000000
39890  -15.402  -41.828  68.395 0.0000000000
36284  -5.537  -44.579  75.446 0.0000000000
57577  -35.955  -24.956  61.909 0.0000000000
43173  -20.153  -40.013  65.247 0.0000000000
43188  -21.722  -39.992  64.709 0.0000000000
43174  -20.979  -40.048  65.266 0.0000000000
43189  -22.775  -39.883  64.762 0.0000000000
50518  -34.211  -31.187  61.891 0.0000000000
47442  -17.341  -33.970  64.816 0.0000000000
47462  -16.856  -35.189  64.037 0.0000000000
45385  -16.341  -36.174  64.255 0.0000000000
45372  -16.055  -36.781  64.454 0.0000000000
45373  -16.630  -37.331  64.077 0.0000000000
43185  -18.551  -39.439  64.760 0.0000000000
42107  -19.051  -40.172  66.118 0.0000000000
54496  -32.593  -28.109  61.862 0.0000000000
54497  -32.887  -27.853  62.185 0.0000000000
51607  -30.702  -30.097  62.117 0.0000000000
53568  -32.547  -28.995  63.072 0.0000000000
53575  -32.365  -28.505  62.064 0.0000000000
68871  -36.196  -13.551  49.874 0.0000000000
72181  -37.204  -11.017  50.298 0.0000000000
72198  -36.848  -11.543  50.047 0.0000000000
72182  -37.825  -11.030  50.040 0.0000000000
75408  -41.485  -7.152  48.839 0.0000000000
76450  -42.131  -6.605  47.089 0.0000000000
76458  -42.506  -7.125  46.448 0.0000000000
76459  -43.488  -7.303  45.650 0.0000000000
78543  -45.122  -5.611  45.332 0.0000000000
79594  -45.522  -4.977  45.188 0.0000000000
79593  -44.787  -4.703  45.303 0.0000000000
81775  -43.641  -3.059  46.111 0.0000000000
80680  -43.754  -3.225  45.832 0.0000000000
58621  -30.571  -24.381  62.957 0.0000000000
58640  -29.677  -24.242  62.345 0.0000000000
58659  -28.339  -23.254  62.002 0.0000000000
58660  -28.818  -24.055  61.730 0.0000000000
58679  -28.408  -23.474  61.178 0.0000000000
66664  -29.369  -16.054  55.457 0.0000000000
66663  -29.046  -16.627  55.565 0.0000000000
65636  -29.035  -17.357  55.291 0.0000000000
65644  -29.395  -17.895  54.392 0.0000000000
65645  -29.806  -17.192  54.086 0.0000000000
65654  -30.537  -17.133  53.411 0.0000000000
66696  -31.505  -16.320  52.771 0.0000000000
66697  -32.113  -15.981  52.288 0.0000000000
66687  -31.740  -15.537  52.921 0.0000000000
67750  -32.823  -13.623  53.055 0.0000000000
47509  -25.650  -34.895  61.534 0.0000000000
47510  -26.501  -34.712  61.775 0.0000000000
47493  -27.869  -35.343  62.953 0.0000000000
47492  -26.969  -35.404  62.541 0.0000000000
40988  -10.795  -40.306  68.833 0.0000000000
38783  -10.727  -41.561  68.615 0.0000000000
38784  -11.247  -41.931  68.355 0.0000000000
33909  -5.264  -47.043  75.849 0.0000000000
33900  -5.040  -47.100  76.494 0.0000000000
33892  -4.418  -47.457  77.589 0.0000000000
59757  -36.857  -22.470  60.075 0.0000000000
59771  -35.794  -21.802  59.474 0.0000000000
49499  -30.944  -33.488  61.173 0.0000000000
45336  -13.108  -37.013  67.643 0.0000000000
45316  -13.047  -36.589  68.122 0.0000000000
44226  -12.725  -37.220  68.051 0.0000000000
43143  -12.462  -37.962  67.719 0.0000000000
42103  -14.212  -39.325  66.377 0.0000000000
42086  -14.556  -39.979  66.730 0.0000000000
42087  -15.443  -40.007  66.922 0.0000000000
44254  -16.565  -39.004  65.091 0.0000000000
43153  -16.524  -39.764  66.434 0.0000000000
42070  -17.296  -40.515  67.757 0.0000000000
42069  -16.829  -40.602  67.793 0.0000000000
53587  -34.462  -28.430  60.851 0.0000000000
54510  -34.495  -27.836  60.750 0.0000000000
56478  -33.519  -26.325  63.104 0.0000000000
58605  -32.107  -25.209  63.527 0.0000000000
58623  -32.097  -25.594  62.573 0.0000000000
46462  -18.985  -35.726  62.224 0.0000000000
45408  -19.565  -36.562  62.016 0.0000000000
46471  -21.154  -35.452  60.977 0.0000000000
46472  -22.113  -35.500  60.757 0.0000000000
47521  -22.384  -34.768  60.329 0.0000000000
48510  -23.283  -32.929  60.771 0.0000000000
47534  -23.388  -33.825  60.264 0.0000000000
48511  -24.318  -33.003  60.492 0.0000000000
49510  -25.091  -32.591  60.528 0.0000000000
49511  -26.002  -32.248  60.474 0.0000000000
49495  -26.664  -32.986  60.703 0.0000000000
51587  -27.349  -29.346  61.882 0.0000000000
51572  -27.547  -29.573  63.402 0.0000000000
51571  -26.361  -29.241  62.886 0.0000000000
51585  -25.230  -29.620  61.244 0.0000000000
50558  -27.663  -30.752  59.408 0.0000000000
50540  -27.895  -31.315  59.453 0.0000000000
49529  -28.612  -31.577  59.488 0.0000000000
50561  -30.192  -31.014  59.121 0.0000000000
50542  -31.269  -31.483  59.596 0.0000000000
52599  -30.605  -29.559  60.931 0.0000000000
52614  -32.003  -29.098  59.426 0.0000000000
51649  -31.496  -29.737  59.445 0.0000000000
51650  -32.127  -29.711  59.443 0.0000000000
51629  -32.492  -30.118  59.801 0.0000000000
51630  -33.097  -29.776  60.291 0.0000000000
52602  -33.829  -29.177  60.446 0.0000000000
47504  -19.076  -34.940  62.337 0.0000000000
47503  -18.655  -35.265  62.459 0.0000000000
45407  -18.651  -36.474  62.402 0.0000000000
66710  -39.245  -16.911  50.727 0.0000000000
68883  -37.895  -14.149  49.083 0.0000000000
67805  -38.417  -14.996  49.296 0.0000000000
68884  -38.873  -14.243  49.353 0.0000000000
74317  -37.245  -8.631  53.387 0.0000000000
74334  -36.981  -8.574  52.076 0.0000000000
75371  -37.729  -8.769  50.072 0.0000000000
74363  -38.713  -9.492  49.221 0.0000000000
74362  -38.374  -10.097  49.515 0.0000000000
75420  -40.787  -8.736  47.477 0.0000000000
74381  -40.434  -9.612  47.358 0.0000000000
73269  -40.342  -10.476  47.759 0.0000000000
73259  -39.938  -10.720  48.457 0.0000000000
73260  -40.613  -11.103  48.033 0.0000000000
72215  -41.262  -11.665  48.287 0.0000000000
72227  -41.741  -11.647  47.905 0.0000000000
72217  -43.336  -12.382  48.523 0.0000000000
80696  -46.109  -4.075  44.130 0.0000000000
80705  -47.115  -4.262  43.043 0.0000000000
82856  -46.013  -1.344  43.527 0.0000000000
81799  -46.631  -1.800  42.453 0.0000000000
82857  -46.708  -1.033  42.911 0.0000000000
37531  -6.892  -43.197  74.453 0.0000000000
36285  -6.247  -43.790  74.990 0.0000000000
35078  -8.096  -46.412  73.091 0.0000000000
33921  -7.284  -46.932  74.282 0.0000000000
33920  -6.270  -46.715  74.396 0.0000000000
33910  -5.665  -47.036  74.989 0.0000000000
31789  -7.137  -48.448  76.509 0.0000000000
54525  -34.771  -26.829  60.504 0.0000000000
55482  -35.335  -26.479  60.864 0.0000000000
56515  -34.930  -25.695  59.824 0.0000000000
57607  -34.663  -25.056  59.540 0.0000000000
57608  -35.372  -24.822  59.948 0.0000000000
57621  -34.454  -24.457  59.465 0.0000000000
58663  -31.466  -24.557  59.828 0.0000000000
60845  -33.362  -21.786  58.366 0.0000000000
60846  -34.354  -21.327  58.683 0.0000000000
63136  -28.012  -19.707  60.450 0.0000000000
61993  -27.625  -20.847  59.375 0.0000000000
60844  -27.857  -22.156  59.269 0.0000000000
61992  -27.580  -21.161  58.737 0.0000000000
65619  -27.784  -17.658  57.755 0.0000000000
62044  -28.456  -20.526  56.450 0.0000000000
62024  -28.012  -20.826  57.141 0.0000000000
60873  -28.422  -21.485  57.431 0.0000000000
60874  -29.399  -21.761  57.111 0.0000000000
62027  -31.518  -20.975  56.714 0.0000000000
60876  -31.726  -21.310  57.250 0.0000000000
60861  -32.944  -21.096  57.937 0.0000000000
62008  -33.335  -20.359  57.698 0.0000000000
63298  -30.750  -19.274  53.090 0.0000000000
63301  -33.753  -19.968  53.082 0.0000000000
63279  -33.025  -20.304  53.966 0.0000000000
63319  -35.626  -19.933  52.178 0.0000000000
63320  -36.588  -20.104  52.436 0.0000000000
65675  -34.521  -17.592  50.802 0.0000000000
65676  -35.647  -17.592  50.587 0.0000000000
66706  -33.453  -16.636  51.276 0.0000000000
67775  -33.627  -15.536  51.451 0.0000000000
67776  -34.433  -15.104  50.996 0.0000000000
67789  -35.026  -15.401  50.347 0.0000000000
68858  -35.102  -13.457  51.115 0.0000000000
69978  -35.035  -12.661  51.640 0.0000000000
44303  -21.019  -38.077  61.858 0.0000000000
44304  -22.118  -38.201  61.688 0.0000000000
44293  -24.039  -38.434  63.163 0.0000000000
43213  -23.900  -39.003  63.739 0.0000000000
43202  -23.623  -39.530  64.308 0.0000000000
43203  -24.605  -38.818  64.154 0.0000000000
45401  -25.931  -36.784  63.220 0.0000000000
39837  -9.585  -41.052  71.398 0.0000000000
37585  -9.224  -42.767  70.602 0.0000000000
36349  -9.392  -44.508  70.976 0.0000000000
42084  -12.516  -39.512  67.201 0.0000000000
39888  -13.035  -41.909  67.814 0.0000000000
83840  -49.055  0.206  41.144 0.0000000000
30702  -3.699  -49.058  77.328 0.0000000000
31765  -3.098  -47.554  77.838 0.0000000000
31764  -2.773  -47.499  78.071 0.0000000000
43186  -19.443  -39.559  64.360 0.0000000000
43199  -20.120  -39.502  63.767 0.0000000000
43200  -21.184  -39.668  63.527 0.0000000000
46449  -17.453  -35.616  63.325 0.0000000000
46433  -17.049  -35.633  63.734 0.0000000000
45395  -17.268  -36.089  63.488 0.0000000000
45387  -17.509  -37.054  63.451 0.0000000000
44267  -18.674  -39.172  64.160 0.0000000000
53569  -33.081  -28.539  63.385 0.0000000000
71097  -35.487  -11.860  50.920 0.0000000000
71112  -36.196  -11.925  50.229 0.0000000000
72165  -35.769  -11.224  50.885 0.0000000000
73232  -36.138  -10.497  51.057 0.0000000000
73233  -36.825  -10.298  50.800 0.0000000000
77457  -42.838  -6.158  46.337 0.0000000000
78541  -43.529  -5.330  46.023 0.0000000000
79592  -44.014  -4.631  45.737 0.0000000000
80679  -43.510  -3.570  46.254 0.0000000000
58639  -28.711  -23.317  62.825 0.0000000000
59742  -28.267  -22.570  62.314 0.0000000000
60827  -28.249  -21.581  61.726 0.0000000000
67729  -29.940  -15.040  55.171 0.0000000000
66673  -30.079  -15.840  54.331 0.0000000000
66674  -30.527  -15.156  53.870 0.0000000000
67731  -31.439  -13.626  53.975 0.0000000000
48498  -26.362  -33.750  61.164 0.0000000000
48482  -27.096  -34.298  61.585 0.0000000000
47512  -28.094  -34.691  62.460 0.0000000000
42056  -10.805  -39.653  69.338 0.0000000000
40989  -11.343  -40.340  68.141 0.0000000000
81807  -48.247  -2.852  41.373 0.0000000000
81815  -48.981  -2.174  40.583 0.0000000000
31787  -5.604  -48.565  76.490 0.0000000000
32828  -4.967  -47.915  76.726 0.0000000000
31780  -5.238  -48.929  76.921 0.0000000000
31779  -4.672  -48.710  77.247 0.0000000000
49516  -31.230  -32.416  60.153 0.0000000000
49485  -33.033  -32.965  62.310 0.0000000000
46366  -14.819  -34.811  67.169 0.0000000000
45337  -13.463  -36.661  67.227 0.0000000000
44250  -13.372  -38.181  66.692 0.0000000000
43155  -17.695  -39.833  66.297 0.0000000000
43154  -16.968  -39.783  66.365 0.0000000000
49491  -22.861  -31.719  62.092 0.0000000000
49508  -23.228  -32.137  61.289 0.0000000000
49509  -24.009  -32.138  60.663 0.0000000000
50525  -24.953  -30.949  60.580 0.0000000000
51603  -27.255  -29.437  60.640 0.0000000000
51646  -28.285  -30.345  59.436 0.0000000000
50560  -28.994  -30.930  59.278 0.0000000000
51648  -30.396  -29.898  59.651 0.0000000000
53585  -31.554  -28.742  60.837 0.0000000000
52613  -31.259  -29.195  59.763 0.0000000000
53602  -31.521  -28.613  60.034 0.0000000000
52615  -32.632  -28.773  59.720 0.0000000000
65678  -37.805  -18.097  50.429 0.0000000000
65679  -38.626  -17.622  50.702 0.0000000000
65693  -38.065  -17.502  50.256 0.0000000000
66724  -38.296  -16.719  50.030 0.0000000000
66725  -39.236  -16.207  50.230 0.0000000000
75354  -38.537  -7.731  51.514 0.0000000000
76410  -39.345  -7.379  51.033 0.0000000000
72228  -42.375  -11.671  47.636 0.0000000000
80703  -45.512  -2.814  43.540 0.0000000000
81805  -46.527  -2.968  42.623 0.0000000000
37544  -7.014  -43.570  73.362 0.0000000000
36317  -6.960  -44.698  72.923 0.0000000000
32842  -7.534  -47.688  75.088 0.0000000000
56524  -33.408  -25.240  59.436 0.0000000000
58682  -31.032  -23.943  59.496 0.0000000000
59779  -31.748  -22.339  58.153 0.0000000000
64475  -28.366  -18.038  55.883 0.0000000000
64474  -27.966  -18.769  56.404 0.0000000000
63245  -28.237  -19.465  55.958 0.0000000000
63212  -28.624  -20.320  56.134 0.0000000000
62045  -29.163  -20.892  56.337 0.0000000000
60889  -29.780  -21.408  56.533 0.0000000000
62046  -30.327  -21.105  56.140 0.0000000000
62048  -31.959  -20.679  56.529 0.0000000000
63213  -31.867  -20.747  55.453 0.0000000000
63249  -32.333  -20.631  54.855 0.0000000000
63315  -31.786  -18.841  52.671 0.0000000000
63302  -34.848  -20.184  53.190 0.0000000000
63337  -35.073  -19.468  51.470 0.0000000000
64557  -36.120  -19.064  51.188 0.0000000000
68842  -34.677  -13.670  51.469 0.0000000000
45411  -23.060  -37.342  61.625 0.0000000000
44294  -24.737  -37.901  63.274 0.0000000000
38770  -9.777  -42.116  69.765 0.0000000000
37596  -10.148  -42.593  69.484 0.0000000000
37576  -11.266  -44.636  70.401 0.0000000000
39906  -14.244  -41.444  67.418 0.0000000000
57593  -35.907  -24.684  61.020 0.0000000000
42091  -19.440  -40.564  66.765 0.0000000000
42092  -20.303  -40.659  66.693 0.0000000000
42110  -21.611  -40.583  65.589 0.0000000000
50527  -33.115  -31.317  60.713 0.0000000000
46387  -15.969  -35.009  65.271 0.0000000000
46432  -16.570  -35.658  64.159 0.0000000000
46409  -15.684  -36.130  65.087 0.0000000000
45371  -15.442  -36.604  65.223 0.0000000000
43184  -17.767  -39.136  64.921 0.0000000000
51606  -30.274  -30.067  61.537 0.0000000000
52580  -30.654  -29.710  61.337 0.0000000000
52581  -31.087  -29.542  61.646 0.0000000000
53586  -32.083  -28.348  61.119 0.0000000000
67802  -36.073  -15.027  49.689 0.0000000000
67803  -36.666  -15.225  49.421 0.0000000000
68882  -36.688  -14.112  49.333 0.0000000000
70014  -37.386  -13.157  49.221 0.0000000000
71131  -37.013  -12.204  49.587 0.0000000000
71132  -37.951  -12.343  49.409 0.0000000000
74392  -44.399  -9.474  45.642 0.0000000000
75432  -43.772  -8.498  45.608 0.0000000000
76469  -44.704  -7.396  45.418 0.0000000000
76468  -44.114  -6.822  45.505 0.0000000000
79602  -45.361  -4.389  45.018 0.0000000000
80688  -44.285  -3.677  45.413 0.0000000000
80694  -44.636  -3.293  44.837 0.0000000000
35095  -9.513  -46.026  72.243 0.0000000000
59765  -29.162  -23.610  59.430 0.0000000000
59776  -28.537  -22.894  59.018 0.0000000000
66631  -28.740  -16.368  58.210 0.0000000000
65626  -28.096  -17.376  56.604 0.0000000000
66649  -29.045  -15.658  56.600 0.0000000000
63276  -29.479  -19.432  54.547 0.0000000000
64515  -29.926  -18.550  53.820 0.0000000000
64516  -30.443  -19.090  53.287 0.0000000000
64527  -30.922  -18.329  53.048 0.0000000000
64538  -31.831  -18.170  52.449 0.0000000000
65664  -32.369  -17.212  51.992 0.0000000000
65665  -33.079  -17.341  51.518 0.0000000000
46466  -25.315  -35.531  61.841 0.0000000000
46453  -26.535  -36.209  62.942 0.0000000000
39856  -10.053  -40.654  70.041 0.0000000000
39872  -10.001  -41.449  69.584 0.0000000000
38771  -10.426  -42.122  68.955 0.0000000000
40972  -16.679  -41.184  69.020 0.0000000000
35050  -5.251  -45.892  75.926 0.0000000000
35032  -5.010  -45.975  77.580 0.0000000000
33893  -4.623  -46.977  77.272 0.0000000000
33886  -4.337  -46.207  78.052 0.0000000000
33879  -4.547  -45.947  78.702 0.0000000000
33878  -4.092  -46.417  78.881 0.0000000000
75335  -38.696  -7.718  53.008 0.0000000000
76396  -39.797  -7.073  52.586 0.0000000000
76411  -40.067  -6.998  51.627 0.0000000000
75356  -41.138  -6.806  51.676 0.0000000000
49497  -28.584  -33.069  60.665 0.0000000000
48501  -29.039  -34.021  61.221 0.0000000000
48502  -30.002  -34.064  61.431 0.0000000000
43142  -12.012  -38.340  68.219 0.0000000000
43151  -12.228  -38.696  67.577 0.0000000000
41015  -15.033  -40.671  67.191 0.0000000000
43168  -15.247  -39.139  65.584 0.0000000000
42105  -15.802  -39.648  66.364 0.0000000000
42106  -16.279  -39.730  66.437 0.0000000000
57561  -32.928  -25.612  63.239 0.0000000000
45409  -20.559  -37.005  61.740 0.0000000000
46470  -20.324  -35.446  61.309 0.0000000000
45416  -20.937  -36.307  61.274 0.0000000000
48479  -21.466  -33.192  61.438 0.0000000000
48493  -21.912  -33.506  60.702 0.0000000000
48508  -22.289  -33.713  60.397 0.0000000000
47532  -21.973  -33.996  60.251 0.0000000000
47533  -22.670  -34.052  60.165 0.0000000000
47522  -23.385  -34.715  60.336 0.0000000000
46474  -24.133  -35.268  60.740 0.0000000000
47524  -25.153  -34.291  60.939 0.0000000000
48512  -24.872  -33.169  60.614 0.0000000000
48497  -25.408  -33.447  60.808 0.0000000000
49496  -27.597  -32.968  60.672 0.0000000000
51569  -24.305  -29.755  62.020 0.0000000000
51601  -25.342  -30.477  60.514 0.0000000000
51623  -25.762  -30.954  60.218 0.0000000000
51624  -26.270  -30.574  59.980 0.0000000000
50538  -26.223  -31.407  60.164 0.0000000000
49514  -29.089  -32.439  59.976 0.0000000000
49531  -30.137  -31.779  59.482 0.0000000000
51608  -33.476  -30.436  60.724 0.0000000000
47464  -18.228  -34.001  63.850 0.0000000000
47484  -17.705  -35.176  63.175 0.0000000000
46450  -17.946  -35.644  62.987 0.0000000000
44300  -18.554  -37.001  62.669 0.0000000000
67792  -38.829  -15.671  49.781 0.0000000000
68885  -39.567  -14.494  49.689 0.0000000000
74316  -36.462  -9.296  52.500 0.0000000000
74350  -37.329  -9.663  50.480 0.0000000000
75353  -37.575  -8.356  51.035 0.0000000000
75370  -37.528  -9.269  50.198 0.0000000000
73247  -38.782  -10.669  49.305 0.0000000000
73248  -39.467  -11.024  49.003 0.0000000000
75390  -39.978  -7.870  48.955 0.0000000000
75419  -40.406  -9.007  47.522 0.0000000000
75405  -39.688  -9.247  48.280 0.0000000000
74371  -39.448  -9.722  48.564 0.0000000000
72204  -41.719  -12.111  48.942 0.0000000000
81806  -47.043  -2.505  42.238 0.0000000000
83819  -47.785  -0.153  43.232 0.0000000000
36271  -6.291  -43.587  76.328 0.0000000000
36331  -7.692  -45.099  72.295 0.0000000000
36316  -6.238  -44.974  73.493 0.0000000000
35077  -7.044  -45.924  73.482 0.0000000000
35076  -6.139  -45.523  73.908 0.0000000000
32841  -6.578  -47.867  75.398 0.0000000000
31796  -6.243  -48.218  75.850 0.0000000000
31795  -5.820  -48.254  76.064 0.0000000000
55471  -35.628  -26.728  61.557 0.0000000000
58686  -35.037  -24.223  59.714 0.0000000000
57620  -33.434  -24.448  59.214 0.0000000000
58664  -35.324  -23.502  59.628 0.0000000000
59755  -35.411  -23.149  59.577 0.0000000000
59770  -35.137  -22.340  59.122 0.0000000000
63118  -28.424  -19.882  61.153 0.0000000000
61981  -28.216  -20.666  61.134 0.0000000000
64434  -27.901  -17.984  58.792 0.0000000000
63184  -27.658  -19.611  57.419 0.0000000000
62007  -27.576  -20.307  58.204 0.0000000000
62006  -27.591  -21.073  58.194 0.0000000000
60857  -28.526  -22.142  58.133 0.0000000000
59786  -29.799  -22.544  57.585 0.0000000000
60859  -31.203  -21.935  57.570 0.0000000000
60875  -30.670  -21.499  56.848 0.0000000000
60860  -32.091  -21.613  57.750 0.0000000000
62009  -33.966  -20.556  58.306 0.0000000000
61994  -34.495  -20.697  58.546 0.0000000000
63185  -33.339  -19.996  57.279 0.0000000000
64543  -38.276  -19.490  51.530 0.0000000000
64558  -37.409  -18.951  50.884 0.0000000000
65691  -36.527  -17.169  50.214 0.0000000000
66722  -36.226  -16.315  49.978 0.0000000000
66721  -35.434  -16.377  50.300 0.0000000000
67790  -35.668  -15.421  49.959 0.0000000000
68870  -35.712  -14.160  50.107 0.0000000000
71081  -35.594  -11.639  52.365 0.0000000000
44290  -20.567  -38.787  62.733 0.0000000000
43210  -21.404  -39.249  62.865 0.0000000000
43211  -22.193  -39.212  63.098 0.0000000000
44292  -22.890  -38.482  62.517 0.0000000000
46451  -24.688  -36.730  62.344 0.0000000000
44283  -26.189  -37.791  63.908 0.0000000000
44282  -25.417  -38.097  63.911 0.0000000000
43191  -25.097  -38.836  64.755 0.0000000000
48484  -28.586  -34.412  62.063 0.0000000000
37557  -8.246  -42.244  73.456 0.0000000000
37563  -8.350  -43.518  71.659 0.0000000000
38742  -9.386  -41.644  71.796 0.0000000000
38756  -9.092  -42.632  70.920 0.0000000000
38741  -9.028  -42.347  71.446 0.0000000000
37573  -8.628  -43.901  71.358 0.0000000000
39904  -12.706  -41.196  67.347 0.0000000000
39887  -11.920  -41.351  67.881 0.0000000000
39875  -15.467  -42.029  69.151 0.0000000000
38774  -13.758  -43.347  69.287 0.0000000000
37600  -13.304  -43.777  69.879 0.0000000000
37599  -12.741  -43.811  69.544 0.0000000000
30709  -4.882  -49.271  77.292 0.0000000000
31773  -4.280  -48.578  77.563 0.0000000000
32821  -4.204  -48.020  77.984 0.0000000000
32812  -3.489  -47.244  78.158 0.0000000000
31770  -2.769  -48.176  77.206 0.0000000000
32819  -2.268  -47.437  77.965 0.0000000000
32820  -2.622  -47.455  77.891 0.0000000000
32810  -2.233  -47.011  78.612 0.0000000000
30700  -3.003  -48.495  76.945 0.0000000000
32834  -6.785  -48.310  76.006 0.0000000000
42143  -24.783  -39.067  64.746 0.0000000000
45388  -25.890  -37.393  63.554 0.0000000000
45396  -17.719  -36.509  63.211 0.0000000000
45406  -18.178  -36.202  62.787 0.0000000000
46461  -18.383  -35.672  62.542 0.0000000000
48469  -29.018  -34.693  62.357 0.0000000000
49493  -25.435  -32.988  60.718 0.0000000000
51645  -27.856  -30.474  59.380 0.0000000000
53614  -32.681  -28.381  59.785 0.0000000000
60856  -27.968  -21.491  57.887 0.0000000000
60872  -28.048  -21.257  57.511 0.0000000000
60888  -29.456  -21.336  56.674 0.0000000000
62060  -30.495  -20.917  55.461 0.0000000000
64435  -28.295  -17.895  59.677 0.0000000000
64498  -28.315  -19.212  55.754 0.0000000000
64528  -31.502  -18.724  52.739 0.0000000000
64537  -31.394  -17.690  52.698 0.0000000000
64540  -33.435  -18.625  51.563 0.0000000000
65620  -28.182  -16.940  57.910 0.0000000000
67791  -36.259  -15.612  49.722 0.0000000000
69958  -35.015  -12.357  52.155 0.0000000000
71096  -35.824  -11.447  50.705 0.0000000000
71111  -36.071  -11.424  50.524 0.0000000000
72166  -35.718  -11.021  51.218 0.0000000000
72167  -35.830  -10.599  51.919 0.0000000000
72179  -35.927  -11.201  50.700 0.0000000000
73246  -38.152  -10.553  49.775 0.0000000000
74352  -38.160  -8.889  49.589 0.0000000000
75352  -37.301  -9.029  50.554 0.0000000000
76412  -40.508  -6.883  52.375 0.0000000000
76420  -39.919  -7.247  50.845 0.0000000000
77447  -42.395  -6.223  46.848 0.0000000000
81765  -43.588  -2.889  46.532 0.0000000000
81790  -44.683  -3.056  44.541 0.0000000000
