#!ascii label  , from subject 3625 vox2ras=TkReg
905
74938  -23.532  -8.798  -0.520 0.4285714328
77057  -24.549  -7.069  -0.494 0.2857142985
76033  -24.536  -7.851  -0.202 0.4285714328
77058  -25.180  -6.865  -0.026 0.4285714328
78075  -25.544  -6.257  0.454 0.4285714328
78088  -24.474  -6.137  -0.729 0.2857142985
78089  -25.004  -6.173  -0.200 0.4285714328
79099  -25.434  -5.236  0.049 0.4285714328
80160  -24.981  -4.392  -1.374 0.4285714328
80145  -25.345  -4.542  -0.763 0.4285714328
82368  -24.939  -3.026  -1.950 0.4285714328
82370  -26.013  -2.364  -0.967 0.4285714328
83401  -25.162  -1.696  -2.460 0.5714285970
82386  -25.245  -2.329  -2.113 0.5714285970
83389  -26.041  -1.766  -1.314 0.4285714328
84350  -26.438  -1.184  -1.129 0.2857142985
84363  -25.502  -1.114  -2.173 0.7142857313
84364  -26.061  -0.992  -1.698 0.7142857313
85342  -26.728  0.464  -1.692 0.7142857313
86359  -27.060  1.104  -1.682 0.4285714328
85341  -26.409  -0.101  -1.882 0.7142857313
87411  -27.520  2.185  -1.251 0.5714285970
86358  -26.551  0.594  -2.163 0.5714285970
86371  -27.123  1.962  -2.152 0.5714285970
86370  -26.534  1.312  -2.667 0.5714285970
88482  -27.842  2.730  -0.556 0.4285714328
88508  -27.398  3.999  -2.088 0.5714285970
89625  -28.017  4.618  -1.502 0.5714285970
87443  -26.291  2.987  -3.431 0.7142857313
89637  -27.575  4.878  -2.173 0.7142857313
90728  -28.204  5.333  -1.186 0.5714285970
88507  -26.774  3.493  -2.755 0.5714285970
87442  -25.518  2.660  -3.882 0.5714285970
89636  -26.899  4.639  -2.771 0.8571428657
90727  -27.777  5.577  -1.692 0.7142857313
90713  -28.098  5.913  -1.130 0.5714285970
88543  -26.220  4.447  -3.833 0.7142857313
88542  -25.917  4.169  -4.139 0.5714285970
92808  -27.481  7.254  -1.993 0.7142857313
91785  -28.216  6.562  -0.801 0.5714285970
90737  -26.686  5.592  -2.972 0.7142857313
91798  -27.433  6.279  -2.004 0.7142857313
93785  -27.646  8.258  -1.583 0.5714285970
91813  -26.918  6.530  -2.554 0.7142857313
91812  -26.377  6.271  -3.032 0.7142857313
92823  -26.925  7.527  -2.544 0.7142857313
94811  -27.391  9.222  -1.899 0.7142857313
92822  -26.372  7.242  -3.073 0.7142857313
93800  -26.622  8.300  -2.869 0.7142857313
94825  -26.885  9.274  -2.649 0.7142857313
95853  -27.274  10.261  -2.353 0.7142857313
91823  -25.426  6.556  -3.790 0.5714285970
96922  -27.415  11.296  -1.856 0.5714285970
97925  -27.278  12.350  -2.315 0.5714285970
94824  -26.382  9.177  -3.339 0.8571428657
93814  -26.172  8.243  -3.564 0.8571428657
96931  -27.257  11.337  -2.862 0.7142857313
95870  -26.084  9.759  -3.682 0.8571428657
95871  -26.600  10.320  -3.343 0.7142857313
98929  -26.864  13.362  -3.617 0.8571428657
98919  -27.186  13.369  -2.757 0.5714285970
96939  -26.706  11.490  -3.595 0.8571428657
96938  -26.141  11.544  -4.192 0.8571428657
95890  -26.286  10.928  -3.852 0.8571428657
99897  -26.520  14.267  -4.804 0.8571428657
100873  -26.648  14.820  -4.429 0.8571428657
100888  -26.502  15.408  -4.954 0.8571428657
97933  -26.591  12.435  -3.979 0.8571428657
99903  -26.185  14.386  -5.612 0.8571428657
99916  -25.714  14.423  -6.264 1.0000000000
98934  -26.284  13.410  -5.256 0.8571428657
100902  -25.743  15.464  -6.051 1.0000000000
98942  -25.878  13.420  -6.128 1.0000000000
100901  -25.489  16.050  -6.587 1.0000000000
101912  -24.602  16.541  -7.672 0.7142857313
100914  -25.343  15.549  -6.993 1.0000000000
101901  -25.364  16.658  -7.004 1.0000000000
104759  -24.102  19.404  -8.235 1.0000000000
105686  -23.758  20.505  -7.907 0.8571428657
108324  -22.754  23.277  -8.483 0.8571428657
107451  -22.720  22.488  -7.565 0.8571428657
106561  -23.131  21.489  -7.674 1.0000000000
109173  -21.817  24.488  -7.671 0.8571428657
109181  -21.947  24.224  -8.454 0.8571428657
110027  -21.818  25.303  -7.289 0.7142857313
108312  -21.957  23.499  -6.152 0.5714285970
110018  -22.140  25.454  -6.192 0.7142857313
110884  -21.483  25.998  -7.908 0.5714285970
110002  -22.556  25.284  -4.405 0.5714285970
109159  -22.145  24.533  -5.610 0.5714285970
110003  -22.744  25.413  -3.795 0.4285714328
111702  -22.928  27.374  -4.082 0.4285714328
111701  -22.432  27.818  -4.690 0.4285714328
109987  -22.503  26.280  -1.363 0.2857142985
110827  -22.463  26.635  -1.105 0.2857142985
109988  -22.735  25.911  -1.722 0.2857142985
111664  -22.458  27.003  -0.851 0.2857142985
77078  -24.180  -6.752  -1.013 0.2857142985
87424  -27.221  2.918  -2.044 0.5714285970
91784  -27.776  6.484  -1.432 0.5714285970
97934  -27.124  12.388  -3.248 0.8571428657
99887  -26.709  14.254  -4.057 0.8571428657
102925  -25.063  17.266  -8.302 0.8571428657
110809  -22.063  27.039  1.175 0.1428571492
77077  -23.687  -6.994  -1.374 0.2857142985
79123  -23.888  -5.480  -1.599 0.2857142985
79110  -24.914  -5.458  -0.519 0.2857142985
81268  -25.963  -3.657  -0.290 0.4285714328
80159  -24.292  -4.465  -1.775 0.2857142985
82369  -25.556  -2.582  -1.515 0.4285714328
80144  -24.799  -4.678  -1.271 0.4285714328
82359  -26.236  -2.637  -0.442 0.4285714328
83388  -25.598  -1.742  -1.877 0.5714285970
85330  -26.582  -0.581  -1.294 0.4285714328
84375  -25.121  -0.739  -2.766 0.2857142985
84376  -25.808  -0.541  -2.273 0.7142857313
85371  -25.776  1.085  -3.288 0.5714285970
88483  -28.214  3.592  -0.111 0.4285714328
86391  -26.068  1.991  -3.342 0.7142857313
88494  -27.823  3.464  -1.220 0.7142857313
88495  -28.276  4.249  -0.834 0.4285714328
90738  -27.259  5.583  -2.399 0.7142857313
87460  -25.507  3.469  -4.300 0.5714285970
88523  -25.943  3.448  -3.904 0.5714285970
94794  -27.599  9.051  -1.165 0.5714285970
89667  -26.108  4.726  -3.959 0.5714285970
92797  -27.895  7.378  -1.171 0.5714285970
91824  -25.952  6.452  -3.404 0.8571428657
101889  -26.096  16.466  -5.513 1.0000000000
100926  -24.835  15.585  -7.551 0.8571428657
102924  -24.284  17.556  -8.190 0.7142857313
102935  -24.917  17.904  -8.901 1.0000000000
102936  -25.497  17.869  -8.674 1.0000000000
103863  -24.243  18.504  -8.528 0.7142857313
103865  -25.329  18.586  -8.851 1.0000000000
102923  -23.334  17.341  -7.245 0.7142857313
105687  -24.238  20.070  -8.168 0.8571428657
106566  -23.724  21.537  -8.080 1.0000000000
105695  -24.116  21.042  -8.098 1.0000000000
109165  -21.981  24.455  -6.754 0.7142857313
110860  -22.848  26.268  -4.498 0.7142857313
110865  -22.215  26.494  -5.541 0.7142857313
109153  -22.441  24.689  -3.575 0.4285714328
110828  -22.748  26.723  -1.663 0.2857142985
111691  -22.682  27.441  -3.165 0.4285714328
111665  -22.711  27.366  -1.228 0.2857142985
85370  -25.024  0.393  -3.712 0.4285714328
110847  -22.997  26.477  -3.450 0.4285714328
110012  -22.691  25.629  -4.430 0.7142857313
110833  -22.871  26.633  -2.477 0.2857142985
111676  -22.771  27.534  -2.217 0.2857142985
76015  -24.251  -8.630  -0.121 0.4285714328
77043  -24.963  -7.454  -0.012 0.4285714328
76051  -23.602  -7.573  -1.107 0.2857142985
76032  -23.923  -7.917  -0.653 0.2857142985
77044  -25.481  -7.282  0.460 0.4285714328
78108  -24.042  -6.161  -1.294 0.2857142985
81278  -24.670  -3.655  -1.858 0.2857142985
81279  -25.222  -3.730  -1.449 0.4285714328
81267  -25.624  -3.784  -0.890 0.4285714328
82358  -25.758  -3.120  -0.916 0.4285714328
81294  -24.286  -3.429  -2.310 0.4285714328
82385  -24.747  -2.500  -2.531 0.4285714328
84374  -24.510  -0.861  -3.173 0.2857142985
85354  -25.819  0.232  -2.766 0.5714285970
87423  -26.798  2.415  -2.836 0.5714285970
89626  -28.371  4.914  -0.899 0.5714285970
88524  -26.355  4.009  -3.512 0.7142857313
89650  -26.436  4.896  -3.551 0.5714285970
93801  -27.223  8.310  -2.298 0.7142857313
89649  -26.093  5.194  -3.830 0.7142857313
92835  -25.803  7.367  -3.706 0.8571428657
97942  -26.114  12.453  -4.786 0.8571428657
98928  -26.529  13.362  -4.425 0.8571428657
108319  -22.100  23.534  -7.459 0.8571428657
110011  -22.410  25.565  -5.000 0.5714285970
109152  -22.245  24.587  -4.368 0.5714285970
109148  -22.674  24.811  -2.896 0.4285714328
109994  -22.972  25.706  -2.706 0.4285714328
111711  -22.638  27.036  -4.917 0.4285714328
109974  -21.854  26.161  -0.329 0.2857142985
110817  -21.985  26.582  0.270 0.2857142985
79109  -24.489  -5.255  -1.100 0.2857142985
85353  -25.227  -0.145  -3.214 0.2857142985
102934  -24.506  18.111  -8.762 1.0000000000
110859  -22.525  26.210  -5.004 0.5714285970
114258  -21.179  30.664  -3.965 0.2857142985
114241  -21.259  31.236  -3.314 0.1428571492
113482  -21.590  29.154  -4.501 0.2857142985
113481  -21.295  30.048  -4.405 0.2857142985
114242  -21.784  30.495  -2.790 0.1428571492
114994  -21.657  31.458  -2.526 0.1428571492
112581  -22.482  28.543  -2.454 0.1428571492
112594  -22.300  28.356  -3.214 0.2857142985
113462  -22.318  29.600  -2.224 0.1428571492
113506  -20.863  29.998  -6.787 0.2857142985
113494  -21.218  29.553  -5.432 0.2857142985
112650  -21.729  28.134  -9.830 0.2857142985
112640  -21.117  28.561  -8.397 0.2857142985
114220  -22.270  30.598  -1.888 0.1428571492
112620  -21.826  28.583  -4.940 0.2857142985
110883  -21.203  26.688  -8.498 0.2857142985
112626  -21.255  28.776  -6.482 0.2857142985
113495  -21.551  29.097  -4.950 0.2857142985
110903  -22.883  26.056  -9.690 0.1428571492
111732  -21.140  27.496  -8.989 0.2857142985
112631  -21.032  28.614  -7.390 0.2857142985
111716  -21.420  27.621  -6.944 0.2857142985
112619  -21.557  28.488  -5.658 0.2857142985
111726  -24.790  26.938  -7.688 0.1428571492
111724  -23.640  26.637  -8.777 0.1428571492
111748  -21.585  26.701  -10.044 0.4285714328
110874  -21.403  26.856  -7.652 0.2857142985
109192  -24.094  23.741  -8.656 0.2857142985
109198  -22.333  25.065  -9.824 0.4285714328
110034  -21.259  25.772  -8.834 0.2857142985
109183  -25.029  23.728  -7.514 0.1428571492
110044  -24.017  24.718  -8.769 0.2857142985
110042  -21.447  25.736  -9.617 0.4285714328
108331  -22.983  23.627  -9.247 0.5714285970
109180  -21.627  24.974  -9.122 0.7142857313
107446  -25.377  22.206  -7.308 0.1428571492
108326  -24.560  23.198  -8.030 0.1428571492
109190  -22.389  24.362  -9.331 0.7142857313
108332  -23.627  23.136  -8.732 0.4285714328
107439  -25.632  22.328  -6.146 0.2857142985
105696  -24.548  20.530  -8.241 0.8571428657
107461  -24.838  22.032  -8.308 0.8571428657
106542  -25.878  21.036  -5.337 0.2857142985
106551  -25.734  21.203  -6.039 0.2857142985
107459  -23.792  22.280  -8.329 0.7142857313
107445  -22.290  22.577  -6.715 0.5714285970
105654  -26.055  20.562  -5.067 0.1428571492
105688  -25.893  20.380  -7.526 0.7142857313
105655  -26.369  20.187  -4.521 0.1428571492
96981  -23.740  12.296  -6.363 0.5714285970
99914  -24.863  14.274  -7.035 0.8571428657
99927  -25.033  14.871  -7.291 0.8571428657
98949  -24.314  13.825  -6.956 0.4285714328
99926  -24.460  14.724  -7.371 0.5714285970
103864  -24.721  18.586  -8.835 0.8571428657
103848  -25.954  18.434  -7.479 0.8571428657
104768  -24.859  19.436  -8.553 0.8571428657
104724  -26.344  19.398  -4.863 0.2857142985
104761  -26.009  19.392  -7.974 0.8571428657
105697  -25.400  20.263  -8.190 0.8571428657
104708  -26.531  19.244  -4.081 0.4285714328
104739  -26.051  19.724  -6.058 0.7142857313
96962  -23.569  11.482  -6.118 0.2857142985
97966  -25.150  12.772  -6.389 0.5714285970
97965  -24.582  12.792  -6.532 0.5714285970
100915  -25.553  14.966  -6.549 0.8571428657
102914  -25.754  17.545  -6.765 0.8571428657
102926  -25.580  17.521  -7.844 0.8571428657
103828  -26.473  18.527  -4.902 0.4285714328
103839  -26.320  18.409  -5.804 0.8571428657
104751  -25.871  19.378  -6.936 0.8571428657
103814  -26.612  18.344  -4.114 0.4285714328
92848  -24.691  7.471  -4.677 0.7142857313
93822  -23.887  8.473  -5.517 0.4285714328
92834  -25.257  7.432  -4.220 0.7142857313
95888  -25.108  9.730  -4.744 0.8571428657
94845  -24.372  9.292  -5.483 0.5714285970
95934  -24.128  10.578  -5.834 0.5714285970
95933  -23.314  10.603  -5.773 0.4285714328
95909  -25.157  10.966  -4.842 0.8571428657
95935  -24.524  11.268  -5.611 0.5714285970
96963  -24.265  11.925  -6.046 0.5714285970
97951  -25.338  12.492  -5.876 0.7142857313
96964  -24.664  12.029  -5.687 0.5714285970
100889  -26.628  15.908  -4.375 0.7142857313
101874  -26.525  16.603  -4.656 0.7142857313
102903  -25.903  17.221  -5.953 0.7142857313
102856  -27.335  17.156  -2.639 0.2857142985
101859  -26.705  17.037  -3.880 0.4285714328
102891  -26.599  17.636  -4.469 0.5714285970
89666  -25.641  4.966  -4.109 0.4285714328
90768  -24.616  5.753  -4.286 0.4285714328
92847  -24.078  7.522  -4.974 0.4285714328
94834  -25.867  9.154  -3.921 0.7142857313
94833  -25.406  9.148  -4.538 0.7142857313
95889  -25.640  10.349  -4.270 0.7142857313
96946  -25.465  11.587  -4.649 0.8571428657
101860  -27.064  16.441  -3.261 0.2857142985
100874  -26.783  15.357  -3.876 0.5714285970
88541  -25.125  4.209  -4.558 0.4285714328
89664  -24.415  4.865  -4.374 0.5714285970
91834  -24.870  6.607  -4.199 0.5714285970
93813  -25.642  8.262  -4.165 0.7142857313
99876  -27.338  14.378  -2.291 0.4285714328
100859  -27.141  15.386  -2.783 0.4285714328
87441  -24.772  2.148  -3.949 0.5714285970
92798  -28.287  7.424  -0.438 0.4285714328
93771  -27.948  8.302  -0.813 0.4285714328
96908  -27.648  11.327  -0.929 0.4285714328
97902  -27.798  12.328  -0.541 0.4285714328
98909  -27.387  13.364  -1.816 0.4285714328
83364  -26.565  -2.089  -0.061 0.1428571492
94795  -27.929  9.376  -0.447 0.4285714328
95835  -27.885  10.486  -0.497 0.4285714328
84351  -26.895  -0.831  -0.617 0.1428571492
85318  -27.550  -0.005  -0.066 0.1428571492
87399  -28.102  2.325  0.181 0.2857142985
90686  -28.760  5.945  0.950 0.2857142985
93742  -28.761  8.449  1.570 0.2857142985
92770  -28.783  7.497  1.132 0.2857142985
89612  -28.511  4.728  -0.229 0.4285714328
94762  -28.260  9.312  1.070 0.2857142985
93772  -28.271  8.336  -0.065 0.2857142985
91771  -28.656  6.538  -0.063 0.2857142985
94775  -28.145  9.102  0.335 0.4285714328
84324  -27.487  -1.301  0.655 0.1428571492
84340  -27.282  -1.031  0.117 0.1428571492
83376  -26.421  -1.745  -0.652 0.1428571492
85319  -27.726  0.512  0.353 0.2857142985
86331  -27.885  1.202  0.438 0.2857142985
88469  -28.838  3.061  1.038 0.2857142985
89599  -28.988  5.025  1.112 0.2857142985
90700  -28.871  5.462  1.030 0.2857142985
85302  -27.564  -0.646  0.576 0.1428571492
87371  -28.652  1.999  1.777 0.2857142985
85303  -27.743  0.093  1.046 0.2857142985
87384  -28.411  1.923  0.956 0.2857142985
81256  -26.392  -3.653  0.291 0.1428571492
80146  -25.744  -4.295  -0.214 0.2857142985
82347  -27.148  -2.657  0.808 0.1428571492
74922  -24.640  -9.117  0.548 0.2857142985
74921  -23.648  -9.721  0.216 0.2857142985
80136  -26.057  -4.398  0.330 0.2857142985
74923  -25.264  -8.618  0.853 0.1428571492
73798  -23.753  -10.501  0.727 0.1428571492
86316  -28.266  1.092  1.489 0.2857142985
90687  -28.937  5.799  1.428 0.2857142985
89598  -28.728  4.367  0.608 0.2857142985
91758  -29.037  6.790  1.468 0.2857142985
95806  -28.459  10.386  1.288 0.2857142985
93823  -24.554  8.337  -5.197 0.7142857313
100847  -27.591  15.391  -1.875 0.2857142985
101843  -27.458  16.354  -2.329 0.2857142985
102904  -26.362  17.519  -5.367 0.7142857313
102875  -26.742  17.809  -3.801 0.2857142985
107452  -23.247  22.319  -8.105 0.8571428657
105678  -25.827  20.407  -6.578 0.5714285970
111717  -21.725  27.188  -6.127 0.2857142985
110902  -22.242  26.363  -10.160 0.2857142985
110894  -23.517  26.115  -9.069 0.1428571492
113507  -20.931  29.472  -7.142 0.2857142985
76017  -25.553  -7.990  0.769 0.1428571492
76031  -23.106  -8.134  -1.145 0.2857142985
78076  -26.005  -6.121  1.017 0.1428571492
80135  -25.612  -4.599  -0.130 0.2857142985
83365  -27.040  -1.882  0.430 0.1428571492
84325  -27.765  -1.014  1.146 0.1428571492
84311  -28.230  -0.806  1.808 0.1428571492
86345  -27.592  1.130  -0.545 0.2857142985
89584  -29.163  4.734  1.900 0.2857142985
89665  -25.007  5.072  -4.217 0.5714285970
91832  -23.587  6.635  -4.669 0.2857142985
96898  -28.404  11.363  0.707 0.2857142985
93824  -25.128  8.283  -4.738 0.7142857313
93846  -23.455  9.317  -5.506 0.4285714328
96980  -23.151  12.127  -6.339 0.2857142985
96909  -28.011  11.347  -0.112 0.2857142985
95834  -27.602  10.150  -1.308 0.4285714328
95908  -24.713  10.317  -5.156 0.7142857313
98897  -28.089  13.271  -0.244 0.1428571492
99865  -27.776  14.371  -1.337 0.4285714328
101875  -26.701  16.266  -3.997 0.5714285970
102876  -27.012  17.512  -3.227 0.2857142985
104752  -26.202  19.027  -6.211 0.7142857313
106568  -24.920  21.480  -8.251 0.8571428657
105640  -26.641  20.213  -3.700 0.2857142985
106534  -26.544  20.728  -4.071 0.1428571492
106543  -26.259  21.270  -4.586 0.1428571492
107454  -24.941  22.261  -8.045 0.5714285970
107428  -25.893  21.690  -5.401 0.1428571492
108320  -25.355  23.142  -6.911 0.1428571492
108333  -24.213  23.004  -8.358 0.5714285970
109182  -24.540  24.212  -8.112 0.1428571492
110050  -21.744  25.803  -10.202 0.2857142985
110052  -22.810  25.176  -9.684 0.2857142985
110036  -24.426  25.199  -8.037 0.1428571492
110886  -24.334  26.118  -8.082 0.1428571492
110885  -23.865  26.257  -8.555 0.1428571492
111741  -21.888  27.095  -9.982 0.2857142985
112651  -22.469  28.113  -9.770 0.2857142985
112642  -23.518  27.778  -9.057 0.1428571492
78044  -26.843  -6.949  2.027 0.1428571492
82334  -27.406  -2.885  1.460 0.1428571492
92771  -29.217  7.530  1.794 0.2857142985
112643  -24.473  28.365  -8.710 0.1428571492
112662  -22.382  29.036  -10.405 0.2857142985
76016  -24.964  -8.141  0.318 0.2857142985
78060  -25.843  -6.720  0.931 0.1428571492
79087  -26.371  -5.747  1.215 0.1428571492
79101  -26.421  -5.305  1.230 0.1428571492
83377  -26.821  -1.485  -0.131 0.1428571492
85331  -26.958  0.189  -1.094 0.2857142985
90714  -28.489  5.653  -0.573 0.4285714328
90751  -25.751  5.720  -3.710 0.4285714328
97915  -27.510  12.332  -1.395 0.4285714328
98951  -25.520  13.938  -6.436 0.8571428657
97952  -25.971  12.701  -5.545 0.8571428657
101888  -25.619  16.581  -6.263 0.8571428657
101913  -25.071  16.550  -7.551 0.8571428657
110035  -21.591  25.088  -8.241 0.5714285970
110875  -21.789  26.414  -6.824 0.2857142985
111710  -21.969  27.630  -5.392 0.2857142985
99888  -26.887  14.353  -3.187 0.4285714328
82346  -26.603  -2.881  0.243 0.1428571492
86390  -25.236  1.594  -3.667 0.5714285970
104769  -25.542  19.219  -8.448 0.8571428657
106567  -24.291  21.542  -8.233 0.8571428657
112595  -22.521  27.978  -3.435 0.2857142985
112608  -22.323  28.344  -4.003 0.2857142985
113471  -21.431  30.104  -3.948 0.2857142985
113472  -21.765  29.559  -3.464 0.2857142985
114282  -20.625  30.634  -6.125 0.2857142985
111740  -21.386  27.174  -9.797 0.2857142985
111723  -21.132  27.618  -8.000 0.2857142985
110893  -21.182  26.516  -9.364 0.2857142985
111709  -21.524  27.917  -6.090 0.2857142985
110051  -22.307  25.663  -10.134 0.2857142985
111742  -22.509  26.962  -9.676 0.1428571492
111733  -23.219  26.863  -9.224 0.1428571492
112634  -24.253  27.570  -8.297 0.1428571492
112633  -23.843  27.342  -8.575 0.1428571492
109199  -22.699  24.685  -9.649 0.4285714328
109189  -21.862  25.150  -9.804 0.5714285970
110037  -24.924  24.737  -7.362 0.1428571492
108327  -25.024  22.888  -7.576 0.1428571492
110043  -23.452  25.315  -9.291 0.2857142985
110895  -23.923  25.604  -8.639 0.2857142985
109191  -23.288  24.309  -9.295 0.4285714328
108325  -23.362  22.769  -8.424 0.7142857313
107453  -24.525  22.673  -8.171 0.5714285970
106556  -25.660  21.308  -6.971 0.5714285970
106562  -25.528  21.350  -7.862 0.7142857313
107460  -24.408  22.302  -8.265 0.7142857313
105668  -25.907  20.465  -5.728 0.5714285970
105669  -26.163  19.911  -5.294 0.4285714328
97950  -24.839  12.381  -6.142 0.5714285970
98950  -25.179  13.525  -6.633 0.5714285970
98957  -24.099  14.379  -7.246 0.4285714328
97964  -23.938  12.933  -6.747 0.4285714328
103849  -26.093  18.424  -6.582 0.8571428657
91833  -24.311  6.599  -4.610 0.5714285970
94846  -24.937  9.168  -5.092 0.7142857313
94844  -23.993  9.225  -5.717 0.4285714328
95907  -24.300  9.955  -5.539 0.5714285970
94868  -23.731  9.733  -5.690 0.4285714328
94867  -23.137  9.768  -5.413 0.2857142985
96945  -24.819  11.659  -5.131 0.7142857313
97941  -25.392  12.359  -5.101 0.8571428657
90769  -25.199  5.748  -3.974 0.5714285970
92784  -28.551  7.437  0.347 0.2857142985
98896  -27.709  13.293  -0.970 0.4285714328
86346  -27.843  1.675  -0.099 0.2857142985
91757  -28.727  6.504  0.844 0.2857142985
93754  -28.440  8.343  0.736 0.2857142985
90699  -28.792  5.565  0.545 0.2857142985
95819  -28.187  10.200  0.322 0.4285714328
83351  -27.610  -1.947  1.117 0.1428571492
88470  -28.982  4.175  1.330 0.2857142985
74902  -25.307  -9.476  1.254 0.1428571492
74901  -24.343  -10.060  0.882 0.1428571492
75995  -25.916  -8.405  1.324 0.1428571492
113444  -22.449  29.574  -1.121 0.1428571492
78062  -27.178  -6.273  1.858 0.1428571492
112568  -22.593  28.703  -1.494 0.1428571492
106560  -22.606  21.573  -6.975 0.5714285970
104750  -22.589  19.449  -6.576 0.4285714328
104749  -22.317  19.889  -6.095 0.4285714328
105685  -22.859  20.504  -7.254 0.5714285970
104758  -23.269  19.451  -7.550 0.4285714328
103856  -23.598  18.435  -7.933 0.4285714328
102913  -22.776  17.772  -6.552 0.4285714328
103855  -22.963  18.467  -7.103 0.5714285970
100925  -24.204  15.571  -7.566 0.5714285970
93732  -29.319  8.585  2.845 0.1428571492
94750  -28.640  9.489  1.820 0.1428571492
95797  -28.773  10.421  2.116 0.1428571492
83399  -23.692  -1.855  -3.135 0.2857142985
93723  -30.147  8.747  4.493 0.1428571492
94739  -29.556  9.543  3.192 0.1428571492
94728  -30.407  9.223  4.900 0.1428571492
82384  -24.003  -2.628  -2.817 0.2857142985
90672  -29.479  5.510  2.545 0.1428571492
91735  -29.653  6.509  3.218 0.1428571492
91746  -29.466  6.624  2.109 0.1428571492
92748  -29.540  7.723  3.528 0.1428571492
93713  -31.154  8.302  5.988 0.1428571492
92749  -30.061  7.988  4.604 0.1428571492
94721  -33.918  9.259  5.593 0.1428571492
94719  -32.140  9.111  5.846 0.1428571492
95769  -32.670  10.061  5.744 0.1428571492
82383  -23.195  -2.666  -2.843 0.2857142985
88432  -29.268  2.950  2.904 0.1428571492
89565  -29.510  4.189  2.981 0.1428571492
88457  -29.126  3.648  2.035 0.1428571492
90662  -29.980  5.896  3.929 0.1428571492
90661  -29.726  5.156  3.809 0.1428571492
91721  -30.284  6.713  4.947 0.1428571492
92739  -31.617  7.639  6.390 0.1428571492
92723  -33.092  7.316  6.044 0.1428571492
93705  -34.306  8.310  5.398 0.1428571492
93703  -32.684  8.281  6.068 0.1428571492
81293  -23.494  -3.480  -2.565 0.2857142985
80175  -23.063  -4.448  -2.482 0.2857142985
79139  -22.600  -4.823  -2.376 0.2857142985
86295  -28.862  1.634  2.946 0.1428571492
87328  -29.315  2.297  3.818 0.1428571492
88406  -29.623  3.241  3.802 0.1428571492
89540  -29.901  4.052  4.036 0.1428571492
90642  -30.449  5.217  4.944 0.1428571492
91702  -31.806  5.560  5.913 0.1428571492
91723  -31.952  7.227  6.406 0.1428571492
94731  -34.668  9.247  5.132 0.1428571492
86294  -28.672  1.116  2.581 0.1428571492
87350  -29.001  2.124  3.081 0.1428571492
86267  -29.165  1.212  3.563 0.1428571492
87311  -30.505  2.459  5.322 0.1428571492
86249  -29.895  1.487  4.704 0.1428571492
88376  -31.650  4.009  5.657 0.1428571492
89493  -31.828  4.389  5.558 0.1428571492
89515  -30.490  4.209  5.010 0.1428571492
90614  -31.307  5.189  5.552 0.1428571492
92724  -33.849  7.350  5.477 0.1428571492
91703  -32.527  6.088  5.976 0.1428571492
93715  -35.062  8.280  4.878 0.1428571492
92725  -34.667  7.348  5.031 0.1428571492
85262  -29.249  0.110  3.595 0.1428571492
85289  -28.282  0.132  2.146 0.1428571492
85238  -31.147  0.581  5.802 0.1428571492
85237  -30.580  0.380  5.272 0.1428571492
86250  -30.699  1.249  5.614 0.1428571492
89483  -32.388  4.121  5.560 0.1428571492
87272  -32.440  2.960  6.035 0.1428571492
90597  -32.603  4.393  5.503 0.1428571492
90616  -33.228  5.116  5.306 0.1428571492
91704  -33.475  6.329  5.577 0.1428571492
90615  -32.296  4.954  5.507 0.1428571492
85212  -31.959  0.380  6.086 0.1428571492
85236  -29.761  0.250  4.473 0.1428571492
85201  -33.609  0.861  6.426 0.1428571492
85200  -32.513  0.921  6.419 0.1428571492
88366  -32.702  3.414  5.754 0.1428571492
86216  -32.849  1.971  6.230 0.1428571492
89494  -33.282  4.060  5.261 0.1428571492
86231  -31.800  1.415  6.473 0.1428571492
87310  -29.763  2.582  4.513 0.1428571492
87290  -30.899  3.193  5.599 0.1428571492
89491  -30.842  4.351  5.431 0.1428571492
94732  -35.392  9.220  4.523 0.1428571492
93704  -33.487  8.305  5.777 0.1428571492
92738  -31.054  7.907  5.620 0.1428571492
94751  -29.073  9.550  2.489 0.1428571492
80158  -23.584  -4.584  -2.200 0.2857142985
90617  -33.928  5.635  5.128 0.1428571492
93716  -35.817  8.167  4.412 0.1428571492
94741  -35.789  9.531  3.953 0.1428571492
101911  -23.906  16.463  -7.529 0.4285714328
95781  -34.792  10.112  4.663 0.1428571492
94720  -33.061  9.210  5.746 0.1428571492
95771  -34.260  10.142  5.230 0.1428571492
95780  -31.446  9.610  5.618 0.1428571492
95770  -33.523  10.176  5.629 0.1428571492
106555  -22.299  21.730  -6.177 0.4285714328
113538  -22.858  29.574  -10.806 0.1428571492
80176  -23.736  -4.094  -2.294 0.2857142985
112661  -21.885  28.964  -10.221 0.1428571492
93731  -28.907  8.836  2.219 0.1428571492
88456  -28.908  2.716  2.155 0.1428571492
87349  -28.803  2.033  2.531 0.1428571492
97903  -28.221  12.345  0.216 0.1428571492
92758  -29.367  7.520  2.607 0.1428571492
93743  -29.157  8.192  2.186 0.1428571492
93722  -29.712  8.721  3.775 0.1428571492
93712  -30.730  8.031  5.263 0.1428571492
95790  -30.346  10.219  4.288 0.1428571492
94729  -31.251  9.079  5.727 0.1428571492
91736  -29.630  7.042  3.813 0.1428571492
94730  -31.658  8.692  5.844 0.1428571492
93714  -32.070  8.117  6.213 0.1428571492
90643  -30.759  5.856  5.418 0.1428571492
90641  -30.137  4.513  4.501 0.1428571492
91722  -31.293  6.309  5.935 0.1428571492
92740  -32.332  7.469  6.379 0.1428571492
89514  -30.237  3.907  4.631 0.1428571492
88391  -30.034  3.301  4.594 0.1428571492
90613  -30.932  4.813  5.436 0.1428571492
85261  -28.771  0.086  2.943 0.1428571492
87312  -31.179  1.733  5.959 0.1428571492
88374  -30.772  3.774  5.443 0.1428571492
88365  -32.043  3.631  5.824 0.1428571492
87271  -32.195  3.119  6.000 0.1428571492
88392  -30.460  3.475  5.121 0.1428571492
86251  -31.341  0.973  6.112 0.1428571492
87291  -31.628  2.858  5.988 0.1428571492
89484  -32.880  3.966  5.569 0.1428571492
90598  -32.866  4.506  5.489 0.1428571492
90644  -33.914  4.997  4.681 0.1428571492
86215  -32.243  2.308  6.440 0.1428571492
73822  -22.153  -10.609  -0.172 0.1428571492
74920  -22.882  -10.147  -0.065 0.1428571492
73839  -21.363  -9.986  -0.230 0.1428571492
73840  -21.974  -9.810  -0.426 0.1428571492
74937  -22.655  -9.377  -0.522 0.1428571492
76030  -22.200  -8.365  -0.892 0.1428571492
77076  -22.878  -7.124  -1.417 0.1428571492
77054  -21.965  -7.297  -0.961 0.1428571492
78106  -22.680  -6.140  -1.678 0.1428571492
78107  -23.421  -6.226  -1.658 0.1428571492
78087  -21.439  -6.754  -0.862 0.1428571492
78104  -21.270  -5.787  -1.292 0.1428571492
79121  -22.374  -5.266  -1.988 0.1428571492
80155  -20.840  -4.327  -1.303 0.1428571492
81277  -21.297  -3.513  -1.708 0.1428571492
82382  -22.402  -2.619  -2.645 0.1428571492
81291  -21.923  -3.645  -2.288 0.1428571492
83398  -22.902  -1.779  -3.049 0.1428571492
83411  -24.070  -1.184  -3.264 0.1428571492
84387  -24.179  -0.444  -3.571 0.2857142985
87458  -23.753  2.875  -4.368 0.4285714328
99925  -23.723  14.773  -7.386 0.2857142985
100923  -23.063  15.499  -7.037 0.2857142985
104736  -21.383  19.105  -5.684 0.2857142985
105677  -22.335  20.637  -6.312 0.2857142985
105667  -22.159  21.195  -5.837 0.4285714328
81292  -22.711  -3.564  -2.563 0.1428571492
83387  -21.351  -1.618  -2.044 0.1428571492
83397  -22.037  -1.462  -2.833 0.2857142985
78086  -20.882  -6.330  -0.878 0.1428571492
79118  -20.428  -4.842  -1.062 0.1428571492
82367  -21.656  -2.583  -2.216 0.1428571492
84384  -22.098  -0.716  -2.865 0.2857142985
83410  -23.487  -1.070  -3.272 0.2857142985
83409  -22.750  -0.936  -3.176 0.2857142985
84385  -22.595  -0.198  -2.868 0.2857142985
84386  -23.382  -0.227  -3.389 0.2857142985
86389  -24.562  1.288  -4.213 0.4285714328
86405  -23.577  1.921  -4.354 0.4285714328
87457  -23.075  3.087  -4.289 0.2857142985
98948  -23.485  13.733  -6.945 0.2857142985
99912  -22.950  14.605  -7.015 0.2857142985
99924  -23.278  15.091  -7.308 0.2857142985
100913  -22.674  15.464  -6.414 0.2857142985
101909  -23.037  16.514  -6.576 0.2857142985
103838  -22.229  18.368  -5.951 0.2857142985
103836  -20.977  18.207  -5.308 0.2857142985
104737  -21.988  19.384  -5.652 0.2857142985
99913  -23.501  14.316  -7.159 0.2857142985
98946  -22.121  13.845  -5.979 0.2857142985
101899  -22.552  16.393  -6.140 0.2857142985
102900  -21.203  17.300  -5.683 0.2857142985
102912  -22.882  17.049  -6.513 0.2857142985
102901  -22.128  17.448  -6.103 0.2857142985
103847  -22.626  18.465  -6.379 0.2857142985
100912  -22.071  15.666  -5.759 0.2857142985
100900  -21.309  15.826  -5.660 0.2857142985
101887  -21.615  16.494  -5.871 0.2857142985
86406  -24.201  2.079  -4.253 0.4285714328
87459  -24.761  3.001  -4.447 0.4285714328
79122  -23.281  -5.260  -2.094 0.1428571492
85369  -23.916  0.446  -4.222 0.4285714328
77055  -22.529  -7.755  -1.143 0.1428571492
104738  -22.433  18.893  -6.077 0.2857142985
80173  -21.883  -4.202  -2.190 0.1428571492
80156  -21.585  -4.459  -1.820 0.1428571492
76029  -21.331  -8.259  -0.522 0.1428571492
77075  -22.345  -6.677  -1.323 0.1428571492
79120  -21.634  -5.312  -1.607 0.1428571492
79119  -20.841  -5.300  -1.239 0.1428571492
80157  -21.928  -4.890  -1.985 0.1428571492
87440  -23.139  2.436  -4.336 0.4285714328
85383  -23.481  1.204  -4.221 0.4285714328
101886  -20.754  16.319  -5.550 0.2857142985
89663  -23.614  4.725  -4.433 0.2857142985
88540  -24.175  3.895  -4.552 0.2857142985
90767  -23.919  5.690  -4.488 0.2857142985
115038  -21.523  31.212  -9.070 0.1428571492
114303  -20.850  30.637  -8.791 0.1428571492
113528  -21.287  29.617  -9.732 0.1428571492
113536  -21.437  29.685  -10.427 0.1428571492
115039  -22.046  31.252  -8.543 0.1428571492
114304  -21.103  30.276  -9.401 0.1428571492
114292  -20.612  30.550  -6.586 0.1428571492
115015  -20.524  32.199  -5.064 0.1428571492
90766  -22.938  5.632  -4.457 0.2857142985
113537  -21.959  29.632  -10.877 0.1428571492
115046  -21.393  31.394  -10.259 0.1428571492
112660  -21.577  29.000  -9.952 0.1428571492
114314  -21.177  30.492  -10.085 0.1428571492
112649  -21.416  28.511  -9.393 0.1428571492
113512  -20.559  30.384  -7.381 0.1428571492
115031  -20.746  31.517  -7.140 0.1428571492
115014  -20.380  32.154  -5.708 0.1428571492
114291  -20.462  30.910  -6.822 0.1428571492
114272  -20.512  31.145  -5.114 0.1428571492
115005  -20.841  32.016  -4.237 0.1428571492
113521  -21.076  29.661  -8.791 0.1428571492
113520  -20.580  30.250  -8.126 0.1428571492
115037  -21.085  31.059  -9.341 0.1428571492
115035  -21.297  31.489  -7.977 0.1428571492
115045  -21.112  30.968  -9.833 0.1428571492
115034  -20.887  31.249  -8.392 0.1428571492
115036  -21.850  31.136  -7.513 0.1428571492
114297  -20.449  30.935  -7.829 0.1428571492
99901  -21.648  14.563  -5.236 0.1428571492
99911  -22.306  14.631  -5.970 0.1428571492
99910  -22.039  15.069  -5.433 0.1428571492
102888  -20.427  16.981  -5.006 0.1428571492
138204  -18.221  17.194  -2.524 0.1428571492
103825  -19.983  17.984  -4.640 0.1428571492
98947  -22.641  13.626  -6.468 0.1428571492
103824  -19.176  18.400  -3.224 0.1428571492
104721  -19.489  19.932  -3.611 0.1428571492
105651  -19.552  20.406  -3.500 0.2857142985
93821  -23.076  8.764  -5.177 0.1428571492
96960  -21.945  11.531  -5.334 0.1428571492
97949  -22.599  12.643  -6.189 0.1428571492
98939  -21.707  13.581  -5.582 0.1428571492
103815  -26.831  18.554  -3.304 0.1428571492
100911  -21.592  15.357  -5.402 0.1428571492
104723  -21.580  20.027  -5.068 0.1428571492
105652  -20.052  20.690  -3.885 0.2857142985
106549  -21.243  21.594  -4.908 0.2857142985
109146  -21.367  23.580  -2.973 0.2857142985
108285  -20.661  23.208  -2.319 0.2857142985
109147  -21.957  24.043  -3.219 0.2857142985
112582  -22.834  28.050  -1.693 0.1428571492
110816  -21.595  26.049  0.671 0.1428571492
106541  -20.472  21.541  -4.315 0.2857142985
107437  -21.427  22.429  -5.142 0.2857142985
108303  -21.328  23.056  -4.684 0.2857142985
108295  -20.396  22.790  -3.333 0.2857142985
108304  -21.773  23.745  -5.079 0.2857142985
108292  -21.320  23.495  -3.441 0.2857142985
108291  -20.838  23.250  -2.983 0.2857142985
109133  -22.673  25.408  -1.565 0.1428571492
109130  -20.545  23.869  -1.516 0.2857142985
111658  -22.501  27.381  -0.489 0.1428571492
111651  -22.421  27.640  0.386 0.1428571492
108290  -20.226  22.720  -2.613 0.1428571492
108289  -19.796  22.442  -2.042 0.1428571492
109139  -20.691  23.435  -1.960 0.2857142985
109132  -22.259  25.188  -1.531 0.1428571492
109141  -22.147  24.503  -2.121 0.2857142985
109979  -21.304  25.445  -0.798 0.1428571492
109124  -20.940  25.182  -0.674 0.1428571492
104701  -17.992  19.485  -2.147 0.2857142985
109956  -20.835  25.546  1.646 0.1428571492
109123  -20.547  24.383  -0.351 0.1428571492
138212  -16.574  18.769  -0.749 0.1428571492
104709  -26.787  19.544  -3.244 0.1428571492
102842  -27.660  17.354  -1.875 0.1428571492
96961  -22.680  11.611  -5.887 0.1428571492
97947  -21.319  13.072  -5.319 0.1428571492
104688  -27.359  19.397  -2.433 0.1428571492
98938  -21.187  13.642  -4.971 0.1428571492
100884  -20.173  15.058  -4.695 0.1428571492
100883  -19.443  15.450  -4.060 0.1428571492
101885  -20.281  15.931  -5.255 0.1428571492
102887  -19.511  16.868  -3.766 0.1428571492
138209  -18.150  19.032  -2.415 0.1428571492
104722  -21.009  19.617  -5.126 0.1428571492
105633  -18.365  20.050  -2.556 0.2857142985
107426  -20.095  22.149  -4.032 0.1428571492
107427  -20.739  22.387  -4.456 0.2857142985
107417  -19.819  22.286  -3.287 0.1428571492
107418  -20.324  22.587  -3.835 0.1428571492
109981  -22.453  25.580  -1.416 0.1428571492
109967  -20.786  25.127  1.124 0.1428571492
109973  -21.296  25.547  0.052 0.1428571492
103797  -27.340  18.105  -2.442 0.1428571492
109980  -21.986  25.857  -1.051 0.1428571492
109142  -22.799  25.138  -1.999 0.2857142985
112560  -22.713  27.857  -0.692 0.1428571492
95932  -22.508  10.622  -5.316 0.1428571492
107438  -21.966  22.541  -5.826 0.2857142985
97963  -23.256  12.864  -6.566 0.1428571492
101835  -27.803  16.364  -1.487 0.1428571492
105666  -21.880  20.670  -5.418 0.1428571492
99902  -21.967  14.155  -5.680 0.1428571492
100899  -20.802  15.402  -5.206 0.1428571492
101870  -19.943  16.154  -4.800 0.1428571492
99893  -20.775  14.485  -4.721 0.1428571492
98940  -22.160  13.233  -5.990 0.1428571492
104702  -18.630  19.583  -2.964 0.1428571492
97948  -21.806  12.516  -5.593 0.1428571492
105653  -21.117  20.675  -4.659 0.2857142985
105635  -19.619  21.137  -3.426 0.2857142985
106550  -21.895  21.725  -5.497 0.2857142985
108297  -21.579  23.644  -4.125 0.2857142985
108284  -20.259  23.004  -1.792 0.1428571492
109140  -21.255  23.755  -2.254 0.2857142985
109968  -21.259  25.788  1.132 0.1428571492
108311  -21.664  23.078  -5.388 0.2857142985
108296  -20.934  23.001  -3.838 0.2857142985
112559  -22.632  28.405  -0.484 0.1428571492
109131  -21.269  24.874  -1.381 0.2857142985
106540  -19.864  21.595  -3.721 0.1428571492
84362  -21.037  -1.016  -1.837 0.1428571492
84373  -22.250  0.216  -2.509 0.1428571492
85340  -19.686  0.719  -1.567 0.1428571492
86357  -19.966  1.614  -1.757 0.1428571492
86367  -20.631  1.605  -2.163 0.1428571492
85352  -21.831  0.694  -2.547 0.1428571492
87421  -20.636  2.624  -2.473 0.1428571492
86369  -21.898  1.298  -2.991 0.1428571492
85368  -23.086  0.780  -3.543 0.1428571492
87422  -21.426  2.638  -2.785 0.1428571492
87438  -22.008  2.661  -3.208 0.1428571492
86388  -22.987  1.743  -4.062 0.1428571492
87439  -22.604  2.697  -3.860 0.1428571492
88506  -21.594  3.304  -3.008 0.1428571492
88522  -22.710  3.715  -4.029 0.1428571492
89647  -22.207  4.528  -3.988 0.1428571492
90765  -22.416  6.149  -4.514 0.1428571492
91831  -22.831  6.737  -4.578 0.1428571492
105634  -19.070  20.625  -2.992 0.1428571492
85367  -22.363  0.722  -2.977 0.1428571492
83386  -20.552  -1.628  -1.604 0.1428571492
84361  -20.367  -0.399  -1.700 0.1428571492
85351  -21.164  0.725  -2.252 0.1428571492
92846  -23.368  7.649  -4.886 0.1428571492
88539  -23.357  3.792  -4.387 0.1428571492
84372  -21.738  -0.374  -2.128 0.1428571492
84371  -20.929  0.144  -2.057 0.1428571492
86356  -19.347  1.654  -1.318 0.1428571492
86368  -21.337  1.641  -2.617 0.1428571492
86386  -21.741  1.963  -3.096 0.1428571492
88505  -20.902  3.510  -2.984 0.1428571492
86387  -22.358  1.669  -3.445 0.1428571492
88521  -22.047  3.658  -3.432 0.1428571492
87409  -19.486  2.693  -1.544 0.1428571492
83385  -19.399  -1.526  -1.174 0.1428571492
74900  -23.860  -10.058  0.680 0.2857142985
76050  -23.325  -7.472  -1.295 0.1428571492
77056  -24.010  -7.297  -0.964 0.2857142985
78061  -26.439  -6.522  1.436 0.1428571492
78105  -21.837  -6.169  -1.276 0.1428571492
79100  -25.972  -5.377  0.849 0.1428571492
79140  -22.820  -5.027  -2.394 0.2857142985
80174  -22.227  -4.440  -2.300 0.2857142985
83400  -24.506  -1.662  -2.971 0.5714285970
83408  -22.299  -0.830  -3.117 0.2857142985
84388  -24.838  -0.391  -3.370 0.2857142985
85350  -20.455  0.723  -1.940 0.1428571492
85384  -23.946  1.338  -4.479 0.4285714328
86266  -28.927  0.637  3.184 0.1428571492
86330  -27.723  0.713  0.028 0.2857142985
87398  -27.794  2.011  -0.462 0.2857142985
88364  -31.837  3.428  5.916 0.1428571492
88375  -31.419  3.622  5.788 0.1428571492
88431  -28.993  2.469  2.652 0.1428571492
89492  -31.314  4.407  5.587 0.1428571492
89648  -22.852  4.551  -4.352 0.1428571492
90752  -26.222  5.662  -3.428 0.7142857313
93847  -23.680  9.084  -5.556 0.4285714328
94718  -31.744  9.430  5.708 0.1428571492
94869  -24.116  9.730  -5.678 0.5714285970
95768  -31.854  9.950  5.570 0.1428571492
96982  -24.150  12.483  -6.420 0.5714285970
98941  -25.473  12.986  -6.351 1.0000000000
98956  -23.832  14.204  -7.160 0.4285714328
99915  -25.303  14.490  -6.756 0.8571428657
100898  -20.086  15.590  -4.862 0.1428571492
100924  -23.556  15.584  -7.384 0.2857142985
101871  -20.294  16.333  -5.231 0.1428571492
101900  -23.023  16.007  -6.572 0.2857142985
101910  -23.278  16.297  -7.048 0.2857142985
102902  -22.485  17.971  -6.172 0.2857142985
102915  -26.153  17.812  -6.119 0.8571428657
102922  -23.116  16.790  -6.864 0.2857142985
103837  -21.695  18.333  -5.992 0.2857142985
103857  -25.826  18.476  -8.364 1.0000000000
104740  -26.297  19.166  -5.532 0.4285714328
104760  -24.465  19.859  -8.310 0.8571428657
104767  -24.473  18.988  -8.616 0.8571428657
105676  -22.191  20.136  -5.846 0.2857142985
109197  -22.038  25.354  -10.137 0.2857142985
110057  -21.790  26.137  -10.312 0.4285714328
110058  -22.004  26.034  -10.451 0.2857142985
110822  -22.195  26.611  -0.592 0.2857142985
110866  -22.579  26.506  -4.982 0.5714285970
110901  -21.439  26.379  -9.921 0.2857142985
110908  -21.624  26.352  -10.147 0.4285714328
110909  -21.824  26.419  -10.237 0.4285714328
111659  -22.705  27.651  -0.856 0.1428571492
111675  -22.508  27.943  -2.830 0.2857142985
111690  -22.480  27.918  -3.156 0.2857142985
111725  -23.985  26.860  -8.295 0.1428571492
111734  -23.625  27.103  -8.763 0.1428571492
111747  -21.411  26.634  -9.939 0.4285714328
112609  -22.665  27.795  -3.671 0.2857142985
112627  -20.980  29.196  -7.018 0.2857142985
112632  -20.958  29.148  -7.274 0.2857142985
112641  -22.915  27.425  -9.463 0.1428571492
113505  -20.577  30.478  -7.024 0.1428571492
113513  -20.854  29.505  -7.626 0.2857142985
113514  -20.923  29.368  -7.346 0.2857142985
114259  -21.521  30.508  -3.394 0.1428571492
114313  -21.078  30.730  -9.506 0.1428571492
115794  -20.464  32.388  -6.237 0.1428571492
