#!ascii label  , from subject 3625 vox2ras=TkReg
1079
48953  17.602  -32.918  74.416 0.0000000000
46583  3.706  -35.623  67.047 0.0000000000
53234  10.622  -31.229  80.458 0.0000000000
53374  8.264  -29.648  71.621 0.0000000000
57752  2.573  -25.979  71.370 0.0000000000
52195  14.275  -30.916  78.378 0.0000000000
54374  12.864  -27.414  73.538 0.0000000000
46497  20.623  -36.173  76.687 0.0000000000
48897  16.093  -34.889  79.230 0.0000000000
51059  13.016  -32.941  83.046 0.0000000000
55379  5.656  -26.914  76.847 0.0000000000
51180  4.183  -30.413  72.900 0.0000000000
59912  4.079  -23.834  77.083 0.0000000000
52173  6.989  -33.311  80.478 0.0000000000
51170  6.630  -32.513  74.760 0.0000000000
53318  9.086  -29.458  74.778 0.0000000000
56554  9.490  -26.089  72.937 0.0000000000
47802  7.011  -35.130  68.945 0.0000000000
52352  4.912  -30.038  67.237 0.0000000000
55538  3.905  -27.346  66.024 0.0000000000
62096  4.145  -22.203  70.382 0.0000000000
50092  15.174  -32.527  76.525 0.0000000000
52249  14.605  -30.759  73.816 0.0000000000
48934  20.044  -34.328  75.232 0.0000000000
47717  18.421  -36.040  77.984 0.0000000000
48926  16.996  -34.632  76.990 0.0000000000
50060  14.889  -32.675  79.453 0.0000000000
55359  3.815  -26.237  77.916 0.0000000000
53237  8.122  -31.912  80.485 0.0000000000
52198  7.579  -31.433  78.290 0.0000000000
53268  9.597  -30.951  78.157 0.0000000000
58891  12.946  -25.210  72.567 0.0000000000
56570  11.595  -26.404  71.955 0.0000000000
52153  11.379  -31.139  82.029 0.0000000000
51046  10.375  -32.747  83.234 0.0000000000
52143  8.955  -32.094  82.423 0.0000000000
51067  6.966  -33.028  83.052 0.0000000000
50128  9.623  -32.342  72.607 0.0000000000
48974  7.438  -34.310  72.038 0.0000000000
50143  8.959  -32.959  70.433 0.0000000000
53360  2.776  -28.268  72.378 0.0000000000
51229  4.602  -30.194  70.454 0.0000000000
54432  2.641  -28.083  70.187 0.0000000000
53434  4.371  -29.454  65.993 0.0000000000
56621  3.026  -26.451  68.767 0.0000000000
53253  12.333  -29.926  79.362 0.0000000000
53277  11.298  -29.698  77.349 0.0000000000
53286  13.637  -29.267  76.522 0.0000000000
55446  14.590  -27.538  71.965 0.0000000000
44217  22.011  -36.991  77.943 0.0000000000
40555  19.596  -38.728  77.511 0.0000000000
44199  19.322  -37.255  79.085 0.0000000000
44190  16.715  -36.761  79.359 0.0000000000
50029  14.786  -33.594  81.494 0.0000000000
51098  13.705  -31.291  81.682 0.0000000000
54379  7.309  -28.495  73.759 0.0000000000
52270  6.724  -30.751  72.652 0.0000000000
54341  5.225  -28.658  75.582 0.0000000000
55396  3.229  -27.403  75.619 0.0000000000
58874  3.089  -25.022  74.519 0.0000000000
51153  19.925  -31.353  75.647 0.0000000000
44237  25.399  -35.898  76.233 0.0000000000
47701  25.833  -33.450  79.699 0.0000000000
47732  23.447  -34.170  77.155 0.0000000000
48931  22.276  -32.911  76.253 0.0000000000
50043  5.231  -34.462  80.186 0.0000000000
50085  4.663  -34.065  77.235 0.0000000000
51137  6.190  -32.044  77.675 0.0000000000
51157  7.896  -30.807  74.956 0.0000000000
52268  10.278  -30.425  72.208 0.0000000000
54358  11.146  -27.994  74.245 0.0000000000
54404  10.809  -28.507  71.988 0.0000000000
54393  8.767  -27.979  71.705 0.0000000000
56533  7.286  -26.407  75.506 0.0000000000
48957  4.554  -34.273  74.814 0.0000000000
48985  4.391  -34.991  71.478 0.0000000000
49020  4.721  -34.550  68.099 0.0000000000
51204  6.197  -31.755  70.744 0.0000000000
51260  5.949  -32.379  67.784 0.0000000000
50195  4.308  -33.200  66.293 0.0000000000
51302  3.065  -32.315  64.968 0.0000000000
52406  3.153  -30.207  63.343 0.0000000000
62059  5.166  -22.210  75.943 0.0000000000
59944  4.234  -23.669  73.728 0.0000000000
63286  4.205  -20.329  72.750 0.0000000000
58909  3.655  -24.081  70.199 0.0000000000
58936  3.396  -24.461  67.540 0.0000000000
48947  16.279  -33.211  75.504 0.0000000000
50116  15.599  -32.365  74.554 0.0000000000
50114  17.161  -32.484  74.139 0.0000000000
48944  19.459  -33.560  74.789 0.0000000000
48925  17.719  -35.285  76.487 0.0000000000
48936  17.067  -34.091  75.801 0.0000000000
50081  15.757  -32.967  76.830 0.0000000000
45449  3.420  -36.165  66.806 0.0000000000
47850  4.192  -34.871  65.406 0.0000000000
53236  8.691  -31.770  80.771 0.0000000000
53257  8.984  -31.027  79.044 0.0000000000
53256  9.930  -30.961  78.968 0.0000000000
41799  20.656  -38.275  75.583 0.0000000000
52168  10.809  -31.186  81.063 0.0000000000
52142  9.821  -31.840  82.500 0.0000000000
52155  9.508  -31.882  81.872 0.0000000000
52156  8.615  -31.912  81.885 0.0000000000
51186  9.912  -31.464  71.859 0.0000000000
50135  9.664  -32.458  71.615 0.0000000000
51201  9.372  -31.585  71.146 0.0000000000
55453  1.904  -27.592  72.321 0.0000000000
53391  2.674  -28.506  70.966 0.0000000000
55482  2.164  -27.303  70.781 0.0000000000
55504  2.852  -27.642  69.174 0.0000000000
56604  2.339  -26.520  70.561 0.0000000000
52187  12.896  -30.219  79.507 0.0000000000
53275  13.148  -29.770  77.535 0.0000000000
52205  13.650  -30.227  77.653 0.0000000000
53336  14.489  -29.824  73.489 0.0000000000
56586  14.874  -26.534  71.784 0.0000000000
46487  21.552  -36.351  77.330 0.0000000000
44208  20.542  -37.304  78.418 0.0000000000
46475  20.459  -36.788  78.007 0.0000000000
47707  17.310  -35.725  78.755 0.0000000000
46468  17.476  -35.817  78.878 0.0000000000
46458  16.595  -35.389  79.023 0.0000000000
48888  14.965  -33.859  80.648 0.0000000000
50072  14.693  -31.985  78.812 0.0000000000
50061  14.534  -31.743  79.820 0.0000000000
51115  13.786  -30.794  79.856 0.0000000000
52178  12.790  -30.479  80.401 0.0000000000
55407  6.449  -27.915  75.389 0.0000000000
54361  6.470  -29.166  74.883 0.0000000000
54318  5.487  -27.900  75.753 0.0000000000
57646  3.640  -25.084  78.071 0.0000000000
54288  3.152  -27.328  76.956 0.0000000000
57687  3.220  -25.631  76.410 0.0000000000
56535  2.897  -26.770  74.958 0.0000000000
58865  3.554  -24.804  75.597 0.0000000000
46485  24.046  -34.719  77.548 0.0000000000
51109  5.828  -33.544  79.984 0.0000000000
51118  5.542  -33.485  79.023 0.0000000000
51117  6.354  -33.045  79.092 0.0000000000
53289  8.342  -29.925  76.897 0.0000000000
52216  7.517  -30.799  76.896 0.0000000000
53319  8.484  -30.020  75.199 0.0000000000
51167  9.297  -31.022  73.883 0.0000000000
52232  9.379  -30.121  73.955 0.0000000000
54313  12.237  -28.060  76.080 0.0000000000
54314  11.230  -28.511  76.044 0.0000000000
54357  12.283  -27.762  74.290 0.0000000000
56571  10.742  -26.135  71.991 0.0000000000
55466  10.929  -27.512  71.857 0.0000000000
56591  10.065  -26.734  71.706 0.0000000000
54405  10.296  -28.393  71.603 0.0000000000
56573  9.184  -26.676  72.513 0.0000000000
56556  8.155  -26.918  74.078 0.0000000000
56542  8.336  -26.126  74.443 0.0000000000
40543  18.805  -38.745  78.154 0.0000000000
40579  18.931  -38.160  76.393 0.0000000000
48850  12.671  -33.950  82.301 0.0000000000
46429  11.750  -34.513  81.896 0.0000000000
48851  11.870  -33.803  82.462 0.0000000000
49995  9.001  -33.196  83.436 0.0000000000
48838  9.746  -33.762  83.450 0.0000000000
51090  7.004  -33.667  82.014 0.0000000000
50032  6.043  -33.809  81.794 0.0000000000
50093  5.249  -33.073  76.181 0.0000000000
50122  4.560  -33.865  75.493 0.0000000000
50120  5.600  -33.303  74.644 0.0000000000
47772  7.709  -34.853  70.867 0.0000000000
47765  6.274  -34.686  71.464 0.0000000000
47787  6.451  -35.160  69.866 0.0000000000
48997  5.070  -35.181  69.603 0.0000000000
47816  5.810  -34.645  68.437 0.0000000000
52271  5.378  -31.259  72.879 0.0000000000
51187  5.825  -31.459  71.812 0.0000000000
51188  4.825  -31.434  71.985 0.0000000000
52323  4.669  -30.304  69.187 0.0000000000
51244  5.187  -31.237  69.134 0.0000000000
51262  5.093  -31.207  67.729 0.0000000000
50185  4.896  -32.831  67.193 0.0000000000
51288  4.548  -32.044  66.700 0.0000000000
50204  4.005  -32.529  65.730 0.0000000000
52365  4.371  -30.666  66.226 0.0000000000
54483  4.264  -28.548  65.557 0.0000000000
53448  4.038  -29.707  64.795 0.0000000000
54499  4.255  -28.802  64.386 0.0000000000
62064  5.557  -21.330  74.704 0.0000000000
59943  4.567  -23.017  74.319 0.0000000000
62065  5.143  -21.207  74.127 0.0000000000
63297  4.532  -20.525  71.510 0.0000000000
62088  4.184  -21.967  71.327 0.0000000000
61009  3.940  -22.780  71.571 0.0000000000
61012  3.944  -22.789  70.669 0.0000000000
58919  3.470  -24.192  69.257 0.0000000000
61020  3.504  -22.970  69.030 0.0000000000
51145  14.714  -32.007  77.056 0.0000000000
51156  14.523  -31.062  75.871 0.0000000000
51165  14.799  -31.818  74.978 0.0000000000
47735  20.204  -35.743  76.380 0.0000000000
46489  19.498  -36.336  77.474 0.0000000000
47736  19.286  -35.780  76.613 0.0000000000
47729  17.169  -35.471  77.791 0.0000000000
48918  16.364  -34.649  78.181 0.0000000000
48909  15.452  -33.776  79.035 0.0000000000
50059  15.462  -33.103  78.487 0.0000000000
50082  15.033  -32.461  77.510 0.0000000000
56472  5.127  -25.559  78.428 0.0000000000
55365  4.901  -26.770  77.677 0.0000000000
56461  4.281  -24.983  78.650 0.0000000000
57624  3.920  -24.832  78.701 0.0000000000
60937  4.210  -22.745  78.559 0.0000000000
52172  7.390  -32.940  80.742 0.0000000000
52188  7.622  -32.165  79.345 0.0000000000
53249  8.004  -31.893  79.704 0.0000000000
53269  8.775  -31.099  78.185 0.0000000000
54316  9.215  -29.211  76.686 0.0000000000
55448  12.933  -26.788  72.461 0.0000000000
55431  12.335  -27.234  72.943 0.0000000000
56569  12.728  -26.320  72.114 0.0000000000
57736  10.676  -25.613  72.626 0.0000000000
57724  9.709  -25.668  73.728 0.0000000000
57712  8.809  -25.517  75.061 0.0000000000
51076  12.613  -31.765  83.250 0.0000000000
50009  11.601  -32.782  83.327 0.0000000000
52129  10.895  -31.704  83.188 0.0000000000
51063  9.484  -32.428  83.000 0.0000000000
51064  8.785  -32.667  82.938 0.0000000000
50010  7.657  -33.340  83.212 0.0000000000
51078  7.887  -32.708  82.757 0.0000000000
52145  7.640  -32.728  82.334 0.0000000000
50117  8.201  -32.578  74.066 0.0000000000
50131  6.709  -33.357  73.695 0.0000000000
50137  8.722  -33.871  72.650 0.0000000000
48972  9.148  -34.034  71.692 0.0000000000
48996  8.548  -34.170  70.153 0.0000000000
52255  3.609  -29.354  73.361 0.0000000000
51207  4.500  -30.052  71.511 0.0000000000
52293  3.735  -28.953  71.706 0.0000000000
52324  4.193  -29.241  69.518 0.0000000000
52338  4.558  -29.573  68.356 0.0000000000
53424  4.487  -28.988  67.386 0.0000000000
54457  3.711  -27.884  68.271 0.0000000000
54458  3.394  -27.548  68.202 0.0000000000
55526  3.428  -26.977  67.534 0.0000000000
62102  4.897  -21.949  69.555 0.0000000000
62118  3.822  -22.828  68.375 0.0000000000
62116  5.292  -22.251  68.448 0.0000000000
53245  11.057  -30.516  79.868 0.0000000000
53255  10.971  -30.746  78.980 0.0000000000
53254  11.678  -30.095  79.173 0.0000000000
53287  12.703  -28.644  76.604 0.0000000000
54334  13.672  -28.274  74.911 0.0000000000
53300  14.375  -29.511  75.396 0.0000000000
54333  14.322  -28.888  74.694 0.0000000000
54373  13.864  -27.988  73.208 0.0000000000
56587  14.051  -26.453  71.761 0.0000000000
41761  22.172  -37.585  77.439 0.0000000000
40564  20.999  -38.572  76.628 0.0000000000
41763  21.244  -38.738  78.005 0.0000000000
46466  19.092  -36.658  78.840 0.0000000000
44201  18.077  -37.180  79.696 0.0000000000
41729  17.224  -37.942  79.475 0.0000000000
48867  13.620  -34.192  81.606 0.0000000000
50020  13.659  -32.743  82.548 0.0000000000
50049  14.940  -32.792  80.559 0.0000000000
51087  14.651  -32.082  82.139 0.0000000000
51088  13.950  -31.827  82.630 0.0000000000
51099  12.889  -30.948  81.599 0.0000000000
53232  11.933  -29.988  80.844 0.0000000000
53357  7.669  -29.386  72.576 0.0000000000
52269  7.532  -30.122  72.153 0.0000000000
53340  7.176  -29.671  73.607 0.0000000000
52234  5.587  -30.229  74.512 0.0000000000
52225  4.051  -29.985  75.317 0.0000000000
54300  4.456  -27.453  76.546 0.0000000000
53292  4.190  -28.379  75.366 0.0000000000
53323  3.497  -29.186  74.395 0.0000000000
54362  3.356  -28.311  73.993 0.0000000000
56557  2.390  -27.324  73.324 0.0000000000
57726  2.555  -26.450  73.112 0.0000000000
50101  19.046  -32.878  74.477 0.0000000000
43046  23.638  -37.161  76.081 0.0000000000
48901  27.297  -31.844  79.786 0.0000000000
48892  26.564  -32.745  80.277 0.0000000000
47723  26.373  -33.359  78.208 0.0000000000
45350  25.554  -34.699  77.446 0.0000000000
44233  25.158  -36.297  77.273 0.0000000000
43025  23.867  -36.602  77.094 0.0000000000
45361  22.534  -35.812  76.792 0.0000000000
46495  22.897  -35.080  76.659 0.0000000000
48923  23.279  -33.418  77.170 0.0000000000
47734  21.356  -35.235  76.271 0.0000000000
48933  21.043  -33.799  75.443 0.0000000000
48943  20.523  -33.164  75.060 0.0000000000
51138  5.266  -32.899  77.482 0.0000000000
51149  5.777  -32.458  76.630 0.0000000000
52207  6.958  -31.556  77.844 0.0000000000
51148  6.851  -31.656  76.704 0.0000000000
51169  7.254  -32.011  74.624 0.0000000000
51168  8.210  -31.434  74.402 0.0000000000
51178  9.808  -31.335  72.906 0.0000000000
52289  9.990  -30.361  71.125 0.0000000000
53278  10.542  -29.934  77.258 0.0000000000
54315  10.226  -28.778  76.276 0.0000000000
54338  9.592  -28.784  75.516 0.0000000000
55432  11.403  -27.695  72.869 0.0000000000
54376  10.778  -28.489  73.202 0.0000000000
53337  10.552  -29.060  72.977 0.0000000000
53355  10.636  -29.302  72.424 0.0000000000
53372  10.011  -29.221  71.187 0.0000000000
54407  8.748  -28.901  71.493 0.0000000000
55435  8.015  -27.667  73.283 0.0000000000
55406  7.096  -27.256  75.049 0.0000000000
56534  6.571  -26.959  75.774 0.0000000000
57700  7.575  -25.528  76.050 0.0000000000
57685  6.350  -25.782  76.967 0.0000000000
56489  5.628  -25.606  78.106 0.0000000000
45314  11.403  -34.998  81.529 0.0000000000
48837  10.490  -33.864  83.290 0.0000000000
48964  5.879  -33.908  73.363 0.0000000000
48965  4.768  -34.300  73.505 0.0000000000
49032  4.119  -34.886  67.694 0.0000000000
52291  7.627  -30.850  71.332 0.0000000000
51225  7.694  -32.596  70.013 0.0000000000
50166  7.108  -33.281  68.785 0.0000000000
51228  4.902  -31.135  70.251 0.0000000000
51243  6.146  -32.113  68.602 0.0000000000
50176  6.626  -33.659  68.337 0.0000000000
49019  5.438  -34.020  67.895 0.0000000000
49031  4.401  -34.246  67.283 0.0000000000
49040  4.322  -34.362  66.595 0.0000000000
49049  4.282  -34.205  65.678 0.0000000000
52379  3.778  -30.656  65.179 0.0000000000
52392  3.143  -30.702  64.116 0.0000000000
62039  4.913  -22.004  77.792 0.0000000000
62051  5.628  -21.513  77.094 0.0000000000
60961  4.772  -22.664  76.451 0.0000000000
59922  4.324  -23.615  75.438 0.0000000000
59945  3.481  -24.494  73.876 0.0000000000
58895  3.315  -25.014  72.622 0.0000000000
62071  4.364  -21.410  73.108 0.0000000000
59951  3.951  -23.663  72.694 0.0000000000
57751  3.231  -25.300  71.315 0.0000000000
58911  3.184  -25.351  69.746 0.0000000000
57777  3.274  -25.574  68.538 0.0000000000
56626  3.647  -25.958  66.877 0.0000000000
58943  3.602  -24.680  66.471 0.0000000000
48946  16.900  -33.377  74.982 0.0000000000
50102  16.746  -32.855  74.579 0.0000000000
48945  18.185  -33.504  74.732 0.0000000000
48937  16.280  -33.467  76.021 0.0000000000
46565  3.687  -35.682  67.999 0.0000000000
46596  3.864  -35.569  66.114 0.0000000000
47838  4.156  -35.020  66.344 0.0000000000
53235  9.661  -31.526  80.546 0.0000000000
53247  9.314  -31.338  79.827 0.0000000000
53246  10.275  -31.129  79.761 0.0000000000
41812  21.866  -37.541  75.222 0.0000000000
41813  20.980  -37.615  75.130 0.0000000000
41798  21.086  -38.048  75.908 0.0000000000
53225  10.051  -31.608  81.174 0.0000000000
53226  9.152  -31.790  81.287 0.0000000000
52290  8.837  -30.639  71.079 0.0000000000
57740  2.290  -26.315  72.185 0.0000000000
55469  1.923  -27.479  71.566 0.0000000000
56593  2.001  -26.684  71.413 0.0000000000
52196  13.623  -30.512  78.713 0.0000000000
45356  21.129  -36.683  77.700 0.0000000000
46488  20.640  -36.561  77.370 0.0000000000
47708  16.593  -35.235  78.992 0.0000000000
46469  16.871  -35.253  78.923 0.0000000000
47697  16.242  -35.054  79.139 0.0000000000
47683  15.833  -35.099  79.353 0.0000000000
47698  15.537  -34.732  79.531 0.0000000000
48887  15.059  -34.386  80.171 0.0000000000
48898  15.425  -34.350  79.542 0.0000000000
51123  14.240  -31.137  79.115 0.0000000000
51124  13.806  -30.703  79.342 0.0000000000
55394  5.996  -27.278  76.086 0.0000000000
55408  5.896  -27.837  75.705 0.0000000000
55395  5.572  -27.334  76.347 0.0000000000
58834  3.794  -24.380  77.551 0.0000000000
56509  3.279  -25.988  77.261 0.0000000000
57686  3.459  -25.134  76.624 0.0000000000
58850  3.815  -24.572  76.576 0.0000000000
51108  6.453  -33.334  80.138 0.0000000000
52190  6.798  -33.211  79.411 0.0000000000
53302  8.818  -29.305  76.010 0.0000000000
53303  8.414  -29.842  75.788 0.0000000000
54335  12.799  -27.812  75.134 0.0000000000
54336  11.703  -27.987  75.173 0.0000000000
56572  9.875  -26.125  72.245 0.0000000000
56592  9.470  -26.822  71.948 0.0000000000
56555  8.774  -26.462  73.458 0.0000000000
50007  13.168  -33.416  82.478 0.0000000000
50008  12.138  -33.190  82.764 0.0000000000
48839  9.086  -33.630  83.683 0.0000000000
52160  6.928  -33.397  81.197 0.0000000000
51091  6.512  -33.719  81.825 0.0000000000
51100  6.410  -33.433  81.103 0.0000000000
51101  5.905  -33.554  80.949 0.0000000000
51160  5.776  -32.762  75.843 0.0000000000
50106  5.353  -33.139  75.463 0.0000000000
50105  6.035  -32.829  75.146 0.0000000000
47786  7.316  -35.114  69.946 0.0000000000
47773  6.769  -34.889  70.726 0.0000000000
47803  6.104  -35.197  68.999 0.0000000000
47815  6.408  -34.703  68.532 0.0000000000
52253  4.571  -30.741  73.618 0.0000000000
52272  4.508  -31.112  72.758 0.0000000000
52337  5.023  -30.646  67.880 0.0000000000
52336  5.163  -31.099  67.953 0.0000000000
51275  4.927  -31.460  67.313 0.0000000000
52351  4.782  -31.020  66.883 0.0000000000
52364  4.468  -31.412  66.420 0.0000000000
55550  4.251  -27.816  64.948 0.0000000000
63271  6.197  -20.804  74.848 0.0000000000
63272  5.411  -20.410  74.026 0.0000000000
60981  5.271  -21.716  74.576 0.0000000000
63312  4.453  -21.382  71.060 0.0000000000
63298  4.268  -20.807  71.912 0.0000000000
61019  3.786  -22.851  69.776 0.0000000000
51155  14.797  -31.855  76.145 0.0000000000
50126  16.434  -32.069  73.735 0.0000000000
47745  19.633  -35.283  75.839 0.0000000000
47746  18.943  -35.456  76.183 0.0000000000
47738  17.597  -35.492  77.119 0.0000000000
48919  15.960  -33.758  77.879 0.0000000000
50070  15.676  -33.012  77.713 0.0000000000
51134  14.698  -32.111  77.493 0.0000000000
56473  4.571  -25.475  78.416 0.0000000000
58801  3.839  -23.873  79.238 0.0000000000
59882  4.112  -23.214  79.665 0.0000000000
59892  4.053  -23.338  78.841 0.0000000000
60923  4.189  -22.641  79.213 0.0000000000
52171  7.696  -32.376  80.943 0.0000000000
53238  7.886  -32.083  80.330 0.0000000000
54284  9.263  -30.671  77.641 0.0000000000
54298  8.878  -30.255  77.533 0.0000000000
54297  9.394  -29.902  77.343 0.0000000000
57749  13.280  -25.842  72.002 0.0000000000
57734  12.599  -25.649  72.261 0.0000000000
57722  11.257  -25.213  72.991 0.0000000000
57710  10.489  -25.296  74.437 0.0000000000
57711  9.676  -25.404  74.791 0.0000000000
52140  11.482  -31.391  82.716 0.0000000000
51077  11.703  -31.632  83.195 0.0000000000
52130  9.991  -31.808  83.086 0.0000000000
52131  9.284  -32.243  82.792 0.0000000000
51065  8.127  -32.779  82.900 0.0000000000
52132  8.569  -32.476  82.704 0.0000000000
52169  8.343  -31.893  81.478 0.0000000000
52157  7.981  -32.104  81.937 0.0000000000
52170  8.005  -31.978  81.268 0.0000000000
52158  7.653  -32.569  81.749 0.0000000000
50129  9.045  -33.113  73.294 0.0000000000
50142  9.295  -32.565  70.888 0.0000000000
48971  9.479  -33.272  71.284 0.0000000000
48981  9.104  -33.763  70.662 0.0000000000
48995  8.828  -33.831  70.294 0.0000000000
50155  8.694  -33.505  70.150 0.0000000000
53359  3.364  -28.672  72.861 0.0000000000
52274  3.808  -29.022  72.592 0.0000000000
53375  3.247  -28.598  72.034 0.0000000000
54433  2.727  -28.397  70.592 0.0000000000
53401  2.902  -28.607  70.705 0.0000000000
53400  3.246  -28.634  70.111 0.0000000000
53411  3.975  -28.554  68.871 0.0000000000
54445  3.045  -28.035  69.269 0.0000000000
55505  2.828  -27.270  69.030 0.0000000000
54446  3.125  -27.594  68.788 0.0000000000
55515  3.323  -27.160  68.255 0.0000000000
54469  3.531  -27.515  67.656 0.0000000000
63311  4.902  -20.890  70.796 0.0000000000
63325  5.389  -21.275  70.150 0.0000000000
62101  5.647  -21.745  69.393 0.0000000000
53244  11.705  -29.954  80.020 0.0000000000
53276  12.387  -29.366  77.361 0.0000000000
54312  13.267  -28.301  75.872 0.0000000000
53301  14.008  -28.715  75.535 0.0000000000
51166  14.436  -30.961  74.898 0.0000000000
52221  14.399  -30.295  75.616 0.0000000000
52231  14.486  -30.240  74.809 0.0000000000
54354  14.385  -29.167  73.933 0.0000000000
54372  14.391  -28.974  73.250 0.0000000000
54355  14.101  -28.424  74.027 0.0000000000
54391  14.105  -27.669  72.449 0.0000000000
55447  13.824  -27.064  72.074 0.0000000000
55464  14.469  -26.944  71.773 0.0000000000
43015  22.221  -37.236  77.748 0.0000000000
41762  21.485  -37.911  77.674 0.0000000000
43016  21.577  -37.593  77.946 0.0000000000
44209  19.869  -37.439  78.661 0.0000000000
43018  20.789  -38.381  78.927 0.0000000000
43008  19.954  -37.831  78.770 0.0000000000
46490  18.798  -36.167  77.852 0.0000000000
46477  18.434  -36.151  78.300 0.0000000000
46457  17.237  -36.038  79.203 0.0000000000
46456  17.971  -36.431  79.271 0.0000000000
44189  17.385  -36.890  79.339 0.0000000000
42997  18.020  -37.757  79.588 0.0000000000
42986  17.351  -37.296  79.460 0.0000000000
42987  16.571  -37.181  79.547 0.0000000000
44192  15.195  -36.358  80.193 0.0000000000
48878  14.789  -34.262  80.969 0.0000000000
50018  14.490  -33.896  81.392 0.0000000000
50019  13.958  -33.479  81.773 0.0000000000
50030  14.638  -32.759  82.294 0.0000000000
48910  14.883  -33.209  79.806 0.0000000000
51105  14.178  -31.535  80.760 0.0000000000
50050  14.813  -32.066  80.673 0.0000000000
51097  14.475  -31.772  81.618 0.0000000000
51089  12.981  -31.153  82.522 0.0000000000
53243  12.348  -30.016  80.033 0.0000000000
53233  11.268  -30.559  80.602 0.0000000000
54378  7.635  -28.778  73.025 0.0000000000
53339  7.544  -29.276  73.076 0.0000000000
54360  6.846  -29.071  74.392 0.0000000000
53304  5.862  -29.463  75.100 0.0000000000
53321  6.159  -29.688  74.546 0.0000000000
53305  5.383  -29.607  75.250 0.0000000000
52235  4.916  -30.374  74.747 0.0000000000
52224  4.702  -29.862  75.356 0.0000000000
55366  4.284  -26.791  77.668 0.0000000000
55381  4.649  -27.110  77.186 0.0000000000
54286  3.932  -27.201  77.178 0.0000000000
55382  3.027  -27.167  76.661 0.0000000000
54302  3.327  -27.456  76.513 0.0000000000
54321  3.788  -27.912  75.625 0.0000000000
53307  3.929  -28.952  74.967 0.0000000000
54343  3.587  -28.208  74.799 0.0000000000
55409  3.154  -27.570  74.480 0.0000000000
57701  3.068  -25.813  75.299 0.0000000000
56544  2.695  -27.013  73.978 0.0000000000
57713  2.856  -26.058  74.216 0.0000000000
50100  19.730  -32.291  74.757 0.0000000000
51163  19.393  -31.492  74.853 0.0000000000
44240  24.980  -36.136  75.465 0.0000000000
44245  24.487  -36.416  74.922 0.0000000000
44241  24.636  -36.704  75.211 0.0000000000
43051  25.005  -36.629  76.052 0.0000000000
47690  25.947  -33.063  80.665 0.0000000000
47689  26.214  -33.040  80.352 0.0000000000
47700  26.220  -33.209  79.716 0.0000000000
48903  26.506  -32.924  79.673 0.0000000000
46471  25.857  -33.655  78.643 0.0000000000
46482  25.948  -34.148  77.895 0.0000000000
43024  24.467  -36.395  77.300 0.0000000000
44226  24.300  -36.053  77.276 0.0000000000
47725  23.893  -33.908  78.058 0.0000000000
45354  23.193  -35.839  76.739 0.0000000000
46486  23.501  -34.912  77.005 0.0000000000
48916  22.786  -32.520  78.058 0.0000000000
48924  22.790  -33.036  76.723 0.0000000000
47733  22.663  -34.405  76.361 0.0000000000
47742  22.346  -33.563  76.081 0.0000000000
47743  21.718  -34.229  75.830 0.0000000000
48932  21.788  -33.178  75.745 0.0000000000
50099  20.883  -32.172  75.708 0.0000000000
50052  4.854  -34.500  79.472 0.0000000000
50062  4.831  -34.058  78.750 0.0000000000
51126  5.736  -32.802  78.359 0.0000000000
51127  5.113  -33.464  78.187 0.0000000000
52199  7.416  -31.710  78.555 0.0000000000
52206  7.504  -31.197  77.961 0.0000000000
52223  7.427  -30.805  76.083 0.0000000000
51147  7.206  -31.058  76.309 0.0000000000
51158  7.357  -31.258  75.523 0.0000000000
52250  9.879  -30.369  73.162 0.0000000000
53266  11.593  -30.060  78.201 0.0000000000
53267  10.578  -30.505  77.995 0.0000000000
54295  10.853  -29.229  76.769 0.0000000000
54337  10.614  -28.312  75.241 0.0000000000
55449  11.732  -27.023  72.358 0.0000000000
55450  11.083  -27.890  72.390 0.0000000000
54392  10.906  -28.504  72.514 0.0000000000
54406  9.311  -28.268  71.501 0.0000000000
54394  8.302  -28.350  72.053 0.0000000000
55452  8.427  -27.634  72.455 0.0000000000
56543  7.808  -26.722  74.815 0.0000000000
55418  7.543  -27.399  74.252 0.0000000000
56532  8.028  -25.890  75.293 0.0000000000
40566  20.201  -38.855  76.790 0.0000000000
40577  19.988  -38.827  76.067 0.0000000000
40567  19.530  -38.616  76.816 0.0000000000
46441  11.455  -34.691  81.865 0.0000000000
51045  10.987  -32.880  83.549 0.0000000000
49992  11.209  -33.380  83.274 0.0000000000
49993  10.426  -33.350  83.205 0.0000000000
48889  5.341  -34.650  80.716 0.0000000000
48890  4.891  -34.887  80.170 0.0000000000
48948  4.374  -34.161  75.574 0.0000000000
48966  4.049  -34.712  73.769 0.0000000000
48963  7.022  -33.768  72.839 0.0000000000
48976  5.292  -34.561  72.022 0.0000000000
48977  4.008  -34.620  72.690 0.0000000000
49009  4.621  -35.147  69.155 0.0000000000
49010  4.300  -35.544  69.861 0.0000000000
49021  4.266  -35.073  68.556 0.0000000000
51203  7.216  -31.879  70.656 0.0000000000
50157  7.435  -32.853  69.423 0.0000000000
51226  6.733  -32.383  69.625 0.0000000000
51206  4.406  -31.013  71.190 0.0000000000
51261  5.369  -31.745  67.761 0.0000000000
50167  6.577  -32.742  68.483 0.0000000000
50177  6.329  -33.114  67.972 0.0000000000
49018  6.241  -34.062  68.208 0.0000000000
50178  5.568  -32.904  67.479 0.0000000000
50194  4.444  -32.740  66.868 0.0000000000
50186  4.480  -33.432  66.924 0.0000000000
50187  4.396  -33.768  66.717 0.0000000000
49039  4.390  -33.999  66.642 0.0000000000
50196  4.299  -33.748  65.907 0.0000000000
51301  3.743  -31.810  65.407 0.0000000000
51316  2.706  -31.959  64.150 0.0000000000
52407  2.722  -30.929  63.117 0.0000000000
62057  5.952  -21.279  76.273 0.0000000000
62052  5.181  -22.162  76.799 0.0000000000
59921  4.522  -23.204  75.953 0.0000000000
60970  4.877  -22.563  75.497 0.0000000000
58884  3.592  -24.435  73.101 0.0000000000
63280  3.982  -19.421  73.251 0.0000000000
63279  4.378  -20.040  73.231 0.0000000000
59959  3.823  -23.556  70.919 0.0000000000
61002  3.995  -22.920  72.293 0.0000000000
59954  3.756  -23.651  71.826 0.0000000000
57750  3.468  -24.880  71.695 0.0000000000
58901  3.581  -24.514  71.151 0.0000000000
57763  3.249  -25.236  70.667 0.0000000000
58910  3.395  -24.919  70.165 0.0000000000
58928  3.371  -24.556  68.330 0.0000000000
58920  3.369  -25.081  69.206 0.0000000000
57784  3.436  -25.263  67.734 0.0000000000
56627  3.560  -26.002  67.356 0.0000000000
57792  3.453  -24.774  67.284 0.0000000000
62132  4.002  -22.977  67.685 0.0000000000
50091  15.769  -33.008  75.929 0.0000000000
50104  15.277  -32.525  75.524 0.0000000000
50103  16.141  -32.862  75.051 0.0000000000
50115  16.340  -32.550  74.308 0.0000000000
50125  17.257  -31.713  73.835 0.0000000000
48935  18.455  -34.805  75.683 0.0000000000
48927  16.249  -33.632  76.925 0.0000000000
46607  3.801  -35.427  65.230 0.0000000000
53248  8.539  -31.577  79.807 0.0000000000
52141  10.651  -31.455  82.637 0.0000000000
52154  10.529  -31.474  81.820 0.0000000000
53227  8.640  -31.834  81.381 0.0000000000
51202  8.435  -31.996  70.662 0.0000000000
54395  2.270  -27.990  72.478 0.0000000000
53376  2.681  -28.394  71.542 0.0000000000
54408  2.241  -28.027  71.875 0.0000000000
54422  2.322  -28.051  70.910 0.0000000000
55494  2.501  -27.186  69.996 0.0000000000
56614  2.611  -26.456  69.620 0.0000000000
53265  12.463  -29.799  78.421 0.0000000000
53264  13.149  -30.073  78.233 0.0000000000
52214  13.610  -29.904  77.071 0.0000000000
54390  14.756  -28.574  72.361 0.0000000000
55462  15.378  -27.179  71.744 0.0000000000
45355  21.949  -36.452  77.584 0.0000000000
44218  21.143  -37.356  78.155 0.0000000000
45347  20.904  -36.949  78.144 0.0000000000
45348  20.133  -36.895  78.401 0.0000000000
47718  17.759  -35.836  78.325 0.0000000000
46478  17.781  -35.893  78.641 0.0000000000
46447  16.616  -36.024  79.305 0.0000000000
51114  14.127  -31.159  80.066 0.0000000000
51106  13.434  -30.992  80.674 0.0000000000
52177  13.383  -30.648  80.164 0.0000000000
55419  6.971  -28.084  74.503 0.0000000000
54339  6.607  -28.686  74.967 0.0000000000
54340  6.030  -28.924  75.415 0.0000000000
56491  3.502  -26.093  77.660 0.0000000000
55367  3.608  -26.798  77.550 0.0000000000
56492  3.300  -26.730  77.428 0.0000000000
56510  3.132  -26.464  77.035 0.0000000000
56523  2.926  -26.579  76.041 0.0000000000
45366  25.520  -35.241  76.122 0.0000000000
46463  25.515  -33.472  79.275 0.0000000000
45353  24.090  -35.480  77.249 0.0000000000
50089  21.807  -32.305  76.394 0.0000000000
50051  5.347  -34.048  79.703 0.0000000000
51125  6.396  -32.385  78.415 0.0000000000
53280  7.914  -30.693  77.527 0.0000000000
53290  7.871  -30.424  77.114 0.0000000000
52215  8.005  -30.193  76.299 0.0000000000
52222  7.905  -30.453  75.649 0.0000000000
52233  8.578  -30.445  74.645 0.0000000000
54294  11.783  -28.882  76.722 0.0000000000
55465  11.383  -26.978  71.879 0.0000000000
56590  10.784  -26.848  71.665 0.0000000000
55467  10.160  -27.508  71.593 0.0000000000
55468  9.564  -27.343  71.702 0.0000000000
55451  8.882  -27.465  71.963 0.0000000000
55434  8.665  -27.186  72.720 0.0000000000
40556  18.790  -38.684  77.457 0.0000000000
46427  13.025  -34.746  81.791 0.0000000000
47655  12.816  -34.457  81.945 0.0000000000
47656  12.063  -34.244  82.163 0.0000000000
47643  11.602  -33.951  82.505 0.0000000000
51080  6.978  -33.404  82.511 0.0000000000
51068  6.743  -33.513  82.950 0.0000000000
51081  6.639  -33.768  82.635 0.0000000000
50033  5.848  -34.021  81.645 0.0000000000
50042  5.590  -34.128  80.713 0.0000000000
50094  4.787  -33.463  76.419 0.0000000000
50095  4.638  -33.865  76.715 0.0000000000
50107  4.789  -33.450  75.790 0.0000000000
50121  4.932  -33.586  75.081 0.0000000000
48956  5.201  -33.828  74.272 0.0000000000
47763  7.512  -34.611  71.496 0.0000000000
48975  6.475  -34.305  72.215 0.0000000000
47764  7.021  -34.602  71.473 0.0000000000
47774  5.896  -34.943  70.773 0.0000000000
48984  5.119  -35.154  70.710 0.0000000000
47788  5.655  -35.163  69.821 0.0000000000
47804  5.462  -35.001  68.966 0.0000000000
49008  5.051  -34.789  68.661 0.0000000000
52292  6.694  -31.354  71.429 0.0000000000
51205  5.227  -31.567  70.996 0.0000000000
51245  4.719  -30.785  69.763 0.0000000000
52322  5.076  -30.981  68.403 0.0000000000
51274  4.768  -32.171  67.133 0.0000000000
51287  4.489  -32.348  66.939 0.0000000000
51289  4.226  -31.946  66.072 0.0000000000
54468  3.861  -28.053  67.033 0.0000000000
53459  3.685  -29.664  63.813 0.0000000000
63262  6.084  -21.199  75.740 0.0000000000
60969  5.323  -22.001  75.144 0.0000000000
60982  4.977  -22.211  74.459 0.0000000000
60993  4.630  -22.403  73.665 0.0000000000
62078  4.170  -21.832  72.292 0.0000000000
58918  3.591  -23.781  69.711 0.0000000000
59975  3.435  -23.585  68.684 0.0000000000
59976  3.380  -23.918  68.248 0.0000000000
52204  14.226  -30.735  77.718 0.0000000000
51146  14.425  -31.281  76.878 0.0000000000
52248  15.001  -31.154  73.386 0.0000000000
46498  19.965  -36.217  76.874 0.0000000000
47726  19.546  -36.136  76.958 0.0000000000
47727  18.872  -36.047  77.394 0.0000000000
47737  18.396  -35.708  76.693 0.0000000000
47728  18.047  -35.891  77.621 0.0000000000
47719  16.825  -35.449  78.534 0.0000000000
48908  16.082  -34.814  78.953 0.0000000000
50071  15.074  -32.631  78.353 0.0000000000
50083  14.759  -32.248  78.150 0.0000000000
51135  14.513  -31.649  77.897 0.0000000000
55364  5.325  -26.534  77.509 0.0000000000
55380  5.219  -27.031  77.071 0.0000000000
55357  4.697  -26.264  78.042 0.0000000000
55358  4.119  -26.255  78.027 0.0000000000
58782  4.074  -24.116  79.588 0.0000000000
56462  4.038  -24.898  78.662 0.0000000000
56474  3.963  -25.471  78.338 0.0000000000
58820  3.866  -24.177  78.407 0.0000000000
59902  4.104  -23.307  77.845 0.0000000000
52180  7.418  -32.810  79.892 0.0000000000
52179  7.685  -32.336  80.164 0.0000000000
53259  7.811  -31.724  78.900 0.0000000000
53258  8.300  -31.457  78.997 0.0000000000
53270  7.918  -31.358  78.291 0.0000000000
53279  8.474  -30.721  77.696 0.0000000000
53288  8.762  -29.382  76.544 0.0000000000
55430  13.357  -27.295  72.784 0.0000000000
58893  11.838  -25.073  73.001 0.0000000000
57735  11.580  -25.581  72.492 0.0000000000
57737  10.067  -25.726  72.960 0.0000000000
57725  8.987  -25.724  74.247 0.0000000000
51060  12.379  -32.534  83.334 0.0000000000
51061  11.352  -32.187  83.633 0.0000000000
51062  10.260  -32.209  83.291 0.0000000000
51047  9.573  -32.782  83.044 0.0000000000
51048  8.904  -32.873  83.180 0.0000000000
49996  8.454  -33.295  83.336 0.0000000000
51049  8.323  -32.992  83.153 0.0000000000
51066  7.481  -33.015  82.962 0.0000000000
51079  7.574  -32.895  82.750 0.0000000000
52144  8.139  -32.382  82.478 0.0000000000
52146  7.391  -33.263  82.009 0.0000000000
52159  7.325  -33.229  81.567 0.0000000000
50118  7.170  -32.803  74.153 0.0000000000
50130  7.851  -33.434  73.408 0.0000000000
48962  7.876  -34.014  72.641 0.0000000000
50136  9.488  -33.305  72.242 0.0000000000
48973  8.301  -34.298  71.979 0.0000000000
48982  8.589  -34.562  71.081 0.0000000000
47771  8.324  -34.739  70.514 0.0000000000
49006  8.019  -34.295  69.427 0.0000000000
51181  4.089  -29.923  73.007 0.0000000000
51190  4.237  -29.715  72.421 0.0000000000
51208  4.249  -29.348  71.610 0.0000000000
51230  4.461  -29.605  71.056 0.0000000000
53390  3.116  -28.784  71.107 0.0000000000
52310  4.018  -29.224  70.680 0.0000000000
52309  4.443  -29.672  69.951 0.0000000000
55525  3.499  -27.357  67.004 0.0000000000
56637  3.553  -26.661  66.854 0.0000000000
62095  4.496  -21.812  70.235 0.0000000000
62103  3.966  -22.386  69.261 0.0000000000
62115  6.011  -22.057  68.598 0.0000000000
54356  13.370  -27.719  74.225 0.0000000000
52213  14.134  -30.301  76.675 0.0000000000
53285  14.238  -29.798  76.077 0.0000000000
53317  14.457  -29.732  74.342 0.0000000000
56568  13.409  -26.553  71.986 0.0000000000
56588  13.484  -26.190  71.854 0.0000000000
57747  14.364  -26.140  71.793 0.0000000000
41785  22.099  -37.804  76.499 0.0000000000
41786  21.215  -38.362  76.611 0.0000000000
41773  21.481  -38.192  77.196 0.0000000000
41774  20.991  -38.838  77.328 0.0000000000
41775  20.723  -39.105  77.614 0.0000000000
43017  21.035  -38.025  78.287 0.0000000000
41752  20.932  -39.100  78.910 0.0000000000
41765  20.156  -39.118  78.311 0.0000000000
40530  19.392  -38.985  78.840 0.0000000000
40522  17.889  -38.468  79.114 0.0000000000
46476  19.495  -36.623  78.276 0.0000000000
45337  19.546  -36.927  78.854 0.0000000000
46467  18.387  -36.395  78.929 0.0000000000
45338  18.922  -36.726  79.125 0.0000000000
44200  18.846  -37.279  79.424 0.0000000000
42996  18.692  -37.754  79.395 0.0000000000
41741  17.889  -38.268  79.321 0.0000000000
40523  17.232  -38.252  78.944 0.0000000000
42988  15.816  -36.946  79.832 0.0000000000
47672  13.933  -34.706  81.580 0.0000000000
48899  14.945  -33.572  80.170 0.0000000000
50040  15.037  -33.136  81.224 0.0000000000
50041  14.958  -32.351  81.506 0.0000000000
50031  14.058  -32.456  82.901 0.0000000000
51075  13.394  -32.390  83.223 0.0000000000
52139  12.186  -31.396  82.816 0.0000000000
52152  12.172  -31.194  82.161 0.0000000000
51107  12.800  -30.795  81.000 0.0000000000
52166  12.181  -30.710  81.360 0.0000000000
52167  11.361  -30.838  81.279 0.0000000000
53358  7.405  -30.053  72.790 0.0000000000
52251  6.607  -30.378  73.587 0.0000000000
53320  6.766  -29.513  74.223 0.0000000000
53341  6.482  -30.148  73.979 0.0000000000
52252  5.797  -30.536  73.852 0.0000000000
52236  3.875  -30.312  74.415 0.0000000000
54299  5.093  -27.392  76.517 0.0000000000
54342  4.819  -28.323  75.574 0.0000000000
54301  3.800  -27.511  76.500 0.0000000000
54320  4.402  -27.935  75.690 0.0000000000
53306  4.546  -28.925  75.412 0.0000000000
52226  3.196  -29.958  74.998 0.0000000000
52237  3.072  -29.911  74.034 0.0000000000
53342  3.444  -28.867  73.600 0.0000000000
54380  3.035  -28.185  73.309 0.0000000000
55420  2.936  -27.693  73.640 0.0000000000
55437  2.582  -27.826  73.183 0.0000000000
56558  1.871  -27.078  72.881 0.0000000000
57727  2.003  -26.580  72.636 0.0000000000
50113  18.365  -32.159  74.157 0.0000000000
50112  19.105  -31.783  74.497 0.0000000000
41796  22.807  -37.404  75.901 0.0000000000
48902  26.981  -32.385  79.667 0.0000000000
46494  26.090  -34.329  76.951 0.0000000000
44231  25.539  -35.471  76.629 0.0000000000
46483  25.434  -34.361  77.929 0.0000000000
43044  25.151  -36.590  76.676 0.0000000000
43045  24.451  -36.935  76.408 0.0000000000
43036  23.463  -36.915  76.747 0.0000000000
41784  22.815  -37.264  76.470 0.0000000000
43037  22.783  -37.124  76.963 0.0000000000
44228  22.558  -36.588  77.293 0.0000000000
45362  21.979  -36.111  77.201 0.0000000000
46496  21.815  -35.774  76.798 0.0000000000
48904  23.693  -33.201  78.618 0.0000000000
48915  23.511  -33.251  78.028 0.0000000000
47744  20.718  -34.830  75.758 0.0000000000
48942  21.209  -32.977  75.441 0.0000000000
50084  4.900  -33.519  77.016 0.0000000000
51150  5.127  -33.046  76.759 0.0000000000
51159  6.547  -32.229  75.633 0.0000000000
52189  7.126  -32.647  79.050 0.0000000000
52200  6.870  -32.110  78.452 0.0000000000
52208  6.612  -32.015  78.112 0.0000000000
52217  6.998  -31.371  77.254 0.0000000000
51136  6.769  -31.663  77.413 0.0000000000
51179  9.121  -32.033  73.597 0.0000000000
53373  9.209  -29.492  71.250 0.0000000000
54283  9.918  -30.383  77.436 0.0000000000
54296  10.026  -29.494  77.056 0.0000000000
54375  11.780  -27.707  73.510 0.0000000000
54359  10.053  -28.522  74.196 0.0000000000
53338  10.044  -29.293  73.372 0.0000000000
53356  10.261  -29.878  72.751 0.0000000000
53371  10.555  -29.188  71.554 0.0000000000
52267  10.527  -29.853  71.598 0.0000000000
52288  10.362  -29.678  71.232 0.0000000000
55436  7.362  -27.853  73.889 0.0000000000
56522  6.111  -26.609  76.527 0.0000000000
57684  7.086  -25.254  76.777 0.0000000000
56521  6.723  -26.050  76.169 0.0000000000
56508  5.792  -26.215  77.286 0.0000000000
40576  20.640  -38.709  76.128 0.0000000000
40586  20.358  -38.612  75.644 0.0000000000
41815  20.117  -38.339  74.824 0.0000000000
40578  19.571  -38.493  76.220 0.0000000000
49991  11.485  -33.576  82.779 0.0000000000
48852  10.792  -34.041  83.138 0.0000000000
47658  10.558  -34.135  82.977 0.0000000000
50109  4.323  -34.292  76.438 0.0000000000
50119  6.348  -33.015  74.408 0.0000000000
48955  5.661  -33.635  74.117 0.0000000000
47766  3.586  -34.855  72.917 0.0000000000
48998  4.594  -35.374  70.327 0.0000000000
47826  3.976  -35.165  67.306 0.0000000000
51224  8.402  -32.866  70.090 0.0000000000
50156  8.013  -33.409  69.568 0.0000000000
49007  7.456  -34.323  68.930 0.0000000000
51189  4.167  -30.727  72.111 0.0000000000
51227  5.696  -31.688  69.893 0.0000000000
51242  6.653  -32.608  68.844 0.0000000000
49017  6.871  -34.224  68.487 0.0000000000
49029  5.116  -33.348  67.485 0.0000000000
49030  4.790  -33.734  67.442 0.0000000000
49061  3.920  -33.944  64.839 0.0000000000
51315  3.011  -31.430  64.877 0.0000000000
62024  4.361  -22.341  78.854 0.0000000000
60951  4.271  -22.731  78.081 0.0000000000
59901  4.311  -23.029  77.450 0.0000000000
60950  4.515  -22.656  77.485 0.0000000000
59911  4.392  -23.202  76.969 0.0000000000
58849  4.292  -23.781  76.393 0.0000000000
58864  4.192  -24.155  75.840 0.0000000000
59923  4.063  -24.116  75.222 0.0000000000
59933  4.532  -23.016  75.060 0.0000000000
59935  3.775  -24.287  74.607 0.0000000000
58885  3.033  -25.275  73.393 0.0000000000
57739  3.016  -25.716  72.303 0.0000000000
62070  4.718  -21.250  73.671 0.0000000000
60994  4.327  -22.674  72.943 0.0000000000
58894  3.568  -24.479  72.185 0.0000000000
57738  3.367  -25.115  72.047 0.0000000000
57764  2.919  -25.667  70.342 0.0000000000
57770  3.009  -25.740  69.336 0.0000000000
56628  3.406  -26.310  67.969 0.0000000000
56638  3.482  -26.516  67.449 0.0000000000
56647  3.762  -26.736  66.227 0.0000000000
62104  3.641  -22.806  68.745 0.0000000000
59981  3.467  -23.541  68.096 0.0000000000
58944  3.418  -24.381  66.989 0.0000000000
58935  3.583  -25.172  66.614 0.0000000000
56646  3.941  -26.588  65.679 0.0000000000
40532  17.979  -38.729  78.659 0.0000000000
40541  20.257  -39.074  78.015 0.0000000000
40542  19.641  -39.068  78.171 0.0000000000
40553  20.779  -38.903  77.199 0.0000000000
40554  20.426  -38.989  77.498 0.0000000000
40565  20.812  -38.736  76.814 0.0000000000
40568  18.807  -38.537  76.849 0.0000000000
40575  20.957  -38.561  76.390 0.0000000000
40587  20.042  -38.643  75.495 0.0000000000
41727  18.649  -38.198  79.301 0.0000000000
41728  17.989  -38.083  79.464 0.0000000000
41742  17.187  -38.163  79.354 0.0000000000
41750  21.276  -38.056  78.073 0.0000000000
41751  21.216  -38.469  78.425 0.0000000000
41764  20.656  -39.144  78.107 0.0000000000
41771  22.815  -37.187  76.747 0.0000000000
41772  22.336  -37.598  77.044 0.0000000000
41787  21.004  -38.640  76.946 0.0000000000
42995  19.289  -37.668  79.036 0.0000000000
42998  17.286  -37.706  79.546 0.0000000000
43007  20.520  -37.801  78.461 0.0000000000
43027  22.056  -37.529  77.660 0.0000000000
43034  25.192  -36.505  77.089 0.0000000000
43035  24.637  -36.655  77.106 0.0000000000
43052  24.464  -36.956  75.632 0.0000000000
44191  15.864  -36.445  79.718 0.0000000000
44225  24.894  -36.008  77.467 0.0000000000
44232  25.455  -35.981  76.990 0.0000000000
44236  25.528  -35.393  76.348 0.0000000000
45318  16.988  -36.417  79.213 0.0000000000
45327  19.069  -36.958  79.306 0.0000000000
45328  18.453  -36.764  79.406 0.0000000000
45329  17.706  -36.621  79.352 0.0000000000
45336  20.213  -37.104  78.527 0.0000000000
45344  25.164  -34.504  77.907 0.0000000000
45346  21.522  -36.942  78.006 0.0000000000
45359  25.564  -35.015  77.110 0.0000000000
45365  25.688  -34.897  76.460 0.0000000000
46481  26.380  -33.570  77.810 0.0000000000
47644  11.213  -33.900  82.752 0.0000000000
47654  13.318  -34.618  81.748 0.0000000000
47657  11.194  -34.146  82.536 0.0000000000
47702  25.483  -33.322  79.832 0.0000000000
47709  15.890  -34.836  79.264 0.0000000000
47712  26.244  -33.214  78.948 0.0000000000
47713  25.854  -33.441  79.142 0.0000000000
47758  3.719  -34.787  73.207 0.0000000000
47785  8.079  -34.874  69.989 0.0000000000
47801  7.703  -34.909  69.335 0.0000000000
47817  5.381  -34.635  68.449 0.0000000000
48835  11.399  -33.855  82.632 0.0000000000
48836  11.093  -33.853  82.973 0.0000000000
48849  13.160  -34.254  81.926 0.0000000000
48954  17.121  -32.924  74.503 0.0000000000
48980  9.314  -33.158  70.754 0.0000000000
48983  7.917  -34.587  71.527 0.0000000000
50006  13.286  -33.836  81.950 0.0000000000
50088  22.365  -32.594  76.614 0.0000000000
50098  21.467  -32.640  75.780 0.0000000000
50108  4.372  -33.899  76.050 0.0000000000
50127  15.908  -32.281  73.976 0.0000000000
50132  6.048  -33.481  74.088 0.0000000000
50165  7.669  -33.843  69.146 0.0000000000
50193  4.563  -32.538  67.072 0.0000000000
51050  7.836  -33.099  83.059 0.0000000000
51092  6.091  -33.686  81.587 0.0000000000
51116  6.721  -32.560  78.685 0.0000000000
51139  4.896  -33.615  77.559 0.0000000000
51177  14.734  -31.380  74.302 0.0000000000
51191  4.063  -29.151  72.135 0.0000000000
52133  8.161  -32.572  82.706 0.0000000000
52181  7.059  -33.213  79.733 0.0000000000
52186  13.402  -30.527  79.669 0.0000000000
52197  12.881  -30.094  78.849 0.0000000000
52254  3.791  -30.131  73.461 0.0000000000
52273  3.953  -29.579  73.050 0.0000000000
53271  7.688  -31.636  78.594 0.0000000000
53291  4.414  -28.386  75.448 0.0000000000
53322  5.520  -30.078  74.821 0.0000000000
53343  3.045  -28.400  72.989 0.0000000000
54285  8.896  -30.792  77.711 0.0000000000
54287  3.363  -27.272  77.057 0.0000000000
54317  8.907  -29.657  77.264 0.0000000000
54319  4.970  -27.818  75.865 0.0000000000
54377  10.256  -28.735  73.537 0.0000000000
54381  2.592  -28.090  72.865 0.0000000000
54421  2.421  -27.965  70.472 0.0000000000
55368  3.173  -27.095  77.215 0.0000000000
55433  11.035  -28.157  72.725 0.0000000000
55438  2.148  -27.717  72.888 0.0000000000
55463  15.008  -27.141  71.706 0.0000000000
55481  2.430  -27.729  70.332 0.0000000000
55493  2.666  -27.674  69.646 0.0000000000
55537  3.994  -27.030  65.639 0.0000000000
55549  4.124  -27.092  65.265 0.0000000000
56460  4.729  -25.133  78.715 0.0000000000
56475  3.895  -24.975  78.530 0.0000000000
56490  5.103  -26.223  77.958 0.0000000000
56574  1.812  -26.913  72.166 0.0000000000
56585  15.260  -26.929  71.736 0.0000000000
56589  11.171  -26.929  71.717 0.0000000000
56636  3.761  -26.237  66.383 0.0000000000
57588  4.429  -24.443  79.396 0.0000000000
57604  4.237  -24.587  78.996 0.0000000000
57625  4.012  -24.676  78.895 0.0000000000
57666  3.465  -25.361  77.173 0.0000000000
57667  3.231  -25.888  77.005 0.0000000000
57782  3.669  -25.601  66.558 0.0000000000
57783  3.523  -25.252  67.021 0.0000000000
57791  3.463  -24.728  66.978 0.0000000000
58802  3.867  -24.427  79.020 0.0000000000
58851  3.502  -25.031  76.302 0.0000000000
58863  4.389  -23.683  75.892 0.0000000000
58902  3.388  -25.014  70.829 0.0000000000
58927  3.391  -24.053  68.590 0.0000000000
58934  3.688  -25.242  66.285 0.0000000000
58951  3.613  -24.243  66.462 0.0000000000
58952  3.511  -24.281  66.685 0.0000000000
59934  4.251  -23.621  74.722 0.0000000000
59967  3.745  -23.415  70.087 0.0000000000
59968  3.540  -23.443  69.396 0.0000000000
60936  4.459  -22.374  78.294 0.0000000000
61030  3.529  -23.129  68.449 0.0000000000
61038  3.659  -23.225  67.937 0.0000000000
61039  3.529  -23.552  67.660 0.0000000000
62050  6.036  -21.157  76.663 0.0000000000
63287  3.976  -19.565  73.083 0.0000000000
64543  4.047  -19.189  73.397 0.0000000000
64562  4.412  -20.108  71.918 0.0000000000
