#!ascii label  , from subject 3625 vox2ras=TkReg
871
91305  19.722  4.447  -2.061 0.2500000000
91314  20.039  4.794  -2.524 0.2500000000
90260  20.310  3.830  -2.409 0.7500000000
94322  19.594  7.516  -2.174 0.2500000000
93331  19.889  6.454  -2.845 0.1250000000
94331  19.838  7.562  -2.992 0.3750000000
92316  19.398  5.467  -1.737 0.2500000000
91323  20.906  4.523  -3.120 0.7500000000
90266  21.000  3.427  -3.183 0.8750000000
90281  21.841  3.320  -4.197 0.8750000000
93330  20.312  5.903  -3.287 0.3750000000
92324  20.274  5.442  -2.928 0.7500000000
92343  22.111  5.419  -4.516 1.0000000000
92344  21.243  5.412  -4.122 1.0000000000
92330  20.725  5.386  -3.525 0.8750000000
91339  21.852  4.394  -4.104 1.0000000000
91340  21.316  4.851  -3.646 0.8750000000
90280  22.604  3.483  -4.316 1.0000000000
93337  20.032  6.965  -3.360 0.7500000000
94338  20.895  7.356  -4.179 0.8750000000
93345  21.399  6.382  -4.477 0.8750000000
93336  20.518  6.395  -3.755 0.7500000000
92342  23.018  5.422  -4.814 1.0000000000
92341  23.930  5.242  -4.703 1.0000000000
91338  22.766  4.409  -4.530 1.0000000000
95330  19.561  8.518  -2.569 0.1250000000
94330  20.323  7.503  -3.571 0.8750000000
94337  21.592  7.376  -4.701 1.0000000000
92357  24.064  5.997  -5.081 1.0000000000
93343  23.030  6.180  -4.885 1.0000000000
93344  22.413  6.530  -4.838 1.0000000000
93360  22.697  7.167  -5.033 1.0000000000
92358  23.440  5.935  -4.918 1.0000000000
92339  25.807  5.109  -4.933 1.0000000000
92340  24.837  5.191  -4.769 1.0000000000
98289  18.796  11.648  -2.633 0.2500000000
96351  19.571  9.447  -3.019 0.3750000000
95343  20.004  8.458  -3.320 0.5000000000
96366  20.677  8.835  -4.311 1.0000000000
96367  20.214  9.439  -3.893 0.6250000000
95350  21.067  8.251  -4.483 1.0000000000
95361  22.154  8.386  -5.363 1.0000000000
95349  21.643  8.297  -4.927 1.0000000000
93358  24.173  6.856  -5.508 1.0000000000
93359  23.274  6.789  -5.128 1.0000000000
94349  22.765  7.686  -5.396 1.0000000000
94347  24.405  7.802  -6.027 1.0000000000
92356  24.936  5.987  -5.231 1.0000000000
94346  25.378  7.717  -5.764 1.0000000000
93356  26.114  6.833  -5.569 1.0000000000
99254  19.231  12.184  -3.575 0.5000000000
98306  19.148  11.550  -3.207 0.3750000000
97355  19.555  10.539  -3.342 0.3750000000
97362  20.083  10.586  -4.041 0.5000000000
96377  20.446  9.994  -4.341 0.8750000000
96376  21.088  9.421  -4.732 1.0000000000
97370  21.176  10.552  -4.950 1.0000000000
95360  22.819  8.603  -5.748 1.0000000000
96386  21.944  9.469  -5.491 1.0000000000
94362  24.093  8.357  -6.319 1.0000000000
95359  23.406  8.450  -6.044 1.0000000000
95357  25.603  8.649  -5.984 1.0000000000
95358  24.953  8.218  -6.075 1.0000000000
94345  26.364  7.736  -5.772 0.8750000000
99255  18.674  12.451  -3.147 0.5000000000
98305  19.631  11.482  -3.767 0.5000000000
99264  19.615  12.490  -4.204 0.6250000000
99263  20.381  12.359  -4.776 0.6250000000
98316  20.785  11.430  -4.861 1.0000000000
97361  20.605  10.578  -4.555 0.7500000000
97369  21.710  10.566  -5.326 1.0000000000
97380  24.357  10.508  -6.582 1.0000000000
97381  23.569  10.435  -6.430 1.0000000000
96399  23.342  9.626  -6.266 1.0000000000
97382  22.899  10.429  -6.226 1.0000000000
96397  24.823  9.686  -6.426 1.0000000000
96398  24.040  9.619  -6.407 1.0000000000
97378  26.235  10.494  -6.593 0.8750000000
95372  25.148  9.184  -6.231 1.0000000000
95356  26.670  8.532  -6.079 0.8750000000
100225  22.546  12.816  -5.940 1.0000000000
99275  22.340  12.325  -5.816 1.0000000000
98343  24.797  11.579  -6.854 1.0000000000
99289  24.037  12.351  -6.504 1.0000000000
97368  22.301  10.495  -5.774 1.0000000000
99288  24.620  12.404  -6.885 1.0000000000
97379  25.263  10.491  -6.688 1.0000000000
98360  25.459  11.820  -7.093 1.0000000000
98342  25.734  11.267  -6.847 1.0000000000
99265  19.008  12.861  -3.744 0.5000000000
100211  20.017  13.343  -4.765 0.8750000000
100210  20.603  13.048  -5.179 1.0000000000
101312  22.234  14.775  -6.080 1.0000000000
100226  22.071  13.229  -5.812 1.0000000000
100227  21.246  13.421  -5.470 1.0000000000
101340  24.466  14.442  -8.154 1.0000000000
100253  23.846  13.735  -7.122 1.0000000000
100261  25.469  13.832  -8.936 1.0000000000
100262  24.878  13.995  -8.434 1.0000000000
100252  24.547  13.711  -7.667 1.0000000000
99305  26.232  12.331  -7.965 1.0000000000
99315  25.246  13.510  -8.133 1.0000000000
98358  26.750  11.731  -7.615 0.8750000000
104458  19.097  17.282  -4.210 1.0000000000
103417  18.076  16.735  -3.149 0.3750000000
104457  19.680  17.151  -4.651 0.8750000000
102414  21.502  15.489  -5.660 1.0000000000
102439  24.332  15.351  -8.068 1.0000000000
102440  23.208  15.582  -7.369 1.0000000000
138294  19.961  19.314  -4.453 0.8750000000
105388  19.456  18.505  -4.310 1.0000000000
105405  20.193  17.539  -4.957 1.0000000000
104472  20.826  17.239  -5.414 1.0000000000
102428  21.800  16.031  -5.981 1.0000000000
103468  22.933  16.490  -7.354 1.0000000000
103479  24.819  16.178  -8.191 1.0000000000
105370  18.547  19.398  -2.876 0.7500000000
105404  20.705  18.848  -5.115 1.0000000000
104488  21.493  17.545  -5.946 1.0000000000
105419  23.231  17.757  -6.967 1.0000000000
104486  22.852  17.540  -6.922 1.0000000000
104502  22.684  17.059  -7.063 1.0000000000
105421  21.765  18.683  -6.698 1.0000000000
105420  22.881  18.123  -6.721 1.0000000000
138361  22.484  25.421  -0.706 0.1250000000
111447  22.662  25.374  -0.277 0.1250000000
111472  21.602  25.200  -1.773 0.2500000000
138362  22.200  25.535  -1.145 0.1250000000
112260  21.560  25.560  -2.148 0.3750000000
112258  22.553  26.378  -1.841 0.2500000000
111481  21.820  25.989  -3.191 0.5000000000
112268  22.073  26.399  -2.634 0.2500000000
112273  22.655  26.795  -3.551 0.3750000000
112257  22.966  26.088  -1.026 0.2500000000
112267  23.037  26.758  -2.777 0.2500000000
113026  23.299  27.714  -2.303 0.2500000000
113035  22.897  27.935  -3.523 0.2500000000
113034  23.157  27.517  -2.971 0.2500000000
113041  22.915  27.964  -4.385 0.3750000000
91306  19.251  4.703  -1.506 0.1250000000
92325  19.747  5.594  -2.307 0.2500000000
93314  19.573  6.383  -1.731 0.1250000000
91336  24.694  4.316  -4.471 1.0000000000
100238  23.392  13.312  -6.564 1.0000000000
90244  18.787  3.964  -0.396 0.1250000000
89227  21.561  2.571  -3.609 0.7500000000
89209  22.522  2.114  -3.445 1.0000000000
92297  19.270  5.566  -1.125 0.1250000000
89224  23.312  2.773  -3.945 1.0000000000
90278  24.520  3.374  -4.341 1.0000000000
91335  25.755  4.268  -4.438 1.0000000000
96330  19.300  9.532  -2.205 0.3750000000
97356  19.190  11.011  -2.803 0.2500000000
97341  19.338  10.308  -2.612 0.2500000000
93355  27.192  6.784  -5.670 0.8750000000
96395  26.877  9.539  -6.512 0.8750000000
94344  27.285  7.675  -6.081 0.8750000000
97377  27.189  10.595  -6.802 0.8750000000
103418  17.684  16.819  -2.300 0.1250000000
100200  18.551  13.472  -3.467 0.3750000000
101301  19.921  14.548  -4.911 0.6250000000
99314  25.868  13.129  -8.337 1.0000000000
98340  27.228  11.307  -7.232 0.8750000000
104440  18.480  17.791  -3.439 0.5000000000
103433  18.674  16.594  -3.866 0.3750000000
103445  19.750  16.002  -4.978 0.8750000000
102452  25.079  15.585  -8.606 1.0000000000
104500  24.190  17.387  -7.490 1.0000000000
105369  19.748  20.621  -3.899 0.8750000000
106275  20.797  20.484  -5.934 1.0000000000
106289  21.601  19.807  -7.134 1.0000000000
111435  22.036  25.749  0.478 0.1250000000
109765  21.122  24.405  -0.706 0.1250000000
109776  21.276  24.040  -2.470 0.6250000000
138360  21.569  24.743  -2.508 0.6250000000
110668  22.024  24.859  -4.118 0.5000000000
111494  22.480  25.800  -4.835 0.5000000000
113017  23.665  26.988  -1.374 0.2500000000
112277  22.623  26.857  -4.614 0.5000000000
113838  23.348  28.585  -2.136 0.1250000000
113027  23.023  28.192  -2.926 0.2500000000
113855  22.782  29.044  -4.294 0.2500000000
113046  22.746  27.955  -5.394 0.3750000000
113861  22.888  29.046  -5.296 0.2500000000
113839  23.042  28.856  -2.546 0.1250000000
90253  19.636  3.936  -1.760 0.3750000000
90282  21.365  3.043  -3.798 0.7500000000
90265  21.496  3.859  -3.609 0.8750000000
89226  21.882  2.573  -3.864 1.0000000000
90279  23.509  3.461  -4.320 1.0000000000
91337  23.706  4.383  -4.518 1.0000000000
95342  20.555  8.306  -3.936 0.8750000000
94350  22.206  7.554  -5.076 1.0000000000
96375  21.709  8.879  -5.145 1.0000000000
93357  25.103  6.910  -5.431 1.0000000000
94348  23.498  7.744  -5.780 1.0000000000
94363  23.781  8.182  -6.213 1.0000000000
98317  20.172  11.494  -4.362 0.6250000000
96387  21.481  9.999  -5.130 1.0000000000
98329  21.347  11.290  -5.176 1.0000000000
95375  23.209  9.000  -6.067 1.0000000000
96385  22.718  9.579  -6.000 1.0000000000
95373  24.566  8.777  -6.239 1.0000000000
96384  26.323  9.132  -6.134 0.8750000000
99277  21.113  12.253  -5.282 1.0000000000
98327  22.603  11.375  -6.006 1.0000000000
98344  23.808  11.372  -6.481 1.0000000000
100239  22.595  13.366  -6.111 1.0000000000
99276  21.744  12.585  -5.562 1.0000000000
99290  23.018  12.257  -6.282 1.0000000000
98345  23.140  11.164  -6.354 1.0000000000
100237  24.273  13.026  -7.016 1.0000000000
99306  25.271  12.629  -7.404 1.0000000000
98359  26.026  11.854  -7.281 1.0000000000
100212  19.106  13.707  -4.304 0.6250000000
101300  20.536  13.816  -5.127 0.7500000000
101313  21.866  14.273  -5.869 1.0000000000
101314  20.869  14.609  -5.340 1.0000000000
101328  22.275  13.894  -6.111 1.0000000000
102413  22.049  15.033  -5.883 1.0000000000
102427  22.346  15.517  -6.406 1.0000000000
102426  23.063  14.816  -6.864 1.0000000000
101350  25.048  14.710  -8.755 1.0000000000
101341  23.805  14.537  -7.459 1.0000000000
101326  23.381  14.155  -6.805 1.0000000000
103431  19.832  16.487  -4.880 1.0000000000
103432  19.338  16.369  -4.535 0.7500000000
101315  20.332  15.051  -5.240 1.0000000000
102415  20.599  15.526  -5.371 1.0000000000
103443  20.795  16.288  -5.475 1.0000000000
102441  22.593  16.005  -7.096 1.0000000000
104473  20.423  16.792  -5.204 1.0000000000
103455  21.916  16.585  -6.264 1.0000000000
103469  22.407  16.510  -6.822 1.0000000000
103456  21.399  16.525  -5.752 1.0000000000
103467  24.025  16.468  -7.589 1.0000000000
106276  20.939  19.867  -6.255 1.0000000000
111436  21.363  25.331  0.676 0.1250000000
112247  23.393  25.759  -0.530 0.2500000000
112259  21.717  25.906  -2.017 0.2500000000
109764  21.467  24.708  -1.934 0.5000000000
111486  22.137  25.958  -3.968 0.5000000000
111487  21.857  25.237  -3.447 0.7500000000
113045  23.117  28.393  -4.890 0.2500000000
89180  18.854  3.635  0.106 0.1250000000
90254  19.141  3.730  -1.077 0.1250000000
89200  20.797  2.677  -2.610 0.6250000000
89225  22.541  2.722  -3.960 1.0000000000
102389  18.334  15.779  -3.471 0.5000000000
101302  19.061  14.794  -4.480 0.6250000000
102402  18.832  15.613  -4.195 0.7500000000
102401  19.468  15.472  -4.762 1.0000000000
103444  20.172  16.200  -5.248 1.0000000000
106260  20.617  20.422  -5.295 1.0000000000
107162  21.264  20.531  -6.678 1.0000000000
105434  22.359  19.456  -7.409 1.0000000000
109787  21.421  23.428  -3.771 0.7500000000
110665  21.783  24.501  -3.113 0.7500000000
110669  21.892  24.732  -3.561 0.7500000000
113053  22.302  27.801  -6.488 0.3750000000
83476  23.000  -2.446  -1.888 0.7500000000
83491  25.319  -2.844  -3.214 0.7500000000
84562  22.375  -1.631  -1.822 0.7500000000
84563  21.843  -1.357  -1.598 0.7500000000
84559  24.787  -1.624  -2.782 0.7500000000
84561  23.281  -1.572  -2.307 0.7500000000
85752  23.580  -0.710  -2.664 0.7500000000
85753  22.576  -0.803  -2.460 0.7500000000
84577  25.383  -1.701  -3.084 0.7500000000
85770  24.479  -0.594  -3.006 0.7500000000
88069  21.888  1.257  -3.089 0.7500000000
89199  21.358  2.280  -2.910 0.6250000000
85771  23.563  0.027  -2.974 0.7500000000
86951  23.028  0.678  -3.140 0.8750000000
85769  25.748  -0.716  -3.460 0.7500000000
86949  24.951  0.379  -3.625 0.7500000000
88067  23.210  1.402  -3.352 0.8750000000
89208  23.248  2.198  -3.507 0.8750000000
86968  25.566  0.789  -3.764 0.7500000000
88065  24.936  1.187  -3.715 0.7500000000
88086  24.697  1.677  -3.742 0.8750000000
88084  26.416  1.391  -4.398 0.7500000000
89222  25.455  2.374  -4.296 0.8750000000
90276  26.670  3.156  -4.674 0.8750000000
90277  25.600  3.294  -4.405 0.8750000000
91334  26.777  4.132  -4.754 0.8750000000
91331  29.420  3.836  -5.462 0.3750000000
91350  28.254  4.623  -5.347 0.6250000000
92337  27.568  5.062  -5.267 0.7500000000
92338  26.797  5.067  -5.042 0.7500000000
92351  30.278  5.145  -6.278 0.5000000000
92352  29.190  5.324  -6.040 0.5000000000
92353  28.075  5.593  -5.578 0.7500000000
92366  30.607  5.660  -6.564 0.1250000000
93353  29.544  6.156  -6.440 0.3750000000
93370  28.952  7.020  -6.969 0.6250000000
93354  28.315  6.731  -6.235 0.6250000000
94361  27.883  7.787  -6.536 0.6250000000
93367  32.086  6.619  -6.670 0.1250000000
93368  31.293  6.649  -7.026 0.1250000000
94359  29.362  7.943  -7.301 0.1250000000
94370  29.995  8.365  -7.637 0.1250000000
95369  28.701  8.782  -6.830 0.6250000000
96394  28.059  9.746  -6.930 0.6250000000
95367  31.063  8.587  -7.331 0.1250000000
97391  30.088  10.062  -7.205 0.1250000000
97392  29.484  10.396  -7.255 0.1250000000
96408  28.405  10.286  -7.214 0.5000000000
97394  27.910  10.896  -7.321 0.6250000000
97393  28.726  10.792  -7.320 0.5000000000
98356  28.281  11.812  -7.901 0.5000000000
98366  27.716  12.059  -8.273 0.6250000000
99303  27.411  12.096  -8.289 0.7500000000
138300  19.284  21.585  -2.775 0.5000000000
100258  27.895  13.749  -8.936 0.6250000000
100268  27.285  14.194  -9.212 0.6250000000
100270  25.999  14.066  -9.475 0.8750000000
101347  28.233  14.641  -8.521 0.5000000000
100267  27.654  14.324  -9.126 0.6250000000
101358  27.425  14.807  -9.099 0.6250000000
101359  26.866  14.698  -9.273 0.7500000000
138325  19.607  21.799  -3.082 0.7500000000
101349  25.696  14.520  -9.178 0.8750000000
104515  24.984  17.287  -8.056 0.8750000000
105431  24.479  17.843  -7.729 0.8750000000
102462  26.212  15.041  -9.093 0.7500000000
103478  25.467  16.374  -8.559 0.8750000000
104514  25.712  17.452  -8.624 0.8750000000
104528  25.283  18.128  -8.710 0.8750000000
105445  24.598  18.449  -8.264 0.8750000000
102437  28.178  15.479  -7.922 0.3750000000
101348  27.774  14.982  -8.798 0.5000000000
102449  27.249  15.549  -8.568 0.5000000000
102450  26.525  15.700  -8.820 0.6250000000
102438  27.715  15.766  -8.199 0.3750000000
103476  26.637  16.607  -8.504 0.5000000000
138326  20.862  21.931  -4.255 0.7500000000
138293  20.623  21.041  -4.725 0.8750000000
138298  20.675  21.031  -5.270 0.8750000000
105433  22.884  18.825  -7.373 0.8750000000
105447  22.884  19.479  -8.063 0.7500000000
106306  24.322  19.310  -8.818 0.8750000000
103477  26.061  16.546  -8.758 0.6250000000
103466  27.373  16.525  -8.051 0.3750000000
104512  26.920  17.576  -8.419 0.5000000000
105456  25.761  19.027  -9.400 0.7500000000
103454  27.554  16.920  -7.533 0.2500000000
109777  20.015  22.750  -2.948 0.6250000000
138299  20.871  21.436  -5.100 0.8750000000
107146  21.056  21.124  -5.806 0.8750000000
107174  21.912  20.443  -7.149 0.8750000000
107161  22.107  21.042  -6.535 0.7500000000
106308  22.781  20.101  -8.123 0.8750000000
106319  24.585  20.053  -9.270 0.7500000000
104526  26.014  18.532  -9.246 0.5000000000
105443  27.152  18.374  -8.136 0.2500000000
105444  26.676  18.556  -8.756 0.5000000000
109799  21.843  22.859  -4.697 0.7500000000
108050  21.849  21.974  -5.506 0.7500000000
108051  22.350  22.817  -5.202 0.7500000000
108063  22.984  21.877  -6.495 0.7500000000
108062  23.223  21.603  -7.387 0.7500000000
107160  22.963  21.090  -6.984 0.7500000000
108907  22.763  22.871  -5.759 0.7500000000
107172  23.100  21.019  -7.723 0.7500000000
107197  23.762  20.966  -9.386 0.7500000000
108082  23.620  21.775  -9.066 0.7500000000
107194  25.458  20.136  -9.120 0.5000000000
107195  25.099  20.760  -9.343 0.3750000000
106304  26.872  19.088  -8.367 0.2500000000
106317  25.850  19.652  -9.245 0.3750000000
107183  25.512  20.449  -8.916 0.3750000000
109786  21.842  24.112  -3.991 0.6250000000
108891  22.637  23.392  -5.552 0.7500000000
108923  23.207  22.833  -6.686 0.7500000000
108934  23.540  22.584  -8.684 0.7500000000
108089  25.106  21.700  -9.403 0.3750000000
108090  24.712  21.785  -9.629 0.3750000000
106295  26.661  19.750  -8.002 0.1250000000
108080  25.566  21.016  -8.508 0.1250000000
109798  22.000  23.882  -4.546 0.6250000000
109813  22.415  23.827  -5.334 0.7500000000
109839  23.082  23.443  -6.445 0.6250000000
109848  23.428  23.451  -8.353 0.7500000000
108091  24.115  21.959  -9.692 0.3750000000
108072  23.307  21.711  -8.209 0.7500000000
108920  25.793  22.339  -7.010 0.1250000000
108932  25.670  22.092  -7.956 0.1250000000
107159  26.395  20.509  -7.431 0.1250000000
110675  22.360  24.768  -5.090 0.6250000000
110690  23.143  24.555  -7.512 0.3750000000
110691  22.990  24.206  -6.700 0.3750000000
109866  24.290  23.602  -10.068 0.2500000000
108943  23.855  22.691  -9.425 0.3750000000
109854  23.579  23.476  -9.206 0.3750000000
109847  25.193  23.467  -9.018 0.1250000000
108947  24.862  22.623  -9.644 0.3750000000
108948  24.469  22.733  -9.822 0.3750000000
108942  25.142  22.522  -9.257 0.1250000000
112284  22.546  26.778  -5.641 0.3750000000
110682  22.654  24.585  -5.986 0.3750000000
111508  23.034  25.065  -7.694 0.3750000000
111509  22.917  25.350  -7.031 0.3750000000
110709  23.076  24.554  -9.463 0.3750000000
110702  23.207  24.306  -8.997 0.3750000000
110697  23.269  24.236  -8.166 0.3750000000
110715  24.156  24.332  -10.326 0.3750000000
109867  24.083  23.437  -10.043 0.3750000000
110696  25.346  24.475  -8.701 0.1250000000
109853  25.027  23.526  -9.621 0.1250000000
110707  24.891  24.402  -10.114 0.2500000000
109836  25.644  23.515  -7.181 0.1250000000
112301  22.668  26.467  -7.833 0.2500000000
112307  22.757  26.213  -8.791 0.2500000000
111517  22.901  25.507  -8.076 0.3750000000
112323  23.751  25.829  -10.643 0.1250000000
112315  22.911  25.838  -9.607 0.3750000000
111524  22.826  25.083  -8.903 0.3750000000
111536  24.157  25.081  -10.729 0.1250000000
111537  23.691  24.760  -10.483 0.2500000000
112313  25.323  26.519  -9.950 0.1250000000
110714  24.457  24.443  -10.311 0.1250000000
112293  22.535  26.618  -6.742 0.3750000000
113071  22.596  27.413  -8.675 0.2500000000
112314  23.381  26.501  -10.203 0.1250000000
112306  23.107  27.010  -9.460 0.1250000000
113080  23.977  27.294  -10.799 0.1250000000
113075  23.366  27.800  -10.257 0.1250000000
113079  24.587  27.239  -10.869 0.1250000000
113877  22.904  29.277  -9.539 0.1250000000
113900  24.326  28.404  -11.390 0.1250000000
113894  23.694  28.646  -11.064 0.1250000000
113074  25.813  27.623  -9.872 0.1250000000
89223  24.342  2.396  -3.941 0.8750000000
90275  27.779  3.024  -4.761 0.6250000000
99311  28.239  12.754  -8.438 0.6250000000
104513  26.198  17.859  -8.770 0.5000000000
104499  27.371  17.515  -7.771 0.3750000000
138323  21.220  22.152  -4.631 0.8750000000
108049  21.269  21.547  -5.555 0.8750000000
107185  23.208  20.860  -8.560 0.7500000000
106307  23.507  19.936  -8.987 0.7500000000
105455  26.251  18.862  -9.271 0.5000000000
105457  25.135  19.021  -9.067 0.7500000000
106305  26.347  19.561  -8.818 0.5000000000
111529  25.067  25.380  -10.066 0.1250000000
113078  25.358  27.701  -10.818 0.1250000000
94360  28.487  7.937  -6.868 0.5000000000
95370  27.778  8.733  -6.577 0.6250000000
95355  27.324  8.339  -6.329 0.7500000000
99302  28.883  12.666  -7.824 0.3750000000
100251  28.605  13.667  -8.229 0.3750000000
102425  28.486  15.477  -6.979 0.2500000000
111535  24.608  25.280  -10.486 0.1250000000
82495  23.552  -3.420  -2.013 0.7500000000
82478  22.688  -3.232  -1.552 0.7500000000
83458  22.143  -2.319  -1.351 0.7500000000
82507  25.043  -3.719  -3.190 0.7500000000
83475  23.962  -2.504  -2.445 0.7500000000
83490  26.284  -2.797  -3.682 0.7500000000
86933  21.401  0.458  -2.236 0.6250000000
86932  21.971  -0.035  -2.760 0.7500000000
84576  26.477  -1.706  -3.747 0.6250000000
86948  26.166  0.063  -3.626 0.7500000000
86947  27.085  -0.206  -4.013 0.6250000000
90274  28.852  2.948  -5.021 0.3750000000
91348  30.056  3.886  -5.865 0.1250000000
92350  31.018  5.025  -6.451 0.1250000000
92365  31.274  5.642  -6.633 0.1250000000
93366  32.770  6.506  -6.267 0.1250000000
95366  32.132  8.601  -6.807 0.1250000000
96392  31.189  9.334  -6.785 0.1250000000
97376  30.605  10.252  -6.624 0.1250000000
138307  18.561  20.959  -2.275 0.3750000000
98338  30.168  11.512  -6.495 0.1250000000
98354  30.008  10.772  -7.128 0.1250000000
99301  29.370  12.701  -7.057 0.1250000000
100250  29.068  13.607  -7.410 0.2500000000
101339  28.761  14.610  -7.634 0.2500000000
138339  19.238  22.254  -1.853 0.5000000000
104485  27.586  17.341  -6.848 0.1250000000
103453  27.801  16.291  -7.295 0.2500000000
106287  27.268  19.123  -6.757 0.1250000000
106288  26.918  19.832  -7.126 0.1250000000
108061  26.119  21.296  -6.707 0.1250000000
108906  26.153  22.160  -5.883 0.1250000000
109826  26.037  23.423  -5.861 0.1250000000
111515  25.655  25.520  -8.326 0.1250000000
112300  26.147  26.647  -7.853 0.1250000000
113007  23.938  26.536  -0.346 0.1250000000
113062  22.343  27.668  -7.633 0.2500000000
113878  22.433  28.827  -8.554 0.1250000000
114731  24.316  29.633  -11.699 0.1250000000
113887  23.148  28.987  -10.400 0.1250000000
113084  25.248  28.450  -11.331 0.1250000000
113069  26.213  27.720  -8.978 0.1250000000
113898  25.738  28.925  -11.404 0.1250000000
92355  25.909  5.957  -5.298 0.7500000000
100259  27.038  13.506  -8.972 0.7500000000
99313  26.631  12.844  -8.576 0.7500000000
105432  23.756  18.142  -7.344 0.8750000000
89210  21.793  2.059  -3.272 0.7500000000
88068  22.448  1.351  -3.253 0.8750000000
92354  26.919  5.880  -5.427 0.7500000000
102451  25.863  15.359  -8.979 0.8750000000
106297  22.373  20.045  -7.572 0.8750000000
105446  23.639  19.010  -8.197 0.8750000000
113865  22.411  28.953  -6.278 0.1250000000
83474  24.735  -2.170  -2.794 0.7500000000
83492  24.606  -2.957  -2.960 0.7500000000
82506  25.833  -3.736  -3.658 0.7500000000
85754  21.654  -0.719  -1.935 0.7500000000
84560  24.224  -1.392  -2.631 0.7500000000
86931  22.833  0.012  -2.787 0.7500000000
86953  21.746  0.763  -2.819 0.7500000000
88051  21.359  1.612  -2.537 0.6250000000
86952  22.295  0.647  -3.064 0.7500000000
86950  23.868  0.557  -3.364 0.8750000000
88066  24.117  1.505  -3.603 0.8750000000
89207  23.775  2.272  -3.636 0.8750000000
88085  25.398  1.520  -3.973 0.7500000000
89221  26.531  2.230  -4.622 0.7500000000
89220  27.622  2.043  -4.886 0.6250000000
90273  29.601  3.087  -5.495 0.2500000000
91332  28.902  3.889  -5.132 0.5000000000
91333  27.868  4.130  -4.945 0.6250000000
91347  31.127  4.035  -6.280 0.1250000000
93369  30.215  6.596  -6.899 0.2500000000
93371  28.396  7.371  -6.671 0.6250000000
94357  31.673  7.587  -7.232 0.1250000000
94358  30.460  7.788  -7.527 0.1250000000
95368  29.174  8.651  -7.104 0.5000000000
96406  29.792  9.513  -7.364 0.1250000000
96405  30.495  9.407  -7.213 0.1250000000
96407  28.984  9.750  -7.130 0.5000000000
98355  29.371  11.579  -7.337 0.1250000000
99312  27.487  12.631  -8.608 0.6250000000
102460  26.944  15.195  -9.055 0.6250000000
109800  21.353  22.530  -4.430 0.6250000000
107186  22.889  20.536  -7.909 0.7500000000
106320  24.036  20.434  -9.526 0.7500000000
106294  27.166  19.114  -7.675 0.1250000000
105430  27.399  18.315  -7.290 0.1250000000
109814  22.256  23.303  -4.962 0.7500000000
108922  23.354  22.501  -7.596 0.7500000000
107196  24.410  20.976  -9.614 0.6250000000
107184  25.267  21.102  -9.206 0.3750000000
107171  26.101  20.431  -8.324 0.3750000000
109838  23.261  23.599  -7.346 0.3750000000
108081  25.368  21.534  -8.980 0.3750000000
108070  25.796  21.280  -7.772 0.1250000000
108953  24.323  23.027  -9.987 0.3750000000
108921  25.645  22.780  -7.807 0.1250000000
108933  25.454  22.486  -8.577 0.1250000000
111501  22.623  25.651  -5.862 0.3750000000
109858  24.640  23.565  -9.992 0.2500000000
109837  25.470  23.526  -8.185 0.1250000000
111530  23.209  25.334  -10.211 0.3750000000
110708  23.385  24.326  -9.804 0.3750000000
110701  25.175  24.428  -9.543 0.1250000000
111522  25.358  25.469  -9.303 0.1250000000
112305  25.754  26.570  -9.060 0.1250000000
110688  25.800  24.543  -6.652 0.1250000000
110689  25.553  24.515  -7.706 0.1250000000
112322  24.308  26.157  -10.781 0.1250000000
112321  24.829  26.374  -10.501 0.1250000000
113070  22.909  28.254  -9.496 0.1250000000
81508  23.143  -4.320  -1.728 0.7500000000
82494  24.333  -3.606  -2.612 0.7500000000
81521  24.746  -4.610  -2.992 0.7500000000
83457  22.574  -2.563  -1.616 0.7500000000
86966  27.301  0.366  -4.435 0.6250000000
98339  29.745  12.112  -6.872 0.1250000000
99286  30.259  12.233  -5.885 0.1250000000
111507  25.823  25.511  -7.290 0.1250000000
82479  21.993  -3.338  -1.108 0.7500000000
84547  21.366  -1.457  -1.203 0.5000000000
80449  24.367  -5.654  -2.615 0.6250000000
81547  26.600  -5.169  -4.362 0.3750000000
81536  25.481  -4.595  -3.633 0.6250000000
82517  27.633  -4.071  -4.886 0.2500000000
82505  26.507  -3.765  -4.160 0.3750000000
89219  28.706  1.887  -5.050 0.3750000000
138331  19.541  22.159  -2.626 0.3750000000
109747  19.241  22.677  -0.743 0.2500000000
81522  23.931  -4.467  -2.332 0.6250000000
84594  27.037  -2.499  -4.258 0.5000000000
85767  27.258  -0.700  -4.241 0.5000000000
80464  26.252  -5.851  -4.115 0.5000000000
80465  25.787  -5.208  -3.978 0.6250000000
88083  27.476  1.157  -4.734 0.5000000000
79344  23.548  -6.191  -1.990 0.6250000000
84548  20.706  -1.409  -0.885 0.3750000000
83459  21.459  -2.528  -0.743 0.3750000000
80436  23.513  -5.204  -2.026 0.6250000000
78289  26.177  -7.222  -3.443 0.3750000000
79369  25.535  -7.128  -3.384 0.5000000000
85736  20.429  -0.657  -0.911 0.2500000000
80463  27.083  -6.030  -3.804 0.3750000000
82516  28.158  -4.166  -4.988 0.2500000000
80476  27.787  -5.511  -4.464 0.2500000000
88052  20.577  2.090  -1.927 0.3750000000
84593  27.688  -2.332  -4.677 0.2500000000
85783  27.646  -0.996  -4.687 0.3750000000
86965  28.188  0.011  -5.024 0.2500000000
88082  28.486  0.935  -4.968 0.2500000000
97322  19.261  10.330  -2.098 0.1250000000
89218  29.891  1.926  -5.221 0.2500000000
101291  18.130  15.251  -3.137 0.3750000000
101275  18.261  14.006  -3.008 0.2500000000
101290  18.446  14.658  -3.640 0.3750000000
85768  26.850  -0.853  -3.992 0.5000000000
85735  21.136  -0.684  -1.345 0.3750000000
86916  21.007  0.067  -1.433 0.3750000000
80448  25.363  -5.622  -3.544 0.5000000000
81546  27.023  -4.748  -4.596 0.2500000000
80477  27.172  -5.450  -4.462 0.2500000000
81544  28.203  -4.959  -4.709 0.2500000000
83504  27.432  -3.222  -4.680 0.3750000000
85784  27.228  -1.687  -4.266 0.3750000000
79353  25.653  -6.365  -3.666 0.5000000000
79367  26.435  -6.753  -3.504 0.3750000000
84527  20.908  -1.864  -0.768 0.3750000000
78291  25.570  -7.618  -3.244 0.3750000000
79354  25.029  -6.574  -3.127 0.5000000000
84592  28.228  -2.220  -4.891 0.2500000000
96331  19.310  10.040  -1.797 0.1250000000
79332  22.290  -6.100  -1.048 0.5000000000
78278  25.030  -7.683  -2.868 0.2500000000
77298  24.185  -8.380  -2.133 0.3750000000
78268  23.552  -7.325  -1.994 0.5000000000
79333  21.924  -6.472  -0.461 0.3750000000
80410  21.491  -4.907  0.252 0.5000000000
80437  22.671  -5.379  -1.388 0.5000000000
80426  21.926  -5.284  -0.655 0.5000000000
81510  21.929  -4.208  -0.813 0.3750000000
80438  22.164  -4.789  -1.110 0.5000000000
78231  20.395  -7.284  1.235 0.1250000000
79319  21.037  -6.332  0.466 0.3750000000
81496  20.999  -3.737  0.134 0.2500000000
76284  20.918  -8.990  0.832 0.1250000000
78246  20.896  -7.150  0.629 0.2500000000
78258  21.951  -7.514  -0.335 0.3750000000
76324  24.978  -8.935  -2.129 0.2500000000
77285  22.955  -8.774  -1.278 0.3750000000
78269  22.985  -7.763  -1.407 0.5000000000
78232  19.899  -7.364  1.799 0.1250000000
77270  22.484  -8.174  -0.784 0.3750000000
80397  20.108  -5.735  1.634 0.1250000000
81459  20.482  -4.257  1.184 0.1250000000
101338  29.128  14.300  -6.996 0.1250000000
82480  21.669  -3.443  -0.523 0.3750000000
79355  24.272  -6.896  -2.513 0.3750000000
79345  22.837  -6.663  -1.541 0.5000000000
82459  21.052  -3.145  -0.202 0.2500000000
83440  20.391  -2.516  -0.031 0.2500000000
77295  25.989  -8.297  -2.695 0.2500000000
78257  22.426  -7.120  -0.917 0.5000000000
79318  21.510  -5.895  0.089 0.5000000000
78279  24.215  -7.886  -2.302 0.3750000000
77284  23.710  -8.456  -1.861 0.3750000000
80411  21.035  -5.469  0.632 0.2500000000
81477  20.934  -4.305  0.559 0.1250000000
81495  21.574  -4.122  0.013 0.1250000000
79304  20.463  -6.238  0.958 0.1250000000
79305  20.061  -6.614  1.531 0.1250000000
77245  20.214  -8.094  1.463 0.1250000000
77258  21.482  -7.876  0.297 0.3750000000
76311  23.467  -9.451  -1.384 0.2500000000
80396  20.639  -5.107  1.204 0.1250000000
76283  21.455  -8.960  0.368 0.2500000000
76297  22.572  -9.313  -0.587 0.2500000000
86917  20.229  0.738  -0.868 0.2500000000
76310  24.354  -9.232  -1.926 0.2500000000
77259  20.867  -8.222  0.942 0.1250000000
77271  21.911  -8.518  -0.273 0.2500000000
76298  21.893  -9.146  -0.189 0.1250000000
138313  17.939  20.356  -1.632 0.1250000000
138309  18.140  20.919  -1.460 0.1250000000
138327  18.078  21.233  -1.125 0.1250000000
138333  18.681  22.064  -1.046 0.1250000000
138329  18.442  21.434  -1.501 0.1250000000
138303  18.146  21.615  -0.440 0.1250000000
109737  18.544  22.072  -0.524 0.1250000000
105350  17.851  19.175  -1.965 0.1250000000
138344  18.835  22.620  0.381 0.1250000000
138352  19.798  23.145  1.555 0.1250000000
104425  18.082  18.393  -2.549 0.1250000000
100183  18.353  13.284  -2.673 0.1250000000
84528  20.241  -1.626  -0.537 0.1250000000
86903  19.411  0.092  -0.128 0.1250000000
104426  17.740  18.056  -1.767 0.1250000000
105351  17.725  19.624  -0.867 0.1250000000
138295  17.917  21.129  -0.379 0.1250000000
107959  19.378  21.609  1.948 0.1250000000
138355  19.729  23.203  2.111 0.1250000000
138354  20.314  23.644  0.969 0.1250000000
104441  17.949  17.563  -2.670 0.1250000000
89190  19.887  2.974  -1.765 0.1250000000
89191  19.294  2.769  -1.077 0.1250000000
88037  20.839  1.185  -1.620 0.1250000000
138332  18.536  21.736  -1.262 0.1250000000
85715  19.913  -0.836  -0.408 0.1250000000
88038  19.852  1.931  -1.244 0.1250000000
88022  19.468  1.695  -0.376 0.1250000000
138301  17.407  20.808  -0.958 0.1250000000
138335  19.134  22.059  1.381 0.1250000000
138342  19.396  22.663  1.616 0.1250000000
138290  19.016  20.776  0.254 0.1250000000
138353  19.645  23.746  2.938 0.1250000000
78276  26.318  -7.674  -2.983 0.1250000000
79351  27.015  -6.163  -2.538 0.1250000000
80462  27.774  -5.582  -3.753 0.1250000000
82504  28.331  -4.184  -4.448 0.1250000000
83503  27.993  -3.236  -5.008 0.1250000000
85766  28.847  -1.261  -4.435 0.1250000000
85782  28.728  -1.167  -5.166 0.1250000000
86946  29.541  0.102  -4.762 0.1250000000
86964  29.110  -0.051  -5.273 0.1250000000
88064  29.669  0.961  -4.584 0.1250000000
88081  29.322  0.874  -5.054 0.1250000000
75278  24.754  -10.121  -1.768 0.1250000000
76312  23.000  -9.283  -1.079 0.1250000000
76309  25.191  -9.453  -1.986 0.1250000000
77282  25.584  -8.980  -1.969 0.1250000000
77281  26.203  -8.537  -1.896 0.1250000000
79343  26.770  -7.113  -2.066 0.1250000000
80445  27.409  -5.640  -2.605 0.1250000000
82477  27.958  -4.605  -2.902 0.1250000000
83473  28.519  -3.298  -3.888 0.1250000000
84575  28.443  -2.198  -4.542 0.1250000000
84558  28.565  -2.089  -3.657 0.1250000000
86930  29.536  0.417  -3.750 0.1250000000
89217  30.978  1.756  -5.720 0.1250000000
89206  29.790  1.744  -4.326 0.1250000000
90289  30.325  2.472  -5.981 0.1250000000
79352  26.689  -6.680  -2.726 0.1250000000
81532  28.229  -4.953  -4.048 0.1250000000
77296  25.440  -8.513  -2.399 0.1250000000
75279  24.017  -10.090  -1.557 0.1250000000
77280  26.662  -8.064  -1.713 0.1250000000
81520  27.906  -5.029  -3.327 0.1250000000
83489  28.411  -3.254  -4.785 0.1250000000
82492  28.249  -4.284  -3.717 0.1250000000
85781  29.276  -0.640  -4.905 0.1250000000
85765  29.278  -0.489  -4.141 0.1250000000
88050  29.716  1.162  -3.842 0.1250000000
74102  25.111  -10.634  -1.410 0.1250000000
75263  26.170  -10.321  -1.455 0.1250000000
89205  30.520  2.177  -4.835 0.1250000000
75264  24.512  -10.651  -1.215 0.1250000000
76296  23.094  -9.501  -0.942 0.1250000000
76323  25.285  -8.952  -2.067 0.1250000000
77283  24.222  -8.644  -2.040 0.2500000000
77297  24.625  -8.486  -2.281 0.2500000000
78245  21.419  -6.883  0.075 0.3750000000
78266  26.804  -7.561  -1.581 0.1250000000
78267  26.597  -7.623  -2.188 0.1250000000
78277  25.736  -8.031  -3.116 0.3750000000
78290  25.913  -7.487  -3.410 0.3750000000
79368  26.001  -6.866  -3.709 0.3750000000
80425  22.236  -5.595  -1.088 0.5000000000
80446  27.061  -5.876  -3.108 0.1250000000
80447  25.720  -5.987  -3.880 0.5000000000
80461  28.169  -5.403  -4.059 0.1250000000
80475  28.157  -5.398  -4.313 0.1250000000
80478  26.800  -5.325  -4.401 0.2500000000
81476  21.339  -4.435  0.296 0.1250000000
81509  22.379  -4.221  -1.345 0.6250000000
81519  28.153  -4.717  -3.607 0.1250000000
81533  28.103  -5.309  -3.829 0.1250000000
81534  26.716  -4.272  -4.410 0.2500000000
81535  26.255  -4.677  -4.189 0.3750000000
81545  27.744  -4.958  -5.010 0.2500000000
82493  28.088  -4.527  -3.272 0.1250000000
82518  27.053  -3.889  -4.561 0.3750000000
83439  20.781  -2.347  -0.492 0.2500000000
83477  22.522  -2.239  -1.657 0.7500000000
83505  26.885  -3.234  -4.299 0.3750000000
84546  21.968  -1.658  -1.437 0.7500000000
84578  24.748  -1.288  -2.806 0.7500000000
85751  24.114  -0.859  -2.710 0.7500000000
86967  26.357  0.689  -4.006 0.7500000000
89211  21.272  2.649  -3.289 0.7500000000
89235  30.578  1.899  -5.888 0.1250000000
90245  18.646  3.880  0.005 0.1250000000
91315  19.533  4.997  -2.076 0.2500000000
91322  21.455  4.423  -3.591 0.8750000000
91349  28.984  4.528  -5.559 0.6250000000
91357  31.568  4.737  -6.510 0.1250000000
92364  31.925  5.828  -6.598 0.1250000000
93352  30.176  5.901  -6.533 0.3750000000
94371  29.813  8.193  -7.560 0.1250000000
95371  27.056  8.856  -6.381 0.7500000000
95374  23.754  8.833  -6.258 1.0000000000
95381  30.226  8.744  -7.559 0.1250000000
95382  29.550  8.774  -7.356 0.5000000000
95383  29.100  9.076  -6.920 0.5000000000
96383  26.715  9.036  -6.300 0.8750000000
96393  28.719  9.358  -6.886 0.6250000000
96396  25.733  9.616  -6.326 1.0000000000
97375  31.195  9.845  -6.369 0.1250000000
98328  21.921  11.574  -5.503 1.0000000000
98341  26.578  11.306  -6.905 1.0000000000
98357  27.459  11.659  -7.908 0.7500000000
98365  27.943  12.269  -8.389 0.6250000000
99304  26.971  12.132  -8.258 0.7500000000
100240  22.178  13.693  -5.987 1.0000000000
100260  26.255  13.528  -9.028 1.0000000000
100269  26.634  14.091  -9.335 0.8750000000
101327  22.612  14.259  -6.364 1.0000000000
101357  27.873  14.522  -9.007 0.6250000000
101360  26.258  14.690  -9.229 0.8750000000
102416  19.995  15.469  -5.193 1.0000000000
102448  27.872  15.298  -8.457 0.5000000000
102461  26.467  15.112  -9.106 0.7500000000
103465  27.847  16.050  -7.938 0.3750000000
104456  20.100  16.804  -4.956 1.0000000000
104484  27.820  16.686  -6.641 0.2500000000
104487  22.266  17.433  -6.620 1.0000000000
104501  23.358  17.254  -7.244 1.0000000000
104527  25.725  18.357  -9.065 0.7500000000
105448  22.594  19.779  -7.802 0.8750000000
106296  22.652  20.293  -7.749 0.7500000000
106309  22.572  19.994  -7.851 0.8750000000
106318  25.377  19.785  -9.172 0.5000000000
107130  21.069  21.539  -5.415 0.8750000000
107145  21.082  21.413  -5.637 0.8750000000
107147  20.893  20.513  -6.246 1.0000000000
107173  22.595  20.587  -7.345 0.7500000000
108033  21.333  21.731  -5.382 0.8750000000
108071  25.572  21.660  -8.422 0.1250000000
108892  22.526  23.179  -5.318 0.7500000000
108908  22.583  22.934  -5.375 0.7500000000
108949  24.112  22.912  -9.916 0.3750000000
108954  24.215  23.225  -10.056 0.3750000000
109827  22.758  23.715  -5.945 0.7500000000
109859  24.461  23.234  -10.000 0.2500000000
109860  23.869  23.483  -9.767 0.3750000000
109865  24.385  24.004  -10.133 0.2500000000
110664  21.850  24.306  -3.671 0.7500000000
110703  22.950  24.696  -9.280 0.3750000000
110716  23.947  24.012  -10.083 0.3750000000
111471  21.817  25.486  -1.492 0.2500000000
111473  21.538  25.235  -2.281 0.3750000000
111482  21.666  25.267  -2.834 0.6250000000
111516  23.075  24.845  -8.160 0.3750000000
111523  23.079  24.606  -8.569 0.3750000000
111531  22.892  24.925  -9.632 0.3750000000
112236  23.354  25.421  -0.107 0.2500000000
112248  23.744  25.642  -0.106 0.2500000000
112269  21.603  25.778  -2.517 0.3750000000
112272  23.057  27.178  -3.250 0.2500000000
113006  23.849  26.058  -0.627 0.2500000000
113016  23.673  26.206  -0.874 0.2500000000
113040  23.046  28.400  -4.549 0.2500000000
113085  24.818  28.087  -11.282 0.1250000000
113086  24.397  27.752  -11.139 0.1250000000
113854  22.956  28.544  -4.386 0.2500000000
113860  23.063  28.722  -4.650 0.2500000000
138308  18.197  20.723  -1.752 0.1250000000
138312  21.200  21.886  -5.037 0.7500000000
138314  17.135  21.140  -0.969 0.1250000000
138315  17.550  21.106  -1.091 0.1250000000
138316  18.119  21.509  -0.883 0.1250000000
138324  21.484  22.274  -4.846 0.7500000000
138328  18.276  21.467  -1.156 0.1250000000
138330  19.588  22.392  -2.479 0.6250000000
138356  19.816  23.172  1.856 0.1250000000
138357  19.955  23.355  1.914 0.1250000000
138359  22.298  25.260  0.003 0.1250000000
