#!ascii label  , from subject 3666 vox2ras=TkReg
1689
62973  -46.971  -30.592  29.497 0.0000000000
79143  -61.154  -15.839  24.772 0.0000000000
72469  -53.361  -22.234  26.747 0.0000000000
36329  -17.642  -52.215  51.211 0.0000000000
65304  -42.704  -28.429  34.933 0.0000000000
47060  -32.273  -43.615  48.176 0.0000000000
47113  -41.868  -43.988  45.561 0.0000000000
54798  -45.926  -36.841  41.101 0.0000000000
60436  -47.688  -31.912  40.898 0.0000000000
46006  -22.294  -45.332  45.046 0.0000000000
45910  -27.899  -44.737  49.839 0.0000000000
48153  -26.827  -43.833  43.446 0.0000000000
48221  -35.626  -42.467  40.313 0.0000000000
50316  -41.974  -40.902  40.257 0.0000000000
64036  -49.782  -28.929  37.542 0.0000000000
65346  -54.101  -27.878  34.121 0.0000000000
74741  -57.307  -19.752  25.936 0.0000000000
66634  -50.683  -26.657  27.235 0.0000000000
81413  -57.560  -14.055  19.292 0.0000000000
32616  -14.046  -56.107  51.593 0.0000000000
65241  -45.862  -27.827  40.275 0.0000000000
64113  -43.994  -28.160  32.931 0.0000000000
49204  -30.961  -41.863  41.799 0.0000000000
45994  -36.139  -44.506  45.563 0.0000000000
67709  -56.840  -24.699  31.974 0.0000000000
87808  -61.466  -7.605  15.852 0.0000000000
54846  -43.457  -37.019  38.402 0.0000000000
55970  -44.472  -35.173  38.203 0.0000000000
47121  -24.316  -44.285  44.035 0.0000000000
50362  -38.748  -40.430  38.239 0.0000000000
51502  -41.100  -39.158  38.158 0.0000000000
52623  -44.141  -39.130  40.865 0.0000000000
62917  -48.784  -30.922  33.628 0.0000000000
65329  -52.073  -28.448  35.485 0.0000000000
64131  -50.780  -29.523  31.671 0.0000000000
76887  -59.569  -17.399  25.629 0.0000000000
77921  -58.664  -16.846  29.412 0.0000000000
81367  -61.948  -13.582  24.122 0.0000000000
37395  -15.684  -51.904  47.929 0.0000000000
35176  -16.278  -54.175  50.376 0.0000000000
61639  -44.698  -30.540  38.061 0.0000000000
62817  -46.690  -29.597  40.231 0.0000000000
65270  -44.272  -28.380  37.629 0.0000000000
65309  -45.796  -28.358  36.494 0.0000000000
66540  -43.561  -27.296  34.205 0.0000000000
47057  -29.378  -43.695  48.667 0.0000000000
47010  -29.981  -43.683  51.711 0.0000000000
47025  -32.169  -43.603  50.223 0.0000000000
45894  -34.462  -44.142  49.990 0.0000000000
50310  -28.456  -41.624  39.863 0.0000000000
50331  -30.438  -40.629  39.081 0.0000000000
47171  -38.940  -43.978  42.628 0.0000000000
47148  -35.972  -43.694  43.291 0.0000000000
45997  -39.015  -44.622  45.713 0.0000000000
45937  -38.811  -45.154  48.260 0.0000000000
42369  -19.507  -48.028  47.168 0.0000000000
43550  -21.365  -47.516  51.541 0.0000000000
41011  -20.958  -48.516  54.416 0.0000000000
70166  -51.938  -24.246  26.566 0.0000000000
66603  -53.787  -26.314  29.024 0.0000000000
70134  -54.321  -23.672  29.217 0.0000000000
88912  -63.211  -6.492  14.962 0.0000000000
36296  -16.181  -53.276  55.160 0.0000000000
55905  -46.736  -35.522  44.986 0.0000000000
58190  -47.479  -33.440  44.397 0.0000000000
57088  -46.975  -34.727  40.976 0.0000000000
58235  -45.233  -33.133  37.681 0.0000000000
44777  -22.991  -45.664  47.873 0.0000000000
45878  -25.709  -45.209  51.000 0.0000000000
45950  -25.291  -45.257  47.501 0.0000000000
47088  -27.619  -44.017  46.472 0.0000000000
48106  -29.028  -43.100  45.912 0.0000000000
49288  -33.338  -41.176  38.706 0.0000000000
49302  -35.280  -41.097  37.834 0.0000000000
48225  -39.650  -42.793  40.808 0.0000000000
48184  -42.519  -42.683  42.988 0.0000000000
50268  -44.389  -40.861  43.291 0.0000000000
53672  -46.114  -38.127  44.068 0.0000000000
43668  -20.825  -46.625  44.335 0.0000000000
65245  -49.960  -27.215  40.662 0.0000000000
67540  -52.880  -26.562  42.364 0.0000000000
66483  -52.238  -26.865  38.876 0.0000000000
66492  -54.397  -27.016  37.570 0.0000000000
73568  -55.829  -21.270  25.999 0.0000000000
74684  -55.640  -20.669  29.733 0.0000000000
75813  -56.703  -18.567  29.505 0.0000000000
27427  -10.307  -59.106  51.089 0.0000000000
64182  -49.164  -29.146  27.946 0.0000000000
69012  -48.846  -24.396  24.708 0.0000000000
73606  -51.924  -21.232  24.194 0.0000000000
74754  -54.144  -20.071  23.448 0.0000000000
76898  -56.249  -18.206  23.672 0.0000000000
78020  -57.776  -16.159  22.690 0.0000000000
80361  -59.188  -15.093  22.046 0.0000000000
79232  -55.900  -15.369  19.698 0.0000000000
33910  -14.923  -55.686  54.370 0.0000000000
30027  -13.062  -57.272  54.171 0.0000000000
28795  -12.138  -59.090  52.274 0.0000000000
65178  -48.861  -27.913  44.869 0.0000000000
61572  -47.619  -30.984  43.185 0.0000000000
63983  -47.387  -28.673  42.479 0.0000000000
65227  -47.941  -27.615  41.741 0.0000000000
65292  -47.788  -28.538  38.005 0.0000000000
62902  -46.978  -29.975  34.885 0.0000000000
62941  -45.908  -31.117  31.918 0.0000000000
46995  -27.664  -44.563  53.089 0.0000000000
49185  -28.841  -42.369  43.001 0.0000000000
48125  -31.776  -42.812  45.144 0.0000000000
48198  -33.053  -42.182  41.363 0.0000000000
47127  -33.903  -43.368  43.963 0.0000000000
45974  -33.830  -44.008  46.722 0.0000000000
45935  -36.726  -44.869  48.609 0.0000000000
39829  -17.257  -50.567  47.397 0.0000000000
41080  -18.232  -49.649  47.220 0.0000000000
39787  -18.231  -50.388  51.344 0.0000000000
64161  -52.680  -28.174  29.817 0.0000000000
66541  -55.025  -27.044  32.595 0.0000000000
68824  -57.919  -24.729  35.169 0.0000000000
71281  -56.997  -22.042  32.133 0.0000000000
82367  -60.882  -13.138  21.163 0.0000000000
83312  -61.785  -11.598  19.907 0.0000000000
85503  -62.732  -9.402  19.481 0.0000000000
87791  -60.397  -8.663  16.842 0.0000000000
87766  -63.245  -7.182  18.963 0.0000000000
54880  -41.460  -37.009  36.784 0.0000000000
55984  -42.579  -36.078  37.254 0.0000000000
56016  -41.000  -36.101  35.487 0.0000000000
51528  -39.791  -39.046  37.144 0.0000000000
52712  -40.475  -38.285  36.608 0.0000000000
52678  -42.433  -38.489  38.563 0.0000000000
62943  -48.560  -31.225  31.471 0.0000000000
62933  -49.947  -30.199  32.532 0.0000000000
62957  -48.960  -30.576  30.448 0.0000000000
77980  -60.700  -16.514  25.195 0.0000000000
77941  -60.570  -16.665  27.201 0.0000000000
79119  -61.620  -15.697  27.300 0.0000000000
80294  -62.298  -14.705  26.534 0.0000000000
81355  -61.987  -14.156  24.789 0.0000000000
37396  -16.503  -52.119  48.619 0.0000000000
35191  -16.105  -53.423  49.232 0.0000000000
35177  -16.961  -53.630  50.801 0.0000000000
62864  -43.462  -29.544  36.727 0.0000000000
64022  -43.915  -28.962  37.501 0.0000000000
65286  -43.682  -28.457  36.207 0.0000000000
66501  -43.835  -27.801  35.549 0.0000000000
66511  -43.050  -27.704  34.758 0.0000000000
44698  -23.631  -46.566  52.571 0.0000000000
47059  -31.372  -43.536  48.373 0.0000000000
47024  -31.189  -43.546  50.475 0.0000000000
47042  -32.205  -43.662  49.163 0.0000000000
47014  -33.753  -43.888  50.351 0.0000000000
47043  -33.029  -43.784  48.894 0.0000000000
47131  -40.626  -44.177  44.097 0.0000000000
46027  -38.886  -44.500  44.057 0.0000000000
45999  -41.037  -44.400  45.695 0.0000000000
45981  -40.547  -44.516  46.624 0.0000000000
44745  -21.465  -46.628  49.380 0.0000000000
43551  -22.160  -47.028  51.651 0.0000000000
43525  -22.258  -47.482  52.945 0.0000000000
66368  -51.101  -27.214  44.967 0.0000000000
71359  -52.441  -22.883  27.006 0.0000000000
70148  -52.899  -23.672  28.402 0.0000000000
72444  -53.577  -22.509  28.065 0.0000000000
54775  -46.590  -36.661  42.638 0.0000000000
57074  -47.002  -34.716  43.139 0.0000000000
55935  -46.632  -35.614  40.898 0.0000000000
57118  -44.751  -34.329  37.745 0.0000000000
58258  -43.886  -33.046  36.092 0.0000000000
60478  -43.954  -31.252  36.298 0.0000000000
45969  -22.660  -45.462  46.771 0.0000000000
45949  -24.215  -45.451  47.683 0.0000000000
45990  -23.780  -44.731  45.697 0.0000000000
47144  -25.787  -44.041  43.506 0.0000000000
47104  -25.770  -44.628  45.301 0.0000000000
47124  -27.156  -44.016  44.455 0.0000000000
47089  -28.634  -43.487  46.410 0.0000000000
48121  -28.289  -43.150  45.270 0.0000000000
50397  -34.201  -40.418  36.498 0.0000000000
50335  -39.745  -40.827  39.029 0.0000000000
49272  -38.758  -41.610  39.091 0.0000000000
49249  -40.837  -42.075  40.804 0.0000000000
48206  -41.049  -42.860  41.589 0.0000000000
49227  -41.811  -42.223  41.470 0.0000000000
49190  -43.389  -41.840  43.212 0.0000000000
50285  -43.853  -40.956  42.295 0.0000000000
53718  -44.909  -38.106  40.994 0.0000000000
52608  -45.108  -39.131  42.363 0.0000000000
53704  -45.970  -37.737  42.193 0.0000000000
53658  -46.311  -37.499  44.518 0.0000000000
44811  -21.727  -45.830  44.366 0.0000000000
65293  -49.848  -28.678  38.111 0.0000000000
65263  -51.331  -26.971  39.132 0.0000000000
65295  -51.305  -28.137  37.438 0.0000000000
65345  -53.227  -28.385  34.338 0.0000000000
65313  -53.082  -27.921  36.332 0.0000000000
65314  -54.039  -27.654  36.251 0.0000000000
66504  -55.372  -26.677  36.817 0.0000000000
66515  -55.453  -26.763  35.684 0.0000000000
74729  -56.715  -20.173  26.215 0.0000000000
74704  -56.224  -19.481  28.620 0.0000000000
75834  -57.411  -18.797  27.949 0.0000000000
77903  -60.178  -16.101  31.399 0.0000000000
74753  -53.246  -20.531  23.562 0.0000000000
75888  -52.020  -19.352  22.743 0.0000000000
75906  -54.084  -18.079  22.478 0.0000000000
76923  -55.567  -17.328  22.262 0.0000000000
78006  -57.042  -16.996  23.263 0.0000000000
78031  -56.052  -16.720  21.287 0.0000000000
79222  -56.815  -16.123  20.763 0.0000000000
33949  -14.861  -55.328  50.092 0.0000000000
31318  -12.928  -56.765  51.557 0.0000000000
35129  -16.707  -54.024  55.943 0.0000000000
35145  -15.608  -54.691  54.564 0.0000000000
32583  -16.343  -55.413  55.489 0.0000000000
28772  -14.391  -57.636  54.787 0.0000000000
27405  -13.385  -59.031  54.018 0.0000000000
28775  -12.727  -58.301  53.035 0.0000000000
27410  -12.998  -59.530  53.371 0.0000000000
26129  -12.439  -59.795  51.910 0.0000000000
59290  -47.829  -32.622  41.818 0.0000000000
59271  -47.626  -32.455  44.148 0.0000000000
60407  -47.816  -31.650  42.392 0.0000000000
64008  -45.723  -28.537  40.166 0.0000000000
63997  -46.941  -28.708  41.666 0.0000000000
65226  -46.862  -27.930  41.589 0.0000000000
65212  -47.492  -27.941  42.660 0.0000000000
65242  -46.663  -27.607  40.481 0.0000000000
65259  -47.484  -27.619  39.568 0.0000000000
65274  -47.280  -27.865  38.589 0.0000000000
64079  -45.112  -28.258  34.465 0.0000000000
64063  -46.102  -28.788  35.476 0.0000000000
64096  -45.938  -29.323  33.603 0.0000000000
61707  -46.954  -30.799  33.342 0.0000000000
64130  -44.611  -29.638  32.344 0.0000000000
45891  -26.411  -44.926  50.395 0.0000000000
45879  -26.513  -44.987  51.457 0.0000000000
47020  -27.866  -44.569  51.705 0.0000000000
49221  -29.433  -41.839  41.087 0.0000000000
49220  -28.523  -42.010  41.171 0.0000000000
49187  -30.161  -42.078  42.696 0.0000000000
48139  -30.123  -42.519  44.372 0.0000000000
48158  -31.164  -42.365  43.249 0.0000000000
49268  -34.539  -41.541  39.284 0.0000000000
49244  -33.472  -41.590  40.126 0.0000000000
48200  -35.043  -42.410  41.071 0.0000000000
47129  -36.170  -44.286  44.389 0.0000000000
47147  -34.818  -43.137  43.009 0.0000000000
47111  -35.419  -44.259  44.985 0.0000000000
47109  -33.540  -43.604  45.114 0.0000000000
45975  -34.694  -44.278  46.442 0.0000000000
45955  -35.271  -44.438  47.504 0.0000000000
45956  -36.242  -44.602  47.599 0.0000000000
50193  -43.954  -40.095  47.033 0.0000000000
42368  -18.914  -48.709  47.168 0.0000000000
41055  -19.436  -49.188  49.731 0.0000000000
39805  -18.499  -50.212  49.634 0.0000000000
40990  -20.988  -48.965  55.961 0.0000000000
65427  -49.714  -28.290  27.641 0.0000000000
64183  -50.350  -28.851  28.426 0.0000000000
65429  -51.833  -27.737  28.343 0.0000000000
67729  -55.759  -25.514  30.701 0.0000000000
66576  -54.996  -26.572  30.686 0.0000000000
67688  -56.282  -25.829  32.851 0.0000000000
67667  -56.747  -25.414  33.561 0.0000000000
68860  -57.341  -24.770  33.346 0.0000000000
74677  -56.555  -20.171  31.061 0.0000000000
72420  -56.011  -21.619  30.627 0.0000000000
72389  -56.619  -21.037  32.016 0.0000000000
80383  -58.738  -14.886  20.090 0.0000000000
81393  -59.952  -14.182  21.311 0.0000000000
81414  -58.808  -14.151  19.622 0.0000000000
82403  -59.758  -12.243  18.534 0.0000000000
83341  -61.093  -11.268  18.203 0.0000000000
84362  -62.353  -10.449  20.289 0.0000000000
84382  -61.354  -10.307  18.126 0.0000000000
85550  -60.412  -8.918  15.697 0.0000000000
85534  -59.858  -9.226  16.449 0.0000000000
86672  -60.596  -8.350  16.265 0.0000000000
87782  -62.263  -7.863  17.411 0.0000000000
88871  -62.705  -6.804  17.238 0.0000000000
89985  -62.896  -6.136  16.470 0.0000000000
90017  -65.155  -6.007  15.157 0.0000000000
54812  -44.387  -37.035  39.845 0.0000000000
55946  -45.516  -35.725  39.830 0.0000000000
55969  -43.735  -35.950  38.046 0.0000000000
57126  -43.105  -35.187  36.743 0.0000000000
46008  -24.103  -44.435  44.585 0.0000000000
51526  -37.966  -39.390  36.723 0.0000000000
51501  -39.906  -39.749  38.098 0.0000000000
50337  -41.792  -40.294  39.654 0.0000000000
51449  -43.229  -40.188  40.845 0.0000000000
51488  -42.727  -39.226  39.580 0.0000000000
53754  -43.443  -37.964  39.348 0.0000000000
64067  -49.812  -29.802  35.306 0.0000000000
64051  -51.283  -28.687  36.263 0.0000000000
64083  -50.656  -29.688  34.386 0.0000000000
64099  -51.071  -29.508  33.466 0.0000000000
64118  -52.236  -29.175  32.416 0.0000000000
75860  -58.551  -18.558  26.187 0.0000000000
76862  -58.543  -17.934  27.577 0.0000000000
76863  -59.272  -17.482  27.381 0.0000000000
79091  -60.038  -15.993  29.597 0.0000000000
82349  -62.358  -12.388  24.106 0.0000000000
33958  -15.384  -54.164  49.198 0.0000000000
33939  -15.308  -55.488  51.243 0.0000000000
60448  -46.077  -31.545  38.670 0.0000000000
61606  -47.523  -30.380  40.603 0.0000000000
62832  -45.467  -29.638  39.073 0.0000000000
64014  -44.893  -28.672  38.868 0.0000000000
65256  -45.095  -28.029  39.080 0.0000000000
65273  -46.337  -27.758  38.467 0.0000000000
65289  -45.235  -28.043  37.374 0.0000000000
65327  -44.598  -27.876  35.486 0.0000000000
65377  -43.733  -27.698  33.190 0.0000000000
47056  -28.288  -44.325  48.871 0.0000000000
47022  -29.200  -43.767  50.893 0.0000000000
47023  -30.166  -43.550  50.679 0.0000000000
47011  -31.028  -43.667  51.560 0.0000000000
45882  -34.110  -44.462  51.138 0.0000000000
50311  -29.278  -41.278  39.710 0.0000000000
49241  -30.615  -41.423  40.389 0.0000000000
47189  -37.283  -43.596  41.399 0.0000000000
48180  -36.093  -43.207  41.666 0.0000000000
47170  -37.973  -43.991  42.522 0.0000000000
46026  -38.054  -44.549  44.077 0.0000000000
45996  -38.046  -44.654  45.709 0.0000000000
45978  -37.655  -44.637  46.661 0.0000000000
45979  -38.624  -44.640  46.641 0.0000000000
43634  -20.098  -47.423  46.095 0.0000000000
43606  -20.500  -47.021  48.013 0.0000000000
42319  -20.352  -47.823  50.482 0.0000000000
41027  -20.214  -48.576  52.667 0.0000000000
42298  -21.356  -47.860  52.579 0.0000000000
67777  -51.061  -25.711  26.716 0.0000000000
66615  -52.585  -26.292  28.078 0.0000000000
68951  -52.517  -25.085  28.011 0.0000000000
68935  -54.438  -24.662  29.390 0.0000000000
68916  -55.972  -24.527  30.507 0.0000000000
82392  -56.223  -12.962  18.977 0.0000000000
82394  -58.166  -13.007  18.950 0.0000000000
83322  -56.044  -12.233  18.631 0.0000000000
86701  -61.320  -8.357  15.238 0.0000000000
87809  -62.141  -7.237  15.583 0.0000000000
86715  -61.734  -8.785  14.341 0.0000000000
86716  -62.604  -8.237  13.931 0.0000000000
37351  -17.580  -51.657  52.767 0.0000000000
35157  -17.030  -53.095  53.006 0.0000000000
57056  -46.829  -34.491  46.430 0.0000000000
57068  -47.126  -34.631  44.194 0.0000000000
58202  -47.504  -33.961  42.514 0.0000000000
58217  -47.033  -33.605  40.517 0.0000000000
57098  -45.922  -34.772  39.727 0.0000000000
58225  -46.318  -33.365  38.876 0.0000000000
59310  -46.499  -32.253  38.884 0.0000000000
60454  -44.949  -31.492  37.735 0.0000000000
61669  -43.277  -30.286  36.291 0.0000000000
44746  -22.651  -45.966  49.283 0.0000000000
44716  -24.225  -45.760  50.981 0.0000000000
44748  -24.380  -45.629  49.167 0.0000000000
45907  -25.450  -45.351  49.129 0.0000000000
45929  -26.738  -44.855  48.623 0.0000000000
45991  -24.907  -44.713  45.508 0.0000000000
45973  -26.285  -44.761  46.942 0.0000000000
47072  -27.458  -44.465  47.533 0.0000000000
47073  -28.472  -43.863  47.597 0.0000000000
47074  -29.521  -43.463  47.584 0.0000000000
47091  -30.643  -43.148  46.677 0.0000000000
49289  -34.034  -41.240  38.452 0.0000000000
49269  -35.299  -41.654  39.103 0.0000000000
50360  -36.833  -40.826  37.961 0.0000000000
49271  -37.356  -42.217  39.230 0.0000000000
48223  -37.456  -42.849  40.058 0.0000000000
48204  -38.773  -43.455  41.130 0.0000000000
47173  -40.797  -43.690  42.978 0.0000000000
47133  -42.244  -43.566  44.578 0.0000000000
48110  -43.029  -42.914  46.068 0.0000000000
48145  -43.249  -42.502  44.476 0.0000000000
50229  -43.961  -41.467  44.947 0.0000000000
51393  -44.799  -39.924  44.962 0.0000000000
51429  -44.710  -39.794  42.384 0.0000000000
51407  -44.997  -39.880  43.640 0.0000000000
52565  -45.413  -38.674  45.507 0.0000000000
53644  -45.742  -37.855  46.126 0.0000000000
43635  -20.776  -47.077  45.925 0.0000000000
66439  -50.189  -26.875  41.870 0.0000000000
66440  -51.312  -26.624  41.606 0.0000000000
66458  -52.876  -26.301  40.710 0.0000000000
66474  -53.753  -26.317  39.737 0.0000000000
65296  -52.372  -27.673  37.314 0.0000000000
65280  -53.359  -27.177  37.952 0.0000000000
73552  -54.543  -21.769  27.126 0.0000000000
73542  -54.457  -21.702  28.240 0.0000000000
73543  -55.013  -21.248  27.808 0.0000000000
74694  -55.946  -19.849  29.393 0.0000000000
75806  -57.078  -18.948  30.844 0.0000000000
76837  -57.895  -17.395  29.583 0.0000000000
76818  -57.663  -18.122  31.180 0.0000000000
64179  -45.699  -30.060  27.962 0.0000000000
64156  -48.189  -29.937  28.772 0.0000000000
64202  -47.128  -28.843  27.104 0.0000000000
65449  -47.715  -28.164  26.698 0.0000000000
66660  -48.539  -26.564  26.124 0.0000000000
67800  -49.100  -25.739  25.815 0.0000000000
70179  -50.171  -24.323  25.386 0.0000000000
71370  -51.062  -22.999  25.590 0.0000000000
72467  -51.485  -22.625  25.598 0.0000000000
73565  -52.820  -22.240  25.664 0.0000000000
73587  -53.895  -21.801  24.971 0.0000000000
73609  -55.086  -20.667  24.133 0.0000000000
74756  -56.100  -19.672  24.227 0.0000000000
75904  -52.355  -18.564  22.205 0.0000000000
75874  -55.485  -18.901  23.699 0.0000000000
75875  -56.935  -19.131  24.502 0.0000000000
77977  -58.166  -17.723  24.868 0.0000000000
77995  -58.846  -16.328  24.658 0.0000000000
79162  -59.182  -15.745  24.090 0.0000000000
80317  -60.052  -15.150  23.796 0.0000000000
79202  -58.704  -15.413  22.637 0.0000000000
79223  -57.910  -15.781  20.798 0.0000000000
80381  -56.750  -14.832  19.468 0.0000000000
81411  -55.483  -13.642  19.197 0.0000000000
35156  -16.513  -54.101  52.854 0.0000000000
33919  -15.669  -54.842  53.153 0.0000000000
32600  -14.127  -55.571  53.057 0.0000000000
30022  -14.717  -56.529  54.960 0.0000000000
32590  -13.973  -56.306  54.407 0.0000000000
32605  -13.286  -56.275  52.847 0.0000000000
31301  -12.860  -56.943  53.258 0.0000000000
31299  -12.434  -57.764  52.360 0.0000000000
28794  -11.383  -58.546  51.858 0.0000000000
27418  -11.620  -59.109  51.884 0.0000000000
66383  -49.724  -27.218  44.632 0.0000000000
61543  -47.587  -30.526  45.258 0.0000000000
61590  -47.821  -29.901  41.355 0.0000000000
62774  -47.742  -29.734  43.262 0.0000000000
63969  -48.401  -28.445  44.098 0.0000000000
65196  -48.850  -27.353  43.672 0.0000000000
66438  -49.460  -27.033  42.658 0.0000000000
65244  -48.783  -27.475  40.705 0.0000000000
65260  -48.560  -27.767  39.628 0.0000000000
64035  -48.644  -28.946  37.599 0.0000000000
65291  -47.057  -28.254  37.604 0.0000000000
64047  -47.294  -28.970  36.602 0.0000000000
64066  -48.736  -29.867  35.851 0.0000000000
62904  -48.461  -30.717  34.576 0.0000000000
62931  -47.899  -31.314  32.810 0.0000000000
62955  -46.461  -31.194  30.531 0.0000000000
66522  -40.914  -27.334  33.577 0.0000000000
66537  -41.189  -26.753  33.149 0.0000000000
66558  -42.163  -26.938  32.648 0.0000000000
64127  -42.587  -27.954  31.510 0.0000000000
64138  -42.364  -28.304  30.952 0.0000000000
62952  -43.378  -30.064  30.272 0.0000000000
62971  -44.641  -30.473  29.561 0.0000000000
62988  -45.408  -30.245  28.863 0.0000000000
46997  -28.887  -44.217  52.678 0.0000000000
48172  -26.863  -43.150  42.515 0.0000000000
49200  -27.897  -42.441  41.974 0.0000000000
48154  -27.716  -43.094  43.430 0.0000000000
48138  -29.237  -42.535  44.402 0.0000000000
48108  -30.733  -42.840  45.904 0.0000000000
47092  -31.502  -43.151  46.528 0.0000000000
50333  -32.174  -41.105  38.932 0.0000000000
49242  -31.554  -41.401  40.182 0.0000000000
48176  -32.517  -42.365  42.077 0.0000000000
48178  -34.556  -42.704  41.964 0.0000000000
48160  -33.296  -42.924  42.926 0.0000000000
48159  -32.250  -42.658  43.095 0.0000000000
48141  -32.141  -42.774  44.185 0.0000000000
47094  -33.278  -43.528  46.021 0.0000000000
47078  -33.128  -43.631  46.950 0.0000000000
45932  -34.019  -44.146  48.197 0.0000000000
45913  -36.092  -44.792  49.509 0.0000000000
38556  -16.493  -51.423  48.077 0.0000000000
38545  -17.534  -51.490  49.392 0.0000000000
41098  -18.256  -49.105  46.081 0.0000000000
41097  -17.422  -49.880  45.752 0.0000000000
39830  -18.159  -50.069  47.989 0.0000000000
39804  -18.089  -50.838  49.506 0.0000000000
38533  -17.860  -51.217  50.362 0.0000000000
38497  -17.687  -50.798  53.028 0.0000000000
41010  -20.002  -48.879  54.480 0.0000000000
64158  -49.894  -29.597  29.380 0.0000000000
64143  -51.700  -28.905  30.476 0.0000000000
65379  -53.708  -28.005  32.108 0.0000000000
65403  -53.882  -27.387  30.013 0.0000000000
65393  -53.831  -27.754  31.060 0.0000000000
65362  -54.314  -27.683  32.943 0.0000000000
67648  -55.952  -26.004  35.053 0.0000000000
72431  -54.476  -22.208  29.149 0.0000000000
71319  -55.818  -22.383  30.488 0.0000000000
70101  -56.713  -23.074  31.120 0.0000000000
80336  -60.713  -14.392  23.235 0.0000000000
81377  -61.291  -13.544  23.019 0.0000000000
82357  -61.657  -12.554  22.690 0.0000000000
81416  -60.243  -13.286  19.704 0.0000000000
82376  -61.225  -12.439  20.716 0.0000000000
83300  -62.227  -10.965  22.450 0.0000000000
84356  -62.526  -10.229  21.567 0.0000000000
85489  -63.180  -9.298  21.836 0.0000000000
85523  -59.636  -9.530  17.472 0.0000000000
85525  -61.309  -9.171  17.648 0.0000000000
86645  -63.072  -8.149  19.610 0.0000000000
90002  -63.996  -5.615  15.677 0.0000000000
54879  -41.045  -36.797  36.215 0.0000000000
52711  -39.862  -38.249  36.266 0.0000000000
53805  -40.733  -37.635  36.392 0.0000000000
53806  -41.283  -37.555  36.873 0.0000000000
62956  -47.784  -31.084  30.366 0.0000000000
62974  -48.152  -30.274  29.379 0.0000000000
77981  -61.413  -15.917  25.439 0.0000000000
77960  -61.311  -16.192  26.191 0.0000000000
79128  -61.912  -15.401  26.084 0.0000000000
79120  -62.140  -15.185  27.081 0.0000000000
80293  -62.165  -14.948  26.019 0.0000000000
80301  -62.087  -14.658  25.480 0.0000000000
79144  -61.654  -15.375  25.064 0.0000000000
37381  -17.294  -52.222  50.109 0.0000000000
36333  -17.021  -52.800  50.192 0.0000000000
36328  -17.474  -52.927  51.138 0.0000000000
64045  -43.008  -28.858  35.393 0.0000000000
64033  -43.628  -28.776  36.731 0.0000000000
65305  -43.326  -28.316  35.365 0.0000000000
65325  -42.693  -28.004  34.728 0.0000000000
44715  -23.463  -46.188  51.409 0.0000000000
47132  -41.263  -44.036  44.566 0.0000000000
46014  -40.437  -44.465  44.723 0.0000000000
47112  -41.312  -44.228  45.197 0.0000000000
46000  -41.611  -44.258  46.131 0.0000000000
44714  -22.954  -46.807  51.831 0.0000000000
71345  -52.749  -23.047  27.848 0.0000000000
72455  -52.934  -22.591  27.403 0.0000000000
54787  -46.507  -36.516  41.882 0.0000000000
54799  -46.462  -36.175  41.193 0.0000000000
57150  -42.606  -33.659  35.205 0.0000000000
57138  -43.784  -33.655  36.131 0.0000000000
45989  -22.820  -44.951  45.878 0.0000000000
46007  -22.993  -44.757  44.774 0.0000000000
47145  -26.496  -44.126  43.928 0.0000000000
48135  -27.301  -43.885  44.023 0.0000000000
47125  -27.639  -43.672  44.791 0.0000000000
48136  -27.710  -43.541  44.321 0.0000000000
50336  -41.070  -40.469  39.479 0.0000000000
50315  -40.402  -41.159  39.968 0.0000000000
49250  -41.718  -41.677  40.875 0.0000000000
50299  -42.263  -41.477  41.069 0.0000000000
50284  -43.134  -41.456  42.021 0.0000000000
50300  -43.156  -40.881  41.217 0.0000000000
53719  -45.478  -37.759  41.272 0.0000000000
54786  -46.081  -37.207  41.739 0.0000000000
53690  -46.442  -37.281  42.900 0.0000000000
45988  -22.144  -45.363  46.041 0.0000000000
65294  -50.340  -28.506  37.957 0.0000000000
64037  -50.764  -28.712  37.115 0.0000000000
65331  -53.677  -27.963  35.275 0.0000000000
66514  -54.704  -27.446  35.154 0.0000000000
74714  -57.311  -19.285  27.279 0.0000000000
74730  -57.316  -19.559  26.613 0.0000000000
77890  -60.076  -16.850  31.657 0.0000000000
74766  -51.578  -19.941  23.263 0.0000000000
76940  -55.608  -16.971  21.572 0.0000000000
78030  -55.453  -16.804  20.983 0.0000000000
78042  -55.342  -16.447  20.402 0.0000000000
32629  -14.773  -55.750  50.779 0.0000000000
32628  -14.002  -56.000  50.411 0.0000000000
31327  -13.252  -56.570  50.811 0.0000000000
31328  -13.731  -56.344  51.106 0.0000000000
33900  -16.736  -54.551  55.771 0.0000000000
32584  -16.650  -55.570  55.712 0.0000000000
28786  -13.052  -58.959  53.563 0.0000000000
26123  -12.808  -60.030  52.979 0.0000000000
59297  -47.762  -32.145  41.212 0.0000000000
63996  -46.148  -28.431  41.059 0.0000000000
65225  -46.208  -27.862  40.962 0.0000000000
65258  -46.503  -27.565  39.468 0.0000000000
64095  -44.833  -28.316  33.830 0.0000000000
64080  -45.595  -28.596  34.580 0.0000000000
64114  -45.044  -29.307  32.782 0.0000000000
64115  -45.635  -29.500  33.081 0.0000000000
45909  -27.041  -44.811  49.686 0.0000000000
45892  -27.488  -44.863  50.840 0.0000000000
45893  -28.144  -44.629  50.506 0.0000000000
49203  -30.161  -41.854  41.896 0.0000000000
49188  -30.795  -42.041  42.434 0.0000000000
48220  -34.716  -41.988  40.124 0.0000000000
48201  -35.897  -42.814  41.046 0.0000000000
45993  -35.289  -44.335  45.751 0.0000000000
45976  -35.713  -44.497  46.585 0.0000000000
45977  -36.680  -44.601  46.631 0.0000000000
51367  -44.276  -39.821  46.842 0.0000000000
41034  -19.859  -48.717  51.666 0.0000000000
65451  -50.005  -27.465  27.341 0.0000000000
65428  -50.719  -27.936  27.934 0.0000000000
66613  -51.119  -27.276  27.763 0.0000000000
67708  -56.427  -25.344  31.523 0.0000000000
67689  -56.848  -25.068  32.610 0.0000000000
73519  -56.824  -20.187  31.584 0.0000000000
73518  -56.587  -20.702  31.612 0.0000000000
81400  -59.070  -14.674  20.200 0.0000000000
84380  -59.610  -10.470  18.118 0.0000000000
83342  -61.786  -10.963  18.410 0.0000000000
84381  -60.501  -10.374  18.047 0.0000000000
86687  -60.867  -8.138  15.820 0.0000000000
86686  -60.538  -8.654  15.992 0.0000000000
87807  -60.832  -8.066  16.253 0.0000000000
87793  -61.530  -7.701  16.508 0.0000000000
88883  -61.816  -7.324  16.133 0.0000000000
89973  -62.771  -6.430  16.865 0.0000000000
88884  -62.334  -6.913  16.422 0.0000000000
54825  -43.894  -37.180  39.134 0.0000000000
54826  -44.476  -36.650  39.194 0.0000000000
56017  -41.639  -35.518  35.507 0.0000000000
56000  -42.539  -35.496  36.346 0.0000000000
57136  -42.120  -35.233  35.835 0.0000000000
51556  -38.379  -38.890  36.230 0.0000000000
51529  -40.429  -39.155  37.631 0.0000000000
51486  -40.576  -39.955  38.812 0.0000000000
51487  -41.963  -39.623  39.152 0.0000000000
51503  -41.774  -39.020  38.541 0.0000000000
53774  -42.799  -37.882  38.405 0.0000000000
53753  -43.052  -38.197  38.933 0.0000000000
53775  -43.439  -37.550  38.793 0.0000000000
53734  -43.934  -37.640  40.057 0.0000000000
62905  -49.309  -30.351  34.383 0.0000000000
64082  -49.962  -29.991  34.187 0.0000000000
62945  -50.157  -29.857  31.700 0.0000000000
64116  -50.606  -29.686  32.555 0.0000000000
64117  -51.365  -29.393  32.513 0.0000000000
64100  -51.906  -29.217  33.478 0.0000000000
76886  -58.795  -18.111  25.638 0.0000000000
76877  -58.855  -18.043  26.673 0.0000000000
76878  -59.565  -17.534  26.489 0.0000000000
79103  -60.618  -15.634  28.988 0.0000000000
79092  -60.884  -15.473  30.083 0.0000000000
79093  -61.351  -15.056  29.804 0.0000000000
82325  -62.793  -12.781  26.079 0.0000000000
82337  -62.733  -12.392  25.134 0.0000000000
81368  -62.334  -12.983  24.674 0.0000000000
35190  -15.541  -53.607  48.830 0.0000000000
35181  -15.889  -53.903  49.574 0.0000000000
33950  -15.619  -54.612  49.802 0.0000000000
33940  -15.930  -54.971  50.787 0.0000000000
61640  -45.273  -30.780  38.420 0.0000000000
61632  -45.729  -30.447  38.879 0.0000000000
61631  -45.063  -30.217  38.615 0.0000000000
64023  -44.449  -28.814  38.223 0.0000000000
65271  -44.777  -28.177  38.159 0.0000000000
65272  -45.492  -27.873  38.349 0.0000000000
65288  -44.507  -28.054  37.134 0.0000000000
66512  -43.595  -27.693  34.972 0.0000000000
65326  -44.179  -27.773  35.479 0.0000000000
66526  -43.756  -27.505  34.614 0.0000000000
65358  -44.001  -27.597  33.831 0.0000000000
65357  -43.454  -27.335  33.478 0.0000000000
47039  -29.313  -43.814  49.810 0.0000000000
47040  -30.296  -43.545  49.593 0.0000000000
47012  -32.063  -43.753  51.311 0.0000000000
50312  -30.056  -41.122  39.740 0.0000000000
50313  -30.789  -41.146  39.713 0.0000000000
47191  -38.790  -43.785  41.937 0.0000000000
46013  -39.417  -44.598  44.829 0.0000000000
46012  -38.467  -44.632  44.838 0.0000000000
46011  -37.474  -44.583  44.734 0.0000000000
45960  -40.184  -44.684  47.482 0.0000000000
43619  -20.664  -47.013  47.008 0.0000000000
43569  -21.218  -47.051  50.401 0.0000000000
43549  -20.828  -47.576  50.802 0.0000000000
42305  -20.995  -47.927  52.097 0.0000000000
43526  -22.579  -47.397  53.467 0.0000000000
68973  -51.501  -25.090  26.310 0.0000000000
68950  -52.313  -25.262  27.379 0.0000000000
70146  -52.362  -24.807  27.245 0.0000000000
70133  -53.546  -23.899  28.919 0.0000000000
68915  -55.141  -24.576  29.955 0.0000000000
70116  -55.108  -23.795  29.697 0.0000000000
85566  -60.629  -9.161  15.030 0.0000000000
85580  -60.339  -9.346  13.987 0.0000000000
85567  -61.194  -8.891  14.680 0.0000000000
85581  -61.082  -9.180  14.090 0.0000000000
37342  -17.241  -51.820  53.648 0.0000000000
33899  -17.246  -53.719  57.115 0.0000000000
57062  -46.996  -34.499  45.293 0.0000000000
57080  -47.018  -34.703  42.090 0.0000000000
58209  -47.521  -33.615  41.528 0.0000000000
55956  -44.820  -35.855  38.837 0.0000000000
57107  -45.164  -34.804  38.541 0.0000000000
57119  -45.577  -33.913  38.292 0.0000000000
58236  -45.833  -33.235  38.207 0.0000000000
59326  -45.933  -32.419  38.220 0.0000000000
59325  -45.336  -32.109  37.741 0.0000000000
44747  -23.657  -45.773  49.308 0.0000000000
44763  -23.224  -45.710  48.563 0.0000000000
45927  -25.055  -45.444  48.366 0.0000000000
45928  -25.848  -45.181  48.423 0.0000000000
46009  -24.773  -44.440  44.831 0.0000000000
47105  -26.884  -44.275  45.403 0.0000000000
47086  -25.902  -44.749  45.994 0.0000000000
47087  -26.552  -44.581  46.417 0.0000000000
47071  -26.689  -44.681  47.265 0.0000000000
48105  -28.583  -43.293  45.826 0.0000000000
47090  -29.705  -43.197  46.697 0.0000000000
47075  -30.529  -43.372  47.548 0.0000000000
48107  -29.870  -42.909  45.953 0.0000000000
50384  -34.783  -40.833  37.204 0.0000000000
50383  -33.906  -40.894  37.483 0.0000000000
49301  -34.563  -41.126  37.876 0.0000000000
49291  -35.737  -41.411  38.445 0.0000000000
50387  -37.806  -39.933  37.330 0.0000000000
50386  -36.684  -40.520  37.402 0.0000000000
50361  -37.443  -40.708  37.998 0.0000000000
49248  -39.448  -41.935  39.990 0.0000000000
49247  -38.268  -42.472  39.594 0.0000000000
49246  -37.709  -42.605  39.570 0.0000000000
48224  -38.607  -42.955  40.269 0.0000000000
48207  -41.669  -42.724  41.954 0.0000000000
48182  -40.603  -43.498  42.226 0.0000000000
48183  -41.790  -43.148  42.734 0.0000000000
47154  -41.665  -43.640  43.752 0.0000000000
48162  -42.282  -43.304  43.856 0.0000000000
48144  -42.760  -43.011  44.428 0.0000000000
49174  -43.025  -42.586  43.963 0.0000000000
50249  -43.994  -41.435  43.814 0.0000000000
50250  -44.565  -40.766  44.374 0.0000000000
50230  -44.430  -40.600  45.523 0.0000000000
51450  -43.979  -39.818  41.278 0.0000000000
51451  -44.687  -39.382  41.829 0.0000000000
52594  -45.543  -38.890  43.373 0.0000000000
52593  -45.143  -39.449  42.931 0.0000000000
51408  -45.409  -39.215  44.050 0.0000000000
51394  -45.195  -39.272  44.684 0.0000000000
52579  -45.623  -38.684  44.462 0.0000000000
53657  -45.963  -37.904  45.047 0.0000000000
54759  -46.521  -36.685  44.637 0.0000000000
54751  -46.367  -36.275  45.797 0.0000000000
43652  -20.808  -46.933  44.899 0.0000000000
44776  -22.481  -45.867  47.524 0.0000000000
66455  -50.180  -26.988  41.161 0.0000000000
66456  -50.793  -26.840  40.732 0.0000000000
66482  -51.636  -26.895  38.993 0.0000000000
66472  -51.484  -26.778  39.683 0.0000000000
66473  -52.595  -26.578  39.697 0.0000000000
66459  -53.531  -26.143  40.443 0.0000000000
64052  -51.757  -28.509  35.856 0.0000000000
65311  -51.475  -28.373  36.743 0.0000000000
65312  -51.995  -28.185  36.334 0.0000000000
65298  -54.206  -27.377  36.897 0.0000000000
65297  -53.509  -27.440  37.298 0.0000000000
66491  -53.689  -27.145  37.854 0.0000000000
66485  -54.647  -26.439  38.731 0.0000000000
66493  -55.271  -26.443  37.802 0.0000000000
67629  -55.883  -26.001  37.164 0.0000000000
73567  -54.760  -21.769  26.056 0.0000000000
73553  -55.373  -21.286  27.061 0.0000000000
74695  -56.222  -19.286  29.246 0.0000000000
75811  -56.317  -19.464  30.124 0.0000000000
76825  -56.634  -18.764  30.262 0.0000000000
76848  -58.369  -17.496  28.595 0.0000000000
76861  -57.986  -18.136  28.077 0.0000000000
76819  -58.162  -17.581  31.222 0.0000000000
28800  -10.011  -58.522  51.267 0.0000000000
27426  -9.749  -58.754  50.961 0.0000000000
66659  -47.428  -26.926  25.770 0.0000000000
65476  -48.000  -27.423  26.329 0.0000000000
66678  -48.451  -25.767  25.497 0.0000000000
67816  -48.950  -25.255  25.240 0.0000000000
67801  -49.942  -25.489  25.913 0.0000000000
69013  -49.694  -24.803  25.258 0.0000000000
70195  -50.437  -23.250  25.377 0.0000000000
71387  -50.535  -22.857  25.298 0.0000000000
72466  -51.065  -22.664  25.416 0.0000000000
72482  -50.646  -22.430  25.107 0.0000000000
73585  -51.665  -21.735  24.755 0.0000000000
73586  -52.730  -21.859  25.001 0.0000000000
73607  -53.004  -21.346  24.084 0.0000000000
74768  -53.357  -19.933  23.362 0.0000000000
73608  -54.107  -21.119  24.023 0.0000000000
73610  -55.797  -20.272  24.291 0.0000000000
74755  -55.245  -19.855  23.701 0.0000000000
76908  -55.228  -17.943  23.034 0.0000000000
75890  -54.468  -18.531  23.034 0.0000000000
76897  -55.533  -18.372  23.397 0.0000000000
76899  -57.399  -18.069  24.397 0.0000000000
77993  -56.940  -17.515  23.748 0.0000000000
78007  -57.658  -16.317  23.345 0.0000000000
77994  -57.757  -16.871  24.321 0.0000000000
79161  -58.318  -15.896  23.966 0.0000000000
79185  -58.977  -15.359  23.456 0.0000000000
79184  -58.210  -15.768  23.120 0.0000000000
79221  -56.000  -15.990  20.244 0.0000000000
79233  -56.792  -15.544  20.083 0.0000000000
79234  -57.360  -15.674  20.391 0.0000000000
31326  -12.376  -56.673  50.663 0.0000000000
36306  -16.508  -53.226  54.492 0.0000000000
35147  -16.720  -53.501  53.796 0.0000000000
35137  -15.610  -54.820  54.736 0.0000000000
33915  -15.447  -54.934  53.929 0.0000000000
33914  -15.010  -55.314  54.092 0.0000000000
33918  -14.821  -55.303  53.269 0.0000000000
33917  -14.338  -55.560  53.620 0.0000000000
30023  -15.279  -56.330  55.122 0.0000000000
30028  -13.327  -57.303  54.494 0.0000000000
31290  -13.883  -56.750  54.672 0.0000000000
32589  -13.119  -56.587  54.303 0.0000000000
32595  -13.515  -55.890  54.056 0.0000000000
32594  -12.946  -56.328  54.078 0.0000000000
31294  -12.974  -57.309  53.869 0.0000000000
28785  -12.750  -59.175  53.051 0.0000000000
30043  -12.490  -58.157  52.627 0.0000000000
28784  -12.277  -58.488  52.401 0.0000000000
30050  -11.762  -58.306  51.974 0.0000000000
26139  -12.600  -60.084  51.798 0.0000000000
66353  -49.889  -27.818  45.862 0.0000000000
66354  -50.042  -27.742  45.660 0.0000000000
66382  -49.164  -27.689  44.811 0.0000000000
58184  -47.267  -33.504  45.637 0.0000000000
60377  -47.682  -31.782  43.708 0.0000000000
60376  -47.601  -31.718  44.323 0.0000000000
60361  -47.483  -31.562  45.123 0.0000000000
61555  -47.623  -30.721  44.114 0.0000000000
62802  -46.912  -29.330  41.111 0.0000000000
62788  -47.574  -29.507  42.088 0.0000000000
62763  -47.812  -29.647  44.376 0.0000000000
63968  -47.959  -28.593  43.550 0.0000000000
63958  -48.408  -29.030  44.464 0.0000000000
65213  -48.192  -27.622  42.786 0.0000000000
65214  -48.820  -27.320  43.084 0.0000000000
65228  -49.117  -27.289  41.878 0.0000000000
65275  -48.334  -28.331  38.650 0.0000000000
64024  -49.183  -28.750  38.174 0.0000000000
65290  -46.079  -28.055  37.543 0.0000000000
65310  -46.555  -28.467  36.908 0.0000000000
64064  -46.820  -29.620  35.637 0.0000000000
64065  -47.783  -29.763  35.955 0.0000000000
64048  -48.275  -29.361  36.689 0.0000000000
62889  -48.161  -30.264  35.294 0.0000000000
62903  -47.522  -30.517  34.685 0.0000000000
62930  -46.802  -30.841  32.812 0.0000000000
62942  -47.228  -31.189  31.665 0.0000000000
62954  -45.130  -31.043  30.710 0.0000000000
66536  -40.294  -26.864  33.182 0.0000000000
67661  -40.420  -26.685  32.760 0.0000000000
66574  -41.253  -26.925  31.480 0.0000000000
65375  -42.522  -27.247  32.387 0.0000000000
65389  -41.547  -27.211  31.277 0.0000000000
65410  -41.782  -28.317  30.270 0.0000000000
64153  -41.928  -29.020  29.743 0.0000000000
64139  -43.100  -29.424  30.893 0.0000000000
64178  -44.508  -30.230  28.239 0.0000000000
45877  -24.985  -45.524  50.536 0.0000000000
45865  -24.954  -45.399  51.546 0.0000000000
45866  -25.681  -45.001  52.021 0.0000000000
45868  -27.137  -44.636  52.852 0.0000000000
47009  -29.058  -43.904  51.877 0.0000000000
46998  -29.708  -43.981  52.565 0.0000000000
49201  -28.483  -42.308  42.223 0.0000000000
48174  -28.461  -42.500  42.782 0.0000000000
48155  -28.558  -42.622  43.447 0.0000000000
48156  -29.378  -42.422  43.611 0.0000000000
48140  -31.058  -42.507  44.295 0.0000000000
48124  -30.867  -42.657  45.134 0.0000000000
48109  -31.457  -42.890  45.789 0.0000000000
49225  -33.045  -41.871  40.740 0.0000000000
49243  -32.546  -41.524  40.180 0.0000000000
49224  -32.239  -41.836  41.063 0.0000000000
47168  -35.690  -43.273  42.359 0.0000000000
48179  -35.408  -42.851  41.757 0.0000000000
47146  -34.003  -43.140  43.115 0.0000000000
48142  -32.905  -43.043  43.722 0.0000000000
47126  -33.020  -43.231  44.439 0.0000000000
47095  -33.985  -43.868  45.907 0.0000000000
45953  -33.683  -44.035  47.554 0.0000000000
45931  -33.626  -44.027  47.992 0.0000000000
45954  -34.374  -44.291  47.469 0.0000000000
45934  -35.751  -44.534  48.513 0.0000000000
45958  -38.238  -44.755  47.604 0.0000000000
45957  -37.240  -44.733  47.650 0.0000000000
49124  -43.169  -42.234  46.571 0.0000000000
38544  -16.992  -51.682  48.751 0.0000000000
38557  -17.188  -51.197  48.312 0.0000000000
42383  -18.910  -48.445  46.133 0.0000000000
42354  -19.029  -49.006  48.039 0.0000000000
41079  -17.512  -50.127  46.641 0.0000000000
39794  -18.223  -50.611  50.454 0.0000000000
38509  -17.860  -50.780  52.045 0.0000000000
41019  -20.467  -48.575  53.522 0.0000000000
67524  -52.934  -26.678  42.844 0.0000000000
64181  -47.949  -29.643  28.094 0.0000000000
64157  -48.764  -29.786  28.901 0.0000000000
64160  -52.041  -28.401  29.464 0.0000000000
64159  -51.017  -29.004  29.483 0.0000000000
64133  -52.387  -28.823  31.393 0.0000000000
65392  -53.147  -28.325  31.256 0.0000000000
66602  -53.186  -26.737  28.592 0.0000000000
65430  -52.517  -27.106  28.266 0.0000000000
65413  -53.630  -27.005  29.229 0.0000000000
66560  -55.096  -26.854  31.540 0.0000000000
65394  -54.496  -27.189  30.878 0.0000000000
65380  -54.445  -27.465  31.850 0.0000000000
66527  -54.852  -27.199  33.774 0.0000000000
66542  -55.592  -26.539  33.308 0.0000000000
68839  -57.231  -25.164  34.091 0.0000000000
67649  -56.656  -25.549  34.510 0.0000000000
68823  -57.294  -25.139  34.886 0.0000000000
72445  -54.160  -22.244  28.503 0.0000000000
73535  -54.956  -21.262  29.399 0.0000000000
72407  -56.401  -21.359  31.374 0.0000000000
71320  -56.350  -22.496  30.926 0.0000000000
70118  -56.222  -22.981  30.670 0.0000000000
70081  -57.308  -23.004  31.962 0.0000000000
80350  -59.241  -14.983  22.931 0.0000000000
80351  -59.893  -14.461  22.493 0.0000000000
81394  -60.389  -13.706  20.911 0.0000000000
81385  -60.595  -13.682  22.030 0.0000000000
81386  -61.247  -13.128  22.360 0.0000000000
82368  -61.347  -12.653  21.732 0.0000000000
82395  -59.305  -13.081  19.028 0.0000000000
82397  -61.205  -12.202  19.099 0.0000000000
82382  -60.963  -12.537  19.880 0.0000000000
83306  -61.731  -11.658  21.117 0.0000000000
83307  -61.962  -11.061  21.680 0.0000000000
84355  -61.999  -10.865  21.061 0.0000000000
84367  -62.470  -10.338  19.252 0.0000000000
85496  -63.022  -9.072  20.707 0.0000000000
85497  -63.405  -8.788  21.355 0.0000000000
86637  -63.316  -8.301  20.396 0.0000000000
86671  -60.177  -8.974  16.665 0.0000000000
86670  -59.606  -9.401  16.864 0.0000000000
85522  -59.319  -9.606  17.251 0.0000000000
86659  -60.079  -9.079  17.097 0.0000000000
86651  -60.400  -9.266  17.511 0.0000000000
86660  -60.652  -8.900  17.299 0.0000000000
87774  -62.904  -7.717  18.480 0.0000000000
86646  -63.449  -7.953  20.239 0.0000000000
87767  -63.702  -7.362  19.897 0.0000000000
90001  -63.254  -5.871  15.930 0.0000000000
88898  -63.414  -6.057  15.357 0.0000000000
54864  -42.472  -37.153  37.735 0.0000000000
55968  -42.991  -36.639  37.958 0.0000000000
55983  -41.862  -36.473  36.955 0.0000000000
55999  -41.675  -36.124  36.281 0.0000000000
52710  -39.025  -38.448  36.028 0.0000000000
52689  -40.263  -38.556  36.787 0.0000000000
52676  -41.337  -38.620  37.774 0.0000000000
52677  -41.881  -38.447  38.127 0.0000000000
52691  -41.475  -38.343  37.612 0.0000000000
53790  -42.262  -37.656  37.907 0.0000000000
62932  -49.253  -31.011  32.549 0.0000000000
62944  -49.590  -30.547  31.507 0.0000000000
62958  -49.810  -29.900  30.685 0.0000000000
76888  -60.173  -17.015  25.635 0.0000000000
77959  -60.626  -16.771  26.273 0.0000000000
79118  -61.033  -16.265  27.374 0.0000000000
80285  -62.296  -14.882  27.711 0.0000000000
81342  -62.695  -13.973  27.400 0.0000000000
82319  -63.001  -13.036  27.049 0.0000000000
81348  -62.570  -13.702  26.387 0.0000000000
80302  -62.282  -14.144  25.941 0.0000000000
36347  -16.016  -52.599  48.504 0.0000000000
36340  -16.484  -52.832  49.219 0.0000000000
35182  -16.472  -53.471  49.901 0.0000000000
62847  -44.047  -29.913  37.615 0.0000000000
62848  -44.348  -29.545  38.085 0.0000000000
65287  -43.926  -28.269  36.827 0.0000000000
65306  -43.777  -28.098  35.920 0.0000000000
66500  -43.552  -27.930  35.315 0.0000000000
66524  -42.604  -27.211  34.199 0.0000000000
43527  -23.339  -47.029  53.481 0.0000000000
47058  -30.409  -43.498  48.529 0.0000000000
47041  -31.288  -43.560  49.396 0.0000000000
47013  -33.093  -43.812  50.997 0.0000000000
47026  -33.030  -43.687  49.866 0.0000000000
47027  -33.758  -43.816  49.473 0.0000000000
47152  -40.216  -44.064  43.532 0.0000000000
47151  -39.334  -44.217  43.337 0.0000000000
46029  -40.253  -44.321  44.078 0.0000000000
46028  -39.750  -44.415  44.065 0.0000000000
45998  -40.006  -44.578  45.693 0.0000000000
44728  -21.728  -46.819  50.309 0.0000000000
43570  -21.743  -46.906  50.926 0.0000000000
43533  -21.938  -47.475  52.428 0.0000000000
43535  -23.098  -47.089  52.884 0.0000000000
70167  -52.341  -23.482  27.167 0.0000000000
70147  -52.495  -24.085  27.718 0.0000000000
71346  -53.310  -23.176  28.457 0.0000000000
71333  -53.995  -22.990  28.787 0.0000000000
55909  -46.807  -35.653  43.855 0.0000000000
55916  -46.736  -35.769  42.680 0.0000000000
55924  -46.754  -35.595  41.625 0.0000000000
57127  -43.949  -34.406  36.867 0.0000000000
57128  -44.590  -33.602  37.235 0.0000000000
58246  -44.296  -33.048  36.684 0.0000000000
59340  -44.364  -31.884  36.743 0.0000000000
59353  -44.020  -32.373  36.075 0.0000000000
44778  -23.522  -45.575  48.015 0.0000000000
45948  -23.281  -45.482  47.393 0.0000000000
45970  -23.525  -45.147  46.673 0.0000000000
45971  -24.565  -45.103  46.564 0.0000000000
47122  -24.989  -44.190  44.307 0.0000000000
47123  -26.177  -44.297  44.458 0.0000000000
47106  -27.788  -43.665  45.442 0.0000000000
47107  -28.328  -43.392  45.738 0.0000000000
49294  -38.591  -41.080  38.670 0.0000000000
50314  -39.801  -41.377  39.594 0.0000000000
49273  -39.496  -41.499  39.391 0.0000000000
49226  -41.233  -42.395  41.256 0.0000000000
49206  -41.999  -42.595  42.120 0.0000000000
49189  -42.943  -42.377  43.362 0.0000000000
49207  -42.638  -42.190  42.436 0.0000000000
49208  -43.386  -41.576  42.586 0.0000000000
52624  -44.828  -38.717  41.350 0.0000000000
52609  -45.576  -38.490  42.340 0.0000000000
53689  -46.096  -38.027  43.107 0.0000000000
53673  -46.454  -37.397  43.790 0.0000000000
54765  -46.645  -36.583  43.428 0.0000000000
44797  -21.395  -46.479  44.733 0.0000000000
44798  -21.834  -45.903  45.401 0.0000000000
45968  -22.202  -45.604  46.493 0.0000000000
65261  -49.674  -27.628  39.626 0.0000000000
65262  -50.727  -27.162  39.525 0.0000000000
65277  -50.527  -27.835  38.603 0.0000000000
65278  -51.590  -27.287  38.457 0.0000000000
65344  -52.248  -28.683  34.543 0.0000000000
65330  -52.744  -28.305  35.401 0.0000000000
66503  -54.760  -27.243  36.416 0.0000000000
74712  -56.139  -20.650  26.896 0.0000000000
74713  -56.672  -19.671  27.518 0.0000000000
75821  -56.983  -18.526  28.896 0.0000000000
77912  -59.327  -16.452  30.088 0.0000000000
77902  -59.443  -16.688  31.131 0.0000000000
84347  -63.116  -10.031  22.815 0.0000000000
70193  -48.997  -23.585  24.720 0.0000000000
74751  -51.186  -20.539  23.718 0.0000000000
74752  -52.245  -20.615  23.632 0.0000000000
74767  -52.636  -19.913  23.321 0.0000000000
76922  -54.508  -17.696  22.151 0.0000000000
76909  -56.235  -17.525  23.103 0.0000000000
76924  -56.472  -17.153  22.571 0.0000000000
78019  -57.210  -16.713  22.347 0.0000000000
79200  -57.742  -16.233  22.108 0.0000000000
78032  -56.721  -16.661  21.431 0.0000000000
78043  -56.004  -16.450  20.767 0.0000000000
36287  -16.428  -53.500  55.777 0.0000000000
35135  -15.829  -54.117  55.344 0.0000000000
33906  -16.132  -54.976  55.187 0.0000000000
33905  -15.346  -55.571  54.769 0.0000000000
28778  -13.827  -58.399  54.517 0.0000000000
30037  -13.206  -57.844  54.155 0.0000000000
30036  -13.029  -57.732  53.682 0.0000000000
28776  -13.007  -58.294  53.614 0.0000000000
27409  -12.677  -59.208  52.900 0.0000000000
27419  -12.355  -59.431  52.286 0.0000000000
27420  -12.686  -59.660  52.817 0.0000000000
26130  -12.683  -60.049  52.317 0.0000000000
58196  -47.712  -33.058  43.488 0.0000000000
58191  -47.648  -32.845  43.907 0.0000000000
59284  -47.816  -32.474  42.856 0.0000000000
60392  -47.749  -31.858  43.144 0.0000000000
62801  -46.126  -29.083  40.536 0.0000000000
65243  -47.647  -27.562  40.649 0.0000000000
65328  -45.310  -28.198  35.399 0.0000000000
64081  -46.419  -29.390  34.543 0.0000000000
64097  -46.418  -29.590  33.955 0.0000000000
62915  -46.686  -30.231  33.799 0.0000000000
62914  -46.196  -29.805  33.415 0.0000000000
62929  -45.856  -29.951  32.864 0.0000000000
62940  -44.811  -30.168  32.073 0.0000000000
45880  -27.228  -44.790  51.971 0.0000000000
47007  -27.757  -44.545  52.441 0.0000000000
46999  -30.698  -43.961  52.478 0.0000000000
50298  -29.146  -41.709  40.293 0.0000000000
49239  -28.375  -41.930  40.444 0.0000000000
49202  -29.336  -41.969  42.035 0.0000000000
49186  -29.380  -42.212  42.871 0.0000000000
48157  -30.202  -42.358  43.523 0.0000000000
49267  -33.719  -41.382  39.296 0.0000000000
49266  -32.859  -41.309  39.308 0.0000000000
49245  -34.111  -41.588  39.856 0.0000000000
48219  -34.064  -41.786  40.298 0.0000000000
48199  -33.921  -42.201  40.936 0.0000000000
47128  -35.163  -43.691  44.182 0.0000000000
47110  -34.547  -43.974  45.183 0.0000000000
42355  -19.573  -48.262  48.252 0.0000000000
41067  -18.842  -49.689  48.719 0.0000000000
41054  -18.933  -49.731  49.869 0.0000000000
39795  -18.664  -50.083  50.584 0.0000000000
39788  -18.691  -49.852  51.469 0.0000000000
41003  -21.818  -48.354  55.229 0.0000000000
41002  -21.035  -48.737  55.374 0.0000000000
65426  -49.157  -28.469  27.433 0.0000000000
64184  -51.343  -28.445  28.686 0.0000000000
65411  -52.174  -28.044  28.924 0.0000000000
67746  -54.604  -25.579  29.517 0.0000000000
66591  -54.198  -26.677  29.594 0.0000000000
66593  -55.315  -25.995  30.476 0.0000000000
66577  -55.629  -26.178  31.147 0.0000000000
66561  -55.759  -26.384  32.149 0.0000000000
67666  -56.003  -25.895  33.961 0.0000000000
73527  -55.455  -21.089  29.899 0.0000000000
73528  -56.132  -20.902  30.510 0.0000000000
72408  -56.689  -21.557  31.947 0.0000000000
80371  -58.924  -15.238  20.816 0.0000000000
80362  -59.609  -14.660  21.592 0.0000000000
80372  -59.616  -14.662  21.021 0.0000000000
81401  -59.658  -14.279  20.425 0.0000000000
82404  -60.657  -12.031  18.540 0.0000000000
83325  -61.677  -11.606  18.787 0.0000000000
83313  -62.265  -10.898  19.624 0.0000000000
83326  -62.244  -11.076  19.017 0.0000000000
84383  -62.061  -10.311  18.540 0.0000000000
85513  -62.431  -9.662  18.663 0.0000000000
85565  -59.595  -9.637  14.716 0.0000000000
85549  -59.873  -9.321  15.857 0.0000000000
86685  -60.113  -9.125  16.136 0.0000000000
87792  -60.637  -8.360  16.646 0.0000000000
87781  -61.086  -8.260  17.041 0.0000000000
88864  -63.040  -6.946  18.080 0.0000000000
88872  -63.040  -6.436  17.737 0.0000000000
88913  -64.025  -6.185  14.644 0.0000000000
90016  -64.637  -5.768  15.112 0.0000000000
88914  -64.920  -6.227  14.514 0.0000000000
53736  -45.407  -37.287  40.771 0.0000000000
54813  -45.333  -36.763  40.280 0.0000000000
55945  -44.932  -36.425  39.586 0.0000000000
55985  -43.472  -35.336  37.323 0.0000000000
57137  -43.034  -34.523  35.825 0.0000000000
47142  -24.187  -44.106  43.407 0.0000000000
48152  -26.109  -43.972  43.116 0.0000000000
51554  -36.703  -39.423  35.990 0.0000000000
50401  -37.555  -39.554  36.764 0.0000000000
50388  -38.527  -39.777  37.640 0.0000000000
51527  -38.641  -39.317  37.076 0.0000000000
51500  -39.080  -39.594  37.712 0.0000000000
50363  -39.568  -40.278  38.528 0.0000000000
51485  -39.898  -40.135  38.697 0.0000000000
50317  -42.921  -40.460  40.555 0.0000000000
51467  -42.164  -40.135  39.815 0.0000000000
51468  -42.974  -39.718  40.212 0.0000000000
51469  -43.773  -39.335  40.628 0.0000000000
52663  -42.818  -38.670  39.112 0.0000000000
52664  -43.260  -38.495  39.697 0.0000000000
52643  -43.883  -38.589  40.315 0.0000000000
52644  -44.629  -38.306  40.759 0.0000000000
53735  -44.777  -37.711  40.501 0.0000000000
64049  -49.315  -29.568  36.664 0.0000000000
64050  -50.381  -29.259  36.420 0.0000000000
64068  -50.956  -29.338  35.396 0.0000000000
64084  -51.436  -29.199  34.441 0.0000000000
64098  -50.331  -29.893  33.427 0.0000000000
65360  -52.769  -28.832  33.391 0.0000000000
75859  -57.892  -19.179  25.667 0.0000000000
75851  -58.326  -18.592  26.776 0.0000000000
76849  -58.956  -17.326  28.068 0.0000000000
77930  -58.958  -16.924  28.635 0.0000000000
77932  -60.213  -16.649  27.771 0.0000000000
77931  -59.618  -16.815  28.133 0.0000000000
77922  -59.368  -16.414  29.062 0.0000000000
79082  -60.078  -15.981  30.623 0.0000000000
79083  -60.736  -15.467  31.096 0.0000000000
83275  -63.315  -11.672  25.299 0.0000000000
83282  -63.053  -11.442  24.557 0.0000000000
36346  -15.222  -52.853  48.272 0.0000000000
35189  -14.901  -53.914  48.733 0.0000000000
33957  -14.780  -54.518  49.287 0.0000000000
32617  -14.665  -55.820  51.468 0.0000000000
60449  -46.557  -31.337  39.302 0.0000000000
60435  -47.314  -31.468  40.358 0.0000000000
61633  -46.325  -30.717  39.240 0.0000000000
61622  -46.678  -30.357  39.537 0.0000000000
62816  -45.901  -29.460  39.606 0.0000000000
62831  -44.918  -29.619  38.700 0.0000000000
62815  -45.293  -29.157  39.153 0.0000000000
64007  -45.388  -28.596  39.449 0.0000000000
65240  -45.392  -28.062  39.757 0.0000000000
65257  -45.710  -27.728  39.275 0.0000000000
65308  -44.938  -28.017  36.352 0.0000000000
65307  -44.201  -27.884  36.094 0.0000000000
65342  -44.760  -27.942  34.605 0.0000000000
65359  -44.535  -27.931  34.105 0.0000000000
47038  -28.620  -44.362  50.175 0.0000000000
49240  -29.799  -41.532  40.396 0.0000000000
49222  -30.352  -41.689  41.127 0.0000000000
48202  -36.774  -43.284  41.033 0.0000000000
47169  -36.816  -43.715  42.162 0.0000000000
47149  -37.179  -44.276  43.572 0.0000000000
47150  -38.377  -44.311  43.333 0.0000000000
47130  -36.868  -44.445  44.397 0.0000000000
46010  -36.726  -44.555  44.942 0.0000000000
45995  -37.108  -44.617  45.702 0.0000000000
45959  -39.218  -44.743  47.514 0.0000000000
45980  -39.593  -44.587  46.619 0.0000000000
45938  -39.835  -45.117  48.213 0.0000000000
42401  -19.506  -47.682  45.342 0.0000000000
43618  -19.994  -47.398  47.113 0.0000000000
43605  -19.959  -47.532  48.107 0.0000000000
43590  -20.484  -47.252  49.148 0.0000000000
43589  -19.973  -47.744  48.801 0.0000000000
42318  -20.025  -48.307  50.931 0.0000000000
41035  -20.090  -48.587  52.130 0.0000000000
42304  -20.490  -48.188  51.621 0.0000000000
42297  -20.788  -48.229  52.648 0.0000000000
42290  -21.134  -48.171  53.411 0.0000000000
42291  -21.818  -47.760  53.380 0.0000000000
42284  -21.731  -47.988  54.362 0.0000000000
66635  -51.448  -26.122  27.241 0.0000000000
66614  -51.776  -26.729  27.733 0.0000000000
67758  -52.587  -25.700  28.054 0.0000000000
67744  -53.160  -25.693  28.515 0.0000000000
70132  -52.855  -24.417  28.561 0.0000000000
68934  -53.398  -24.885  29.007 0.0000000000
67745  -53.976  -25.548  29.119 0.0000000000
67728  -55.143  -25.305  30.080 0.0000000000
68899  -56.472  -24.728  31.070 0.0000000000
82393  -57.148  -13.120  18.943 0.0000000000
83323  -56.963  -12.329  18.709 0.0000000000
88896  -62.050  -7.119  15.915 0.0000000000
87821  -61.938  -7.706  15.357 0.0000000000
86702  -62.119  -8.134  14.840 0.0000000000
87822  -62.664  -7.290  14.866 0.0000000000
85593  -60.850  -9.229  13.538 0.0000000000
87823  -63.416  -6.822  14.409 0.0000000000
36322  -17.714  -51.922  51.747 0.0000000000
36321  -17.561  -52.484  52.176 0.0000000000
36314  -17.295  -52.341  53.144 0.0000000000
36307  -16.917  -52.626  53.978 0.0000000000
35130  -16.863  -53.460  56.727 0.0000000000
58195  -47.508  -33.872  43.422 0.0000000000
58210  -47.726  -33.382  42.144 0.0000000000
59289  -47.709  -32.976  41.407 0.0000000000
59296  -47.573  -32.644  40.898 0.0000000000
55934  -46.057  -36.072  40.598 0.0000000000
55947  -46.294  -35.218  40.359 0.0000000000
57108  -45.835  -34.379  38.993 0.0000000000
57099  -46.555  -34.358  40.127 0.0000000000
58226  -46.655  -33.629  39.747 0.0000000000
59311  -46.844  -32.618  39.809 0.0000000000
60455  -45.443  -31.326  38.233 0.0000000000
61653  -44.418  -30.783  37.554 0.0000000000
60465  -44.511  -31.237  37.350 0.0000000000
61652  -44.040  -30.583  37.219 0.0000000000
62876  -43.153  -29.772  36.378 0.0000000000
62875  -42.941  -29.539  35.885 0.0000000000
44730  -23.460  -46.026  50.273 0.0000000000
44731  -24.308  -45.798  49.985 0.0000000000
45889  -24.966  -45.553  49.635 0.0000000000
45926  -24.498  -45.529  48.546 0.0000000000
45906  -24.886  -45.527  48.966 0.0000000000
45890  -25.567  -45.111  50.009 0.0000000000
45908  -26.172  -44.989  49.372 0.0000000000
45930  -27.498  -44.712  49.071 0.0000000000
45992  -25.561  -44.768  45.814 0.0000000000
45972  -25.677  -44.914  46.519 0.0000000000
45951  -26.215  -44.914  47.587 0.0000000000
45952  -26.915  -44.725  47.871 0.0000000000
47076  -31.453  -43.399  47.418 0.0000000000
50396  -33.489  -40.489  36.937 0.0000000000
50359  -33.401  -40.982  38.110 0.0000000000
48238  -35.004  -41.833  39.538 0.0000000000
48239  -35.494  -42.071  39.636 0.0000000000
49304  -36.568  -40.878  37.937 0.0000000000
49303  -36.103  -40.980  37.873 0.0000000000
49293  -37.947  -41.271  38.558 0.0000000000
49292  -36.756  -41.300  38.368 0.0000000000
49270  -36.136  -41.906  39.048 0.0000000000
48241  -36.875  -42.639  39.800 0.0000000000
48222  -36.456  -42.800  40.318 0.0000000000
48203  -37.772  -43.490  40.816 0.0000000000
47192  -39.365  -43.815  42.158 0.0000000000
48181  -40.113  -43.604  42.132 0.0000000000
47172  -39.895  -43.816  42.557 0.0000000000
47153  -40.970  -43.865  43.687 0.0000000000
47097  -42.578  -43.548  46.353 0.0000000000
47134  -42.674  -43.277  44.921 0.0000000000
48111  -43.251  -42.608  45.655 0.0000000000
49141  -43.534  -42.026  45.784 0.0000000000
49175  -43.506  -42.094  44.075 0.0000000000
49160  -43.538  -42.146  44.872 0.0000000000
50209  -43.861  -41.076  46.135 0.0000000000
50210  -44.134  -40.315  46.469 0.0000000000
51380  -44.704  -39.800  46.083 0.0000000000
50301  -43.818  -40.502  41.692 0.0000000000
50286  -44.497  -40.395  42.712 0.0000000000
51381  -45.018  -39.343  45.477 0.0000000000
52550  -45.264  -38.553  46.559 0.0000000000
54758  -46.270  -37.318  44.968 0.0000000000
54750  -46.189  -37.165  45.608 0.0000000000
43651  -19.935  -47.273  44.923 0.0000000000
44774  -21.327  -46.592  46.728 0.0000000000
44784  -21.395  -46.526  45.711 0.0000000000
66422  -50.891  -26.660  42.499 0.0000000000
66471  -50.875  -26.906  40.024 0.0000000000
66457  -51.839  -26.496  40.635 0.0000000000
66442  -52.649  -26.336  41.339 0.0000000000
67573  -53.025  -26.251  41.340 0.0000000000
64038  -51.236  -28.488  36.904 0.0000000000
65279  -52.760  -27.234  38.083 0.0000000000
66484  -53.449  -26.911  38.588 0.0000000000
66475  -54.446  -26.172  39.423 0.0000000000
67620  -55.739  -25.921  38.045 0.0000000000
73541  -53.853  -22.149  27.685 0.0000000000
73551  -54.033  -21.997  27.122 0.0000000000
74702  -55.031  -20.999  28.302 0.0000000000
74693  -55.108  -20.703  28.914 0.0000000000
74703  -55.584  -20.385  28.055 0.0000000000
74685  -56.320  -19.923  30.319 0.0000000000
74686  -56.598  -19.736  30.781 0.0000000000
74661  -57.350  -19.657  31.612 0.0000000000
75835  -58.015  -18.498  27.474 0.0000000000
76847  -57.590  -18.009  28.782 0.0000000000
76836  -57.104  -18.022  29.693 0.0000000000
77911  -58.480  -17.006  30.535 0.0000000000
76827  -57.659  -17.689  30.516 0.0000000000
76826  -57.060  -18.464  30.572 0.0000000000
30048  -10.120  -57.980  51.328 0.0000000000
62989  -46.316  -30.101  28.825 0.0000000000
62990  -47.311  -29.992  28.784 0.0000000000
64180  -46.769  -29.770  27.922 0.0000000000
64203  -48.268  -28.720  27.306 0.0000000000
65448  -47.157  -28.318  26.580 0.0000000000
65450  -48.864  -27.822  26.954 0.0000000000
66632  -48.846  -27.081  26.605 0.0000000000
66633  -49.484  -26.797  26.751 0.0000000000
66677  -47.699  -26.101  25.361 0.0000000000
66661  -49.427  -26.112  26.272 0.0000000000
67776  -50.152  -26.032  26.586 0.0000000000
67802  -50.498  -25.640  26.302 0.0000000000
68996  -50.830  -25.139  25.982 0.0000000000
70165  -51.341  -24.647  26.035 0.0000000000
70194  -49.747  -23.722  25.150 0.0000000000
70180  -50.849  -24.048  25.711 0.0000000000
70181  -51.579  -23.478  26.100 0.0000000000
71372  -52.272  -22.887  26.494 0.0000000000
72468  -52.607  -22.544  26.245 0.0000000000
72483  -51.570  -22.225  25.260 0.0000000000
72484  -52.266  -22.157  25.374 0.0000000000
73566  -53.621  -22.186  26.132 0.0000000000
73588  -55.030  -21.453  24.929 0.0000000000
73589  -55.955  -20.831  24.963 0.0000000000
73590  -56.517  -20.372  25.388 0.0000000000
74740  -56.996  -19.772  25.266 0.0000000000
75889  -53.420  -19.269  23.068 0.0000000000
75873  -54.466  -19.345  23.363 0.0000000000
75858  -57.293  -19.379  25.132 0.0000000000
75876  -57.587  -18.713  24.873 0.0000000000
76885  -57.996  -18.380  25.064 0.0000000000
77978  -58.801  -17.206  25.027 0.0000000000
77979  -59.667  -16.836  25.047 0.0000000000
77996  -59.806  -16.217  24.485 0.0000000000
77997  -60.519  -15.945  24.488 0.0000000000
79164  -60.830  -15.420  24.297 0.0000000000
79163  -59.997  -15.501  23.993 0.0000000000
80334  -59.287  -15.079  23.315 0.0000000000
79210  -58.581  -15.570  21.790 0.0000000000
79208  -57.416  -16.287  21.496 0.0000000000
79209  -58.000  -15.880  21.637 0.0000000000
79224  -58.371  -15.672  21.242 0.0000000000
80370  -58.278  -15.468  20.496 0.0000000000
80382  -57.962  -15.221  19.960 0.0000000000
81412  -56.474  -13.856  19.176 0.0000000000
82391  -55.273  -12.791  19.052 0.0000000000
35168  -17.102  -53.479  51.937 0.0000000000
35167  -16.511  -54.263  51.476 0.0000000000
35146  -16.104  -53.857  54.061 0.0000000000
33928  -15.874  -54.874  51.998 0.0000000000
33927  -15.111  -55.330  52.283 0.0000000000
32607  -14.414  -55.682  52.387 0.0000000000
31283  -16.035  -55.949  55.634 0.0000000000
31282  -15.413  -56.131  55.224 0.0000000000
32591  -14.857  -55.971  54.612 0.0000000000
30029  -14.330  -56.963  54.837 0.0000000000
32581  -14.388  -56.437  54.601 0.0000000000
33909  -14.114  -55.939  54.199 0.0000000000
33913  -14.198  -55.701  54.022 0.0000000000
32599  -13.677  -55.821  53.409 0.0000000000
32606  -13.747  -56.044  52.477 0.0000000000
31309  -13.273  -56.508  52.231 0.0000000000
31308  -12.894  -56.837  52.468 0.0000000000
30044  -12.734  -57.751  53.337 0.0000000000
31300  -12.732  -57.669  53.022 0.0000000000
28793  -10.462  -58.308  51.457 0.0000000000
27417  -10.783  -58.828  51.561 0.0000000000
27429  -12.044  -59.512  51.729 0.0000000000
66355  -50.693  -27.665  45.552 0.0000000000
66367  -50.278  -27.287  45.146 0.0000000000
58172  -47.057  -33.461  46.697 0.0000000000
59270  -47.464  -32.528  44.934 0.0000000000
60422  -47.586  -31.081  40.716 0.0000000000
61591  -47.811  -30.590  42.062 0.0000000000
62789  -47.747  -30.213  42.771 0.0000000000
61571  -47.668  -30.428  43.457 0.0000000000
63959  -48.634  -28.593  44.594 0.0000000000
65177  -48.900  -28.158  44.878 0.0000000000
65194  -47.906  -27.940  43.255 0.0000000000
65195  -48.468  -27.842  43.892 0.0000000000
66401  -48.933  -27.779  44.465 0.0000000000
66402  -49.097  -27.328  44.140 0.0000000000
66420  -49.300  -27.064  43.423 0.0000000000
65229  -49.836  -27.068  41.390 0.0000000000
65276  -49.524  -28.331  38.653 0.0000000000
64025  -49.603  -28.725  38.151 0.0000000000
64046  -46.502  -28.850  36.248 0.0000000000
64034  -47.824  -28.810  37.304 0.0000000000
62890  -48.885  -30.068  35.025 0.0000000000
61708  -47.194  -30.914  33.526 0.0000000000
61722  -47.507  -31.162  33.337 0.0000000000
65323  -41.164  -27.970  33.845 0.0000000000
66510  -42.288  -27.597  34.290 0.0000000000
66523  -41.773  -27.195  33.858 0.0000000000
66538  -42.247  -26.959  33.544 0.0000000000
66557  -41.290  -26.675  32.293 0.0000000000
66559  -42.697  -27.009  33.213 0.0000000000
65376  -43.128  -27.479  32.818 0.0000000000
64112  -43.437  -27.899  32.551 0.0000000000
64128  -43.096  -28.174  31.942 0.0000000000
65401  -41.744  -27.873  30.646 0.0000000000
64129  -44.049  -29.340  32.021 0.0000000000
62939  -44.027  -30.064  31.711 0.0000000000
62953  -43.955  -30.391  30.839 0.0000000000
64154  -42.996  -29.871  29.496 0.0000000000
62970  -43.744  -30.302  29.816 0.0000000000
62972  -45.823  -30.685  29.572 0.0000000000
44699  -24.221  -45.748  52.055 0.0000000000
45854  -24.924  -45.234  52.581 0.0000000000
47021  -28.346  -44.235  51.146 0.0000000000
47008  -28.355  -44.278  52.126 0.0000000000
48195  -25.909  -42.889  41.543 0.0000000000
48137  -28.394  -42.862  44.376 0.0000000000
48122  -29.094  -42.704  45.246 0.0000000000
48123  -29.991  -42.663  45.184 0.0000000000
47077  -32.327  -43.441  47.208 0.0000000000
50332  -31.393  -41.041  39.172 0.0000000000
49265  -32.093  -41.316  39.551 0.0000000000
49223  -31.231  -41.675  41.065 0.0000000000
49205  -31.703  -41.974  41.701 0.0000000000
48161  -34.036  -42.941  42.589 0.0000000000
48177  -33.557  -42.576  41.977 0.0000000000
48175  -31.559  -42.223  42.402 0.0000000000
47108  -32.681  -43.195  45.185 0.0000000000
47093  -32.320  -43.217  46.131 0.0000000000
47061  -33.175  -43.824  47.965 0.0000000000
47044  -33.677  -43.922  48.641 0.0000000000
45911  -34.358  -44.044  49.008 0.0000000000
45933  -34.842  -44.284  48.349 0.0000000000
45912  -35.156  -44.407  49.318 0.0000000000
38555  -15.893  -51.305  47.622 0.0000000000
37388  -17.360  -51.916  49.847 0.0000000000
39844  -16.909  -50.300  46.229 0.0000000000
39816  -18.196  -50.421  48.614 0.0000000000
39815  -17.805  -50.992  48.578 0.0000000000
37374  -17.744  -51.593  51.159 0.0000000000
37365  -17.761  -51.417  51.953 0.0000000000
37352  -17.703  -51.151  52.457 0.0000000000
41001  -20.297  -48.965  55.407 0.0000000000
62975  -49.211  -29.976  29.813 0.0000000000
64142  -50.656  -29.477  30.561 0.0000000000
64132  -51.529  -29.223  31.505 0.0000000000
65378  -53.062  -28.695  32.281 0.0000000000
65361  -53.572  -28.293  33.201 0.0000000000
65412  -52.867  -27.717  29.139 0.0000000000
65402  -53.174  -27.990  30.282 0.0000000000
65404  -54.529  -26.859  30.189 0.0000000000
66528  -55.443  -26.661  34.492 0.0000000000
67639  -56.679  -25.605  35.502 0.0000000000
72430  -54.059  -22.469  28.624 0.0000000000
71334  -54.599  -23.057  29.314 0.0000000000
72419  -55.338  -21.681  30.004 0.0000000000
71318  -55.125  -22.720  29.852 0.0000000000
70117  -55.764  -23.339  30.305 0.0000000000
68917  -56.402  -23.637  30.676 0.0000000000
68900  -56.872  -24.204  31.296 0.0000000000
68881  -57.654  -23.400  32.649 0.0000000000
68880  -57.362  -24.213  32.404 0.0000000000
80319  -61.462  -14.743  24.275 0.0000000000
80337  -61.454  -14.146  23.586 0.0000000000
80352  -60.458  -14.079  22.639 0.0000000000
81376  -60.761  -13.922  22.730 0.0000000000
82348  -61.868  -12.855  23.449 0.0000000000
82358  -62.054  -12.155  23.327 0.0000000000
83290  -62.013  -11.733  22.827 0.0000000000
81415  -59.803  -13.591  19.644 0.0000000000
81402  -60.274  -13.562  20.141 0.0000000000
82396  -60.360  -12.840  19.217 0.0000000000
82381  -60.504  -13.058  19.882 0.0000000000
82375  -60.705  -13.077  20.453 0.0000000000
83299  -61.797  -11.769  22.092 0.0000000000
83291  -62.539  -11.282  23.482 0.0000000000
85479  -63.587  -9.262  22.442 0.0000000000
85490  -63.723  -8.744  21.886 0.0000000000
85509  -59.277  -9.880  17.823 0.0000000000
85510  -60.015  -9.541  17.759 0.0000000000
85512  -61.796  -9.420  17.990 0.0000000000
86662  -62.111  -8.526  17.716 0.0000000000
86653  -62.542  -8.712  18.336 0.0000000000
88897  -62.681  -6.544  15.664 0.0000000000
89986  -63.547  -5.648  16.596 0.0000000000
90003  -64.778  -5.698  15.802 0.0000000000
24923  -12.945  -60.394  52.180 0.0000000000
26131  -13.073  -60.323  52.629 0.0000000000
28771  -13.783  -57.845  54.815 0.0000000000
28777  -13.274  -58.366  54.138 0.0000000000
30024  -15.946  -56.248  55.418 0.0000000000
30035  -12.720  -58.071  53.070 0.0000000000
30055  -10.153  -57.777  51.213 0.0000000000
31281  -14.741  -56.554  54.740 0.0000000000
31284  -16.803  -55.695  55.866 0.0000000000
31288  -12.891  -57.460  54.056 0.0000000000
31289  -13.059  -56.932  54.434 0.0000000000
31295  -12.850  -56.928  53.920 0.0000000000
31319  -13.507  -56.434  51.639 0.0000000000
32582  -15.145  -56.003  54.973 0.0000000000
32598  -13.089  -56.286  53.417 0.0000000000
33898  -16.849  -53.925  57.175 0.0000000000
33902  -17.348  -54.080  57.038 0.0000000000
35125  -17.096  -53.517  57.091 0.0000000000
35134  -15.594  -55.242  55.019 0.0000000000
36284  -16.565  -53.474  55.926 0.0000000000
36334  -17.443  -52.419  50.608 0.0000000000
36339  -15.918  -53.101  48.765 0.0000000000
37364  -17.688  -51.875  52.178 0.0000000000
37382  -17.560  -51.859  50.394 0.0000000000
37387  -17.038  -52.144  49.452 0.0000000000
37402  -15.522  -51.414  47.470 0.0000000000
38522  -17.888  -50.963  51.225 0.0000000000
41012  -21.373  -48.373  54.868 0.0000000000
41068  -19.554  -48.919  48.825 0.0000000000
42283  -21.417  -48.118  53.892 0.0000000000
42303  -20.123  -48.393  51.400 0.0000000000
43534  -22.616  -47.223  52.501 0.0000000000
44697  -23.109  -46.945  52.432 0.0000000000
44764  -23.916  -45.584  48.552 0.0000000000
45947  -22.841  -45.611  47.386 0.0000000000
46015  -41.026  -44.341  45.022 0.0000000000
47055  -27.404  -44.651  48.382 0.0000000000
47062  -33.630  -43.983  48.230 0.0000000000
47096  -41.989  -43.996  46.601 0.0000000000
47103  -25.092  -44.502  44.958 0.0000000000
47114  -42.638  -43.459  45.450 0.0000000000
47166  -25.273  -43.846  43.033 0.0000000000
47167  -35.130  -42.926  42.305 0.0000000000
47174  -41.322  -43.639  43.255 0.0000000000
47190  -37.885  -43.726  41.647 0.0000000000
48120  -27.838  -43.472  44.964 0.0000000000
48126  -42.929  -42.966  45.269 0.0000000000
48127  -43.259  -42.572  45.080 0.0000000000
48143  -42.462  -43.329  44.268 0.0000000000
48163  -42.590  -42.891  43.529 0.0000000000
48197  -27.630  -42.531  41.881 0.0000000000
48205  -39.858  -43.461  41.678 0.0000000000
48226  -40.344  -42.805  41.189 0.0000000000
48240  -36.293  -42.429  39.694 0.0000000000
49140  -43.301  -42.468  46.040 0.0000000000
49228  -42.644  -41.693  41.592 0.0000000000
49290  -34.896  -41.368  38.494 0.0000000000
50267  -43.842  -41.367  43.025 0.0000000000
50297  -28.776  -41.890  40.562 0.0000000000
50334  -38.955  -40.994  38.760 0.0000000000
50358  -32.728  -40.925  38.391 0.0000000000
50400  -37.028  -39.765  36.700 0.0000000000
51428  -44.171  -40.287  42.075 0.0000000000
51557  -39.161  -38.858  36.509 0.0000000000
52625  -45.504  -38.197  41.772 0.0000000000
52642  -43.025  -38.851  39.876 0.0000000000
52662  -42.163  -38.846  38.710 0.0000000000
52690  -40.881  -38.486  37.207 0.0000000000
53705  -46.367  -37.101  42.266 0.0000000000
53773  -42.131  -37.902  38.000 0.0000000000
53788  -41.175  -37.865  36.948 0.0000000000
53789  -41.723  -37.743  37.413 0.0000000000
54811  -43.906  -37.452  39.605 0.0000000000
54845  -42.930  -37.174  38.115 0.0000000000
54863  -41.982  -36.863  37.260 0.0000000000
55955  -44.113  -36.556  38.691 0.0000000000
55957  -45.431  -35.093  39.210 0.0000000000
55998  -41.011  -36.460  35.928 0.0000000000
57109  -46.293  -34.121  39.481 0.0000000000
57117  -43.992  -34.981  37.725 0.0000000000
58203  -47.755  -33.243  42.716 0.0000000000
58247  -44.715  -33.020  37.222 0.0000000000
59277  -47.724  -32.412  43.550 0.0000000000
59341  -44.795  -32.267  37.268 0.0000000000
60423  -47.784  -31.380  41.246 0.0000000000
60464  -44.213  -31.233  36.929 0.0000000000
61556  -47.614  -31.297  43.840 0.0000000000
61607  -47.850  -30.554  41.296 0.0000000000
61621  -46.103  -30.067  39.333 0.0000000000
61638  -44.246  -30.340  37.658 0.0000000000
61721  -47.265  -31.042  33.154 0.0000000000
62775  -47.692  -30.329  43.186 0.0000000000
62863  -43.300  -29.365  36.238 0.0000000000
62887  -47.039  -29.961  35.310 0.0000000000
62888  -47.382  -30.085  35.335 0.0000000000
62916  -47.693  -31.053  33.849 0.0000000000
62918  -49.667  -30.434  33.459 0.0000000000
62928  -45.244  -29.795  32.582 0.0000000000
62959  -50.361  -29.690  31.156 0.0000000000
62976  -49.731  -29.840  30.003 0.0000000000
62991  -47.882  -29.992  28.747 0.0000000000
64032  -43.487  -29.018  36.034 0.0000000000
64069  -51.622  -28.767  35.326 0.0000000000
64094  -44.301  -27.990  33.532 0.0000000000
64140  -43.637  -29.898  31.457 0.0000000000
64141  -50.026  -29.728  30.149 0.0000000000
64144  -52.531  -28.447  30.448 0.0000000000
64155  -43.827  -30.207  29.060 0.0000000000
64185  -51.863  -28.187  28.838 0.0000000000
64204  -48.854  -28.563  27.351 0.0000000000
65160  -49.222  -28.110  45.423 0.0000000000
65161  -49.486  -27.906  45.597 0.0000000000
65246  -50.567  -27.000  40.223 0.0000000000
65324  -42.052  -28.132  34.395 0.0000000000
65341  -44.212  -27.654  34.895 0.0000000000
65343  -45.208  -28.225  34.772 0.0000000000
65390  -42.199  -27.470  31.700 0.0000000000
65391  -42.835  -27.676  32.144 0.0000000000
65452  -50.617  -27.323  27.579 0.0000000000
65477  -48.551  -27.208  26.515 0.0000000000
66365  -49.264  -27.807  45.174 0.0000000000
66366  -49.557  -27.655  45.306 0.0000000000
66381  -49.008  -27.859  44.711 0.0000000000
66486  -55.287  -26.197  38.361 0.0000000000
66502  -44.006  -27.773  35.641 0.0000000000
66513  -43.933  -27.652  35.219 0.0000000000
66525  -43.283  -27.371  34.441 0.0000000000
66539  -43.164  -27.103  33.753 0.0000000000
66575  -41.768  -26.896  32.011 0.0000000000
66592  -54.788  -26.193  29.947 0.0000000000
66604  -54.367  -26.102  29.337 0.0000000000
67557  -52.637  -26.485  41.800 0.0000000000
67621  -56.486  -25.730  37.642 0.0000000000
67660  -39.924  -26.809  32.651 0.0000000000
67757  -52.126  -25.780  27.534 0.0000000000
67778  -51.650  -25.750  27.057 0.0000000000
67817  -49.442  -25.367  25.537 0.0000000000
68933  -52.876  -25.038  28.645 0.0000000000
68974  -51.951  -25.311  26.843 0.0000000000
68995  -50.368  -24.813  25.510 0.0000000000
71302  -56.243  -21.970  30.981 0.0000000000
71303  -56.643  -22.196  31.525 0.0000000000
71358  -52.064  -23.283  26.602 0.0000000000
71371  -51.860  -22.933  26.106 0.0000000000
72443  -52.935  -22.794  27.891 0.0000000000
72456  -53.354  -22.281  27.244 0.0000000000
73502  -56.705  -20.817  31.944 0.0000000000
73569  -56.330  -20.744  25.761 0.0000000000
74678  -56.820  -19.720  31.150 0.0000000000
74728  -56.301  -20.757  26.234 0.0000000000
74739  -56.380  -20.143  24.756 0.0000000000
74757  -56.635  -19.707  24.649 0.0000000000
75798  -57.157  -19.259  31.125 0.0000000000
75799  -57.415  -18.743  31.146 0.0000000000
75804  -56.422  -19.500  30.353 0.0000000000
75805  -56.615  -19.247  30.562 0.0000000000
75812  -56.329  -18.990  29.810 0.0000000000
75820  -56.499  -18.945  29.086 0.0000000000
75833  -56.764  -19.081  28.426 0.0000000000
75850  -57.771  -19.042  26.985 0.0000000000
75872  -54.021  -19.551  23.269 0.0000000000
75891  -55.174  -18.432  23.283 0.0000000000
76835  -56.692  -18.492  29.998 0.0000000000
76907  -54.540  -18.021  22.720 0.0000000000
76948  -54.857  -16.800  20.672 0.0000000000
77940  -59.901  -17.031  27.273 0.0000000000
77942  -61.060  -16.347  26.876 0.0000000000
78018  -56.250  -16.928  21.918 0.0000000000
78044  -56.401  -16.545  21.024 0.0000000000
79102  -60.052  -16.186  28.643 0.0000000000
79111  -60.762  -16.218  28.047 0.0000000000
79129  -62.048  -15.283  26.750 0.0000000000
79165  -61.296  -15.360  24.592 0.0000000000
79186  -59.445  -15.395  23.762 0.0000000000
79201  -58.159  -15.842  22.348 0.0000000000
80259  -61.511  -14.881  30.303 0.0000000000
80318  -60.452  -15.021  23.860 0.0000000000
80335  -59.746  -14.978  23.476 0.0000000000
81384  -59.933  -14.171  21.871 0.0000000000
82405  -61.198  -11.839  18.591 0.0000000000
84361  -61.978  -11.158  20.600 0.0000000000
85511  -60.868  -9.499  17.702 0.0000000000
85524  -61.073  -9.060  17.495 0.0000000000
86650  -60.235  -9.180  17.367 0.0000000000
86652  -62.039  -8.858  17.818 0.0000000000
86658  -59.785  -9.269  16.969 0.0000000000
86661  -61.518  -8.724  17.516 0.0000000000
86700  -60.710  -8.597  15.601 0.0000000000
87779  -60.285  -8.774  17.101 0.0000000000
87780  -60.424  -8.538  16.987 0.0000000000
87794  -62.208  -7.295  16.834 0.0000000000
87832  -63.214  -7.414  14.046 0.0000000000
88856  -63.338  -6.739  18.540 0.0000000000
88865  -63.408  -6.310  18.119 0.0000000000
