#!ascii label  , from subject 3666 vox2ras=TkReg
1941
53721  -52.713  -37.461  40.874 0.0000000000
41105  -38.331  -48.359  46.485 0.0000000000
61772  -59.877  -31.169  27.523 0.0000000000
53985  -48.421  -36.917  26.763 0.0000000000
58301  -55.332  -32.699  33.024 0.0000000000
44817  -47.393  -44.341  44.693 0.0000000000
47269  -39.077  -42.956  32.673 0.0000000000
56080  -44.902  -35.892  32.661 0.0000000000
43608  -28.896  -46.347  48.778 0.0000000000
72432  -58.951  -21.518  29.087 0.0000000000
46162  -30.922  -44.529  32.615 0.0000000000
51598  -53.010  -39.140  34.239 0.0000000000
52817  -53.934  -38.438  30.612 0.0000000000
57130  -51.795  -34.571  37.149 0.0000000000
49191  -50.422  -40.569  43.733 0.0000000000
49307  -45.960  -41.185  38.248 0.0000000000
52717  -49.818  -38.146  36.406 0.0000000000
57234  -48.043  -34.963  30.531 0.0000000000
74717  -62.690  -18.869  27.188 0.0000000000
42372  -33.420  -47.047  47.754 0.0000000000
44853  -30.487  -45.339  41.140 0.0000000000
43712  -34.570  -46.743  40.467 0.0000000000
56146  -59.210  -35.231  30.249 0.0000000000
42423  -42.699  -47.299  44.669 0.0000000000
41249  -38.077  -47.471  38.483 0.0000000000
46069  -42.560  -44.526  39.000 0.0000000000
51607  -41.820  -39.913  32.988 0.0000000000
38539  -27.142  -49.867  50.586 0.0000000000
59335  -58.171  -31.134  37.391 0.0000000000
60528  -58.781  -31.395  33.290 0.0000000000
68882  -59.905  -24.506  32.485 0.0000000000
64188  -58.937  -28.413  28.902 0.0000000000
67786  -63.103  -25.836  27.334 0.0000000000
39903  -26.958  -48.629  41.094 0.0000000000
46163  -34.934  -44.619  32.089 0.0000000000
52679  -53.504  -38.225  37.895 0.0000000000
53833  -54.817  -38.057  35.211 0.0000000000
54847  -52.385  -36.367  39.161 0.0000000000
51430  -52.134  -38.999  42.325 0.0000000000
50341  -50.381  -39.876  39.850 0.0000000000
50370  -52.263  -39.416  38.662 0.0000000000
52740  -51.690  -38.845  35.613 0.0000000000
63013  -58.789  -29.493  26.437 0.0000000000
63015  -60.721  -29.849  26.699 0.0000000000
41102  -35.720  -48.438  47.111 0.0000000000
43673  -34.286  -46.740  43.966 0.0000000000
41162  -36.350  -48.144  43.241 0.0000000000
55075  -48.213  -36.564  25.248 0.0000000000
54974  -54.456  -36.928  30.640 0.0000000000
55014  -53.446  -36.866  28.354 0.0000000000
53928  -56.103  -36.738  29.340 0.0000000000
56157  -56.766  -35.482  28.524 0.0000000000
56112  -57.882  -35.119  30.787 0.0000000000
43658  -45.081  -45.856  44.937 0.0000000000
42466  -42.703  -46.664  41.256 0.0000000000
43716  -44.825  -45.269  41.623 0.0000000000
52735  -45.599  -38.720  35.728 0.0000000000
50418  -43.942  -40.326  35.416 0.0000000000
53861  -43.540  -37.585  32.907 0.0000000000
56154  -48.033  -35.575  28.226 0.0000000000
60498  -59.201  -31.597  35.327 0.0000000000
66595  -57.254  -26.324  30.637 0.0000000000
68975  -56.723  -24.907  27.630 0.0000000000
66640  -60.982  -26.302  27.833 0.0000000000
71389  -58.449  -22.372  25.668 0.0000000000
72475  -63.340  -21.484  26.485 0.0000000000
42356  -28.134  -48.084  48.932 0.0000000000
38594  -28.117  -49.773  45.521 0.0000000000
41130  -28.480  -48.030  44.402 0.0000000000
46097  -31.296  -44.776  36.902 0.0000000000
44901  -28.917  -45.946  37.263 0.0000000000
46139  -29.362  -44.102  33.266 0.0000000000
46111  -38.688  -44.611  35.654 0.0000000000
43786  -36.445  -46.805  35.222 0.0000000000
47267  -37.240  -43.573  32.361 0.0000000000
52814  -50.972  -38.068  30.511 0.0000000000
52855  -51.625  -38.327  29.264 0.0000000000
51633  -53.499  -39.305  31.633 0.0000000000
56064  -54.130  -36.311  33.347 0.0000000000
59381  -52.816  -32.668  34.017 0.0000000000
47135  -49.142  -42.925  44.182 0.0000000000
47203  -47.189  -43.035  41.292 0.0000000000
49252  -48.524  -41.279  41.326 0.0000000000
51531  -48.031  -39.148  38.108 0.0000000000
53846  -47.010  -36.955  35.069 0.0000000000
56106  -46.354  -34.909  31.919 0.0000000000
54940  -49.359  -36.330  33.631 0.0000000000
54973  -50.112  -36.669  31.981 0.0000000000
74716  -60.599  -18.890  27.731 0.0000000000
76839  -62.471  -17.177  29.915 0.0000000000
43611  -32.031  -46.332  48.378 0.0000000000
43653  -29.393  -46.283  44.626 0.0000000000
44814  -31.907  -45.818  44.575 0.0000000000
44866  -32.905  -45.562  41.063 0.0000000000
44932  -32.608  -45.558  35.969 0.0000000000
53988  -51.456  -36.620  26.996 0.0000000000
59446  -56.435  -33.065  28.017 0.0000000000
59449  -59.109  -32.966  28.877 0.0000000000
41124  -40.373  -47.926  45.352 0.0000000000
41164  -38.152  -48.314  42.571 0.0000000000
41185  -40.488  -47.433  41.996 0.0000000000
43741  -40.303  -45.644  38.882 0.0000000000
46113  -40.570  -43.956  36.099 0.0000000000
48250  -44.714  -42.750  38.108 0.0000000000
48267  -42.472  -42.259  35.410 0.0000000000
49333  -40.371  -41.359  32.496 0.0000000000
57069  -51.012  -34.687  44.329 0.0000000000
42361  -40.258  -47.485  47.826 0.0000000000
43614  -44.290  -45.092  47.214 0.0000000000
44781  -45.855  -43.819  46.638 0.0000000000
59291  -50.704  -32.487  41.714 0.0000000000
59314  -52.502  -31.670  39.445 0.0000000000
59344  -55.072  -31.496  36.986 0.0000000000
60444  -56.727  -30.326  39.457 0.0000000000
58261  -57.063  -32.850  35.922 0.0000000000
56044  -59.264  -34.501  33.969 0.0000000000
57203  -60.746  -33.743  32.301 0.0000000000
59427  -61.334  -32.169  31.038 0.0000000000
64121  -58.346  -27.652  32.986 0.0000000000
61740  -58.099  -30.461  30.949 0.0000000000
61750  -62.296  -30.445  29.539 0.0000000000
62993  -62.943  -29.444  28.435 0.0000000000
71376  -62.080  -22.433  26.417 0.0000000000
38572  -25.573  -49.850  46.726 0.0000000000
42490  -24.619  -47.202  38.385 0.0000000000
42461  -28.858  -47.305  40.864 0.0000000000
43750  -27.111  -46.465  37.592 0.0000000000
42496  -36.002  -47.550  38.491 0.0000000000
43784  -34.733  -46.770  35.346 0.0000000000
45017  -32.740  -45.195  31.451 0.0000000000
45083  -34.509  -44.941  28.651 0.0000000000
52665  -53.268  -38.171  38.707 0.0000000000
54849  -53.261  -37.195  38.407 0.0000000000
54815  -52.729  -36.778  40.436 0.0000000000
52610  -52.329  -38.076  42.234 0.0000000000
50304  -52.364  -39.319  40.882 0.0000000000
51471  -52.922  -38.715  39.216 0.0000000000
50372  -53.228  -39.052  38.069 0.0000000000
61771  -58.869  -30.916  27.480 0.0000000000
61788  -58.841  -30.155  27.002 0.0000000000
63014  -59.756  -29.686  26.544 0.0000000000
61790  -60.760  -30.578  27.192 0.0000000000
41120  -36.649  -48.662  45.823 0.0000000000
41131  -35.929  -48.362  45.014 0.0000000000
41132  -36.822  -48.541  44.838 0.0000000000
55074  -47.228  -36.935  25.459 0.0000000000
53999  -48.361  -36.991  25.995 0.0000000000
57235  -54.908  -35.169  30.769 0.0000000000
54987  -55.435  -36.763  30.222 0.0000000000
56129  -56.014  -35.971  30.351 0.0000000000
54989  -56.900  -36.141  30.065 0.0000000000
57198  -56.727  -34.030  31.800 0.0000000000
43660  -46.356  -45.078  44.307 0.0000000000
43698  -45.113  -45.909  42.895 0.0000000000
43689  -46.355  -45.025  43.353 0.0000000000
53864  -45.646  -37.269  34.217 0.0000000000
52774  -44.965  -38.159  34.295 0.0000000000
53862  -44.241  -37.321  33.183 0.0000000000
53895  -42.907  -36.832  32.012 0.0000000000
55032  -47.812  -36.585  27.093 0.0000000000
56188  -46.607  -36.045  26.720 0.0000000000
55054  -47.470  -36.821  26.543 0.0000000000
70135  -57.730  -23.759  29.184 0.0000000000
70150  -57.952  -22.836  28.754 0.0000000000
70182  -57.406  -23.362  26.590 0.0000000000
72457  -58.623  -21.349  27.758 0.0000000000
43607  -28.317  -47.047  49.224 0.0000000000
41116  -28.342  -48.382  46.389 0.0000000000
43636  -28.572  -46.577  46.933 0.0000000000
46121  -30.618  -44.157  34.511 0.0000000000
46107  -29.748  -44.410  35.279 0.0000000000
46161  -30.072  -44.136  32.378 0.0000000000
46202  -29.502  -45.260  30.642 0.0000000000
46204  -30.547  -44.709  31.142 0.0000000000
47237  -38.812  -43.648  34.024 0.0000000000
46124  -37.714  -44.715  34.462 0.0000000000
47268  -38.176  -43.237  32.534 0.0000000000
52790  -52.279  -38.682  32.794 0.0000000000
52816  -52.375  -38.838  30.661 0.0000000000
51620  -53.631  -39.341  32.578 0.0000000000
56019  -53.176  -35.890  35.826 0.0000000000
54922  -54.526  -37.158  34.256 0.0000000000
56041  -53.225  -35.505  34.663 0.0000000000
57182  -52.944  -34.684  33.870 0.0000000000
58260  -51.981  -33.211  35.759 0.0000000000
48164  -49.961  -42.062  43.936 0.0000000000
48185  -49.177  -42.424  42.840 0.0000000000
49229  -49.985  -41.104  42.563 0.0000000000
51506  -50.120  -39.291  38.703 0.0000000000
51505  -49.069  -39.482  38.757 0.0000000000
52693  -49.108  -38.580  37.345 0.0000000000
53829  -47.367  -37.624  35.861 0.0000000000
53830  -48.487  -37.325  35.683 0.0000000000
54921  -48.554  -36.379  34.277 0.0000000000
53848  -49.349  -36.940  34.590 0.0000000000
52759  -52.213  -39.047  34.782 0.0000000000
53867  -51.273  -37.728  33.873 0.0000000000
52789  -51.649  -38.147  33.038 0.0000000000
53908  -50.878  -37.806  31.176 0.0000000000
42371  -32.827  -46.707  48.291 0.0000000000
43639  -31.717  -46.035  46.509 0.0000000000
43655  -32.715  -46.378  45.685 0.0000000000
43705  -34.453  -46.616  41.582 0.0000000000
44843  -33.245  -45.992  42.327 0.0000000000
43711  -33.739  -46.020  40.934 0.0000000000
44894  -32.948  -45.616  38.863 0.0000000000
43739  -33.748  -46.386  38.222 0.0000000000
52856  -52.532  -38.261  29.173 0.0000000000
53987  -50.647  -36.885  26.881 0.0000000000
53947  -52.733  -37.462  28.576 0.0000000000
55037  -54.273  -36.487  28.187 0.0000000000
55059  -52.435  -35.934  27.294 0.0000000000
57297  -52.180  -34.702  27.054 0.0000000000
56158  -57.573  -35.414  28.918 0.0000000000
58356  -56.621  -33.840  28.274 0.0000000000
58357  -57.482  -33.887  28.525 0.0000000000
59448  -58.213  -33.066  28.557 0.0000000000
57270  -59.154  -34.483  29.394 0.0000000000
42408  -41.694  -47.477  45.438 0.0000000000
41151  -40.809  -47.993  43.501 0.0000000000
41152  -41.664  -47.711  43.480 0.0000000000
43726  -42.713  -45.925  40.362 0.0000000000
42483  -41.467  -46.190  40.537 0.0000000000
44896  -40.887  -45.013  38.496 0.0000000000
44923  -39.998  -44.941  37.043 0.0000000000
46101  -41.506  -43.927  36.953 0.0000000000
49274  -46.387  -41.790  39.345 0.0000000000
47209  -45.359  -43.244  39.500 0.0000000000
49295  -45.644  -41.852  38.426 0.0000000000
50416  -42.885  -40.313  34.280 0.0000000000
49316  -43.431  -41.401  35.680 0.0000000000
50421  -42.229  -40.805  33.845 0.0000000000
48271  -41.501  -42.298  34.294 0.0000000000
57215  -46.783  -34.571  31.103 0.0000000000
44780  -45.236  -44.280  46.917 0.0000000000
49143  -48.718  -40.970  45.958 0.0000000000
58198  -50.657  -33.515  43.107 0.0000000000
60427  -53.054  -31.202  41.810 0.0000000000
60440  -54.097  -31.273  40.792 0.0000000000
59329  -53.789  -31.513  38.474 0.0000000000
59303  -55.140  -31.203  39.662 0.0000000000
59320  -57.147  -30.790  38.330 0.0000000000
59332  -56.544  -31.300  37.527 0.0000000000
58250  -57.627  -32.447  36.554 0.0000000000
57152  -57.917  -34.054  35.166 0.0000000000
57142  -58.715  -33.643  35.583 0.0000000000
60514  -59.114  -31.739  34.151 0.0000000000
59372  -60.177  -32.762  33.783 0.0000000000
59404  -60.385  -32.736  32.742 0.0000000000
58332  -61.398  -32.892  31.274 0.0000000000
59417  -60.355  -31.877  31.923 0.0000000000
66563  -58.967  -26.164  32.233 0.0000000000
65431  -56.624  -27.616  28.952 0.0000000000
64145  -56.628  -28.495  30.873 0.0000000000
64164  -58.514  -28.955  29.413 0.0000000000
62964  -60.562  -29.689  30.577 0.0000000000
64149  -61.554  -29.335  30.072 0.0000000000
61751  -62.753  -30.079  28.961 0.0000000000
65417  -61.664  -28.198  29.255 0.0000000000
67761  -62.239  -26.125  27.791 0.0000000000
65457  -63.330  -27.401  28.010 0.0000000000
65458  -63.932  -27.342  27.335 0.0000000000
75852  -61.387  -18.586  27.471 0.0000000000
73572  -60.367  -20.388  26.146 0.0000000000
74733  -62.202  -19.432  26.853 0.0000000000
39882  -27.627  -48.871  42.760 0.0000000000
39872  -26.468  -49.195  43.543 0.0000000000
39890  -26.203  -49.128  41.855 0.0000000000
42457  -25.031  -47.962  39.899 0.0000000000
42474  -25.931  -47.874  39.436 0.0000000000
44826  -29.863  -45.668  42.845 0.0000000000
43683  -29.386  -46.400  42.461 0.0000000000
44852  -29.679  -45.811  40.944 0.0000000000
44900  -28.128  -46.072  37.104 0.0000000000
43820  -26.899  -46.381  33.284 0.0000000000
41201  -38.149  -47.633  40.598 0.0000000000
41200  -37.341  -47.658  40.213 0.0000000000
41231  -37.242  -47.803  38.486 0.0000000000
44950  -35.777  -45.940  33.826 0.0000000000
43785  -35.627  -46.866  35.042 0.0000000000
43824  -34.767  -46.279  33.882 0.0000000000
43822  -33.399  -45.969  33.582 0.0000000000
45018  -33.701  -45.074  31.700 0.0000000000
43883  -33.764  -46.050  28.894 0.0000000000
51582  -53.580  -39.328  35.590 0.0000000000
52742  -54.528  -38.797  35.369 0.0000000000
52720  -54.124  -38.502  36.142 0.0000000000
54866  -53.064  -36.589  37.708 0.0000000000
55987  -51.929  -35.280  37.754 0.0000000000
50269  -51.408  -39.305  43.288 0.0000000000
49230  -50.720  -40.592  42.034 0.0000000000
50318  -51.734  -40.143  41.147 0.0000000000
50369  -51.534  -39.530  38.984 0.0000000000
52695  -51.123  -38.693  37.284 0.0000000000
52739  -50.744  -38.068  35.512 0.0000000000
51535  -52.162  -39.232  37.114 0.0000000000
51562  -52.891  -39.348  36.259 0.0000000000
63038  -61.681  -29.260  26.264 0.0000000000
41101  -34.980  -48.075  47.362 0.0000000000
42404  -33.863  -47.247  46.018 0.0000000000
42405  -34.679  -47.700  45.756 0.0000000000
42430  -34.858  -47.228  43.662 0.0000000000
42447  -35.464  -47.171  41.211 0.0000000000
52837  -54.018  -38.205  29.771 0.0000000000
52858  -54.223  -37.668  29.227 0.0000000000
53926  -54.638  -37.581  29.396 0.0000000000
53949  -54.903  -37.226  28.823 0.0000000000
55038  -55.192  -36.384  28.270 0.0000000000
57282  -54.656  -34.852  28.018 0.0000000000
55017  -56.031  -36.420  28.781 0.0000000000
55002  -57.480  -35.837  29.609 0.0000000000
54991  -58.462  -35.377  30.409 0.0000000000
42411  -43.905  -46.380  45.154 0.0000000000
41169  -42.684  -47.391  42.801 0.0000000000
42441  -43.751  -46.656  42.906 0.0000000000
43715  -44.222  -45.929  41.424 0.0000000000
44882  -43.639  -45.236  39.852 0.0000000000
51558  -45.928  -39.467  36.687 0.0000000000
50402  -44.812  -40.654  36.561 0.0000000000
51597  -44.997  -39.195  35.549 0.0000000000
51610  -44.079  -39.124  34.375 0.0000000000
52771  -42.525  -38.688  33.077 0.0000000000
52786  -41.245  -38.648  31.899 0.0000000000
53880  -42.466  -37.479  32.202 0.0000000000
56142  -48.111  -35.364  28.969 0.0000000000
56168  -46.098  -35.237  27.079 0.0000000000
62850  -58.976  -29.396  38.372 0.0000000000
59359  -59.114  -32.013  35.992 0.0000000000
61670  -59.475  -30.103  36.775 0.0000000000
61686  -59.280  -30.212  35.864 0.0000000000
61698  -58.553  -30.424  34.651 0.0000000000
68902  -59.493  -24.469  31.707 0.0000000000
67711  -58.710  -25.584  31.433 0.0000000000
68918  -58.104  -24.964  30.377 0.0000000000
67760  -56.723  -25.381  28.783 0.0000000000
66636  -56.648  -26.283  27.705 0.0000000000
65456  -59.533  -27.206  28.165 0.0000000000
66663  -58.476  -25.778  26.823 0.0000000000
67806  -60.042  -25.174  26.557 0.0000000000
69001  -60.756  -24.391  26.345 0.0000000000
75839  -63.742  -18.470  27.470 0.0000000000
73556  -63.260  -19.654  26.861 0.0000000000
73558  -63.850  -19.776  26.698 0.0000000000
39810  -27.686  -49.325  49.874 0.0000000000
38575  -28.177  -50.213  47.503 0.0000000000
39849  -28.451  -49.582  47.302 0.0000000000
39865  -28.067  -48.788  44.857 0.0000000000
39883  -28.367  -48.606  42.745 0.0000000000
46077  -30.578  -44.704  38.600 0.0000000000
44876  -29.908  -45.284  39.227 0.0000000000
44902  -29.852  -45.210  36.955 0.0000000000
46106  -28.976  -44.479  34.845 0.0000000000
46118  -27.801  -44.539  33.992 0.0000000000
44989  -27.677  -45.391  32.497 0.0000000000
45015  -28.697  -45.712  31.382 0.0000000000
43771  -38.279  -46.337  37.110 0.0000000000
42530  -37.540  -47.144  36.715 0.0000000000
44934  -37.452  -45.536  35.014 0.0000000000
44974  -36.816  -44.877  33.503 0.0000000000
46164  -35.688  -44.309  32.188 0.0000000000
53944  -50.039  -37.206  28.813 0.0000000000
53967  -49.431  -37.031  27.707 0.0000000000
52854  -51.021  -38.219  29.496 0.0000000000
51668  -52.754  -39.028  30.365 0.0000000000
51652  -53.766  -39.039  31.156 0.0000000000
52777  -54.901  -38.970  33.399 0.0000000000
53868  -54.554  -38.255  32.730 0.0000000000
54957  -54.198  -37.368  31.815 0.0000000000
56085  -53.714  -35.423  32.374 0.0000000000
57217  -53.584  -34.258  31.863 0.0000000000
59415  -54.104  -32.564  32.779 0.0000000000
46016  -48.084  -43.993  44.323 0.0000000000
46040  -46.994  -44.083  42.642 0.0000000000
47175  -48.371  -43.133  42.722 0.0000000000
48245  -47.604  -42.158  40.918 0.0000000000
50338  -47.602  -40.933  39.910 0.0000000000
50340  -49.389  -40.213  39.970 0.0000000000
50366  -48.691  -39.923  39.426 0.0000000000
50391  -47.062  -39.729  38.440 0.0000000000
52714  -46.557  -38.808  36.560 0.0000000000
53828  -46.552  -37.616  35.402 0.0000000000
54937  -45.984  -36.636  33.900 0.0000000000
56105  -45.322  -35.182  31.940 0.0000000000
54938  -47.030  -35.984  33.875 0.0000000000
56083  -47.972  -35.375  32.457 0.0000000000
56084  -48.697  -35.569  32.126 0.0000000000
53849  -50.479  -37.559  34.783 0.0000000000
54956  -50.012  -36.548  32.955 0.0000000000
56127  -49.322  -35.766  30.830 0.0000000000
56144  -49.483  -35.901  29.857 0.0000000000
55001  -49.840  -36.725  29.364 0.0000000000
73544  -59.720  -20.337  29.081 0.0000000000
74697  -60.617  -19.163  29.805 0.0000000000
75823  -61.834  -17.746  28.883 0.0000000000
76851  -62.704  -17.408  29.177 0.0000000000
76852  -63.419  -17.426  28.761 0.0000000000
75826  -64.031  -17.987  27.859 0.0000000000
43609  -29.848  -46.026  48.559 0.0000000000
43637  -29.425  -45.988  46.130 0.0000000000
43638  -30.718  -45.746  46.546 0.0000000000
44800  -31.027  -45.565  45.156 0.0000000000
44827  -30.731  -45.423  43.187 0.0000000000
43684  -33.045  -46.206  44.102 0.0000000000
44842  -32.631  -45.773  42.727 0.0000000000
44864  -31.232  -44.846  40.306 0.0000000000
46079  -31.972  -44.814  38.562 0.0000000000
44931  -31.977  -45.124  36.444 0.0000000000
46142  -32.056  -44.806  33.981 0.0000000000
53986  -49.442  -36.921  26.711 0.0000000000
55056  -49.829  -36.455  26.174 0.0000000000
53970  -52.567  -36.802  28.057 0.0000000000
60582  -57.933  -31.522  27.836 0.0000000000
60584  -59.949  -31.792  28.300 0.0000000000
41123  -39.401  -48.025  45.427 0.0000000000
41148  -37.910  -48.359  43.655 0.0000000000
41149  -38.911  -48.449  43.540 0.0000000000
41184  -39.590  -47.708  41.785 0.0000000000
41219  -39.407  -46.900  40.266 0.0000000000
41205  -41.709  -47.053  41.748 0.0000000000
42482  -40.268  -46.375  40.320 0.0000000000
42515  -39.036  -46.566  38.633 0.0000000000
44906  -39.335  -45.675  37.658 0.0000000000
46112  -39.745  -44.179  35.723 0.0000000000
47238  -39.537  -43.516  34.397 0.0000000000
46059  -45.925  -43.968  41.356 0.0000000000
46071  -44.445  -44.215  39.520 0.0000000000
46082  -43.471  -44.064  38.619 0.0000000000
49312  -44.445  -41.388  36.733 0.0000000000
48256  -43.725  -42.552  37.083 0.0000000000
47221  -42.779  -43.384  37.268 0.0000000000
47234  -41.449  -43.170  35.704 0.0000000000
48270  -40.776  -42.597  33.896 0.0000000000
57231  -45.086  -34.526  30.536 0.0000000000
54777  -51.727  -37.142  43.209 0.0000000000
54800  -52.066  -36.460  42.027 0.0000000000
41036  -27.656  -48.521  51.556 0.0000000000
43573  -30.084  -45.965  50.402 0.0000000000
43574  -31.150  -46.152  50.412 0.0000000000
42341  -32.789  -46.549  50.001 0.0000000000
41071  -35.639  -47.951  48.870 0.0000000000
41084  -36.524  -48.531  47.817 0.0000000000
41085  -37.383  -48.537  47.565 0.0000000000
41087  -39.037  -48.032  47.240 0.0000000000
41088  -39.995  -47.872  47.242 0.0000000000
42390  -41.361  -47.320  46.387 0.0000000000
42391  -42.177  -46.891  46.248 0.0000000000
43612  -42.721  -45.908  47.333 0.0000000000
43642  -43.663  -46.166  46.350 0.0000000000
43644  -44.746  -45.464  45.699 0.0000000000
44790  -45.737  -44.506  45.732 0.0000000000
44791  -46.292  -44.009  45.901 0.0000000000
45984  -47.193  -43.511  45.523 0.0000000000
47116  -48.533  -42.663  44.746 0.0000000000
48129  -49.213  -41.710  44.771 0.0000000000
52581  -51.649  -37.842  43.431 0.0000000000
55938  -51.518  -35.685  41.686 0.0000000000
57101  -50.661  -34.718  40.322 0.0000000000
57120  -50.972  -34.184  38.619 0.0000000000
60394  -51.267  -31.173  43.066 0.0000000000
59299  -51.486  -31.784  40.843 0.0000000000
58248  -51.382  -33.194  37.319 0.0000000000
59343  -52.328  -31.869  37.294 0.0000000000
60496  -53.656  -31.806  35.731 0.0000000000
59384  -55.365  -32.195  34.523 0.0000000000
59318  -56.033  -30.678  38.351 0.0000000000
59357  -55.875  -31.953  36.323 0.0000000000
58286  -56.641  -32.834  34.046 0.0000000000
57183  -57.611  -34.090  33.627 0.0000000000
56088  -58.715  -34.730  32.323 0.0000000000
56089  -59.612  -34.616  32.257 0.0000000000
58274  -59.535  -33.398  34.585 0.0000000000
57186  -60.242  -34.167  33.281 0.0000000000
57239  -60.483  -34.511  31.108 0.0000000000
57254  -61.120  -34.121  30.092 0.0000000000
58347  -61.589  -33.255  30.078 0.0000000000
59452  -61.338  -32.237  29.378 0.0000000000
64085  -58.870  -28.571  34.335 0.0000000000
62935  -57.592  -29.472  33.086 0.0000000000
65396  -57.426  -27.053  31.803 0.0000000000
62946  -56.829  -29.373  31.817 0.0000000000
61725  -58.309  -30.953  32.576 0.0000000000
61733  -59.743  -30.847  31.320 0.0000000000
60557  -61.795  -31.303  30.125 0.0000000000
61758  -61.865  -31.076  28.708 0.0000000000
61792  -62.002  -30.483  27.831 0.0000000000
63017  -62.386  -29.885  27.407 0.0000000000
63039  -62.538  -29.227  26.615 0.0000000000
65437  -62.034  -27.483  28.851 0.0000000000
63000  -63.203  -29.064  27.714 0.0000000000
64240  -62.764  -28.573  25.699 0.0000000000
73571  -59.409  -20.400  26.716 0.0000000000
71391  -60.202  -22.135  25.667 0.0000000000
70169  -62.482  -24.133  26.690 0.0000000000
72474  -62.766  -21.380  26.595 0.0000000000
70187  -62.922  -23.687  26.546 0.0000000000
68980  -63.333  -24.996  26.957 0.0000000000
38584  -26.966  -50.592  46.362 0.0000000000
42418  -28.806  -47.137  43.979 0.0000000000
41161  -29.006  -47.990  42.438 0.0000000000
41196  -28.074  -48.176  40.747 0.0000000000
43738  -28.854  -46.614  38.702 0.0000000000
42494  -28.122  -47.471  39.072 0.0000000000
42475  -26.893  -47.917  39.314 0.0000000000
43734  -25.946  -46.778  37.848 0.0000000000
41163  -37.040  -48.301  42.710 0.0000000000
42448  -36.353  -47.770  41.273 0.0000000000
42479  -35.297  -47.199  39.039 0.0000000000
42529  -36.751  -47.592  36.556 0.0000000000
42510  -35.216  -47.380  36.964 0.0000000000
43754  -34.477  -46.936  37.571 0.0000000000
43768  -33.888  -46.397  36.004 0.0000000000
43803  -33.015  -45.773  33.952 0.0000000000
44992  -32.490  -45.332  32.497 0.0000000000
48300  -35.824  -42.802  30.466 0.0000000000
47284  -35.055  -43.612  30.890 0.0000000000
47283  -33.894  -43.855  30.720 0.0000000000
46206  -33.054  -44.488  30.103 0.0000000000
46205  -32.456  -44.914  30.055 0.0000000000
45040  -30.983  -45.168  30.423 0.0000000000
53737  -52.910  -37.425  39.920 0.0000000000
54816  -52.938  -37.056  39.957 0.0000000000
54802  -52.819  -37.124  40.494 0.0000000000
52626  -52.587  -38.094  41.229 0.0000000000
52645  -52.647  -38.297  40.424 0.0000000000
52627  -52.765  -37.842  40.407 0.0000000000
52646  -52.927  -38.104  39.645 0.0000000000
61789  -59.811  -30.423  27.044 0.0000000000
61773  -60.813  -31.160  27.806 0.0000000000
41104  -37.465  -48.645  46.632 0.0000000000
41121  -37.589  -48.636  45.660 0.0000000000
53998  -47.874  -37.022  26.230 0.0000000000
58330  -55.203  -33.726  31.533 0.0000000000
57219  -55.427  -34.380  30.935 0.0000000000
58331  -55.875  -33.912  31.333 0.0000000000
57220  -56.524  -34.247  31.117 0.0000000000
58317  -56.251  -33.695  32.135 0.0000000000
44816  -47.015  -44.928  44.307 0.0000000000
43676  -46.436  -45.179  43.823 0.0000000000
44830  -47.050  -44.878  43.643 0.0000000000
54936  -45.033  -36.557  33.204 0.0000000000
53863  -45.104  -37.438  33.859 0.0000000000
55055  -48.038  -36.837  26.941 0.0000000000
72433  -59.104  -21.291  29.759 0.0000000000
71335  -58.611  -22.105  29.287 0.0000000000
71348  -58.266  -22.060  28.259 0.0000000000
72447  -59.153  -21.035  28.759 0.0000000000
43620  -28.296  -47.020  48.021 0.0000000000
46141  -31.406  -44.443  33.656 0.0000000000
46140  -30.230  -44.078  33.307 0.0000000000
46183  -30.558  -44.550  31.833 0.0000000000
46182  -29.855  -44.409  31.508 0.0000000000
47250  -38.387  -43.561  33.352 0.0000000000
51619  -52.946  -39.242  32.154 0.0000000000
51611  -53.026  -39.129  33.198 0.0000000000
56001  -52.260  -35.168  36.951 0.0000000000
56018  -52.411  -35.134  36.102 0.0000000000
57151  -52.147  -34.197  35.532 0.0000000000
57140  -51.858  -34.233  36.391 0.0000000000
48165  -50.098  -41.302  43.676 0.0000000000
48187  -50.056  -41.313  43.261 0.0000000000
49210  -50.557  -40.740  43.025 0.0000000000
52694  -50.184  -38.534  37.316 0.0000000000
51532  -49.510  -38.914  38.109 0.0000000000
53808  -48.599  -37.817  36.302 0.0000000000
53809  -49.182  -37.944  36.292 0.0000000000
53831  -49.536  -37.627  35.681 0.0000000000
52775  -51.865  -38.295  33.631 0.0000000000
52798  -51.596  -38.297  32.150 0.0000000000
43625  -33.117  -46.675  46.938 0.0000000000
43723  -33.842  -46.377  39.554 0.0000000000
52836  -53.255  -38.682  29.726 0.0000000000
52857  -53.472  -37.977  29.228 0.0000000000
56173  -53.905  -35.541  27.904 0.0000000000
56172  -52.845  -35.234  27.586 0.0000000000
56145  -58.636  -35.258  29.633 0.0000000000
57268  -57.616  -34.720  28.667 0.0000000000
57269  -58.551  -34.753  29.276 0.0000000000
58358  -58.393  -33.869  28.923 0.0000000000
57252  -59.310  -34.757  29.636 0.0000000000
42422  -42.151  -47.537  44.819 0.0000000000
41137  -41.460  -47.822  44.398 0.0000000000
41138  -42.204  -47.557  44.124 0.0000000000
44881  -42.635  -45.168  39.606 0.0000000000
43725  -41.700  -45.671  39.854 0.0000000000
44880  -41.724  -44.890  39.260 0.0000000000
46090  -41.549  -44.368  37.740 0.0000000000
49296  -46.075  -41.535  38.831 0.0000000000
48252  -45.798  -42.231  39.055 0.0000000000
51608  -42.573  -39.615  33.568 0.0000000000
50420  -41.867  -40.498  33.334 0.0000000000
57233  -47.233  -34.743  30.218 0.0000000000
57249  -46.561  -34.438  29.413 0.0000000000
59302  -54.326  -31.472  39.958 0.0000000000
61641  -58.079  -30.110  38.556 0.0000000000
60459  -57.582  -30.521  38.463 0.0000000000
59334  -57.615  -31.139  37.627 0.0000000000
58239  -57.518  -31.779  37.114 0.0000000000
58240  -57.770  -31.632  37.087 0.0000000000
58263  -58.252  -33.230  35.866 0.0000000000
58251  -58.167  -32.180  36.581 0.0000000000
59386  -59.823  -32.372  33.303 0.0000000000
60529  -59.469  -31.931  32.979 0.0000000000
59403  -60.176  -32.208  32.510 0.0000000000
68883  -60.153  -24.091  32.928 0.0000000000
67692  -60.022  -24.733  33.017 0.0000000000
67668  -59.904  -25.549  33.159 0.0000000000
67691  -59.571  -25.380  32.493 0.0000000000
65432  -57.400  -27.813  28.457 0.0000000000
64186  -57.153  -28.348  29.073 0.0000000000
64165  -59.495  -28.913  29.428 0.0000000000
64166  -60.518  -28.788  29.630 0.0000000000
64167  -61.325  -28.791  29.696 0.0000000000
65415  -60.598  -28.223  29.319 0.0000000000
67784  -62.116  -25.398  27.193 0.0000000000
67762  -62.712  -26.267  27.748 0.0000000000
66643  -63.565  -26.532  27.382 0.0000000000
75837  -62.215  -18.264  27.814 0.0000000000
75853  -61.948  -18.781  27.116 0.0000000000
38550  -27.182  -49.836  49.593 0.0000000000
39891  -27.107  -48.850  41.846 0.0000000000
39881  -26.743  -49.003  42.698 0.0000000000
39902  -26.464  -48.868  41.235 0.0000000000
42458  -25.640  -48.116  40.096 0.0000000000
41194  -26.314  -48.387  40.429 0.0000000000
44839  -29.800  -45.727  41.869 0.0000000000
44966  -26.727  -45.827  33.698 0.0000000000
41218  -38.597  -47.234  39.966 0.0000000000
41217  -37.941  -47.518  39.582 0.0000000000
41232  -37.814  -47.641  38.777 0.0000000000
44995  -35.344  -44.989  32.579 0.0000000000
44949  -35.184  -46.153  33.817 0.0000000000
44972  -34.941  -45.769  33.257 0.0000000000
44994  -34.311  -45.216  32.275 0.0000000000
51564  -53.827  -38.906  36.480 0.0000000000
52697  -53.761  -38.273  37.030 0.0000000000
54848  -52.930  -36.779  38.755 0.0000000000
54867  -53.519  -37.195  37.479 0.0000000000
55988  -52.556  -35.839  37.490 0.0000000000
54865  -52.485  -36.148  38.240 0.0000000000
50288  -51.720  -39.564  42.338 0.0000000000
50303  -52.014  -39.822  41.402 0.0000000000
50320  -52.487  -39.323  39.738 0.0000000000
50343  -51.975  -39.788  39.599 0.0000000000
51507  -51.073  -39.229  38.528 0.0000000000
51508  -51.853  -39.327  38.144 0.0000000000
52696  -51.612  -38.985  37.202 0.0000000000
51509  -52.575  -39.261  37.839 0.0000000000
51511  -53.461  -38.779  37.727 0.0000000000
51536  -53.006  -39.275  37.069 0.0000000000
51537  -53.504  -39.018  37.064 0.0000000000
51563  -53.524  -39.192  36.396 0.0000000000
63012  -57.806  -29.468  26.314 0.0000000000
63037  -60.696  -29.267  25.971 0.0000000000
41118  -35.045  -48.132  46.571 0.0000000000
41146  -36.150  -48.221  44.087 0.0000000000
42421  -35.402  -47.790  44.318 0.0000000000
42431  -35.613  -47.764  43.336 0.0000000000
42437  -34.974  -47.150  42.509 0.0000000000
53909  -54.686  -37.552  29.991 0.0000000000
53910  -55.759  -36.934  29.693 0.0000000000
53927  -55.335  -37.197  29.302 0.0000000000
53950  -55.744  -36.862  28.931 0.0000000000
53972  -54.914  -36.809  28.433 0.0000000000
55016  -55.447  -36.692  28.590 0.0000000000
55039  -55.756  -36.247  28.475 0.0000000000
53951  -56.407  -36.448  29.079 0.0000000000
56131  -57.492  -35.661  30.273 0.0000000000
54990  -57.555  -35.832  30.017 0.0000000000
54975  -58.146  -35.329  30.544 0.0000000000
42412  -44.476  -46.180  44.794 0.0000000000
42425  -43.979  -46.341  44.259 0.0000000000
42433  -44.201  -46.262  43.594 0.0000000000
43707  -45.078  -45.586  42.159 0.0000000000
43706  -44.548  -46.119  42.262 0.0000000000
43727  -43.770  -45.709  40.608 0.0000000000
43728  -44.153  -45.450  40.932 0.0000000000
52713  -45.928  -38.960  36.233 0.0000000000
51579  -45.212  -39.630  36.205 0.0000000000
52773  -44.301  -38.352  33.901 0.0000000000
52754  -44.578  -38.722  34.528 0.0000000000
52772  -43.367  -38.372  33.352 0.0000000000
51609  -43.529  -39.170  33.933 0.0000000000
52788  -42.867  -37.946  32.762 0.0000000000
57279  -47.357  -35.207  27.967 0.0000000000
56169  -46.960  -35.574  27.333 0.0000000000
62851  -59.596  -29.082  38.031 0.0000000000
61654  -59.208  -30.098  37.483 0.0000000000
64053  -59.566  -28.224  36.341 0.0000000000
62893  -59.634  -29.099  36.437 0.0000000000
62892  -59.421  -29.015  36.099 0.0000000000
61685  -58.847  -30.136  35.396 0.0000000000
64070  -59.010  -28.774  35.183 0.0000000000
71322  -59.254  -22.283  30.786 0.0000000000
71304  -59.454  -22.352  31.878 0.0000000000
70120  -59.299  -23.186  31.030 0.0000000000
68920  -59.247  -23.804  31.114 0.0000000000
68919  -58.593  -24.660  30.773 0.0000000000
70119  -58.836  -23.356  30.501 0.0000000000
68953  -57.000  -24.670  28.518 0.0000000000
67759  -56.517  -25.527  28.146 0.0000000000
66637  -57.381  -26.388  27.327 0.0000000000
68997  -56.973  -24.750  26.905 0.0000000000
71373  -57.680  -22.689  26.126 0.0000000000
69014  -57.804  -23.713  25.713 0.0000000000
69016  -58.871  -24.086  25.634 0.0000000000
69000  -59.561  -24.325  25.858 0.0000000000
70183  -59.707  -23.751  25.672 0.0000000000
74719  -63.861  -19.090  26.932 0.0000000000
41057  -27.667  -48.669  50.015 0.0000000000
39821  -28.092  -49.524  48.986 0.0000000000
41081  -28.120  -48.925  48.321 0.0000000000
41117  -28.390  -48.403  45.594 0.0000000000
41100  -28.346  -49.002  46.368 0.0000000000
39875  -28.321  -48.375  43.576 0.0000000000
46086  -30.535  -44.840  37.478 0.0000000000
46096  -30.518  -44.770  36.472 0.0000000000
46120  -29.603  -44.123  34.225 0.0000000000
46119  -28.700  -44.227  34.039 0.0000000000
46138  -28.448  -44.374  33.147 0.0000000000
46159  -28.150  -44.828  32.248 0.0000000000
46181  -28.981  -44.875  31.232 0.0000000000
43867  -30.337  -46.717  30.004 0.0000000000
43866  -29.673  -46.785  30.662 0.0000000000
44921  -38.411  -45.310  36.499 0.0000000000
43788  -37.937  -46.061  36.317 0.0000000000
44935  -37.922  -45.462  35.762 0.0000000000
46166  -37.137  -44.123  32.946 0.0000000000
46144  -37.436  -44.379  33.582 0.0000000000
46143  -36.822  -44.575  33.159 0.0000000000
46165  -36.482  -44.300  32.635 0.0000000000
47266  -36.354  -43.701  31.951 0.0000000000
53925  -50.510  -37.710  29.529 0.0000000000
52833  -50.966  -38.163  30.151 0.0000000000
51632  -52.928  -39.209  31.226 0.0000000000
51650  -52.935  -39.163  30.644 0.0000000000
51669  -53.100  -39.100  30.276 0.0000000000
51651  -53.343  -39.175  30.868 0.0000000000
52760  -54.854  -38.876  34.513 0.0000000000
56042  -54.109  -36.168  34.472 0.0000000000
54942  -54.439  -37.302  33.053 0.0000000000
53885  -54.333  -38.364  31.861 0.0000000000
56086  -54.086  -36.475  32.348 0.0000000000
57196  -52.615  -34.059  33.468 0.0000000000
57197  -53.040  -34.460  32.878 0.0000000000
58300  -52.807  -33.079  33.114 0.0000000000
59414  -53.612  -32.799  32.623 0.0000000000
59399  -53.316  -32.591  33.215 0.0000000000
46017  -48.651  -43.535  43.933 0.0000000000
46031  -48.543  -43.446  43.315 0.0000000000
47155  -49.114  -43.046  43.594 0.0000000000
48229  -48.880  -41.455  41.945 0.0000000000
48208  -48.264  -42.424  42.095 0.0000000000
49251  -48.137  -41.644  41.159 0.0000000000
49276  -47.896  -41.488  40.640 0.0000000000
49254  -51.090  -40.249  40.997 0.0000000000
49278  -50.089  -40.191  40.605 0.0000000000
51504  -48.270  -39.626  38.944 0.0000000000
50365  -47.316  -40.195  39.246 0.0000000000
51560  -47.263  -39.137  37.574 0.0000000000
51559  -46.489  -39.519  37.323 0.0000000000
54918  -46.241  -36.861  34.335 0.0000000000
54919  -46.635  -36.628  34.427 0.0000000000
56061  -46.447  -35.718  33.298 0.0000000000
54939  -48.249  -35.869  33.413 0.0000000000
54954  -48.568  -35.692  32.630 0.0000000000
52757  -50.992  -37.915  34.869 0.0000000000
53883  -50.627  -37.108  32.428 0.0000000000
53866  -50.413  -37.002  33.630 0.0000000000
56109  -49.115  -35.731  31.651 0.0000000000
54972  -49.707  -36.267  31.419 0.0000000000
54986  -50.171  -36.950  31.161 0.0000000000
53907  -50.595  -37.644  30.554 0.0000000000
53906  -50.215  -37.251  29.820 0.0000000000
55013  -49.352  -36.611  28.434 0.0000000000
75815  -61.235  -18.322  29.985 0.0000000000
76850  -61.963  -17.513  29.653 0.0000000000
76841  -63.758  -16.957  28.957 0.0000000000
75825  -63.591  -17.920  28.107 0.0000000000
76853  -63.992  -17.386  28.384 0.0000000000
43610  -30.961  -46.092  48.475 0.0000000000
43622  -30.214  -45.842  47.475 0.0000000000
43623  -31.359  -46.018  47.467 0.0000000000
44801  -31.657  -45.908  45.450 0.0000000000
44788  -31.193  -45.773  45.892 0.0000000000
44813  -30.882  -45.481  44.224 0.0000000000
44828  -31.694  -45.571  43.498 0.0000000000
42419  -34.058  -47.099  45.289 0.0000000000
43656  -33.408  -46.697  45.442 0.0000000000
43685  -33.671  -46.382  43.678 0.0000000000
44855  -32.294  -45.495  41.698 0.0000000000
44865  -32.192  -45.235  40.727 0.0000000000
44877  -31.578  -44.789  39.639 0.0000000000
44878  -32.181  -45.070  39.672 0.0000000000
44919  -32.599  -45.324  36.967 0.0000000000
44904  -32.372  -45.086  38.019 0.0000000000
44946  -32.032  -45.243  35.583 0.0000000000
53945  -50.681  -37.709  28.702 0.0000000000
53968  -50.566  -37.268  27.707 0.0000000000
53948  -53.939  -37.328  28.749 0.0000000000
56191  -51.609  -35.352  26.583 0.0000000000
57283  -55.432  -35.146  28.118 0.0000000000
57266  -56.000  -34.531  28.229 0.0000000000
59462  -57.127  -32.295  27.976 0.0000000000
59463  -58.075  -32.298  28.222 0.0000000000
59464  -58.958  -32.313  28.480 0.0000000000
59465  -59.528  -32.356  28.673 0.0000000000
41135  -39.632  -48.285  44.462 0.0000000000
41166  -40.180  -47.905  42.654 0.0000000000
41202  -39.067  -47.454  40.872 0.0000000000
41203  -39.916  -47.198  41.203 0.0000000000
41188  -42.764  -47.292  42.306 0.0000000000
41187  -42.273  -47.298  42.169 0.0000000000
42450  -42.286  -47.008  41.631 0.0000000000
42500  -40.796  -45.933  39.986 0.0000000000
42464  -40.871  -46.546  40.914 0.0000000000
42499  -39.945  -46.111  39.466 0.0000000000
42481  -39.622  -46.526  39.869 0.0000000000
42516  -39.419  -46.373  39.024 0.0000000000
43756  -39.145  -46.159  38.002 0.0000000000
43757  -39.698  -45.936  38.615 0.0000000000
46100  -40.620  -44.482  36.855 0.0000000000
46099  -39.903  -44.587  36.551 0.0000000000
46126  -39.333  -44.101  35.066 0.0000000000
47232  -39.932  -43.670  35.022 0.0000000000
46051  -46.802  -43.763  42.049 0.0000000000
44859  -46.581  -44.320  42.552 0.0000000000
46060  -46.608  -43.534  41.429 0.0000000000
47218  -45.043  -43.247  38.919 0.0000000000
47208  -44.849  -43.584  39.112 0.0000000000
46083  -43.984  -44.135  38.963 0.0000000000
47217  -44.447  -43.490  38.629 0.0000000000
49313  -45.088  -41.252  37.242 0.0000000000
49317  -44.042  -41.225  36.119 0.0000000000
48268  -42.983  -42.076  35.925 0.0000000000
48263  -43.426  -42.194  36.470 0.0000000000
48262  -42.700  -42.521  36.094 0.0000000000
47229  -43.184  -42.904  37.005 0.0000000000
47228  -42.476  -43.154  36.655 0.0000000000
47227  -41.767  -43.414  36.332 0.0000000000
47235  -42.190  -42.933  36.018 0.0000000000
49325  -40.820  -41.601  33.036 0.0000000000
48277  -41.066  -42.184  33.703 0.0000000000
48276  -40.454  -42.232  33.255 0.0000000000
48288  -40.045  -42.066  32.689 0.0000000000
57213  -44.860  -34.938  31.297 0.0000000000
57214  -45.772  -34.752  31.196 0.0000000000
39789  -27.667  -49.119  51.315 0.0000000000
41070  -34.897  -47.705  49.069 0.0000000000
41076  -39.552  -47.813  47.745 0.0000000000
42376  -41.886  -46.909  47.043 0.0000000000
42364  -42.110  -46.463  47.312 0.0000000000
44768  -43.958  -44.970  47.841 0.0000000000
43600  -43.352  -45.317  47.854 0.0000000000
43613  -43.767  -45.357  47.411 0.0000000000
43626  -43.301  -45.995  46.811 0.0000000000
43627  -43.973  -45.652  46.769 0.0000000000
43643  -44.193  -45.983  46.023 0.0000000000
43628  -44.544  -45.120  46.574 0.0000000000
43629  -45.039  -44.764  46.033 0.0000000000
47098  -47.542  -42.531  46.112 0.0000000000
47115  -47.738  -42.946  45.243 0.0000000000
47099  -48.079  -42.351  45.359 0.0000000000
48114  -48.840  -41.433  45.369 0.0000000000
49144  -49.341  -40.775  45.316 0.0000000000
49161  -49.560  -41.165  44.822 0.0000000000
53691  -51.733  -37.582  43.225 0.0000000000
55926  -51.570  -35.911  42.727 0.0000000000
55925  -51.156  -35.081  42.609 0.0000000000
58204  -50.509  -33.232  42.047 0.0000000000
55936  -50.647  -34.398  41.692 0.0000000000
57100  -50.416  -34.132  40.730 0.0000000000
57111  -50.617  -34.220  39.681 0.0000000000
58218  -50.607  -33.221  40.574 0.0000000000
59300  -52.402  -31.524  40.379 0.0000000000
60437  -51.878  -31.374  41.336 0.0000000000
59313  -51.436  -32.195  39.790 0.0000000000
59327  -51.598  -32.220  38.744 0.0000000000
59354  -51.773  -32.489  37.022 0.0000000000
59328  -52.706  -31.660  38.346 0.0000000000
60458  -54.308  -31.496  37.416 0.0000000000
60467  -53.670  -31.547  37.177 0.0000000000
60468  -54.213  -31.546  36.884 0.0000000000
60497  -54.351  -31.853  35.637 0.0000000000
59356  -55.029  -31.833  35.988 0.0000000000
61624  -56.927  -29.684  39.849 0.0000000000
59304  -55.798  -30.773  39.312 0.0000000000
59305  -56.414  -30.602  39.024 0.0000000000
59346  -56.742  -32.043  37.050 0.0000000000
59345  -56.158  -31.690  37.044 0.0000000000
59358  -56.612  -32.289  36.512 0.0000000000
59385  -56.179  -32.440  34.804 0.0000000000
58271  -56.814  -33.041  35.078 0.0000000000
58303  -56.817  -33.630  33.177 0.0000000000
58287  -57.256  -33.547  34.344 0.0000000000
56043  -58.772  -34.449  34.435 0.0000000000
57169  -58.280  -34.358  34.129 0.0000000000
56065  -58.777  -34.640  33.533 0.0000000000
56114  -59.103  -34.830  31.499 0.0000000000
56066  -59.370  -34.606  33.098 0.0000000000
59370  -59.440  -32.614  34.902 0.0000000000
58305  -60.532  -33.149  32.807 0.0000000000
58290  -60.238  -33.268  33.619 0.0000000000
57187  -60.493  -33.740  33.050 0.0000000000
56090  -60.055  -34.529  32.025 0.0000000000
57222  -60.477  -34.331  31.840 0.0000000000
57223  -61.080  -33.716  31.450 0.0000000000
58333  -61.570  -32.595  30.852 0.0000000000
58340  -61.565  -33.207  30.842 0.0000000000
58341  -61.667  -32.600  30.480 0.0000000000
59438  -61.227  -32.890  29.475 0.0000000000
58348  -61.723  -32.413  30.123 0.0000000000
65363  -59.015  -27.295  33.452 0.0000000000
65348  -59.577  -27.167  34.260 0.0000000000
64102  -58.550  -28.267  33.544 0.0000000000
62920  -58.532  -29.021  33.913 0.0000000000
64101  -58.166  -28.997  33.383 0.0000000000
67710  -58.180  -25.817  31.062 0.0000000000
66579  -57.866  -26.248  31.299 0.0000000000
66578  -56.988  -26.880  31.100 0.0000000000
62961  -57.551  -29.736  30.400 0.0000000000
61739  -57.268  -30.245  31.116 0.0000000000
61723  -56.878  -29.943  32.246 0.0000000000
61731  -57.716  -30.606  31.795 0.0000000000
61732  -58.776  -30.976  31.645 0.0000000000
61741  -59.132  -30.483  30.861 0.0000000000
62965  -61.369  -29.788  30.630 0.0000000000
61736  -61.494  -30.824  30.603 0.0000000000
61745  -61.934  -30.515  30.243 0.0000000000
60563  -61.847  -31.403  29.644 0.0000000000
61774  -61.650  -31.010  28.292 0.0000000000
61759  -62.281  -30.677  28.798 0.0000000000
62992  -62.762  -30.045  28.497 0.0000000000
62999  -62.770  -29.850  28.031 0.0000000000
63018  -63.131  -29.180  27.219 0.0000000000
66639  -59.819  -26.674  27.755 0.0000000000
65436  -61.267  -27.484  28.964 0.0000000000
66619  -61.653  -26.662  28.395 0.0000000000
64205  -63.540  -28.357  27.781 0.0000000000
64218  -63.801  -28.603  27.053 0.0000000000
74705  -60.088  -19.626  28.296 0.0000000000
73555  -59.325  -20.406  27.928 0.0000000000
74715  -60.018  -19.633  27.290 0.0000000000
72472  -60.999  -21.109  26.198 0.0000000000
71375  -60.963  -22.245  25.934 0.0000000000
70185  -61.440  -23.478  26.331 0.0000000000
70186  -62.379  -23.694  26.582 0.0000000000
70188  -63.394  -23.565  26.309 0.0000000000
69004  -63.225  -24.327  26.676 0.0000000000
38585  -27.880  -50.438  46.436 0.0000000000
38574  -27.231  -50.441  47.375 0.0000000000
38593  -27.432  -50.239  45.524 0.0000000000
39880  -25.756  -49.086  42.690 0.0000000000
38607  -26.345  -49.590  44.290 0.0000000000
41158  -24.712  -48.594  42.253 0.0000000000
42473  -24.881  -47.541  39.131 0.0000000000
42456  -24.124  -47.635  39.739 0.0000000000
42472  -24.015  -47.328  38.974 0.0000000000
42508  -24.419  -46.999  37.560 0.0000000000
42446  -29.096  -47.232  41.441 0.0000000000
42429  -29.074  -47.205  42.937 0.0000000000
41198  -28.934  -47.740  41.424 0.0000000000
41179  -28.854  -48.210  41.814 0.0000000000
42460  -28.477  -47.628  40.484 0.0000000000
44892  -29.777  -45.456  38.096 0.0000000000
44875  -29.335  -46.027  38.962 0.0000000000
44891  -29.152  -46.133  38.204 0.0000000000
43767  -27.624  -46.133  37.144 0.0000000000
43751  -27.994  -46.431  37.693 0.0000000000
43736  -27.313  -46.954  38.210 0.0000000000
42493  -27.490  -47.523  38.816 0.0000000000
42492  -26.620  -47.465  38.637 0.0000000000
43749  -26.311  -46.458  37.472 0.0000000000
43838  -28.275  -46.417  32.061 0.0000000000
42592  -28.287  -47.219  32.389 0.0000000000
41199  -36.682  -47.573  39.797 0.0000000000
41181  -36.742  -47.704  40.632 0.0000000000
42463  -36.086  -47.490  40.390 0.0000000000
42480  -36.001  -47.449  39.444 0.0000000000
42548  -37.119  -47.237  36.149 0.0000000000
42512  -37.037  -47.757  37.216 0.0000000000
42547  -36.612  -47.300  35.845 0.0000000000
42527  -35.200  -47.311  35.995 0.0000000000
43769  -34.513  -46.928  36.482 0.0000000000
43753  -33.801  -46.427  37.066 0.0000000000
44993  -33.342  -45.474  32.321 0.0000000000
44970  -33.053  -45.763  33.059 0.0000000000
44969  -32.512  -45.328  33.606 0.0000000000
48319  -35.657  -42.611  29.670 0.0000000000
47301  -35.094  -42.940  30.134 0.0000000000
48318  -35.012  -43.030  29.463 0.0000000000
45084  -35.220  -44.795  28.620 0.0000000000
47313  -33.972  -43.774  29.418 0.0000000000
46244  -34.102  -44.507  28.771 0.0000000000
47282  -33.442  -44.181  30.439 0.0000000000
46223  -33.501  -44.463  29.271 0.0000000000
43882  -32.647  -46.307  29.162 0.0000000000
45063  -33.014  -45.342  29.104 0.0000000000
45062  -32.038  -45.490  29.717 0.0000000000
53776  -53.412  -37.678  38.115 0.0000000000
53755  -53.161  -37.592  38.986 0.0000000000
54829  -53.042  -37.159  39.278 0.0000000000
54828  -52.832  -36.784  39.637 0.0000000000
51410  -52.114  -38.470  42.597 0.0000000000
50289  -52.154  -39.313  41.751 0.0000000000
51452  -52.473  -38.674  40.867 0.0000000000
50344  -52.650  -39.287  38.978 0.0000000000
50371  -52.880  -39.193  38.301 0.0000000000
50345  -53.148  -39.023  38.446 0.0000000000
51489  -53.238  -38.675  38.478 0.0000000000
61770  -57.734  -30.671  27.327 0.0000000000
61787  -58.053  -29.955  26.807 0.0000000000
41103  -36.550  -48.694  46.835 0.0000000000
41119  -35.652  -48.358  46.022 0.0000000000
56128  -55.085  -35.983  30.512 0.0000000000
54988  -56.331  -36.560  30.103 0.0000000000
53911  -56.512  -36.550  29.727 0.0000000000
56130  -56.851  -35.916  30.238 0.0000000000
57238  -57.328  -35.383  30.500 0.0000000000
57221  -57.410  -34.713  30.985 0.0000000000
43659  -45.737  -45.195  44.632 0.0000000000
42434  -44.826  -46.017  43.632 0.0000000000
43675  -45.860  -45.468  43.938 0.0000000000
43688  -45.799  -45.454  43.434 0.0000000000
43708  -45.486  -45.070  42.325 0.0000000000
53844  -45.413  -37.721  34.401 0.0000000000
52755  -45.252  -38.440  34.941 0.0000000000
53882  -43.834  -37.140  32.756 0.0000000000
53881  -43.332  -37.153  32.459 0.0000000000
54951  -43.446  -36.559  32.121 0.0000000000
54970  -43.082  -36.180  31.612 0.0000000000
56171  -48.398  -36.127  27.916 0.0000000000
56170  -47.783  -35.998  27.542 0.0000000000
56189  -47.298  -36.272  27.073 0.0000000000
55053  -46.317  -36.537  26.011 0.0000000000
71321  -58.774  -22.565  30.078 0.0000000000
70136  -58.322  -23.072  29.661 0.0000000000
70149  -57.444  -23.530  28.158 0.0000000000
68976  -57.157  -24.099  27.309 0.0000000000
71347  -57.782  -22.701  27.798 0.0000000000
71361  -58.111  -21.967  27.333 0.0000000000
71374  -58.067  -22.005  26.448 0.0000000000
42370  -28.148  -48.129  47.853 0.0000000000
42385  -28.225  -47.649  46.892 0.0000000000
42402  -28.489  -47.744  46.036 0.0000000000
46108  -30.690  -44.488  35.544 0.0000000000
47247  -29.598  -44.144  32.812 0.0000000000
46160  -29.247  -44.298  32.363 0.0000000000
46203  -29.914  -44.838  30.648 0.0000000000
45060  -30.563  -46.217  29.843 0.0000000000
46125  -38.623  -44.247  34.675 0.0000000000
46110  -37.985  -44.825  35.177 0.0000000000
46145  -38.174  -44.080  34.046 0.0000000000
47249  -37.661  -43.748  32.983 0.0000000000
52815  -51.343  -38.285  30.937 0.0000000000
52799  -52.266  -38.819  31.622 0.0000000000
54901  -53.810  -36.577  35.991 0.0000000000
54902  -54.378  -36.952  35.501 0.0000000000
56020  -53.836  -36.184  35.316 0.0000000000
56063  -53.551  -35.417  33.597 0.0000000000
57167  -52.684  -34.686  34.512 0.0000000000
57166  -52.327  -34.107  34.793 0.0000000000
58285  -52.454  -33.274  34.461 0.0000000000
47177  -49.385  -42.665  43.378 0.0000000000
48186  -49.641  -41.993  43.123 0.0000000000
48210  -49.357  -41.436  42.337 0.0000000000
48230  -49.277  -41.139  42.024 0.0000000000
50368  -50.693  -39.532  39.207 0.0000000000
50367  -49.736  -39.743  39.317 0.0000000000
52692  -48.371  -38.578  37.290 0.0000000000
52715  -47.614  -38.418  36.885 0.0000000000
53807  -47.999  -37.714  36.243 0.0000000000
53847  -48.061  -36.871  35.026 0.0000000000
54920  -47.596  -36.360  34.412 0.0000000000
52741  -52.181  -39.214  35.306 0.0000000000
52758  -51.567  -38.287  34.596 0.0000000000
53884  -51.184  -37.621  32.801 0.0000000000
53896  -50.591  -37.337  31.494 0.0000000000
53897  -51.043  -37.768  31.806 0.0000000000
43624  -32.481  -46.346  47.407 0.0000000000
43640  -32.571  -46.349  46.441 0.0000000000
43670  -32.213  -46.117  45.283 0.0000000000
43686  -34.248  -46.711  43.170 0.0000000000
43695  -33.538  -46.230  42.814 0.0000000000
43704  -33.692  -46.226  41.970 0.0000000000
44879  -33.029  -45.563  40.133 0.0000000000
44905  -33.135  -45.773  37.607 0.0000000000
53946  -51.613  -37.797  28.487 0.0000000000
53969  -51.661  -37.100  27.722 0.0000000000
55036  -53.055  -36.186  27.885 0.0000000000
56192  -52.188  -35.494  27.030 0.0000000000
57267  -56.807  -34.673  28.308 0.0000000000
59447  -57.323  -33.079  28.259 0.0000000000
58359  -59.575  -33.875  29.284 0.0000000000
41125  -41.045  -47.899  45.064 0.0000000000
41136  -40.541  -48.116  44.379 0.0000000000
41167  -41.082  -47.657  42.737 0.0000000000
43713  -42.763  -46.321  40.859 0.0000000000
42484  -42.286  -46.329  40.880 0.0000000000
43742  -40.852  -45.549  39.368 0.0000000000
44895  -40.251  -45.506  38.420 0.0000000000
44908  -40.880  -44.849  37.794 0.0000000000
46089  -40.960  -44.640  37.368 0.0000000000
46114  -41.163  -43.776  36.401 0.0000000000
47211  -46.748  -43.086  40.805 0.0000000000
47210  -46.105  -43.311  40.521 0.0000000000
48243  -46.168  -42.335  39.570 0.0000000000
48242  -45.670  -42.585  39.177 0.0000000000
48258  -45.031  -42.286  37.984 0.0000000000
50417  -43.473  -40.628  34.984 0.0000000000
50411  -43.816  -40.718  35.489 0.0000000000
49322  -43.102  -41.305  35.067 0.0000000000
49321  -42.472  -41.466  34.568 0.0000000000
48272  -42.073  -42.183  34.798 0.0000000000
49327  -42.027  -41.377  33.960 0.0000000000
49326  -41.408  -41.465  33.520 0.0000000000
42348  -40.901  -46.984  48.014 0.0000000000
44769  -44.576  -44.595  47.862 0.0000000000
44779  -44.618  -44.738  47.184 0.0000000000
44770  -45.021  -44.208  47.853 0.0000000000
48113  -48.246  -41.722  45.863 0.0000000000
58185  -51.079  -33.701  45.143 0.0000000000
57075  -50.889  -34.413  43.355 0.0000000000
58192  -50.804  -33.516  44.010 0.0000000000
59279  -50.736  -32.378  43.402 0.0000000000
59278  -50.631  -32.434  42.789 0.0000000000
60439  -53.243  -31.359  41.014 0.0000000000
59301  -53.386  -31.456  40.155 0.0000000000
59315  -53.561  -31.540  39.271 0.0000000000
59316  -54.496  -31.403  39.069 0.0000000000
59330  -54.661  -31.384  38.073 0.0000000000
62819  -57.516  -29.117  39.550 0.0000000000
60450  -57.158  -30.380  39.061 0.0000000000
59306  -56.844  -30.599  38.838 0.0000000000
59319  -56.696  -30.774  38.239 0.0000000000
59333  -57.096  -31.308  37.683 0.0000000000
58238  -57.119  -31.976  37.163 0.0000000000
58262  -57.642  -33.018  35.985 0.0000000000
58272  -57.581  -33.633  35.332 0.0000000000
58273  -57.976  -33.578  35.681 0.0000000000
57141  -58.483  -33.713  35.601 0.0000000000
57154  -59.117  -33.841  35.104 0.0000000000
60499  -59.466  -32.310  34.490 0.0000000000
60515  -59.690  -32.462  33.911 0.0000000000
59387  -60.117  -32.734  33.468 0.0000000000
58304  -60.626  -33.027  32.619 0.0000000000
58320  -60.929  -33.049  31.884 0.0000000000
58319  -60.659  -32.873  32.351 0.0000000000
59418  -60.754  -32.334  31.754 0.0000000000
59426  -61.079  -31.884  31.178 0.0000000000
66544  -59.851  -25.971  33.298 0.0000000000
66543  -59.268  -26.510  33.001 0.0000000000
65382  -58.588  -26.924  32.716 0.0000000000
66605  -56.554  -26.812  29.445 0.0000000000
65405  -56.671  -27.516  30.747 0.0000000000
64162  -56.792  -28.404  29.773 0.0000000000
64163  -57.562  -28.894  29.694 0.0000000000
62962  -58.571  -30.028  30.272 0.0000000000
62963  -59.581  -29.921  30.362 0.0000000000
62978  -59.061  -29.500  29.801 0.0000000000
64147  -60.712  -29.260  30.125 0.0000000000
62966  -61.903  -29.735  30.224 0.0000000000
62981  -62.359  -29.651  29.730 0.0000000000
62982  -62.762  -29.501  29.117 0.0000000000
64169  -62.558  -28.780  29.152 0.0000000000
66641  -61.723  -26.036  27.732 0.0000000000
66620  -62.415  -26.810  28.322 0.0000000000
66621  -62.911  -26.835  28.086 0.0000000000
64206  -64.139  -27.969  27.068 0.0000000000
75836  -61.197  -18.285  28.264 0.0000000000
74732  -60.991  -19.259  26.729 0.0000000000
73573  -61.569  -20.261  26.568 0.0000000000
72473  -61.899  -21.264  26.475 0.0000000000
71379  -63.705  -22.618  26.037 0.0000000000
71378  -63.262  -22.564  26.289 0.0000000000
38560  -26.416  -50.120  48.209 0.0000000000
38609  -27.447  -48.831  44.297 0.0000000000
38608  -26.925  -49.133  44.343 0.0000000000
39873  -27.210  -48.872  43.558 0.0000000000
41159  -25.430  -48.939  41.807 0.0000000000
41175  -24.906  -48.491  41.271 0.0000000000
41193  -25.316  -48.347  40.542 0.0000000000
44812  -29.958  -45.639  43.899 0.0000000000
43669  -29.350  -46.324  43.459 0.0000000000
43693  -29.343  -46.484  41.605 0.0000000000
43703  -29.161  -46.584  40.870 0.0000000000
44929  -28.448  -44.898  35.432 0.0000000000
43765  -26.007  -46.108  36.835 0.0000000000
44943  -25.509  -46.034  34.952 0.0000000000
43819  -26.280  -46.511  33.899 0.0000000000
42572  -27.195  -47.113  33.057 0.0000000000
41183  -38.594  -47.958  41.609 0.0000000000
41182  -37.283  -48.062  41.461 0.0000000000
41216  -37.283  -47.685  39.259 0.0000000000
41215  -36.644  -47.682  38.922 0.0000000000
43807  -36.166  -46.350  34.515 0.0000000000
43806  -35.240  -46.524  34.343 0.0000000000
43805  -34.352  -46.421  34.435 0.0000000000
43823  -34.113  -46.201  33.702 0.0000000000
44971  -33.846  -45.888  32.974 0.0000000000
43884  -34.858  -45.830  29.131 0.0000000000
45082  -33.769  -45.103  28.708 0.0000000000
51599  -53.672  -39.344  34.633 0.0000000000
51600  -54.309  -39.262  35.023 0.0000000000
53810  -54.146  -37.787  36.271 0.0000000000
53791  -53.692  -37.722  37.225 0.0000000000
54882  -53.896  -37.164  36.548 0.0000000000
54881  -53.448  -36.593  36.740 0.0000000000
56002  -52.845  -35.902  36.807 0.0000000000
49192  -50.898  -39.983  43.563 0.0000000000
50287  -51.234  -40.269  42.408 0.0000000000
50302  -51.490  -40.165  41.701 0.0000000000
49279  -51.046  -39.971  40.241 0.0000000000
50319  -52.089  -40.070  40.563 0.0000000000
49255  -51.596  -40.076  40.248 0.0000000000
50342  -51.240  -39.713  39.699 0.0000000000
51533  -50.609  -38.853  38.038 0.0000000000
52738  -50.082  -37.882  35.768 0.0000000000
52718  -50.908  -38.451  36.486 0.0000000000
52719  -51.619  -38.937  36.627 0.0000000000
51561  -52.205  -39.237  36.075 0.0000000000
51580  -52.189  -39.235  35.570 0.0000000000
51581  -52.747  -39.372  35.301 0.0000000000
63035  -58.627  -28.897  25.778 0.0000000000
42373  -34.249  -47.612  47.551 0.0000000000
42387  -33.718  -47.163  46.855 0.0000000000
42388  -34.398  -47.692  46.675 0.0000000000
42420  -34.655  -47.226  44.689 0.0000000000
42406  -35.266  -47.882  45.156 0.0000000000
53971  -54.475  -36.993  28.507 0.0000000000
56174  -54.868  -35.772  28.010 0.0000000000
56175  -55.605  -35.853  28.213 0.0000000000
55040  -56.236  -36.019  28.642 0.0000000000
53929  -56.813  -36.298  29.529 0.0000000000
53952  -56.979  -36.073  29.068 0.0000000000
55018  -56.796  -36.014  28.887 0.0000000000
55019  -57.486  -35.735  29.224 0.0000000000
55020  -57.983  -35.576  29.577 0.0000000000
55004  -58.783  -35.368  30.374 0.0000000000
42424  -43.276  -46.952  44.359 0.0000000000
41139  -42.717  -47.393  44.015 0.0000000000
41170  -43.222  -47.154  43.055 0.0000000000
42452  -43.601  -46.783  42.173 0.0000000000
42442  -44.515  -46.174  43.060 0.0000000000
42468  -43.993  -46.386  41.981 0.0000000000
42467  -43.483  -46.610  41.565 0.0000000000
43714  -43.289  -46.250  40.976 0.0000000000
50404  -46.054  -40.126  37.535 0.0000000000
50389  -45.768  -40.827  37.678 0.0000000000
50403  -45.492  -40.460  37.128 0.0000000000
50413  -44.947  -40.289  36.473 0.0000000000
51578  -44.695  -39.698  35.718 0.0000000000
51596  -44.305  -39.573  35.118 0.0000000000
51595  -43.563  -39.743  34.474 0.0000000000
51594  -43.121  -39.694  34.089 0.0000000000
51618  -42.015  -39.225  32.930 0.0000000000
52787  -41.972  -38.446  32.472 0.0000000000
53879  -41.598  -37.783  31.721 0.0000000000
53893  -41.268  -37.094  30.826 0.0000000000
53894  -42.203  -36.846  31.576 0.0000000000
56125  -48.020  -35.212  29.798 0.0000000000
57263  -46.975  -34.644  28.563 0.0000000000
57278  -46.520  -34.833  27.796 0.0000000000
56187  -45.499  -35.676  26.351 0.0000000000
62849  -58.465  -29.783  38.521 0.0000000000
61642  -58.601  -30.175  38.101 0.0000000000
59348  -58.598  -31.561  36.797 0.0000000000
60469  -58.668  -30.786  37.421 0.0000000000
60482  -59.197  -30.942  36.560 0.0000000000
61671  -59.646  -29.551  36.732 0.0000000000
61699  -58.995  -31.061  35.073 0.0000000000
60513  -58.670  -31.100  33.938 0.0000000000
67712  -59.255  -25.126  31.726 0.0000000000
68901  -59.075  -24.992  31.360 0.0000000000
67731  -58.431  -25.275  30.886 0.0000000000
67730  -57.880  -25.503  30.572 0.0000000000
68937  -58.283  -23.920  29.972 0.0000000000
68936  -57.781  -24.683  29.850 0.0000000000
66606  -56.995  -26.160  29.889 0.0000000000
67747  -56.511  -25.947  29.069 0.0000000000
65453  -56.883  -27.110  27.976 0.0000000000
65433  -58.380  -27.836  28.385 0.0000000000
65434  -59.438  -27.726  28.533 0.0000000000
65455  -58.907  -27.205  27.968 0.0000000000
66638  -58.503  -26.474  27.328 0.0000000000
67781  -59.366  -25.868  26.998 0.0000000000
68998  -57.454  -24.265  26.185 0.0000000000
67805  -58.941  -25.248  26.347 0.0000000000
67782  -60.472  -25.847  27.182 0.0000000000
67783  -61.401  -25.710  27.268 0.0000000000
67808  -61.708  -25.263  26.964 0.0000000000
68977  -62.251  -24.938  26.930 0.0000000000
74718  -63.293  -19.180  27.022 0.0000000000
74734  -62.825  -19.410  26.975 0.0000000000
73557  -63.500  -19.708  26.807 0.0000000000
73575  -63.420  -20.473  26.688 0.0000000000
72476  -63.751  -21.634  26.240 0.0000000000
38551  -27.539  -49.604  49.710 0.0000000000
39836  -28.562  -49.883  47.332 0.0000000000
38586  -28.526  -50.058  46.491 0.0000000000
41099  -28.238  -48.927  47.197 0.0000000000
39857  -28.371  -49.337  45.948 0.0000000000
38602  -27.830  -49.183  45.080 0.0000000000
39874  -27.879  -48.691  43.751 0.0000000000
39892  -28.037  -48.770  42.020 0.0000000000
46056  -30.465  -44.924  39.844 0.0000000000
44863  -30.247  -45.159  40.127 0.0000000000
46095  -30.024  -44.670  35.986 0.0000000000
44916  -29.271  -45.100  36.109 0.0000000000
46158  -27.590  -45.046  32.667 0.0000000000
45014  -28.395  -45.800  31.766 0.0000000000
42514  -38.405  -47.057  38.044 0.0000000000
42513  -37.661  -47.487  37.532 0.0000000000
42531  -37.991  -47.075  37.323 0.0000000000
43770  -37.786  -46.556  36.454 0.0000000000
43787  -37.362  -46.541  35.756 0.0000000000
43808  -36.923  -46.212  34.839 0.0000000000
44973  -36.144  -45.106  33.184 0.0000000000
44996  -35.934  -44.696  32.629 0.0000000000
46187  -35.114  -44.141  31.694 0.0000000000
53966  -48.801  -36.936  27.242 0.0000000000
52834  -51.622  -38.482  30.052 0.0000000000
52835  -52.470  -38.746  29.923 0.0000000000
51670  -53.609  -38.877  30.383 0.0000000000
51613  -54.340  -39.179  34.033 0.0000000000
51621  -54.283  -39.289  32.995 0.0000000000
53851  -54.719  -38.147  33.873 0.0000000000
51634  -54.086  -39.306  31.992 0.0000000000
52800  -54.138  -38.773  31.489 0.0000000000
53898  -54.058  -37.960  31.001 0.0000000000
56111  -54.159  -35.874  31.270 0.0000000000
56110  -53.890  -35.024  31.607 0.0000000000
57218  -54.435  -34.541  31.279 0.0000000000
58329  -54.293  -33.591  31.779 0.0000000000
58316  -55.005  -32.867  32.464 0.0000000000
44846  -47.519  -44.387  43.431 0.0000000000
46030  -48.106  -44.022  43.639 0.0000000000
46041  -47.746  -43.726  42.825 0.0000000000
47193  -47.438  -43.183  41.906 0.0000000000
47195  -48.555  -42.809  42.602 0.0000000000
47194  -48.018  -42.864  42.268 0.0000000000
48244  -47.070  -42.483  40.489 0.0000000000
49275  -46.902  -41.479  39.653 0.0000000000
49297  -46.669  -40.969  39.194 0.0000000000
49253  -49.624  -40.746  41.674 0.0000000000
49277  -48.897  -40.558  40.796 0.0000000000
50339  -48.301  -40.535  40.035 0.0000000000
50390  -46.278  -40.482  38.103 0.0000000000
52736  -46.393  -38.244  35.959 0.0000000000
52737  -46.965  -38.238  36.342 0.0000000000
52756  -45.964  -38.049  35.353 0.0000000000
53845  -46.063  -37.321  34.695 0.0000000000
56060  -45.553  -35.990  33.197 0.0000000000
56081  -45.904  -35.400  32.662 0.0000000000
56082  -46.918  -35.203  32.607 0.0000000000
56062  -47.341  -35.578  33.159 0.0000000000
56107  -47.396  -34.849  31.787 0.0000000000
57216  -47.660  -34.626  31.007 0.0000000000
53832  -50.216  -37.758  35.441 0.0000000000
53865  -49.803  -36.660  33.879 0.0000000000
54941  -49.924  -36.600  33.533 0.0000000000
54955  -49.270  -36.031  32.489 0.0000000000
56126  -48.727  -35.370  30.287 0.0000000000
56143  -48.799  -35.561  29.392 0.0000000000
56155  -48.774  -35.887  28.504 0.0000000000
54985  -49.936  -36.652  30.413 0.0000000000
56156  -49.340  -36.082  29.061 0.0000000000
55012  -48.813  -36.446  28.004 0.0000000000
55034  -49.033  -36.730  27.853 0.0000000000
73537  -60.007  -19.772  29.639 0.0000000000
73545  -60.239  -19.590  29.113 0.0000000000
74706  -60.530  -18.905  28.748 0.0000000000
75814  -60.977  -18.647  29.709 0.0000000000
75822  -60.975  -18.386  29.263 0.0000000000
75824  -62.896  -17.798  28.383 0.0000000000
76830  -62.852  -16.793  30.117 0.0000000000
75838  -63.153  -18.392  27.657 0.0000000000
76864  -64.375  -17.526  27.775 0.0000000000
75840  -64.318  -18.376  27.277 0.0000000000
43621  -29.111  -46.108  47.642 0.0000000000
44787  -30.461  -45.644  45.743 0.0000000000
44799  -30.117  -45.616  44.968 0.0000000000
44840  -30.608  -45.394  42.159 0.0000000000
43641  -33.240  -46.733  46.226 0.0000000000
43671  -32.785  -46.272  44.851 0.0000000000
44815  -32.541  -46.059  44.320 0.0000000000
43694  -33.071  -46.091  43.417 0.0000000000
44829  -32.477  -45.909  43.773 0.0000000000
44841  -31.548  -45.435  42.454 0.0000000000
44854  -31.387  -45.228  41.426 0.0000000000
46066  -31.100  -44.576  39.411 0.0000000000
46078  -31.452  -44.619  38.623 0.0000000000
46087  -31.375  -44.651  37.838 0.0000000000
44893  -32.280  -45.042  38.851 0.0000000000
44918  -31.955  -44.901  37.321 0.0000000000
46109  -31.319  -44.979  35.950 0.0000000000
46122  -31.664  -44.796  34.802 0.0000000000
44968  -31.970  -44.867  33.536 0.0000000000
48303  -38.492  -42.130  31.382 0.0000000000
54000  -48.984  -36.702  25.859 0.0000000000
55076  -49.055  -36.000  25.441 0.0000000000
55035  -52.150  -36.478  27.452 0.0000000000
55057  -50.915  -36.103  26.414 0.0000000000
58355  -55.705  -33.762  28.097 0.0000000000
60583  -58.946  -31.623  28.017 0.0000000000
41122  -38.480  -48.321  45.534 0.0000000000
41133  -37.739  -48.497  44.678 0.0000000000
41134  -38.675  -48.392  44.550 0.0000000000
41150  -39.891  -48.261  43.499 0.0000000000
41165  -39.226  -48.179  42.578 0.0000000000
41234  -38.790  -46.986  39.634 0.0000000000
41153  -42.390  -47.508  43.449 0.0000000000
41168  -41.942  -47.525  42.775 0.0000000000
41186  -41.399  -47.324  42.150 0.0000000000
42465  -41.731  -46.643  41.243 0.0000000000
41204  -40.861  -46.939  41.493 0.0000000000
41220  -40.201  -46.764  40.868 0.0000000000
42498  -39.097  -46.719  39.344 0.0000000000
42497  -38.670  -46.936  38.768 0.0000000000
43755  -38.667  -46.428  37.694 0.0000000000
43772  -38.884  -45.976  37.573 0.0000000000
46098  -39.130  -44.646  36.417 0.0000000000
47251  -39.480  -43.098  33.467 0.0000000000
44845  -46.879  -44.540  43.030 0.0000000000
44858  -45.978  -44.501  42.186 0.0000000000
44857  -45.315  -44.939  41.931 0.0000000000
46073  -45.752  -43.798  40.839 0.0000000000
46072  -45.238  -44.119  40.632 0.0000000000
44884  -44.734  -44.680  40.952 0.0000000000
44883  -44.326  -44.947  40.521 0.0000000000
46070  -43.467  -44.587  39.241 0.0000000000
46081  -42.754  -44.149  38.423 0.0000000000
49306  -45.474  -41.495  37.888 0.0000000000
49305  -44.886  -41.623  37.310 0.0000000000
48257  -44.456  -42.289  37.488 0.0000000000
49311  -43.839  -41.554  36.240 0.0000000000
48264  -44.016  -42.111  36.934 0.0000000000
47223  -44.173  -43.049  37.995 0.0000000000
47222  -43.496  -43.191  37.602 0.0000000000
46092  -43.203  -43.749  38.139 0.0000000000
46091  -42.558  -43.873  37.849 0.0000000000
46102  -42.176  -43.760  37.277 0.0000000000
48266  -41.735  -42.577  35.029 0.0000000000
47240  -41.169  -42.953  34.964 0.0000000000
47239  -40.535  -43.097  34.526 0.0000000000
47252  -40.172  -42.938  33.887 0.0000000000
48275  -39.747  -42.521  32.838 0.0000000000
57262  -45.966  -34.361  28.531 0.0000000000
53720  -52.449  -37.532  41.823 0.0000000000
54801  -52.592  -36.947  41.329 0.0000000000
54788  -51.728  -36.618  42.919 0.0000000000
55918  -51.535  -36.000  43.598 0.0000000000
55910  -51.346  -35.484  44.161 0.0000000000
39790  -27.837  -49.652  51.598 0.0000000000
39799  -27.615  -48.994  50.895 0.0000000000
41056  -27.701  -48.236  50.300 0.0000000000
42320  -27.730  -47.974  51.034 0.0000000000
42340  -27.848  -47.718  49.927 0.0000000000
43592  -28.151  -46.935  50.024 0.0000000000
43593  -28.653  -46.398  49.765 0.0000000000
43572  -29.061  -46.049  50.520 0.0000000000
43594  -29.485  -46.066  49.565 0.0000000000
43595  -30.542  -46.123  49.478 0.0000000000
43596  -31.776  -46.325  49.495 0.0000000000
42357  -32.707  -46.736  49.116 0.0000000000
42358  -33.427  -47.187  48.790 0.0000000000
42343  -34.195  -47.494  49.362 0.0000000000
42359  -34.149  -47.588  48.465 0.0000000000
41082  -34.945  -47.877  48.228 0.0000000000
41083  -35.712  -48.243  48.031 0.0000000000
41086  -38.210  -48.325  47.356 0.0000000000
41106  -39.225  -48.007  46.404 0.0000000000
41107  -40.195  -47.839  46.358 0.0000000000
42374  -40.672  -47.535  47.477 0.0000000000
41108  -40.859  -47.636  46.685 0.0000000000
42389  -40.762  -47.653  46.113 0.0000000000
42409  -42.529  -47.124  45.453 0.0000000000
42377  -42.525  -46.413  46.857 0.0000000000
42392  -43.067  -46.574  46.169 0.0000000000
42410  -43.210  -46.821  45.306 0.0000000000
42393  -43.635  -46.423  45.857 0.0000000000
43657  -44.535  -46.051  45.353 0.0000000000
43645  -45.317  -45.023  45.324 0.0000000000
44802  -45.861  -44.770  45.171 0.0000000000
44803  -46.507  -44.604  45.019 0.0000000000
44804  -47.012  -44.050  45.189 0.0000000000
45963  -46.340  -43.316  46.750 0.0000000000
45983  -46.682  -43.638  45.893 0.0000000000
46001  -47.760  -43.616  44.869 0.0000000000
46002  -48.464  -43.384  44.423 0.0000000000
47117  -49.288  -42.339  44.404 0.0000000000
48128  -48.572  -41.959  45.153 0.0000000000
48130  -49.659  -41.396  44.538 0.0000000000
48147  -49.918  -41.400  44.242 0.0000000000
49176  -50.157  -40.721  44.207 0.0000000000
50214  -50.050  -39.498  45.322 0.0000000000
49163  -50.149  -40.113  44.552 0.0000000000
49177  -50.470  -39.979  44.155 0.0000000000
50251  -50.884  -39.183  44.034 0.0000000000
51396  -51.817  -38.259  43.117 0.0000000000
52595  -51.988  -37.975  42.914 0.0000000000
53706  -52.058  -37.589  42.653 0.0000000000
54814  -52.302  -36.291  41.048 0.0000000000
55950  -51.646  -35.810  40.567 0.0000000000
55937  -50.867  -34.787  41.832 0.0000000000
55949  -50.822  -35.114  40.938 0.0000000000
55959  -51.698  -35.876  39.584 0.0000000000
55971  -51.108  -35.156  39.081 0.0000000000
55986  -51.364  -34.979  38.306 0.0000000000
57129  -51.304  -34.240  37.683 0.0000000000
60408  -50.778  -32.050  42.167 0.0000000000
60410  -51.799  -31.110  42.336 0.0000000000
60425  -51.464  -31.498  41.666 0.0000000000
59298  -50.797  -32.518  41.002 0.0000000000
58227  -50.745  -33.142  39.912 0.0000000000
58237  -51.117  -33.176  38.152 0.0000000000
57139  -51.518  -33.907  36.978 0.0000000000
58259  -51.683  -33.177  36.578 0.0000000000
59355  -52.275  -32.279  36.334 0.0000000000
59365  -52.878  -32.507  35.186 0.0000000000
60466  -53.123  -31.587  37.596 0.0000000000
60495  -52.957  -31.753  36.020 0.0000000000
59366  -53.944  -32.108  35.041 0.0000000000
59383  -54.484  -32.063  34.289 0.0000000000
59401  -55.125  -32.354  33.445 0.0000000000
60442  -55.599  -30.742  40.164 0.0000000000
59317  -55.294  -31.054  38.733 0.0000000000
59331  -55.636  -31.056  37.713 0.0000000000
59368  -55.632  -32.132  35.441 0.0000000000
59402  -55.883  -32.451  33.978 0.0000000000
58302  -55.828  -32.986  33.220 0.0000000000
58318  -56.789  -33.877  32.527 0.0000000000
57199  -57.269  -34.234  32.237 0.0000000000
57200  -58.043  -34.661  32.329 0.0000000000
57168  -57.787  -34.115  34.697 0.0000000000
57184  -58.121  -34.547  33.057 0.0000000000
56113  -58.485  -34.908  31.211 0.0000000000
54976  -58.778  -35.088  30.864 0.0000000000
54993  -59.350  -34.975  30.812 0.0000000000
58252  -58.720  -32.203  36.300 0.0000000000
58264  -58.942  -32.948  35.693 0.0000000000
57170  -59.542  -34.050  34.280 0.0000000000
58275  -59.885  -33.090  34.158 0.0000000000
57171  -60.022  -34.271  33.838 0.0000000000
57185  -59.777  -34.347  33.576 0.0000000000
56115  -59.770  -34.736  31.453 0.0000000000
56147  -59.607  -35.016  30.535 0.0000000000
57253  -60.225  -34.654  30.256 0.0000000000
58345  -60.042  -34.390  29.627 0.0000000000
58346  -60.774  -33.904  29.576 0.0000000000
57240  -61.181  -34.033  30.666 0.0000000000
58360  -60.553  -33.123  29.307 0.0000000000
59450  -60.116  -32.495  28.935 0.0000000000
60569  -60.463  -31.898  28.604 0.0000000000
60570  -60.893  -31.892  28.770 0.0000000000
62907  -58.500  -29.401  34.610 0.0000000000
61697  -58.142  -30.030  34.225 0.0000000000
61710  -58.276  -30.715  33.503 0.0000000000
67690  -59.144  -25.745  32.011 0.0000000000
66562  -58.152  -26.621  32.075 0.0000000000
65381  -57.876  -27.380  32.448 0.0000000000
65395  -56.858  -27.685  31.469 0.0000000000
64135  -57.304  -27.785  32.114 0.0000000000
64120  -57.732  -28.399  32.738 0.0000000000
62934  -57.060  -29.666  32.498 0.0000000000
61724  -57.441  -30.293  32.711 0.0000000000
60541  -59.125  -31.469  32.416 0.0000000000
60550  -60.242  -31.344  31.567 0.0000000000
60552  -61.184  -31.355  30.921 0.0000000000
61734  -60.582  -30.593  31.122 0.0000000000
60553  -61.505  -31.354  30.572 0.0000000000
59428  -61.601  -32.045  30.542 0.0000000000
59440  -61.747  -31.999  29.959 0.0000000000
60571  -61.563  -31.559  29.020 0.0000000000
60585  -60.863  -31.541  28.371 0.0000000000
61791  -61.567  -30.545  27.556 0.0000000000
61775  -62.282  -30.429  28.062 0.0000000000
63016  -61.632  -29.937  26.947 0.0000000000
65435  -60.413  -27.768  28.960 0.0000000000
65418  -62.222  -28.240  29.105 0.0000000000
64191  -63.041  -28.539  28.570 0.0000000000
65438  -62.683  -27.720  28.621 0.0000000000
63040  -62.947  -29.196  26.886 0.0000000000
73570  -58.925  -20.813  27.390 0.0000000000
72471  -59.007  -21.020  26.175 0.0000000000
74731  -60.153  -19.839  26.652 0.0000000000
73591  -59.639  -20.818  25.914 0.0000000000
71390  -59.545  -22.238  25.594 0.0000000000
70184  -60.295  -23.491  25.816 0.0000000000
69002  -61.911  -24.598  26.784 0.0000000000
68978  -62.490  -24.751  26.913 0.0000000000
73574  -62.811  -20.098  26.801 0.0000000000
71377  -62.794  -22.533  26.427 0.0000000000
68979  -62.923  -24.766  26.955 0.0000000000
38561  -27.308  -50.200  48.496 0.0000000000
38583  -26.106  -50.417  46.196 0.0000000000
38600  -26.865  -49.813  44.930 0.0000000000
41191  -23.064  -47.945  40.287 0.0000000000
41192  -24.395  -47.998  40.552 0.0000000000
42455  -23.407  -47.612  39.371 0.0000000000
42403  -28.891  -47.272  45.277 0.0000000000
41145  -28.732  -47.948  43.312 0.0000000000
41160  -28.727  -48.394  42.373 0.0000000000
41178  -28.374  -48.435  41.511 0.0000000000
41214  -27.638  -48.063  40.207 0.0000000000
44862  -29.342  -45.959  40.015 0.0000000000
43722  -28.919  -46.737  39.557 0.0000000000
43752  -28.619  -46.401  38.083 0.0000000000
43721  -28.570  -47.114  39.068 0.0000000000
42477  -28.386  -47.402  39.719 0.0000000000
42459  -28.046  -47.792  40.158 0.0000000000
42476  -27.690  -47.827  39.573 0.0000000000
41213  -27.062  -48.141  39.967 0.0000000000
41212  -26.543  -48.067  39.790 0.0000000000
42491  -25.607  -47.196  38.354 0.0000000000
42509  -24.997  -46.962  37.979 0.0000000000
43748  -25.390  -46.634  37.500 0.0000000000
43747  -24.775  -46.631  37.106 0.0000000000
43837  -27.572  -46.174  32.630 0.0000000000
41147  -36.993  -48.329  43.870 0.0000000000
42449  -36.576  -48.037  41.735 0.0000000000
42438  -36.102  -47.859  42.247 0.0000000000
42462  -35.283  -47.277  40.018 0.0000000000
43724  -34.640  -46.995  39.553 0.0000000000
41247  -37.203  -47.840  37.828 0.0000000000
41246  -36.762  -47.836  37.623 0.0000000000
42511  -36.174  -47.704  37.403 0.0000000000
42528  -35.933  -47.602  36.346 0.0000000000
42495  -35.286  -47.260  38.023 0.0000000000
43740  -34.534  -46.880  38.664 0.0000000000
44933  -33.239  -45.990  35.540 0.0000000000
43804  -33.497  -46.106  34.338 0.0000000000
44948  -33.300  -46.024  34.926 0.0000000000
44947  -32.678  -45.568  34.771 0.0000000000
45016  -31.479  -45.015  31.665 0.0000000000
48302  -37.590  -42.406  31.137 0.0000000000
47286  -36.973  -43.046  31.573 0.0000000000
48301  -36.714  -42.567  30.811 0.0000000000
47285  -36.094  -43.246  31.227 0.0000000000
47265  -35.658  -43.790  31.608 0.0000000000
47314  -34.571  -43.433  29.048 0.0000000000
47300  -34.325  -43.312  29.972 0.0000000000
46186  -34.286  -44.495  31.553 0.0000000000
45019  -34.104  -44.981  31.830 0.0000000000
46185  -33.384  -44.600  30.945 0.0000000000
46184  -32.745  -44.931  30.598 0.0000000000
46222  -32.784  -44.907  29.589 0.0000000000
45041  -32.056  -45.165  30.618 0.0000000000
45061  -31.025  -45.913  29.836 0.0000000000
38562  -28.005  -50.096  48.792 0.0000000000
38573  -26.299  -50.324  47.137 0.0000000000
38576  -28.652  -50.023  47.038 0.0000000000
38592  -26.612  -50.352  45.537 0.0000000000
38601  -27.501  -49.398  44.950 0.0000000000
39800  -27.633  -49.329  50.818 0.0000000000
39835  -28.362  -49.661  47.929 0.0000000000
39850  -28.507  -49.601  46.809 0.0000000000
39864  -27.700  -48.850  44.650 0.0000000000
39884  -28.678  -48.344  42.833 0.0000000000
39893  -28.551  -48.531  42.099 0.0000000000
41044  -27.661  -48.565  50.780 0.0000000000
41045  -27.625  -48.917  50.623 0.0000000000
41069  -27.969  -48.931  49.182 0.0000000000
41089  -40.629  -47.711  47.063 0.0000000000
41154  -42.981  -47.318  43.545 0.0000000000
41176  -25.719  -48.924  41.089 0.0000000000
41177  -27.671  -48.592  41.292 0.0000000000
41180  -29.076  -47.752  41.820 0.0000000000
41195  -27.294  -48.367  40.612 0.0000000000
41197  -28.675  -47.973  41.130 0.0000000000
41230  -36.667  -47.791  38.115 0.0000000000
41233  -38.415  -47.277  39.025 0.0000000000
41248  -37.757  -47.651  38.169 0.0000000000
42339  -27.737  -47.957  50.536 0.0000000000
42386  -28.609  -46.954  46.182 0.0000000000
42407  -41.052  -47.663  45.674 0.0000000000
42426  -44.667  -46.089  44.212 0.0000000000
42432  -43.533  -46.787  43.608 0.0000000000
42436  -29.206  -47.228  42.097 0.0000000000
42439  -36.717  -48.146  42.027 0.0000000000
42440  -43.164  -47.162  42.480 0.0000000000
42443  -44.943  -45.982  43.287 0.0000000000
42451  -42.944  -47.137  41.860 0.0000000000
42453  -44.152  -46.346  42.500 0.0000000000
42478  -28.714  -47.145  40.202 0.0000000000
42545  -35.338  -47.081  35.475 0.0000000000
42546  -35.849  -47.253  35.601 0.0000000000
42573  -27.820  -47.511  32.936 0.0000000000
43654  -32.068  -46.161  45.879 0.0000000000
43672  -33.717  -46.620  44.579 0.0000000000
43674  -45.264  -45.783  44.128 0.0000000000
43687  -45.315  -45.778  43.546 0.0000000000
43696  -34.169  -46.596  42.405 0.0000000000
43697  -44.581  -46.142  42.671 0.0000000000
43699  -45.768  -45.171  42.817 0.0000000000
43700  -46.305  -44.868  43.026 0.0000000000
43710  -28.964  -46.737  40.314 0.0000000000
43735  -26.485  -46.882  38.023 0.0000000000
43737  -28.158  -46.954  38.502 0.0000000000
43783  -33.819  -46.324  35.088 0.0000000000
43821  -32.987  -45.762  33.537 0.0000000000
43839  -28.569  -46.986  31.983 0.0000000000
43880  -30.964  -46.623  29.734 0.0000000000
43895  -34.286  -45.465  28.759 0.0000000000
43896  -34.632  -45.379  28.788 0.0000000000
44789  -31.633  -46.002  45.930 0.0000000000
44792  -46.786  -43.934  45.449 0.0000000000
44831  -47.612  -44.517  44.029 0.0000000000
44844  -46.290  -44.693  42.752 0.0000000000
44856  -33.111  -45.791  41.794 0.0000000000
44867  -44.482  -45.135  41.179 0.0000000000
44868  -45.151  -44.599  41.342 0.0000000000
44869  -45.577  -44.510  41.718 0.0000000000
44903  -31.913  -44.803  37.834 0.0000000000
44907  -40.126  -45.294  37.713 0.0000000000
44917  -29.915  -44.913  36.394 0.0000000000
44920  -33.213  -45.912  36.523 0.0000000000
44922  -39.185  -45.225  37.203 0.0000000000
44930  -29.112  -44.690  35.428 0.0000000000
44951  -36.812  -45.400  34.111 0.0000000000
44990  -28.031  -45.616  32.094 0.0000000000
44991  -31.809  -44.931  32.922 0.0000000000
45038  -29.205  -45.793  30.806 0.0000000000
45039  -30.021  -45.735  30.085 0.0000000000
46042  -48.440  -43.317  42.941 0.0000000000
46050  -46.214  -44.065  41.882 0.0000000000
46052  -47.510  -43.396  42.255 0.0000000000
46057  -30.683  -44.806  39.863 0.0000000000
46058  -45.426  -44.234  41.117 0.0000000000
46065  -30.477  -44.855  39.520 0.0000000000
46067  -31.779  -44.772  39.134 0.0000000000
46068  -42.038  -44.579  38.983 0.0000000000
46080  -41.977  -44.462  38.553 0.0000000000
46088  -31.834  -44.766  38.175 0.0000000000
46123  -32.243  -45.122  34.288 0.0000000000
46137  -27.624  -44.774  33.123 0.0000000000
46180  -28.376  -45.296  31.659 0.0000000000
46224  -34.108  -43.998  28.926 0.0000000000
47136  -49.614  -42.410  44.138 0.0000000000
47156  -49.568  -42.578  43.746 0.0000000000
47176  -48.950  -42.843  42.975 0.0000000000
47202  -46.522  -43.389  41.061 0.0000000000
47204  -47.648  -42.807  41.748 0.0000000000
47216  -43.762  -43.518  38.184 0.0000000000
47233  -40.550  -43.485  35.356 0.0000000000
47248  -29.773  -44.070  33.047 0.0000000000
47263  -29.698  -44.153  32.584 0.0000000000
47264  -29.876  -44.085  32.818 0.0000000000
47299  -33.582  -43.893  29.975 0.0000000000
47329  -34.932  -43.560  28.714 0.0000000000
48146  -49.676  -41.931  44.336 0.0000000000
48209  -48.786  -42.295  42.420 0.0000000000
48227  -47.472  -42.472  41.042 0.0000000000
48228  -48.015  -42.164  41.540 0.0000000000
48251  -45.338  -42.486  38.629 0.0000000000
48286  -38.747  -42.621  32.017 0.0000000000
48333  -35.032  -43.151  29.060 0.0000000000
49209  -50.044  -41.282  43.024 0.0000000000
49211  -51.253  -40.000  42.951 0.0000000000
49280  -51.524  -39.990  39.946 0.0000000000
49315  -42.916  -41.651  35.137 0.0000000000
49320  -41.896  -41.695  34.033 0.0000000000
50231  -50.065  -39.873  44.845 0.0000000000
50321  -52.955  -39.038  38.973 0.0000000000
50364  -46.542  -40.762  38.868 0.0000000000
50412  -44.345  -40.475  35.959 0.0000000000
51431  -52.343  -38.736  41.740 0.0000000000
51470  -52.525  -38.764  40.059 0.0000000000
51510  -53.167  -39.137  37.700 0.0000000000
51530  -46.965  -39.525  37.957 0.0000000000
51534  -51.452  -39.031  37.751 0.0000000000
51538  -53.726  -38.684  36.892 0.0000000000
51583  -54.056  -39.040  35.857 0.0000000000
51612  -53.711  -39.255  33.606 0.0000000000
52716  -48.775  -38.234  36.762 0.0000000000
52776  -52.440  -38.642  33.891 0.0000000000
52791  -54.574  -38.961  32.365 0.0000000000
53850  -51.105  -37.838  34.540 0.0000000000
53912  -56.903  -36.260  29.802 0.0000000000
53924  -50.192  -37.262  29.349 0.0000000000
53984  -47.926  -36.992  26.483 0.0000000000
54767  -51.609  -37.262  43.547 0.0000000000
54789  -52.164  -37.083  42.351 0.0000000000
54827  -52.357  -36.339  40.090 0.0000000000
54977  -59.242  -34.945  31.035 0.0000000000
54978  -59.490  -34.909  31.023 0.0000000000
54992  -59.108  -35.165  30.671 0.0000000000
55003  -58.322  -35.578  30.011 0.0000000000
55015  -54.072  -36.947  28.437 0.0000000000
55033  -48.510  -36.666  27.410 0.0000000000
55917  -51.254  -35.295  43.470 0.0000000000
55948  -50.615  -34.508  41.353 0.0000000000
55958  -51.023  -35.237  40.010 0.0000000000
55972  -51.787  -35.735  38.643 0.0000000000
56021  -58.740  -34.342  34.810 0.0000000000
56022  -59.024  -34.322  34.696 0.0000000000
56040  -52.559  -35.005  35.200 0.0000000000
56059  -45.167  -36.126  33.043 0.0000000000
56087  -58.018  -34.765  31.643 0.0000000000
56108  -48.460  -35.130  31.362 0.0000000000
56132  -59.374  -35.104  30.617 0.0000000000
56133  -59.677  -34.944  30.831 0.0000000000
56159  -58.046  -35.384  29.315 0.0000000000
56176  -56.075  -35.824  28.446 0.0000000000
57081  -50.540  -33.870  42.144 0.0000000000
57082  -50.719  -34.241  42.523 0.0000000000
57089  -50.472  -33.975  41.604 0.0000000000
57090  -50.633  -34.272  41.970 0.0000000000
57110  -50.508  -33.689  40.200 0.0000000000
57153  -58.400  -34.133  35.230 0.0000000000
57172  -60.283  -33.743  33.569 0.0000000000
57181  -52.470  -34.036  34.098 0.0000000000
57201  -59.897  -34.445  32.947 0.0000000000
57202  -60.305  -34.310  32.551 0.0000000000
57236  -55.773  -35.150  30.551 0.0000000000
57237  -56.689  -35.249  30.548 0.0000000000
57250  -47.437  -34.867  29.264 0.0000000000
57251  -58.841  -34.963  29.510 0.0000000000
57264  -47.596  -35.096  28.597 0.0000000000
57284  -56.130  -35.303  28.295 0.0000000000
58197  -50.567  -32.937  42.711 0.0000000000
58205  -50.565  -33.567  42.516 0.0000000000
58211  -50.540  -33.271  41.272 0.0000000000
58228  -50.969  -33.158  39.108 0.0000000000
58249  -57.155  -32.483  36.589 0.0000000000
58270  -52.254  -33.401  35.110 0.0000000000
58276  -60.061  -33.024  33.986 0.0000000000
58288  -59.802  -33.741  34.137 0.0000000000
58289  -60.002  -33.527  33.969 0.0000000000
58299  -52.555  -33.324  33.647 0.0000000000
58313  -52.699  -33.645  33.042 0.0000000000
58314  -53.192  -33.342  32.473 0.0000000000
58315  -53.963  -33.004  32.234 0.0000000000
58328  -53.716  -33.503  31.985 0.0000000000
59285  -50.625  -32.512  42.350 0.0000000000
59292  -51.021  -31.987  41.381 0.0000000000
59312  -50.971  -32.554  40.397 0.0000000000
59342  -51.676  -32.309  37.784 0.0000000000
59347  -58.026  -31.518  37.094 0.0000000000
59367  -54.794  -32.073  35.170 0.0000000000
59369  -56.423  -32.422  35.714 0.0000000000
59371  -59.898  -32.824  34.036 0.0000000000
59382  -53.547  -32.240  34.185 0.0000000000
59388  -60.274  -32.983  33.511 0.0000000000
59398  -52.803  -32.840  33.478 0.0000000000
59400  -54.178  -32.245  33.451 0.0000000000
59405  -60.355  -32.911  33.147 0.0000000000
59416  -54.606  -32.452  33.011 0.0000000000
59419  -61.151  -32.633  31.427 0.0000000000
59433  -61.716  -32.024  30.198 0.0000000000
59439  -61.618  -32.165  29.663 0.0000000000
59451  -60.950  -32.369  29.160 0.0000000000
60393  -50.737  -31.952  42.680 0.0000000000
60409  -51.119  -31.554  42.281 0.0000000000
60424  -50.958  -31.871  41.825 0.0000000000
60426  -52.230  -31.217  41.789 0.0000000000
60438  -52.403  -31.359  41.181 0.0000000000
60456  -53.369  -31.560  38.080 0.0000000000
60457  -53.831  -31.520  37.826 0.0000000000
60460  -58.093  -30.664  37.956 0.0000000000
60479  -52.932  -31.642  36.795 0.0000000000
60480  -53.617  -31.616  36.477 0.0000000000
60481  -54.334  -31.642  36.285 0.0000000000
60542  -59.970  -31.747  32.176 0.0000000000
60543  -60.513  -31.818  31.733 0.0000000000
60549  -59.582  -31.326  31.823 0.0000000000
60551  -60.844  -31.469  31.257 0.0000000000
60562  -61.719  -31.573  29.419 0.0000000000
60572  -61.879  -31.282  29.235 0.0000000000
60586  -61.268  -31.491  28.606 0.0000000000
61634  -57.585  -29.912  39.116 0.0000000000
61655  -59.595  -29.667  37.224 0.0000000000
61687  -59.583  -29.353  36.407 0.0000000000
61709  -57.904  -30.134  33.743 0.0000000000
61730  -56.926  -30.148  31.781 0.0000000000
61735  -61.226  -30.630  30.881 0.0000000000
61742  -60.035  -30.248  30.904 0.0000000000
61743  -60.499  -30.108  30.957 0.0000000000
61744  -61.658  -30.291  30.563 0.0000000000
61760  -62.761  -30.095  28.705 0.0000000000
62865  -59.477  -29.460  37.708 0.0000000000
62877  -59.598  -28.710  36.423 0.0000000000
62891  -58.833  -29.669  35.417 0.0000000000
62906  -58.259  -29.876  34.411 0.0000000000
62919  -58.147  -29.592  33.911 0.0000000000
62947  -60.742  -30.061  30.991 0.0000000000
62948  -60.976  -30.086  30.984 0.0000000000
62960  -56.770  -29.607  30.978 0.0000000000
62977  -58.215  -29.444  29.880 0.0000000000
62979  -59.989  -29.398  29.924 0.0000000000
62980  -60.478  -29.299  30.055 0.0000000000
64119  -57.198  -29.101  32.405 0.0000000000
64134  -56.971  -28.474  31.937 0.0000000000
64146  -56.948  -29.073  30.298 0.0000000000
64148  -61.047  -29.227  30.196 0.0000000000
64168  -61.973  -28.985  29.605 0.0000000000
64187  -57.936  -28.454  28.913 0.0000000000
64189  -59.878  -28.305  29.114 0.0000000000
64190  -60.367  -28.255  29.259 0.0000000000
65347  -59.122  -27.883  34.045 0.0000000000
65414  -56.619  -27.634  30.000 0.0000000000
65416  -60.984  -28.152  29.381 0.0000000000
65454  -57.855  -27.195  27.830 0.0000000000
66564  -59.484  -26.034  32.720 0.0000000000
66580  -58.439  -26.180  31.737 0.0000000000
66594  -56.734  -26.871  30.308 0.0000000000
66616  -56.535  -26.570  28.521 0.0000000000
66617  -59.992  -27.269  28.373 0.0000000000
66618  -60.690  -26.965  28.458 0.0000000000
66642  -63.174  -26.585  27.739 0.0000000000
66662  -57.886  -25.963  26.969 0.0000000000
67748  -57.100  -25.385  29.450 0.0000000000
67763  -62.970  -26.379  27.737 0.0000000000
67779  -56.911  -25.538  27.093 0.0000000000
67780  -57.447  -25.807  26.957 0.0000000000
67785  -62.628  -25.547  27.284 0.0000000000
67787  -63.680  -25.623  26.923 0.0000000000
67803  -57.232  -24.973  26.642 0.0000000000
67804  -57.804  -25.302  26.549 0.0000000000
67807  -61.116  -25.238  26.732 0.0000000000
68952  -56.639  -25.012  28.087 0.0000000000
68999  -58.453  -24.585  25.921 0.0000000000
69003  -62.443  -24.303  26.770 0.0000000000
69015  -58.285  -23.918  25.627 0.0000000000
70168  -57.460  -23.259  27.344 0.0000000000
70170  -62.613  -24.243  26.731 0.0000000000
70196  -57.574  -23.343  25.865 0.0000000000
70197  -58.152  -23.266  25.571 0.0000000000
70198  -59.216  -23.364  25.548 0.0000000000
70199  -60.065  -22.701  25.659 0.0000000000
71360  -57.667  -22.631  26.926 0.0000000000
71388  -57.860  -22.878  25.689 0.0000000000
72446  -58.754  -21.520  28.555 0.0000000000
72458  -58.957  -21.044  28.155 0.0000000000
72470  -58.609  -21.249  26.821 0.0000000000
72485  -58.585  -21.567  26.100 0.0000000000
72486  -59.190  -21.513  25.737 0.0000000000
72487  -60.151  -21.370  25.716 0.0000000000
73554  -58.952  -20.902  27.798 0.0000000000
73592  -60.042  -20.798  25.790 0.0000000000
74696  -59.923  -19.787  29.813 0.0000000000
74698  -60.838  -18.909  30.314 0.0000000000
