#!ascii label  , from subject 3666 vox2ras=TkReg
1399
70836  -26.476  -22.396  -24.277 0.4285714328
73099  -27.104  -21.043  -25.125 0.2857142985
73084  -26.919  -21.354  -24.966 0.4285714328
74233  -27.744  -20.732  -24.940 0.4285714328
74234  -28.334  -20.526  -24.647 0.4285714328
75375  -27.852  -19.706  -26.144 0.2857142985
74249  -28.219  -19.946  -25.522 0.4285714328
75377  -29.059  -19.035  -25.473 0.4285714328
76498  -28.159  -18.571  -27.400 0.4285714328
76484  -28.992  -18.285  -26.908 0.4285714328
77541  -28.538  -17.716  -27.979 0.4285714328
78649  -29.997  -16.487  -28.705 0.4285714328
79833  -29.202  -15.575  -28.925 0.5714285970
78648  -29.111  -16.520  -28.751 0.5714285970
79835  -31.341  -15.330  -28.828 0.2857142985
80942  -30.406  -14.488  -29.443 0.7142857313
79846  -30.716  -15.111  -29.333 0.7142857313
81952  -32.766  -13.915  -30.113 0.7142857313
81969  -33.491  -13.238  -30.374 0.4285714328
80943  -31.193  -14.401  -29.553 0.7142857313
83927  -34.724  -11.794  -30.958 0.5714285970
81967  -32.317  -12.847  -30.259 0.5714285970
83926  -33.930  -11.731  -30.896 0.5714285970
83939  -34.435  -11.133  -31.240 0.5714285970
83940  -35.222  -11.077  -31.312 0.5714285970
83925  -33.200  -11.502  -30.735 0.5714285970
83941  -36.131  -10.953  -31.285 0.4285714328
84998  -36.601  -10.125  -31.531 0.5714285970
86151  -38.387  -9.587  -31.931 0.5714285970
86139  -35.043  -9.626  -31.265 0.7142857313
86150  -37.327  -9.336  -32.155 0.7142857313
86161  -38.207  -8.958  -32.526 0.7142857313
86162  -39.170  -9.017  -32.320 0.5714285970
86148  -35.375  -9.957  -31.629 0.5714285970
86128  -32.959  -9.720  -29.548 0.5714285970
87285  -37.001  -8.330  -32.081 0.8571428657
87302  -38.974  -8.325  -32.805 0.7142857313
87303  -40.046  -8.285  -32.564 0.5714285970
87269  -36.309  -8.197  -31.287 0.7142857313
87257  -35.156  -8.627  -30.126 0.5714285970
89491  -40.451  -6.143  -33.669 0.7142857313
88393  -41.062  -7.442  -33.030 0.5714285970
87286  -37.638  -7.878  -32.520 0.7142857313
89483  -39.812  -6.665  -33.327 0.7142857313
90613  -41.105  -5.772  -34.001 0.5714285970
89482  -38.836  -6.710  -33.062 0.7142857313
90614  -42.215  -5.849  -34.001 0.5714285970
89481  -38.199  -6.624  -32.556 0.5714285970
90605  -38.777  -5.719  -33.131 0.7142857313
90618  -40.972  -5.099  -34.405 0.7142857313
91749  -42.418  -4.034  -35.555 0.7142857313
91747  -42.591  -4.975  -34.952 0.7142857313
91744  -39.719  -4.473  -34.259 0.7142857313
91745  -40.785  -4.429  -34.527 0.7142857313
92827  -41.229  -3.994  -34.865 0.7142857313
93849  -42.682  -2.238  -36.814 0.7142857313
92839  -43.605  -3.092  -36.399 0.5714285970
92826  -40.542  -3.789  -34.810 0.7142857313
91732  -38.283  -5.143  -32.701 0.5714285970
94876  -42.087  -1.245  -37.621 0.5714285970
95917  -42.275  0.080  -37.684 0.5714285970
92825  -39.533  -3.590  -34.722 0.8571428657
91743  -39.053  -3.943  -34.191 0.8571428657
94885  -41.456  -0.432  -38.335 0.7142857313
94875  -41.007  -1.167  -37.770 0.7142857313
93836  -39.849  -2.543  -36.190 0.8571428657
93847  -40.462  -1.825  -36.930 0.7142857313
95912  -37.510  0.352  -37.602 0.8571428657
95914  -39.618  0.282  -38.193 0.5714285970
94874  -39.885  -1.078  -37.529 0.8571428657
94873  -38.811  -1.061  -37.197 0.8571428657
93846  -39.386  -1.762  -36.702 0.8571428657
96907  -35.161  0.350  -37.183 0.8571428657
96898  -35.252  1.427  -37.282 0.8571428657
96872  -33.763  0.535  -34.738 0.8571428657
94882  -38.171  -0.389  -37.549 0.8571428657
96897  -34.600  0.657  -36.771 0.8571428657
96885  -32.042  -0.214  -35.469 1.0000000000
96886  -33.349  0.223  -35.937 1.0000000000
95910  -35.628  0.045  -37.156 0.8571428657
96871  -32.592  0.445  -34.872 1.0000000000
95889  -33.317  -0.245  -36.497 1.0000000000
97830  -31.094  1.729  -34.650 1.0000000000
98830  -28.870  2.245  -35.410 0.7142857313
96870  -31.361  0.784  -35.028 1.0000000000
96869  -30.398  0.716  -35.482 1.0000000000
98822  -30.634  2.400  -35.094 1.0000000000
103222  -29.596  6.238  -36.071 1.0000000000
103205  -29.929  6.330  -35.025 0.8571428657
105261  -30.458  8.153  -34.549 0.8571428657
104241  -30.169  7.295  -35.237 1.0000000000
108321  -29.393  11.065  -36.747 0.8571428657
107399  -30.286  9.889  -35.284 0.8571428657
108319  -27.207  11.933  -37.594 0.8571428657
108320  -28.302  11.459  -37.299 0.8571428657
109168  -26.700  12.322  -37.592 0.7142857313
107395  -26.695  11.162  -35.949 0.5714285970
109174  -25.953  13.726  -37.642 0.7142857313
109175  -26.445  13.427  -38.072 0.5714285970
110012  -25.040  13.577  -35.323 0.5714285970
108299  -25.211  11.713  -35.031 0.5714285970
110973  -24.979  14.264  -34.437 0.4285714328
112014  -24.933  15.548  -35.036 0.4285714328
112028  -24.840  15.808  -36.157 0.4285714328
111986  -26.265  15.318  -32.857 0.2857142985
111987  -26.954  15.485  -32.368 0.2857142985
111985  -25.539  15.058  -33.167 0.2857142985
111975  -27.514  15.507  -31.866 0.2857142985
74248  -27.400  -20.488  -25.489 0.2857142985
84997  -35.687  -10.345  -31.577 0.5714285970
89484  -40.436  -7.055  -33.189 0.5714285970
95915  -40.710  0.335  -38.491 0.5714285970
93837  -40.968  -2.608  -36.255 0.7142857313
93848  -41.584  -1.932  -37.005 0.7142857313
94883  -39.249  -0.343  -37.846 0.8571428657
96909  -36.831  1.110  -37.745 0.8571428657
96908  -35.677  0.951  -37.608 0.8571428657
96887  -34.588  0.947  -35.607 0.8571428657
99898  -29.299  3.223  -35.719 0.8571428657
112911  -29.226  15.687  -29.505 0.1428571492
74247  -26.395  -20.393  -25.790 0.2857142985
74264  -27.280  -19.852  -26.291 0.2857142985
76468  -28.864  -18.673  -26.370 0.4285714328
77527  -29.531  -17.776  -26.530 0.4285714328
77554  -29.367  -16.958  -28.487 0.4285714328
75392  -28.097  -19.178  -26.705 0.4285714328
77543  -30.033  -16.895  -27.443 0.4285714328
77552  -28.246  -17.151  -28.330 0.5714285970
79834  -30.053  -15.408  -29.300 0.5714285970
80944  -32.023  -14.586  -29.556 0.4285714328
80929  -29.664  -14.589  -29.231 0.2857142985
81951  -31.893  -13.466  -29.970 0.7142857313
82966  -33.346  -12.403  -30.599 0.4285714328
82964  -31.996  -12.464  -30.189 0.5714285970
84986  -38.161  -10.583  -30.781 0.4285714328
84982  -32.894  -10.876  -30.458 0.7142857313
84983  -33.702  -10.537  -30.787 0.7142857313
84999  -37.629  -10.004  -31.180 0.4285714328
87300  -37.450  -8.728  -32.444 0.7142857313
88391  -38.874  -7.521  -33.028 0.7142857313
86129  -33.948  -9.771  -29.991 0.5714285970
86131  -35.358  -9.076  -30.697 0.5714285970
90623  -43.761  -5.269  -35.118 0.5714285970
88363  -35.962  -7.574  -30.683 0.5714285970
88401  -41.632  -6.913  -33.286 0.5714285970
90612  -39.818  -5.580  -33.937 0.7142857313
90606  -39.319  -6.174  -33.338 0.7142857313
92837  -43.867  -3.807  -35.755 0.5714285970
90604  -38.058  -5.747  -32.236 0.8571428657
92835  -41.549  -3.542  -35.570 0.7142857313
95913  -38.561  0.316  -37.801 0.5714285970
94872  -37.763  -1.164  -37.003 1.0000000000
96857  -32.089  1.020  -34.190 1.0000000000
95888  -32.783  -0.764  -36.194 1.0000000000
97838  -28.937  1.460  -35.477 0.8571428657
101059  -29.186  4.324  -35.181 0.7142857313
101071  -29.287  4.207  -36.016 1.0000000000
99909  -29.991  4.061  -36.472 1.0000000000
103204  -29.616  5.784  -35.556 0.7142857313
101077  -29.694  4.730  -36.579 1.0000000000
101060  -29.647  4.826  -34.539 0.7142857313
103223  -29.753  6.800  -35.645 0.8571428657
107398  -29.556  10.656  -35.639 0.8571428657
106345  -30.328  9.027  -36.008 1.0000000000
105275  -30.175  8.081  -36.559 1.0000000000
108308  -26.615  11.635  -36.620 0.7142857313
110993  -25.018  14.670  -35.702 0.7142857313
108307  -25.829  11.921  -36.381 0.5714285970
109161  -25.249  12.758  -35.890 0.7142857313
110034  -25.619  14.132  -37.286 0.7142857313
109998  -24.716  13.323  -33.920 0.4285714328
112943  -25.814  15.918  -33.894 0.2857142985
112968  -24.934  16.705  -35.428 0.4285714328
111022  -25.714  14.946  -37.552 0.4285714328
112933  -27.249  16.512  -32.397 0.2857142985
112959  -25.476  16.399  -34.411 0.4285714328
82952  -31.302  -12.610  -29.756 0.4285714328
83923  -31.692  -11.900  -29.928 0.4285714328
111999  -25.388  15.314  -34.008 0.2857142985
112944  -26.403  16.428  -33.439 0.2857142985
71978  -26.836  -21.775  -24.551 0.4285714328
73085  -27.519  -21.141  -24.685 0.4285714328
73098  -26.641  -21.125  -25.338 0.2857142985
71993  -26.283  -21.513  -25.233 0.2857142985
74263  -26.859  -20.024  -26.130 0.2857142985
75376  -28.589  -19.173  -25.994 0.4285714328
76499  -28.777  -17.999  -27.512 0.4285714328
77542  -29.448  -17.367  -27.700 0.4285714328
79832  -28.758  -16.094  -28.786 0.4285714328
78660  -30.495  -15.694  -29.046 0.4285714328
81950  -30.844  -13.560  -29.608 0.5714285970
83938  -33.828  -11.107  -31.124 0.5714285970
84996  -34.859  -10.436  -31.459 0.5714285970
83942  -36.884  -10.653  -31.065 0.4285714328
86149  -36.121  -9.435  -31.675 0.7142857313
86140  -35.794  -8.932  -31.239 0.7142857313
84974  -33.252  -10.422  -30.028 0.7142857313
88379  -37.110  -7.393  -31.699 0.5714285970
89492  -41.129  -6.538  -33.452 0.5714285970
91746  -41.893  -4.464  -34.906 0.7142857313
89474  -36.990  -6.648  -31.293 0.7142857313
93838  -41.997  -2.705  -36.353 0.7142857313
91739  -38.602  -4.527  -33.481 0.8571428657
94884  -40.331  -0.402  -38.277 0.8571428657
94881  -37.153  -0.449  -37.263 0.8571428657
95911  -36.503  0.262  -37.425 0.8571428657
93845  -38.364  -1.811  -36.498 0.8571428657
95902  -34.839  -0.257  -37.065 1.0000000000
97839  -29.682  1.282  -35.561 1.0000000000
101058  -29.029  3.361  -35.457 0.8571428657
108310  -28.364  11.205  -36.245 0.8571428657
108309  -27.448  11.447  -36.530 0.8571428657
108318  -26.444  12.121  -37.120 0.7142857313
109167  -26.382  12.660  -37.498 0.7142857313
108317  -26.084  12.414  -37.024 0.5714285970
110023  -25.239  13.844  -36.381 0.5714285970
109981  -24.616  13.290  -33.188 0.4285714328
110936  -27.192  14.973  -32.009 0.2857142985
110950  -25.049  14.497  -33.356 0.2857142985
111976  -28.073  15.474  -31.233 0.2857142985
111967  -28.701  15.365  -30.514 0.1428571492
75391  -27.533  -19.424  -26.730 0.2857142985
81949  -30.032  -13.684  -29.368 0.2857142985
102192  -29.473  5.226  -35.799 1.0000000000
111009  -25.322  14.911  -36.709 0.5714285970
115521  -26.870  20.161  -35.274 0.2857142985
116327  -26.010  20.708  -34.038 0.1428571492
114627  -25.580  18.767  -35.795 0.2857142985
114629  -26.709  19.317  -35.632 0.2857142985
116326  -25.614  20.115  -34.467 0.1428571492
117122  -26.504  21.453  -33.151 0.1428571492
113791  -25.851  18.235  -34.240 0.1428571492
114613  -25.329  18.562  -34.953 0.2857142985
114603  -26.183  18.944  -33.587 0.1428571492
112961  -27.520  17.168  -35.433 0.2857142985
113805  -26.184  18.453  -36.367 0.2857142985
110026  -29.845  13.531  -36.745 0.2857142985
110995  -28.614  14.476  -35.872 0.2857142985
116312  -26.486  20.376  -31.795 0.1428571492
112979  -25.183  16.917  -36.296 0.2857142985
110047  -27.266  14.076  -38.644 0.2857142985
112969  -27.249  16.939  -35.841 0.2857142985
113820  -26.078  18.136  -36.520 0.2857142985
109193  -29.680  12.801  -40.245 0.1428571492
110037  -27.953  14.210  -37.637 0.2857142985
112049  -27.814  15.515  -36.090 0.2857142985
115500  -25.547  19.845  -33.931 0.1428571492
112063  -26.619  15.330  -37.396 0.2857142985
112981  -26.407  17.185  -36.467 0.2857142985
109204  -33.538  12.343  -40.411 0.1428571492
109202  -31.768  12.472  -40.325 0.1428571492
110049  -29.237  13.541  -38.819 0.4285714328
111035  -26.767  14.343  -38.329 0.2857142985
107414  -31.714  9.943  -38.333 0.2857142985
108336  -29.019  11.541  -39.376 0.4285714328
109190  -27.518  13.469  -39.242 0.2857142985
112046  -25.556  15.925  -36.889 0.2857142985
106367  -32.710  9.843  -37.600 0.1428571492
108347  -31.581  11.412  -39.883 0.2857142985
109183  -27.558  12.748  -39.520 0.4285714328
108337  -30.393  10.890  -39.026 0.5714285970
108328  -28.114  11.674  -38.539 0.7142857313
106346  -32.592  9.390  -36.040 0.1428571492
106366  -32.252  9.432  -38.064 0.1428571492
109182  -27.112  13.118  -39.055 0.4285714328
107413  -31.094  10.149  -38.136 0.4285714328
105254  -32.547  8.431  -34.303 0.2857142985
104252  -31.964  7.497  -35.877 0.7142857313
104250  -29.762  7.248  -36.172 0.8571428657
105286  -31.213  8.154  -37.610 0.8571428657
107407  -30.495  10.039  -36.676 0.5714285970
104224  -32.940  7.333  -32.770 0.2857142985
104235  -32.641  7.510  -33.583 0.2857142985
106364  -30.838  9.040  -37.593 0.7142857313
107384  -28.667  10.666  -34.483 0.5714285970
103173  -32.998  6.951  -32.285 0.1428571492
103225  -31.703  6.865  -35.983 0.7142857313
102126  -33.005  5.519  -31.978 0.1428571492
93827  -31.117  -2.287  -35.242 0.5714285970
96884  -30.852  -0.044  -35.684 0.8571428657
96883  -29.856  0.227  -35.675 0.8571428657
95886  -30.266  -0.719  -35.830 0.4285714328
96881  -28.692  0.829  -35.384 0.5714285970
102199  -29.690  5.481  -36.490 0.8571428657
101046  -31.539  4.017  -34.502 0.8571428657
103239  -30.074  6.314  -36.937 0.8571428657
101030  -32.908  4.697  -32.318 0.2857142985
102181  -31.147  5.223  -35.586 0.8571428657
103240  -30.671  6.529  -36.975 0.8571428657
106354  -30.481  8.840  -36.875 0.8571428657
100992  -34.243  4.873  -30.850 0.4285714328
102162  -31.842  5.411  -33.881 0.7142857313
103207  -31.819  6.710  -35.331 0.7142857313
92817  -31.449  -2.931  -34.733 0.2857142985
94859  -32.228  -1.690  -35.871 0.5714285970
94858  -30.966  -1.625  -35.605 0.5714285970
99889  -30.823  3.376  -35.117 0.8571428657
99899  -30.049  3.358  -35.991 0.8571428657
101061  -31.117  4.361  -35.299 0.8571428657
102194  -30.595  5.236  -36.326 0.8571428657
99866  -33.120  3.565  -32.344 0.4285714328
99877  -32.074  3.526  -33.730 0.8571428657
102161  -31.513  5.021  -34.605 0.8571428657
98789  -34.284  2.847  -31.935 0.4285714328
91730  -36.240  -4.256  -31.788 0.7142857313
92799  -35.082  -3.523  -32.779 0.4285714328
91738  -37.913  -4.102  -32.991 0.7142857313
93824  -37.385  -2.596  -34.867 0.8571428657
93822  -35.605  -2.752  -34.682 0.5714285970
93820  -33.880  -3.164  -34.975 0.5714285970
92808  -32.093  -3.416  -34.023 0.4285714328
93833  -36.946  -2.260  -35.568 0.8571428657
93831  -34.970  -2.716  -35.615 0.5714285970
93829  -32.763  -2.654  -35.617 0.5714285970
94880  -36.208  -0.541  -37.021 0.8571428657
94869  -34.715  -1.306  -36.806 0.7142857313
93840  -33.477  -2.428  -36.182 0.5714285970
97840  -34.768  1.429  -35.822 0.7142857313
96873  -34.762  1.102  -34.477 0.7142857313
97817  -32.658  1.611  -33.578 0.7142857313
98810  -31.874  2.777  -34.068 0.8571428657
98834  -35.891  3.923  -35.963 0.2857142985
97820  -35.234  1.853  -33.552 0.4285714328
97807  -35.029  1.890  -32.835 0.5714285970
89462  -36.300  -6.732  -30.765 0.4285714328
91719  -36.285  -5.108  -30.994 0.4285714328
91718  -35.294  -4.633  -31.224 0.4285714328
92833  -39.210  -3.072  -35.422 0.7142857313
92824  -38.323  -3.241  -34.370 0.7142857313
93835  -38.898  -2.424  -35.974 0.7142857313
93843  -36.367  -1.831  -36.209 0.8571428657
97853  -36.352  1.901  -37.839 0.7142857313
99910  -35.956  3.602  -36.894 0.2857142985
98840  -36.017  2.996  -37.322 0.5714285970
97847  -35.226  1.989  -36.797 0.5714285970
89447  -35.059  -7.447  -29.953 0.4285714328
89445  -33.714  -6.776  -29.786 0.5714285970
91720  -37.017  -5.342  -31.355 0.5714285970
91731  -37.495  -4.670  -32.127 0.5714285970
96912  -39.894  0.694  -37.979 0.4285714328
97848  -37.547  1.901  -37.212 0.4285714328
98847  -37.158  2.706  -37.505 0.4285714328
98846  -36.637  2.654  -37.737 0.4285714328
84973  -32.395  -10.619  -29.817 0.5714285970
88402  -41.958  -7.087  -33.197 0.4285714328
89493  -42.226  -6.452  -33.425 0.4285714328
94862  -42.551  -1.306  -35.555 0.4285714328
94878  -43.380  -1.941  -36.690 0.4285714328
95892  -40.962  -0.456  -35.688 0.4285714328
96902  -41.172  0.450  -37.105 0.4285714328
78634  -30.598  -16.329  -27.456 0.1428571492
92829  -44.107  -3.649  -35.111 0.4285714328
93825  -43.685  -2.812  -35.212 0.4285714328
94851  -43.100  -1.986  -35.159 0.4285714328
79836  -32.064  -15.014  -28.752 0.1428571492
80946  -33.213  -14.275  -29.327 0.1428571492
83929  -36.785  -11.530  -30.624 0.2857142985
85013  -42.105  -10.443  -32.631 0.2857142985
88381  -42.788  -7.671  -31.962 0.2857142985
87305  -42.181  -8.555  -32.644 0.2857142985
86152  -39.425  -9.795  -31.873 0.4285714328
90599  -42.480  -5.829  -32.339 0.2857142985
89494  -42.615  -6.256  -33.249 0.2857142985
87304  -41.210  -8.435  -32.572 0.2857142985
91734  -42.714  -4.765  -33.069 0.2857142985
91741  -43.371  -4.579  -33.862 0.4285714328
79818  -32.176  -15.213  -27.781 0.1428571492
79837  -32.590  -14.788  -28.241 0.1428571492
78650  -30.744  -15.771  -28.524 0.1428571492
81937  -34.495  -13.583  -28.949 0.2857142985
81955  -35.262  -13.219  -29.563 0.2857142985
82972  -39.413  -12.118  -30.775 0.2857142985
83946  -40.922  -11.754  -31.985 0.2857142985
83945  -40.168  -11.381  -31.812 0.2857142985
83943  -38.581  -11.031  -30.982 0.2857142985
83957  -40.845  -11.212  -32.211 0.2857142985
80916  -33.112  -14.491  -28.272 0.1428571492
82942  -37.270  -12.894  -28.931 0.2857142985
80933  -34.256  -14.018  -28.269 0.2857142985
82955  -37.009  -12.309  -29.648 0.2857142985
81956  -35.930  -13.107  -29.166 0.2857142985
81953  -33.643  -13.974  -29.824 0.2857142985
83916  -37.417  -11.799  -30.010 0.2857142985
75358  -28.815  -19.603  -25.186 0.2857142985
77528  -30.146  -17.064  -26.668 0.1428571492
78619  -31.213  -16.413  -26.209 0.1428571492
71964  -27.025  -22.226  -23.798 0.2857142985
70821  -27.353  -22.670  -23.244 0.2857142985
70820  -26.542  -23.098  -23.522 0.2857142985
77512  -29.551  -17.931  -26.104 0.2857142985
71965  -27.905  -21.976  -23.417 0.1428571492
69644  -26.069  -23.974  -23.191 0.1428571492
80932  -33.627  -14.091  -28.858 0.1428571492
81939  -36.359  -13.421  -28.553 0.2857142985
82956  -38.371  -12.374  -29.597 0.2857142985
83958  -41.650  -11.405  -32.335 0.2857142985
83944  -39.254  -11.310  -31.371 0.2857142985
86165  -42.524  -9.443  -32.630 0.2857142985
89485  -42.422  -6.876  -33.181 0.4285714328
90607  -42.780  -5.795  -33.041 0.2857142985
92802  -42.204  -3.741  -32.862 0.2857142985
92812  -35.900  -3.123  -33.643 0.7142857313
93816  -43.226  -2.758  -34.509 0.4285714328
93841  -34.337  -2.347  -36.373 0.5714285970
95905  -42.617  -0.877  -36.603 0.4285714328
96911  -38.865  0.554  -37.659 0.4285714328
96889  -38.000  1.050  -36.836 0.2857142985
99912  -36.992  3.883  -36.815 0.2857142985
98833  -35.640  3.164  -36.371 0.5714285970
106336  -30.596  9.018  -34.943 0.7142857313
98812  -33.048  2.139  -33.024 0.7142857313
104249  -29.772  6.677  -36.646 0.8571428657
107396  -27.521  10.988  -35.659 0.4285714328
107406  -29.951  10.683  -36.441 0.7142857313
98803  -35.408  2.666  -32.588 0.2857142985
103252  -30.679  6.984  -37.278 0.8571428657
104242  -32.176  7.496  -34.740 0.5714285970
111023  -26.435  14.717  -37.979 0.2857142985
106373  -31.948  9.820  -38.371 0.4285714328
107419  -31.191  10.605  -38.834 0.4285714328
115485  -26.921  19.833  -31.417 0.1428571492
110061  -29.439  13.403  -39.744 0.2857142985
109194  -30.809  12.558  -40.207 0.1428571492
112970  -27.704  16.452  -35.551 0.2857142985
73065  -27.853  -21.365  -23.989 0.1428571492
71977  -26.116  -21.981  -24.964 0.2857142985
74235  -29.166  -19.881  -24.599 0.1428571492
77513  -29.836  -17.676  -25.966 0.1428571492
76469  -29.349  -18.377  -25.866 0.2857142985
78635  -31.665  -15.728  -27.088 0.1428571492
79819  -32.970  -14.843  -27.513 0.1428571492
80918  -34.689  -14.408  -27.519 0.1428571492
82968  -35.038  -12.581  -30.618 0.2857142985
82970  -36.586  -12.204  -30.209 0.2857142985
82971  -38.641  -11.833  -30.431 0.2857142985
82982  -41.692  -12.488  -31.744 0.2857142985
83959  -42.698  -11.272  -32.463 0.2857142985
89461  -35.405  -6.881  -30.240 0.5714285970
85000  -38.771  -10.369  -31.329 0.2857142985
85001  -39.711  -10.632  -31.794 0.2857142985
91705  -34.382  -5.077  -30.779 0.2857142985
91721  -42.150  -4.729  -32.030 0.2857142985
93794  -41.761  -2.991  -32.413 0.2857142985
92813  -37.245  -3.605  -33.143 0.7142857313
92814  -38.090  -3.804  -33.432 0.5714285970
92797  -33.181  -3.690  -32.724 0.4285714328
93803  -42.196  -2.763  -33.254 0.4285714328
93817  -31.165  -2.473  -34.733 0.2857142985
92819  -32.734  -3.301  -34.830 0.5714285970
94835  -41.996  -1.884  -33.877 0.2857142985
93826  -44.005  -2.926  -35.805 0.4285714328
93832  -35.967  -2.356  -35.547 0.7142857313
94847  -30.530  -1.848  -35.119 0.2857142985
95876  -40.617  -0.975  -34.693 0.1428571492
96890  -38.979  0.381  -36.392 0.4285714328
96901  -40.069  0.593  -37.285 0.4285714328
96876  -38.492  0.260  -35.531 0.1428571492
98823  -31.257  2.588  -34.522 0.8571428657
97842  -37.546  2.087  -36.319 0.1428571492
97841  -35.127  1.864  -35.617 0.5714285970
98813  -35.673  2.667  -33.698 0.2857142985
98801  -33.692  2.464  -32.424 0.5714285970
102140  -32.480  5.374  -32.942 0.7142857313
104275  -30.666  7.367  -37.336 0.8571428657
102113  -33.716  5.512  -31.012 0.2857142985
103164  -33.343  6.763  -31.519 0.1428571492
112960  -25.954  17.286  -34.108 0.2857142985
103172  -32.652  6.545  -32.871 0.4285714328
100991  -33.875  4.924  -31.095 0.4285714328
104225  -33.269  7.750  -32.220 0.1428571492
105277  -31.817  8.237  -37.374 0.5714285970
105244  -33.401  8.608  -32.752 0.1428571492
105262  -32.240  8.456  -35.365 0.1428571492
106347  -32.889  9.901  -36.198 0.1428571492
114595  -26.656  18.613  -32.508 0.1428571492
106365  -31.576  9.276  -38.068 0.5714285970
107387  -32.777  9.930  -35.523 0.1428571492
107415  -32.825  10.126  -38.168 0.1428571492
109192  -28.712  13.029  -40.127 0.2857142985
108346  -30.022  11.860  -39.951 0.2857142985
107426  -32.256  10.814  -39.596 0.2857142985
107427  -32.761  10.610  -39.362 0.1428571492
108357  -33.360  11.457  -40.208 0.1428571492
108356  -32.657  11.722  -40.327 0.1428571492
110039  -30.044  13.492  -37.917 0.2857142985
110040  -31.031  13.640  -38.144 0.1428571492
110051  -31.306  13.678  -39.180 0.1428571492
74219  -29.184  -20.445  -23.985 0.1428571492
85015  -43.521  -10.007  -32.343 0.2857142985
99891  -36.561  4.254  -34.755 0.2857142985
110065  -33.176  13.849  -40.177 0.1428571492
110027  -30.966  13.475  -36.943 0.2857142985
70835  -25.883  -22.754  -24.393 0.2857142985
71979  -27.400  -21.686  -24.070 0.2857142985
73086  -28.048  -21.030  -24.240 0.1428571492
74218  -28.666  -20.673  -24.079 0.1428571492
75359  -29.522  -18.981  -24.893 0.1428571492
79817  -31.401  -15.544  -28.071 0.1428571492
82967  -34.136  -12.507  -30.622 0.4285714328
81970  -34.298  -13.246  -30.321 0.2857142985
80930  -32.415  -14.641  -29.222 0.1428571492
83928  -35.647  -11.750  -30.961 0.2857142985
86163  -40.256  -9.182  -32.186 0.4285714328
90597  -37.376  -5.804  -31.577 0.4285714328
95904  -41.907  -0.145  -36.819 0.4285714328
93844  -37.365  -1.831  -36.319 0.7142857313
96858  -33.088  0.841  -33.963 0.7142857313
95887  -31.460  -0.894  -35.879 0.8571428657
94879  -35.417  -0.682  -36.989 0.8571428657
95901  -33.794  -0.570  -36.764 0.8571428657
96856  -31.571  1.343  -34.468 0.8571428657
99888  -30.367  2.862  -35.479 0.8571428657
107397  -28.461  10.916  -35.422 0.5714285970
108329  -29.216  11.182  -38.138 0.7142857313
108327  -27.375  12.307  -38.786 0.5714285970
110035  -26.021  14.205  -37.971 0.2857142985
96910  -37.764  1.031  -37.476 0.4285714328
83914  -31.777  -11.247  -29.829 0.5714285970
83930  -38.068  -11.304  -30.367 0.2857142985
90616  -44.042  -5.159  -34.569 0.4285714328
94867  -32.964  -1.459  -36.298 0.5714285970
102200  -30.166  5.433  -36.755 0.8571428657
105285  -30.568  8.054  -37.257 0.8571428657
112062  -26.053  15.475  -37.501 0.2857142985
113804  -25.147  17.786  -35.676 0.2857142985
113790  -25.311  17.521  -34.799 0.2857142985
93834  -37.997  -2.413  -35.563 0.8571428657
115519  -25.833  19.750  -35.605 0.2857142985
116335  -26.500  20.738  -34.676 0.1428571492
116334  -25.832  20.318  -34.900 0.2857142985
116320  -26.102  20.605  -32.957 0.1428571492
115507  -25.565  19.600  -34.800 0.2857142985
114615  -27.291  18.739  -35.275 0.2857142985
115508  -25.567  19.581  -34.404 0.1428571492
113806  -26.566  18.176  -36.088 0.2857142985
110038  -29.006  13.715  -37.742 0.2857142985
111011  -27.924  14.710  -36.729 0.2857142985
115492  -26.145  19.623  -32.759 0.1428571492
110036  -27.438  14.304  -38.036 0.2857142985
110048  -28.284  13.753  -38.663 0.2857142985
110059  -27.863  13.558  -39.231 0.2857142985
112047  -26.204  16.129  -36.936 0.2857142985
112048  -27.081  15.800  -36.666 0.2857142985
108345  -28.898  12.323  -40.028 0.2857142985
110062  -30.461  13.374  -39.918 0.1428571492
110063  -31.531  13.340  -40.041 0.1428571492
112064  -27.012  15.223  -37.270 0.2857142985
110073  -32.934  13.184  -40.423 0.1428571492
110050  -30.237  13.509  -39.009 0.1428571492
107421  -32.636  10.274  -38.679 0.1428571492
108344  -28.284  12.651  -40.029 0.5714285970
107416  -33.246  10.482  -37.719 0.1428571492
106355  -32.426  9.171  -37.107 0.1428571492
108348  -32.744  11.069  -39.933 0.2857142985
108330  -30.168  10.730  -37.595 0.7142857313
105269  -32.147  8.374  -36.452 0.4285714328
105287  -31.731  8.719  -37.867 0.5714285970
104263  -31.380  7.205  -37.015 0.7142857313
105276  -31.359  7.681  -37.407 0.7142857313
103188  -32.091  6.327  -34.075 0.5714285970
102141  -32.808  5.192  -32.402 0.4285714328
103224  -31.239  6.277  -36.188 0.8571428657
95871  -28.729  0.293  -35.294 0.4285714328
94857  -29.832  -1.237  -35.496 0.4285714328
99876  -31.540  3.259  -34.402 0.8571428657
101047  -31.922  4.583  -33.721 0.8571428657
101029  -32.496  4.169  -32.979 0.4285714328
99851  -33.805  3.306  -31.855 0.5714285970
98800  -32.956  2.786  -32.802 0.7142857313
92800  -36.107  -3.667  -32.562 0.4285714328
92823  -36.971  -2.909  -34.157 0.7142857313
92822  -36.267  -2.790  -34.316 0.7142857313
93823  -36.536  -2.559  -34.843 0.7142857313
92811  -34.732  -3.293  -33.616 0.4285714328
93821  -34.520  -3.088  -34.734 0.5714285970
93830  -33.832  -3.024  -35.597 0.5714285970
92821  -34.301  -3.254  -34.111 0.4285714328
92796  -32.289  -3.501  -33.000 0.2857142985
93842  -35.367  -2.041  -36.289 0.7142857313
94870  -35.797  -1.291  -36.715 0.8571428657
97831  -35.031  1.498  -33.946 0.5714285970
97819  -34.614  1.394  -33.447 0.7142857313
90587  -35.976  -6.004  -30.574 0.5714285970
90586  -35.242  -5.974  -30.368 0.5714285970
96900  -38.979  0.645  -37.352 0.4285714328
98842  -37.329  3.104  -36.839 0.2857142985
88394  -42.135  -7.596  -32.985 0.2857142985
94863  -43.107  -1.552  -36.123 0.4285714328
94861  -41.873  -1.013  -35.268 0.4285714328
96892  -40.931  0.115  -36.473 0.4285714328
92815  -43.599  -3.785  -34.357 0.4285714328
82969  -35.986  -12.365  -30.522 0.2857142985
86164  -41.370  -9.638  -32.390 0.2857142985
88395  -42.636  -7.637  -32.533 0.2857142985
85002  -40.484  -10.724  -32.121 0.2857142985
92803  -42.813  -3.814  -33.577 0.4285714328
78636  -32.477  -15.403  -27.037 0.1428571492
81938  -35.395  -13.444  -28.706 0.2857142985
82980  -39.779  -11.758  -31.415 0.2857142985
80917  -33.712  -14.359  -27.869 0.1428571492
82941  -36.539  -12.868  -29.217 0.2857142985
82943  -37.954  -13.116  -28.811 0.2857142985
114586  -26.773  18.877  -32.023 0.1428571492
71966  -28.605  -21.804  -23.216 0.1428571492
113765  -26.796  18.098  -32.769 0.1428571492
107373  -29.745  9.824  -33.436 0.5714285970
104223  -30.316  7.236  -32.648 0.4285714328
105243  -30.099  8.168  -32.511 0.4285714328
106326  -30.085  9.123  -33.265 0.5714285970
105253  -30.347  8.245  -33.371 0.5714285970
107386  -30.277  9.681  -34.232 0.4285714328
101044  -29.347  4.090  -34.149 0.4285714328
102180  -30.081  5.543  -34.348 0.4285714328
102139  -30.472  5.493  -32.801 0.4285714328
103186  -30.381  6.371  -33.808 0.5714285970
104234  -30.424  7.255  -34.128 0.5714285970
97827  -28.344  1.574  -35.147 0.5714285970
87272  -42.585  -8.587  -30.868 0.1428571492
89477  -42.502  -6.673  -31.858 0.1428571492
90598  -42.139  -5.580  -31.466 0.1428571492
79815  -28.324  -15.580  -28.455 0.2857142985
87306  -42.728  -8.532  -32.341 0.1428571492
86132  -42.123  -9.798  -29.195 0.1428571492
87260  -42.694  -9.184  -30.415 0.1428571492
88327  -41.250  -7.712  -28.891 0.1428571492
87271  -42.098  -8.097  -30.184 0.1428571492
89424  -40.662  -6.789  -28.323 0.1428571492
78632  -27.787  -16.542  -28.287 0.2857142985
82983  -42.847  -12.437  -31.892 0.1428571492
83932  -43.944  -11.808  -31.088 0.1428571492
83948  -43.435  -11.512  -31.915 0.1428571492
84987  -43.354  -10.478  -30.497 0.1428571492
86117  -41.576  -9.949  -28.348 0.1428571492
84976  -42.992  -11.006  -29.664 0.1428571492
89385  -39.951  -6.621  -25.563 0.1428571492
87224  -40.850  -8.765  -27.174 0.1428571492
89401  -39.807  -6.373  -26.127 0.1428571492
78631  -27.019  -16.643  -27.749 0.2857142985
81958  -39.843  -13.755  -29.383 0.1428571492
81959  -41.056  -13.800  -30.103 0.1428571492
82974  -41.397  -13.199  -31.141 0.1428571492
82957  -39.692  -12.817  -29.890 0.1428571492
81980  -42.420  -13.024  -31.586 0.1428571492
82960  -43.664  -12.912  -29.940 0.1428571492
81974  -43.083  -14.075  -30.924 0.1428571492
83905  -42.723  -11.995  -29.154 0.1428571492
82975  -43.838  -12.798  -30.713 0.1428571492
84963  -41.956  -10.915  -28.179 0.1428571492
86090  -40.999  -10.266  -26.503 0.1428571492
88289  -40.243  -7.837  -25.215 0.1428571492
86100  -40.856  -9.544  -26.555 0.1428571492
77540  -27.642  -17.589  -27.944 0.2857142985
77539  -26.787  -17.643  -27.447 0.2857142985
76482  -26.334  -18.669  -26.705 0.2857142985
81940  -37.399  -13.853  -28.299 0.1428571492
81942  -39.269  -14.235  -29.005 0.1428571492
81960  -41.633  -14.303  -30.352 0.1428571492
80957  -43.443  -15.038  -30.116 0.1428571492
80949  -42.005  -14.809  -30.364 0.1428571492
82932  -42.462  -12.784  -28.247 0.1428571492
84936  -41.338  -10.944  -26.773 0.1428571492
83891  -42.184  -11.863  -27.870 0.1428571492
89368  -40.172  -6.983  -24.332 0.1428571492
81941  -38.673  -13.675  -28.820 0.1428571492
80921  -37.286  -14.868  -28.017 0.1428571492
79840  -40.107  -15.670  -29.329 0.1428571492
80935  -38.920  -14.775  -28.760 0.1428571492
77580  -43.032  -16.708  -30.349 0.1428571492
80947  -40.536  -14.738  -29.520 0.1428571492
79842  -43.475  -15.565  -29.444 0.1428571492
79850  -41.681  -15.653  -30.212 0.1428571492
81944  -43.227  -14.125  -28.862 0.1428571492
86089  -40.691  -9.880  -25.712 0.1428571492
83879  -41.709  -11.853  -26.976 0.1428571492
87199  -40.325  -8.939  -24.949 0.1428571492
80920  -36.626  -14.925  -27.646 0.1428571492
81924  -34.861  -13.823  -28.246 0.1428571492
78652  -38.862  -16.481  -28.891 0.1428571492
79838  -38.493  -15.633  -28.580 0.1428571492
80934  -38.085  -14.727  -28.401 0.1428571492
79849  -40.926  -15.680  -29.793 0.1428571492
79839  -39.286  -15.649  -28.945 0.1428571492
78656  -43.388  -16.414  -29.176 0.1428571492
77569  -41.970  -17.344  -30.205 0.1428571492
79826  -42.609  -15.376  -28.006 0.1428571492
81928  -41.979  -13.570  -27.276 0.1428571492
79841  -43.158  -15.524  -28.737 0.1428571492
84935  -40.947  -10.903  -26.088 0.1428571492
80937  -42.847  -14.474  -28.448 0.1428571492
77556  -38.480  -17.386  -28.993 0.1428571492
78651  -38.083  -16.507  -28.543 0.1428571492
79824  -37.690  -15.652  -28.245 0.1428571492
77568  -40.923  -17.519  -30.022 0.1428571492
77567  -39.832  -17.491  -29.713 0.1428571492
76526  -42.270  -17.839  -29.962 0.1428571492
82919  -41.604  -12.805  -26.777 0.1428571492
78662  -40.458  -16.584  -29.725 0.1428571492
80936  -39.655  -14.797  -29.140 0.1428571492
78663  -41.326  -16.550  -30.160 0.1428571492
79857  -42.989  -15.530  -30.504 0.1428571492
82973  -40.660  -12.909  -30.752 0.1428571492
88274  -40.165  -8.086  -24.117 0.1428571492
90460  -40.533  -6.284  -23.564 0.1428571492
87214  -40.580  -8.761  -25.985 0.1428571492
84975  -42.167  -10.589  -28.887 0.1428571492
87287  -42.972  -8.467  -31.832 0.1428571492
89463  -42.112  -6.632  -30.810 0.1428571492
75405  -26.985  -18.885  -27.222 0.2857142985
82908  -41.143  -12.597  -26.319 0.1428571492
84922  -40.643  -10.906  -25.239 0.1428571492
89357  -40.479  -7.308  -23.185 0.1428571492
91583  -40.708  -5.455  -23.754 0.1428571492
99887  -28.892  3.105  -34.773 0.4285714328
90471  -40.130  -5.904  -24.436 0.1428571492
90492  -39.804  -5.533  -25.304 0.1428571492
89416  -40.308  -6.893  -27.493 0.1428571492
90491  -39.709  -6.052  -25.915 0.1428571492
90588  -41.837  -5.583  -30.668 0.1428571492
92789  -41.814  -3.769  -32.186 0.1428571492
107372  -28.875  10.327  -33.487 0.4285714328
107383  -27.598  10.615  -34.738 0.4285714328
110028  -31.775  13.832  -36.639 0.1428571492
107385  -29.733  10.405  -34.340 0.4285714328
76497  -27.255  -18.418  -27.478 0.2857142985
110015  -30.716  13.508  -35.708 0.1428571492
89464  -42.471  -7.169  -31.521 0.1428571492
81957  -39.163  -13.105  -29.372 0.1428571492
81925  -35.571  -13.949  -27.972 0.1428571492
82993  -42.494  -11.980  -32.149 0.1428571492
94822  -41.574  -2.005  -33.134 0.1428571492
94834  -41.071  -1.601  -33.579 0.1428571492
86156  -43.579  -9.844  -31.819 0.1428571492
86141  -43.265  -9.732  -31.020 0.1428571492
89476  -42.125  -6.121  -31.212 0.1428571492
86133  -42.836  -9.772  -30.039 0.1428571492
88351  -41.706  -7.585  -29.703 0.1428571492
87241  -41.313  -8.768  -28.370 0.1428571492
89448  -41.700  -6.712  -29.816 0.1428571492
90541  -40.670  -5.719  -28.721 0.1428571492
88326  -40.835  -7.658  -27.995 0.1428571492
81981  -42.991  -13.294  -31.461 0.1428571492
82984  -43.511  -12.561  -31.402 0.1428571492
83918  -43.718  -11.973  -30.264 0.1428571492
87225  -41.201  -9.397  -27.831 0.1428571492
86101  -41.255  -10.116  -27.364 0.1428571492
83917  -43.357  -12.132  -29.660 0.1428571492
88302  -40.386  -7.730  -26.302 0.1428571492
82958  -40.383  -13.234  -29.941 0.1428571492
81973  -42.035  -13.756  -30.967 0.1428571492
81975  -43.584  -13.977  -30.315 0.1428571492
82959  -43.225  -12.804  -29.352 0.1428571492
80955  -42.650  -14.768  -30.572 0.1428571492
83904  -42.329  -11.641  -28.537 0.1428571492
82944  -42.773  -12.777  -28.890 0.1428571492
84948  -41.715  -11.115  -27.411 0.1428571492
80950  -43.467  -14.788  -29.737 0.1428571492
78673  -43.526  -15.810  -30.124 0.1428571492
82931  -42.118  -12.729  -27.476 0.1428571492
83878  -41.232  -11.547  -26.425 0.1428571492
81926  -36.439  -14.202  -27.906 0.1428571492
79823  -36.940  -15.696  -27.857 0.1428571492
78653  -39.625  -16.514  -29.281 0.1428571492
78664  -42.117  -16.397  -30.380 0.1428571492
77571  -43.453  -16.907  -30.001 0.1428571492
77557  -39.153  -17.122  -29.289 0.1428571492
78655  -42.832  -16.488  -28.357 0.1428571492
80923  -42.286  -14.413  -27.668 0.1428571492
81915  -41.504  -13.666  -26.765 0.1428571492
69643  -25.327  -24.361  -23.370 0.1428571492
70819  -25.638  -23.555  -23.916 0.1428571492
70818  -24.779  -23.794  -24.101 0.1428571492
70834  -25.123  -23.011  -24.497 0.1428571492
73083  -25.581  -21.749  -25.136 0.1428571492
73097  -25.857  -21.253  -25.476 0.1428571492
73096  -25.355  -20.858  -25.385 0.1428571492
74246  -25.625  -20.319  -25.551 0.1428571492
75374  -26.505  -19.805  -26.152 0.1428571492
74245  -24.964  -20.397  -25.283 0.1428571492
75372  -25.136  -19.541  -25.505 0.1428571492
75373  -25.956  -19.481  -26.078 0.1428571492
75389  -26.221  -19.036  -26.486 0.1428571492
76467  -25.274  -18.642  -25.822 0.1428571492
77525  -25.512  -17.727  -26.042 0.1428571492
78617  -26.379  -16.723  -27.023 0.1428571492
79802  -26.669  -15.690  -27.194 0.2857142985
79814  -27.407  -15.617  -27.841 0.1428571492
79816  -28.786  -15.064  -28.630 0.1428571492
81935  -29.449  -13.692  -28.968 0.2857142985
86127  -31.957  -9.701  -29.352 0.4285714328
87256  -34.412  -8.776  -29.773 0.4285714328
88348  -34.027  -7.867  -29.603 0.4285714328
96867  -28.391  0.798  -35.156 0.2857142985
99874  -29.474  3.075  -33.624 0.2857142985
99886  -28.782  2.647  -35.234 0.2857142985
104201  -28.945  7.270  -30.383 0.2857142985
105230  -28.954  8.374  -31.368 0.2857142985
105242  -29.489  8.561  -32.007 0.2857142985
106313  -28.584  9.291  -32.204 0.4285714328
80913  -27.010  -14.648  -27.230 0.2857142985
80928  -29.092  -14.522  -28.751 0.1428571492
71976  -25.386  -22.227  -24.847 0.1428571492
78616  -25.793  -16.775  -26.281 0.1428571492
79801  -26.023  -15.751  -26.499 0.1428571492
80915  -28.552  -14.511  -28.271 0.2857142985
80914  -27.864  -14.618  -27.750 0.2857142985
81923  -28.256  -13.612  -27.746 0.2857142985
81934  -28.907  -13.599  -28.379 0.2857142985
82950  -29.756  -13.132  -29.140 0.2857142985
83913  -31.096  -11.589  -29.452 0.4285714328
84971  -30.719  -10.630  -29.105 0.4285714328
86116  -30.343  -9.753  -28.982 0.2857142985
94845  -29.147  -0.739  -34.990 0.2857142985
97804  -29.299  1.347  -33.725 0.2857142985
98809  -28.968  2.030  -34.303 0.2857142985
99863  -29.796  2.717  -32.977 0.2857142985
101045  -30.192  4.818  -33.706 0.2857142985
103151  -30.160  6.413  -30.926 0.2857142985
103150  -29.477  6.524  -29.962 0.2857142985
104213  -29.720  7.515  -31.353 0.2857142985
82939  -29.417  -12.593  -28.668 0.2857142985
96854  -29.366  0.492  -33.998 0.2857142985
98798  -29.491  2.143  -33.330 0.2857142985
96849  -29.998  0.510  -32.912 0.2857142985
99864  -30.219  3.360  -32.448 0.2857142985
100990  -30.072  4.479  -30.617 0.2857142985
101028  -30.331  4.568  -32.648 0.2857142985
102111  -29.851  5.502  -30.184 0.2857142985
103162  -30.388  6.307  -32.000 0.2857142985
98780  -30.181  2.476  -30.516 0.2857142985
99840  -29.811  3.544  -30.162 0.2857142985
101008  -30.425  4.433  -31.614 0.2857142985
75390  -26.744  -19.341  -26.696 0.1428571492
82951  -30.305  -12.585  -29.277 0.4285714328
104214  -30.249  7.005  -31.841 0.2857142985
103152  -30.372  5.865  -31.470 0.2857142985
77526  -26.183  -17.809  -26.731 0.1428571492
76481  -25.888  -18.575  -26.346 0.1428571492
71975  -24.646  -22.291  -24.689 0.1428571492
73082  -25.019  -21.377  -25.072 0.1428571492
104202  -29.629  6.979  -30.595 0.2857142985
83912  -30.307  -11.496  -28.928 0.4285714328
100989  -29.312  4.539  -29.813 0.2857142985
88346  -32.083  -7.699  -29.377 0.2857142985
88347  -33.088  -7.773  -29.453 0.2857142985
90585  -34.500  -5.777  -30.366 0.2857142985
112924  -30.830  16.491  -31.519 0.1428571492
111990  -31.331  15.292  -32.067 0.1428571492
112002  -29.468  15.738  -33.243 0.1428571492
110975  -29.098  14.699  -34.633 0.1428571492
110002  -30.239  13.692  -34.948 0.1428571492
112912  -30.974  16.705  -31.178 0.1428571492
112016  -29.157  15.490  -34.018 0.1428571492
113793  -27.902  18.110  -34.711 0.1428571492
116321  -28.488  20.475  -33.342 0.1428571492
90565  -33.119  -6.349  -29.863 0.2857142985
90564  -32.567  -6.081  -29.884 0.2857142985
110977  -31.123  13.893  -34.507 0.1428571492
110939  -31.787  14.787  -32.533 0.1428571492
110014  -29.684  13.672  -35.681 0.1428571492
110952  -29.975  14.837  -33.334 0.1428571492
110976  -30.148  14.150  -34.231 0.1428571492
110025  -28.760  14.084  -36.571 0.1428571492
112962  -27.908  16.888  -34.983 0.1428571492
110013  -29.132  14.096  -35.402 0.1428571492
113778  -29.065  18.005  -33.379 0.1428571492
115502  -28.731  19.521  -33.361 0.1428571492
113777  -28.533  17.506  -34.107 0.1428571492
115509  -27.344  19.791  -35.071 0.1428571492
116336  -27.238  20.748  -34.655 0.1428571492
110974  -28.471  15.312  -34.997 0.1428571492
112015  -28.587  15.817  -34.541 0.1428571492
87254  -32.480  -8.728  -29.334 0.2857142985
111988  -29.874  15.950  -32.528 0.1428571492
113758  -30.248  17.445  -31.779 0.1428571492
110937  -30.347  15.184  -32.711 0.1428571492
112001  -28.971  16.070  -33.840 0.1428571492
112947  -29.133  16.827  -33.403 0.1428571492
114577  -30.734  17.880  -30.938 0.1428571492
110953  -30.960  14.352  -33.399 0.1428571492
97791  -30.357  1.430  -31.050 0.1428571492
97797  -30.189  1.416  -32.083 0.1428571492
98788  -30.372  2.401  -31.591 0.1428571492
100985  -25.345  4.311  -30.224 0.1428571492
102107  -25.698  5.205  -29.909 0.1428571492
96855  -29.926  0.110  -33.722 0.1428571492
102110  -28.901  5.614  -29.597 0.1428571492
102099  -25.275  5.890  -29.817 0.1428571492
103135  -25.689  6.654  -29.835 0.1428571492
103134  -24.923  6.677  -29.640 0.2857142985
92798  -34.155  -3.580  -32.880 0.2857142985
92788  -32.812  -3.901  -32.106 0.1428571492
94819  -31.076  -1.799  -33.521 0.1428571492
94831  -30.602  -0.986  -34.064 0.1428571492
96842  -30.343  0.486  -31.661 0.1428571492
99853  -35.247  3.574  -31.636 0.1428571492
103149  -28.333  6.558  -29.864 0.1428571492
104211  -27.482  8.116  -31.070 0.1428571492
104182  -26.040  7.126  -30.135 0.1428571492
104199  -26.570  7.657  -30.642 0.2857142985
105239  -26.661  8.953  -32.090 0.2857142985
108257  -24.860  11.302  -32.013 0.2857142985
108239  -25.404  11.418  -30.842 0.2857142985
109122  -24.574  12.649  -32.770 0.2857142985
112945  -26.915  17.245  -32.954 0.1428571492
109948  -27.640  13.553  -30.145 0.1428571492
107358  -28.181  9.899  -32.850 0.2857142985
104210  -26.897  8.320  -31.233 0.2857142985
106311  -26.565  9.248  -32.697 0.2857142985
107382  -26.645  10.681  -35.110 0.2857142985
106310  -25.874  9.745  -33.336 0.2857142985
107340  -25.466  10.379  -31.606 0.2857142985
107356  -25.091  10.505  -32.956 0.2857142985
107319  -25.888  10.393  -30.603 0.2857142985
108298  -24.895  12.164  -34.568 0.2857142985
110934  -25.519  14.220  -32.318 0.1428571492
109092  -25.266  11.978  -29.992 0.2857142985
112923  -28.316  16.521  -30.796 0.1428571492
108235  -25.622  10.921  -30.228 0.1428571492
106256  -24.305  9.542  -28.457 0.1428571492
104181  -25.604  7.616  -30.035 0.2857142985
108238  -25.359  11.847  -30.246 0.2857142985
110933  -24.945  13.737  -32.420 0.1428571492
109093  -25.438  12.511  -30.431 0.2857142985
110924  -26.292  14.060  -31.607 0.1428571492
109946  -26.087  13.193  -30.402 0.1428571492
103132  -23.424  6.034  -29.371 0.2857142985
109079  -24.830  12.161  -28.786 0.1428571492
109936  -27.628  12.970  -28.987 0.1428571492
109088  -26.041  12.930  -29.370 0.1428571492
100920  -20.764  4.740  -26.324 0.1428571492
100993  -35.117  4.781  -30.445 0.1428571492
99903  -37.170  3.781  -36.138 0.1428571492
93812  -31.307  -2.451  -33.923 0.1428571492
95838  -30.500  -0.496  -31.167 0.1428571492
101011  -35.627  4.234  -31.097 0.1428571492
96837  -30.098  0.408  -30.710 0.1428571492
98778  -28.259  2.144  -29.590 0.1428571492
98761  -27.908  2.602  -29.615 0.1428571492
98763  -28.708  3.281  -29.549 0.1428571492
100986  -26.273  4.393  -29.926 0.1428571492
102109  -27.763  5.621  -29.532 0.1428571492
102097  -23.682  5.471  -29.757 0.1428571492
103148  -27.204  6.564  -30.023 0.1428571492
103133  -23.905  6.568  -29.416 0.2857142985
105212  -26.194  8.385  -30.911 0.1428571492
105226  -26.115  8.920  -31.244 0.1428571492
106298  -25.859  9.369  -32.123 0.2857142985
106263  -25.673  9.466  -30.148 0.1428571492
106278  -26.085  9.545  -31.059 0.1428571492
109080  -25.334  12.505  -28.637 0.1428571492
109086  -24.964  12.095  -29.597 0.2857142985
109087  -25.295  12.614  -29.436 0.1428571492
109942  -27.071  13.008  -29.531 0.1428571492
109947  -27.014  13.464  -30.504 0.1428571492
99890  -36.125  3.620  -34.076 0.1428571492
99867  -35.732  3.421  -32.239 0.1428571492
99868  -36.316  4.036  -32.498 0.1428571492
107381  -25.924  11.086  -35.566 0.2857142985
110935  -26.613  14.721  -32.113 0.1428571492
110925  -27.407  14.401  -31.325 0.1428571492
108278  -24.535  11.917  -33.171 0.2857142985
109961  -24.726  13.320  -32.574 0.2857142985
110949  -24.813  13.887  -32.854 0.2857142985
109952  -26.556  13.696  -31.043 0.1428571492
112922  -27.831  16.291  -31.530 0.1428571492
107371  -27.646  10.201  -33.619 0.2857142985
92795  -31.678  -3.065  -33.349 0.1428571492
94846  -29.715  -1.229  -34.802 0.1428571492
98835  -37.416  3.131  -35.735 0.1428571492
104200  -27.809  7.354  -30.486 0.1428571492
105241  -28.709  8.812  -31.700 0.1428571492
106300  -27.912  9.068  -31.856 0.1428571492
98779  -29.255  2.581  -29.679 0.1428571492
100968  -28.117  4.060  -29.604 0.1428571492
97790  -29.725  1.419  -30.279 0.1428571492
100987  -27.345  4.488  -29.568 0.1428571492
102106  -24.923  5.131  -30.185 0.1428571492
102108  -26.594  5.567  -29.625 0.1428571492
95851  -30.372  -0.328  -33.412 0.1428571492
102098  -24.499  5.769  -29.779 0.1428571492
102100  -25.904  5.985  -29.765 0.1428571492
103136  -26.328  6.616  -29.951 0.1428571492
94818  -30.899  -1.108  -32.952 0.1428571492
104198  -25.973  8.015  -30.633 0.2857142985
106299  -26.369  9.072  -32.125 0.2857142985
107357  -27.586  9.789  -32.981 0.2857142985
105228  -27.204  8.776  -31.736 0.2857142985
108256  -24.630  12.024  -32.439 0.2857142985
107355  -24.703  11.257  -33.384 0.2857142985
108234  -25.263  11.361  -29.800 0.1428571492
109102  -24.931  12.439  -31.686 0.2857142985
109943  -28.035  13.406  -29.491 0.1428571492
107370  -26.699  10.254  -34.222 0.2857142985
106323  -26.173  10.026  -33.886 0.2857142985
107369  -25.651  10.594  -34.303 0.2857142985
107368  -24.869  10.942  -33.869 0.2857142985
110923  -25.789  13.819  -31.620 0.1428571492
113755  -27.794  17.409  -31.214 0.1428571492
109945  -25.710  13.184  -30.850 0.2857142985
105211  -25.788  8.613  -30.584 0.1428571492
109941  -26.536  13.092  -29.987 0.1428571492
81913  -25.781  -14.133  -26.614 0.1428571492
81922  -27.393  -13.606  -27.284 0.1428571492
82930  -27.779  -12.627  -27.470 0.1428571492
81912  -25.262  -13.478  -26.522 0.1428571492
82927  -25.177  -12.325  -27.028 0.1428571492
83888  -25.638  -11.349  -27.624 0.1428571492
82929  -26.910  -12.557  -27.130 0.1428571492
84945  -26.248  -11.093  -27.684 0.1428571492
83890  -27.268  -11.736  -27.434 0.1428571492
82938  -28.572  -12.618  -27.978 0.1428571492
84959  -27.139  -10.345  -28.085 0.1428571492
84960  -28.159  -10.599  -27.988 0.1428571492
84962  -29.984  -10.587  -28.673 0.1428571492
86115  -29.577  -9.636  -28.580 0.1428571492
84961  -29.172  -10.567  -28.280 0.1428571492
84958  -26.121  -10.514  -28.248 0.1428571492
86113  -27.668  -9.521  -28.304 0.1428571492
87238  -30.128  -8.704  -29.044 0.1428571492
88345  -31.144  -7.519  -29.348 0.1428571492
90563  -31.711  -5.766  -29.904 0.1428571492
91704  -33.425  -4.816  -30.917 0.1428571492
103118  -23.515  7.055  -29.096 0.1428571492
80903  -25.384  -14.729  -26.182 0.1428571492
80902  -24.859  -14.043  -26.029 0.1428571492
82928  -26.050  -12.317  -26.955 0.1428571492
108231  -24.657  11.424  -28.958 0.1428571492
91717  -34.328  -4.413  -31.485 0.1428571492
87253  -31.264  -8.676  -29.280 0.1428571492
81921  -26.312  -13.543  -26.854 0.1428571492
83902  -28.878  -11.590  -28.104 0.1428571492
87252  -30.660  -8.098  -29.256 0.1428571492
81920  -25.708  -12.895  -26.777 0.1428571492
82926  -24.298  -12.061  -27.094 0.1428571492
83889  -26.488  -11.631  -27.329 0.1428571492
84947  -27.485  -11.054  -27.730 0.1428571492
83901  -28.046  -11.690  -27.723 0.1428571492
86114  -28.650  -9.585  -28.278 0.1428571492
83899  -24.951  -10.918  -28.199 0.1428571492
80895  -24.367  -14.666  -25.687 0.1428571492
71994  -26.547  -21.578  -25.044 0.2857142985
75406  -27.410  -19.019  -27.171 0.2857142985
75407  -27.804  -19.094  -27.045 0.2857142985
76483  -28.550  -18.810  -26.697 0.4285714328
76496  -26.682  -18.491  -27.105 0.2857142985
76513  -42.425  -17.915  -29.565 0.1428571492
77553  -28.871  -17.142  -28.437 0.4285714328
77560  -43.325  -16.905  -29.676 0.1428571492
77570  -42.952  -17.357  -30.069 0.1428571492
77579  -42.591  -16.847  -30.347 0.1428571492
78633  -30.018  -16.804  -27.866 0.4285714328
78647  -28.489  -16.543  -28.602 0.4285714328
78661  -30.906  -15.418  -29.040 0.4285714328
78665  -43.338  -16.721  -30.186 0.1428571492
78666  -43.633  -16.303  -29.896 0.1428571492
78671  -42.754  -16.230  -30.436 0.1428571492
78672  -43.296  -16.138  -30.303 0.1428571492
79847  -31.307  -15.037  -29.306 0.7142857313
79848  -31.676  -15.022  -29.138 0.2857142985
79851  -42.383  -15.580  -30.412 0.1428571492
79852  -43.609  -15.519  -29.927 0.1428571492
79858  -43.326  -15.493  -30.254 0.1428571492
79859  -43.525  -15.493  -30.112 0.1428571492
80931  -32.814  -14.530  -28.912 0.1428571492
80938  -43.267  -14.722  -29.127 0.1428571492
80945  -32.809  -14.362  -29.538 0.1428571492
80948  -41.378  -14.816  -29.944 0.1428571492
80956  -43.202  -14.829  -30.435 0.1428571492
81927  -36.926  -14.452  -27.962 0.1428571492
81929  -42.430  -13.582  -27.969 0.1428571492
81936  -34.049  -13.815  -29.380 0.2857142985
81943  -42.920  -13.533  -28.696 0.1428571492
81954  -34.457  -13.549  -29.746 0.2857142985
81961  -43.114  -13.225  -29.086 0.1428571492
81962  -43.437  -13.762  -29.363 0.1428571492
81968  -32.738  -13.063  -30.338 0.5714285970
81971  -34.933  -13.164  -30.156 0.2857142985
81972  -41.288  -13.436  -30.776 0.1428571492
81982  -43.490  -13.362  -31.004 0.1428571492
82940  -29.932  -12.050  -28.825 0.1428571492
82953  -35.492  -12.875  -30.204 0.2857142985
82954  -36.131  -12.737  -29.831 0.2857142985
82965  -32.633  -12.317  -30.465 0.5714285970
82981  -40.406  -12.107  -31.477 0.2857142985
82992  -42.148  -11.804  -32.227 0.2857142985
83866  -41.311  -12.140  -26.463 0.1428571492
83892  -42.456  -12.216  -28.555 0.1428571492
83900  -25.488  -10.779  -28.204 0.1428571492
83903  -29.634  -11.484  -28.539 0.4285714328
83915  -36.946  -11.951  -30.149 0.2857142985
83924  -32.307  -11.547  -30.314 0.7142857313
83931  -38.785  -11.518  -30.814 0.2857142985
83947  -42.935  -11.836  -32.204 0.1428571492
83960  -43.334  -10.701  -32.352 0.1428571492
84946  -26.786  -11.025  -27.697 0.1428571492
84964  -42.400  -11.234  -28.909 0.1428571492
84972  -31.504  -10.597  -29.454 0.5714285970
84977  -43.627  -11.200  -30.556 0.1428571492
84984  -34.380  -10.229  -31.206 0.5714285970
84985  -37.472  -10.747  -30.717 0.2857142985
84988  -43.678  -10.764  -31.245 0.1428571492
84995  -34.221  -10.678  -31.216 0.5714285970
85003  -43.652  -10.508  -31.936 0.1428571492
85012  -41.197  -10.636  -32.391 0.2857142985
85014  -43.057  -10.205  -32.782 0.2857142985
86126  -31.064  -9.760  -29.248 0.4285714328
86130  -34.731  -9.355  -30.422 0.5714285970
86138  -34.314  -9.894  -30.812 0.7142857313
86142  -43.582  -10.207  -31.536 0.1428571492
86153  -40.348  -10.056  -32.042 0.2857142985
86154  -40.836  -10.283  -32.245 0.2857142985
86155  -43.266  -9.223  -31.724 0.1428571492
86160  -37.693  -8.860  -32.535 0.7142857313
86166  -43.204  -9.313  -32.380 0.2857142985
86167  -43.502  -9.561  -32.139 0.1428571492
87239  -30.683  -9.222  -29.165 0.2857142985
87240  -40.901  -8.197  -27.686 0.1428571492
87255  -33.503  -8.788  -29.513 0.4285714328
87258  -35.684  -8.392  -30.677 0.5714285970
87259  -42.056  -8.686  -29.716 0.1428571492
87270  -36.743  -7.840  -31.572 0.5714285970
87284  -36.265  -8.727  -31.643 0.7142857313
87301  -37.948  -8.282  -32.682 0.7142857313
88312  -40.578  -7.660  -27.212 0.1428571492
88349  -34.795  -7.954  -29.820 0.4285714328
88350  -35.366  -7.812  -30.197 0.4285714328
88364  -36.598  -7.411  -31.172 0.5714285970
88365  -42.129  -7.540  -30.434 0.1428571492
88366  -42.475  -7.686  -31.290 0.1428571492
88380  -37.617  -7.402  -32.274 0.7142857313
88390  -38.135  -7.420  -32.779 0.7142857313
88392  -39.826  -7.538  -32.959 0.5714285970
89384  -39.798  -6.346  -25.864 0.1428571492
89444  -32.723  -6.879  -29.629 0.2857142985
89446  -34.607  -7.203  -29.829 0.5714285970
89459  -34.069  -6.176  -30.116 0.2857142985
89460  -34.590  -6.438  -30.064 0.5714285970
89475  -37.607  -6.617  -31.894 0.7142857313
89486  -42.676  -6.715  -32.806 0.2857142985
90584  -33.534  -5.743  -30.208 0.2857142985
90596  -36.725  -5.914  -30.980 0.5714285970
90611  -39.057  -5.240  -33.699 0.8571428657
90615  -43.318  -5.601  -33.919 0.4285714328
90617  -40.290  -4.918  -34.350 0.7142857313
90619  -42.026  -5.267  -34.496 0.5714285970
90620  -43.157  -5.312  -34.782 0.5714285970
90621  -43.942  -5.334  -34.859 0.5714285970
90622  -43.570  -5.088  -35.244 0.5714285970
91706  -35.235  -5.335  -30.700 0.2857142985
91707  -35.694  -5.588  -30.631 0.4285714328
91715  -32.412  -4.132  -31.716 0.1428571492
91722  -42.595  -5.308  -32.620 0.2857142985
91727  -33.746  -3.815  -32.410 0.1428571492
91729  -35.237  -3.968  -31.943 0.4285714328
91733  -42.209  -4.267  -32.540 0.2857142985
91740  -39.247  -4.980  -33.934 0.7142857313
91742  -43.940  -4.723  -34.413 0.4285714328
91748  -44.357  -4.643  -35.033 0.4285714328
91750  -43.107  -4.613  -35.463 0.7142857313
91751  -43.914  -4.903  -35.351 0.5714285970
92801  -36.800  -4.009  -32.368 0.7142857313
92807  -31.512  -3.005  -34.277 0.2857142985
92809  -32.960  -3.506  -33.785 0.4285714328
92810  -33.839  -3.423  -33.592 0.4285714328
92816  -44.198  -4.231  -34.696 0.4285714328
92818  -31.826  -3.193  -34.734 0.2857142985
92820  -33.676  -3.289  -34.447 0.4285714328
92828  -43.722  -3.253  -34.794 0.4285714328
92830  -33.190  -3.081  -35.304 0.5714285970
92831  -33.462  -3.181  -35.046 0.5714285970
92832  -38.619  -2.784  -35.331 0.7142857313
92834  -40.262  -3.249  -35.538 0.8571428657
92836  -42.891  -3.418  -36.179 0.5714285970
92838  -43.253  -2.786  -36.562 0.5714285970
93804  -42.870  -3.119  -33.933 0.4285714328
93813  -34.678  -3.184  -34.159 0.4285714328
93814  -35.095  -3.065  -34.162 0.4285714328
93815  -42.591  -2.494  -33.965 0.4285714328
93818  -31.484  -2.799  -35.073 0.2857142985
93819  -32.072  -2.944  -35.191 0.5714285970
93828  -31.752  -2.345  -35.409 0.5714285970
93839  -43.903  -2.887  -36.309 0.4285714328
93850  -43.405  -2.341  -36.577 0.4285714328
94809  -31.089  -1.897  -32.591 0.1428571492
94832  -30.822  -1.755  -34.479 0.2857142985
94836  -42.678  -2.073  -34.394 0.4285714328
94849  -41.327  -1.253  -34.548 0.4285714328
94850  -42.303  -1.498  -34.732 0.4285714328
94852  -43.651  -2.242  -35.758 0.4285714328
94856  -29.281  -0.757  -35.198 0.2857142985
94860  -32.990  -2.009  -36.162 0.5714285970
94864  -43.603  -2.174  -36.395 0.4285714328
94868  -33.619  -1.633  -36.531 0.5714285970
94871  -36.770  -1.219  -36.800 0.8571428657
94877  -42.960  -1.363  -37.069 0.5714285970
94886  -42.378  -0.484  -38.005 0.5714285970
94887  -42.522  -0.554  -37.568 0.5714285970
95844  -30.619  -0.361  -32.289 0.1428571492
95858  -29.004  -0.116  -34.540 0.2857142985
95859  -29.698  -0.399  -34.247 0.1428571492
95872  -28.753  -0.210  -35.057 0.4285714328
95873  -29.177  -0.591  -34.766 0.2857142985
95884  -28.892  0.357  -35.430 0.4285714328
95885  -29.260  -0.225  -35.487 0.4285714328
95891  -39.588  -0.128  -35.602 0.4285714328
95893  -42.121  -0.789  -36.007 0.4285714328
95894  -42.644  -1.114  -36.088 0.4285714328
95900  -33.270  -1.116  -36.495 0.5714285970
95903  -41.252  0.021  -36.563 0.4285714328
95916  -41.734  0.302  -38.311 0.5714285970
95918  -42.523  -0.531  -37.236 0.5714285970
96848  -29.565  0.928  -33.380 0.2857142985
96859  -33.997  0.929  -33.875 0.7142857313
96868  -28.670  0.529  -34.660 0.2857142985
96874  -35.214  1.390  -34.925 0.5714285970
96875  -37.834  0.912  -35.711 0.1428571492
96882  -29.133  0.622  -35.528 0.5714285970
96888  -34.996  1.224  -35.168 0.7142857313
96891  -40.299  0.246  -36.437 0.4285714328
96896  -33.675  0.076  -36.668 1.0000000000
96899  -38.092  0.891  -37.327 0.4285714328
96903  -41.828  0.327  -37.401 0.4285714328
96913  -40.940  0.673  -37.945 0.4285714328
96914  -41.670  0.497  -37.775 0.4285714328
97789  -28.819  1.305  -29.778 0.1428571492
97805  -29.698  1.421  -32.937 0.1428571492
97806  -34.320  1.824  -32.751 0.7142857313
97808  -35.399  2.206  -33.126 0.4285714328
97815  -28.875  1.124  -34.339 0.2857142985
97816  -31.849  1.937  -34.112 0.8571428657
97818  -33.622  1.506  -33.201 0.7142857313
97828  -28.423  1.343  -34.790 0.2857142985
97829  -30.511  1.516  -35.276 1.0000000000
97832  -35.371  1.869  -34.453 0.5714285970
97837  -28.538  1.502  -35.307 0.5714285970
97846  -34.756  1.427  -36.173 0.7142857313
97852  -35.728  2.003  -37.562 0.5714285970
97854  -37.083  1.957  -37.694 0.4285714328
98762  -28.344  2.869  -29.541 0.1428571492
98777  -27.395  2.322  -29.914 0.1428571492
98790  -34.916  2.923  -31.912 0.4285714328
98791  -35.349  3.095  -32.042 0.2857142985
98799  -29.987  2.246  -32.537 0.2857142985
98802  -34.625  2.341  -32.301 0.5714285970
98811  -32.427  2.570  -33.447 0.8571428657
98820  -28.627  2.112  -35.241 0.5714285970
98821  -28.431  2.151  -34.994 0.2857142985
98824  -35.849  3.220  -35.096 0.2857142985
98825  -36.127  4.093  -35.513 0.2857142985
98831  -29.380  2.328  -35.597 0.8571428657
98832  -30.080  2.277  -35.603 1.0000000000
98841  -36.844  3.379  -37.404 0.2857142985
98845  -36.173  2.448  -37.743 0.7142857313
99818  -28.171  3.469  -29.577 0.1428571492
99819  -28.558  3.736  -29.599 0.1428571492
99839  -29.105  3.656  -29.658 0.1428571492
99850  -30.443  3.461  -31.076 0.2857142985
99852  -34.437  3.509  -31.607 0.4285714328
99854  -35.924  3.932  -31.767 0.1428571492
99865  -32.597  3.313  -33.027 0.7142857313
99875  -29.882  3.997  -33.309 0.2857142985
99878  -35.982  3.440  -33.108 0.1428571492
99897  -28.977  2.796  -35.421 0.7142857313
99900  -30.657  3.984  -35.834 0.8571428657
99901  -36.031  3.909  -36.526 0.2857142985
99902  -36.580  4.101  -36.014 0.2857142985
99908  -29.684  4.032  -36.321 1.0000000000
99911  -36.412  3.810  -36.941 0.2857142985
100967  -27.642  3.706  -29.682 0.1428571492
100969  -28.692  4.157  -29.618 0.1428571492
100984  -24.470  4.307  -30.333 0.1428571492
100988  -28.357  4.748  -29.488 0.1428571492
101009  -33.702  4.416  -31.493 0.5714285970
101010  -34.708  4.161  -31.099 0.1428571492
101070  -29.139  3.394  -35.665 0.8571428657
101072  -30.325  4.369  -36.360 1.0000000000
101073  -30.766  4.623  -35.924 0.8571428657
101078  -29.993  4.551  -36.686 1.0000000000
102096  -23.037  5.541  -29.355 0.1428571492
102112  -30.311  5.346  -31.079 0.2857142985
102124  -30.427  5.345  -31.935 0.2857142985
102125  -32.719  5.945  -32.457 0.4285714328
102160  -30.396  5.680  -33.549 0.4285714328
102179  -29.591  5.347  -35.115 0.7142857313
102193  -30.264  4.868  -36.625 0.8571428657
102201  -30.609  5.882  -36.596 0.8571428657
103161  -30.192  6.833  -31.502 0.2857142985
103163  -32.905  6.346  -32.184 0.1428571492
103171  -30.465  6.218  -32.953 0.2857142985
103187  -31.750  5.655  -34.388 0.8571428657
103206  -31.628  5.854  -35.046 0.8571428657
103238  -29.793  6.266  -36.671 1.0000000000
103251  -30.449  6.851  -37.148 0.8571428657
104212  -28.503  7.946  -30.915 0.1428571492
104222  -29.978  7.905  -32.073 0.2857142985
104236  -33.088  7.932  -32.958 0.1428571492
104251  -31.638  7.076  -36.403 0.7142857313
104261  -29.880  6.583  -36.888 0.8571428657
104262  -30.097  7.128  -36.998 0.8571428657
104264  -31.775  7.662  -36.675 0.7142857313
104276  -31.000  7.257  -37.417 0.7142857313
105227  -26.489  8.740  -31.480 0.1428571492
105229  -28.132  8.613  -31.441 0.1428571492
105240  -26.927  9.038  -32.275 0.2857142985
105252  -29.965  8.718  -32.716 0.4285714328
105255  -33.042  8.494  -33.494 0.1428571492
105268  -30.261  8.140  -35.605 1.0000000000
106301  -28.323  8.967  -31.772 0.1428571492
106312  -27.471  9.369  -32.437 0.2857142985
106314  -29.513  9.273  -32.691 0.2857142985
106324  -26.650  9.746  -33.536 0.2857142985
106325  -27.160  9.611  -33.087 0.2857142985
106327  -30.380  8.970  -33.984 0.7142857313
106356  -32.937  9.939  -36.809 0.1428571492
106374  -32.172  10.047  -38.445 0.4285714328
107309  -25.558  10.366  -29.767 0.1428571492
107359  -29.017  9.820  -32.848 0.4285714328
107374  -30.184  9.451  -33.689 0.5714285970
107394  -26.208  11.366  -36.170 0.5714285970
107400  -32.863  9.899  -35.941 0.1428571492
107420  -31.885  10.412  -38.934 0.2857142985
107428  -33.140  10.563  -39.095 0.1428571492
108279  -24.680  11.366  -32.796 0.2857142985
108288  -24.706  11.757  -34.054 0.2857142985
108289  -25.028  11.187  -34.352 0.2857142985
108311  -28.976  11.011  -35.982 0.8571428657
108322  -30.097  10.722  -36.835 0.7142857313
108334  -27.459  12.586  -39.320 0.5714285970
108335  -27.970  12.267  -39.579 0.5714285970
108338  -31.266  10.800  -39.225 0.4285714328
108355  -32.112  11.972  -40.379 0.1428571492
109073  -24.986  12.084  -28.253 0.1428571492
109094  -25.724  12.789  -29.894 0.1428571492
109101  -24.694  12.502  -32.282 0.2857142985
109123  -24.736  12.870  -32.259 0.2857142985
109142  -24.578  12.585  -33.562 0.4285714328
109152  -24.747  12.617  -34.268 0.2857142985
109153  -25.002  12.669  -34.933 0.5714285970
109166  -25.822  13.094  -37.046 0.7142857313
109176  -26.815  12.601  -38.151 0.7142857313
109181  -26.777  13.719  -38.668 0.2857142985
109191  -27.852  13.077  -39.725 0.4285714328
109195  -33.903  11.658  -40.123 0.1428571492
109203  -32.537  12.451  -40.432 0.1428571492
109950  -25.480  13.308  -31.460 0.1428571492
109951  -25.975  13.553  -31.171 0.1428571492
109962  -24.966  13.368  -32.066 0.2857142985
109999  -24.884  13.286  -34.569 0.5714285970
110000  -29.232  14.169  -34.934 0.1428571492
110001  -29.549  13.945  -34.901 0.1428571492
110024  -28.221  14.324  -36.993 0.2857142985
110046  -26.571  14.117  -38.383 0.5714285970
110060  -28.531  13.426  -39.483 0.2857142985
110064  -32.454  13.767  -40.010 0.1428571492
110072  -32.227  13.065  -40.295 0.1428571492
110919  -27.611  13.888  -30.612 0.1428571492
110938  -30.803  14.912  -32.621 0.1428571492
110951  -29.431  15.161  -33.787 0.1428571492
110972  -24.798  13.866  -33.536 0.4285714328
110994  -28.293  15.048  -35.588 0.2857142985
111010  -27.275  15.086  -37.116 0.2857142985
111012  -28.458  14.418  -36.393 0.1428571492
111024  -27.209  14.653  -37.689 0.2857142985
111025  -27.684  14.513  -37.381 0.2857142985
111036  -26.860  14.430  -38.212 0.2857142985
111046  -32.991  14.163  -39.846 0.1428571492
111968  -29.184  15.455  -29.878 0.1428571492
111989  -30.544  15.673  -32.204 0.1428571492
112000  -25.928  15.570  -33.527 0.2857142985
112003  -30.026  15.436  -32.764 0.1428571492
112029  -27.583  16.118  -35.931 0.2857142985
112030  -28.061  15.867  -35.386 0.2857142985
112913  -31.276  16.632  -30.993 0.1428571492
112932  -26.744  15.934  -32.791 0.2857142985
112946  -28.621  16.610  -34.160 0.1428571492
112980  -25.813  17.064  -36.617 0.2857142985
113746  -30.850  17.037  -31.103 0.1428571492
113757  -29.888  17.660  -32.089 0.1428571492
113766  -27.041  17.831  -32.453 0.1428571492
113768  -29.986  17.170  -32.112 0.1428571492
113792  -27.394  17.677  -35.408 0.2857142985
113819  -25.592  17.902  -36.286 0.2857142985
113821  -26.281  17.863  -36.415 0.2857142985
114596  -26.925  18.372  -32.183 0.1428571492
114605  -28.867  19.048  -33.384 0.1428571492
114614  -25.680  19.162  -34.361 0.1428571492
114616  -27.900  19.229  -34.577 0.1428571492
114628  -26.106  18.921  -36.220 0.2857142985
114642  -25.875  18.515  -36.381 0.2857142985
114643  -26.116  18.554  -36.415 0.2857142985
115484  -26.643  19.338  -31.999 0.1428571492
115493  -28.581  20.000  -33.337 0.1428571492
115499  -25.532  19.880  -34.435 0.1428571492
115501  -28.423  19.765  -33.735 0.1428571492
115520  -26.366  19.909  -35.675 0.2857142985
116345  -26.198  20.306  -35.294 0.2857142985
116346  -26.660  20.404  -35.133 0.1428571492
116347  -26.918  20.473  -35.064 0.1428571492
117128  -26.687  21.286  -33.984 0.1428571492
