#!ascii label  , from subject 3310 vox2ras=TkReg
317
26309  43.958  -62.010  4.088 0.0000000000
31658  41.442  -58.159  -7.458 0.0000000000
22270  42.546  -65.551  -0.460 0.0000000000
26383  38.497  -62.770  -1.949 0.0000000000
25076  44.451  -63.430  -6.919 0.0000000000
23688  43.182  -65.087  -3.852 0.0000000000
22365  44.528  -65.686  -7.148 0.0000000000
27707  39.203  -61.267  -5.779 0.0000000000
28966  35.392  -59.824  -1.389 0.0000000000
23613  40.250  -64.469  3.384 0.0000000000
25003  40.324  -64.212  -0.425 0.0000000000
25067  41.187  -63.200  -5.038 0.0000000000
27736  42.352  -61.332  -7.616 0.0000000000
27775  45.082  -61.324  -10.227 0.0000000000
26304  48.950  -62.934  3.220 0.0000000000
24914  44.439  -64.178  5.435 0.0000000000
20860  42.282  -66.553  3.119 0.0000000000
28922  38.630  -59.915  2.133 0.0000000000
22334  44.215  -65.878  -5.407 0.0000000000
29003  40.230  -60.439  -7.255 0.0000000000
30287  38.120  -59.619  -5.572 0.0000000000
23620  40.762  -65.105  1.628 0.0000000000
23666  41.647  -64.850  -1.199 0.0000000000
23715  43.767  -64.018  -6.302 0.0000000000
25053  41.906  -63.746  -4.207 0.0000000000
26422  43.034  -63.020  -6.421 0.0000000000
26434  42.142  -62.435  -6.357 0.0000000000
27735  43.454  -62.157  -7.547 0.0000000000
29056  44.896  -60.348  -10.271 0.0000000000
22190  44.878  -65.739  5.471 0.0000000000
23579  42.708  -65.284  5.137 0.0000000000
20824  43.718  -66.286  5.062 0.0000000000
24992  37.983  -63.582  0.615 0.0000000000
27649  36.373  -62.006  0.961 0.0000000000
31570  35.453  -58.273  -0.974 0.0000000000
31549  36.888  -58.457  1.036 0.0000000000
22287  44.196  -66.384  -1.981 0.0000000000
23668  43.078  -65.413  -2.433 0.0000000000
22313  44.380  -65.833  -3.662 0.0000000000
23698  43.952  -65.324  -5.642 0.0000000000
23713  44.929  -64.253  -7.080 0.0000000000
26406  38.362  -62.128  -3.697 0.0000000000
26385  36.633  -61.823  -1.496 0.0000000000
27691  37.176  -61.133  -3.781 0.0000000000
30273  36.486  -59.438  -3.728 0.0000000000
32930  43.223  -56.543  -7.845 0.0000000000
26291  41.917  -63.271  4.684 0.0000000000
24990  39.605  -64.201  0.423 0.0000000000
25011  39.273  -63.641  -1.362 0.0000000000
23679  41.597  -64.225  -2.855 0.0000000000
25040  41.174  -63.738  -3.284 0.0000000000
25042  39.576  -63.200  -3.373 0.0000000000
26425  40.149  -62.228  -5.448 0.0000000000
27719  40.289  -61.365  -6.932 0.0000000000
30340  41.947  -59.561  -8.132 0.0000000000
26452  45.102  -62.521  -8.318 0.0000000000
27750  44.429  -61.869  -8.512 0.0000000000
30352  43.779  -59.685  -9.269 0.0000000000
31672  42.757  -58.392  -8.298 0.0000000000
26344  47.969  -62.585  1.637 0.0000000000
26306  46.788  -62.777  3.192 0.0000000000
24949  46.338  -63.276  4.279 0.0000000000
26289  43.660  -62.812  4.681 0.0000000000
24933  42.273  -63.784  5.056 0.0000000000
22230  41.162  -65.479  3.522 0.0000000000
22247  41.902  -66.017  1.779 0.0000000000
20892  43.384  -66.909  1.132 0.0000000000
22253  43.518  -66.387  0.193 0.0000000000
28944  36.017  -60.845  0.783 0.0000000000
27611  44.298  -61.662  3.365 0.0000000000
27629  43.871  -61.228  2.770 0.0000000000
27612  43.175  -61.478  3.433 0.0000000000
30325  40.847  -59.268  -7.459 0.0000000000
30306  39.599  -59.146  -6.660 0.0000000000
22255  41.516  -65.383  0.742 0.0000000000
23641  41.460  -65.113  0.255 0.0000000000
23657  41.689  -65.101  -0.496 0.0000000000
25065  42.843  -63.691  -5.916 0.0000000000
25077  43.551  -63.355  -6.524 0.0000000000
26432  43.650  -62.760  -6.904 0.0000000000
26431  44.294  -62.884  -7.216 0.0000000000
27790  45.039  -61.107  -11.782 0.0000000000
25006  38.056  -63.344  -0.950 0.0000000000
26349  36.983  -62.732  0.978 0.0000000000
26374  37.377  -62.990  -0.724 0.0000000000
32823  35.897  -57.289  -0.268 0.0000000000
22303  44.449  -65.980  -2.863 0.0000000000
20990  44.634  -66.482  -3.502 0.0000000000
22350  44.103  -65.902  -6.346 0.0000000000
23714  44.502  -64.751  -6.590 0.0000000000
27689  38.684  -61.917  -4.406 0.0000000000
27690  37.935  -61.626  -4.143 0.0000000000
27696  38.306  -61.034  -4.849 0.0000000000
30272  37.157  -59.683  -4.233 0.0000000000
31624  36.428  -58.537  -4.235 0.0000000000
31613  35.737  -58.484  -3.264 0.0000000000
24935  40.733  -64.045  4.354 0.0000000000
24950  40.873  -63.075  4.300 0.0000000000
23614  39.669  -64.163  3.064 0.0000000000
25004  39.425  -64.024  -0.557 0.0000000000
25010  40.154  -63.877  -1.458 0.0000000000
23678  42.400  -64.651  -3.051 0.0000000000
25066  41.829  -63.404  -5.201 0.0000000000
25054  41.107  -63.361  -4.316 0.0000000000
25041  40.315  -63.353  -3.480 0.0000000000
25055  40.479  -63.083  -4.216 0.0000000000
26413  40.165  -62.726  -4.657 0.0000000000
26412  40.792  -63.069  -4.802 0.0000000000
27717  42.629  -62.121  -6.893 0.0000000000
27718  41.530  -61.893  -6.718 0.0000000000
27737  41.194  -61.088  -7.537 0.0000000000
29020  42.303  -60.648  -8.122 0.0000000000
26499  43.232  -62.875  -11.346 0.0000000000
26481  45.192  -61.859  -10.855 0.0000000000
26482  44.644  -62.373  -10.742 0.0000000000
26463  45.164  -62.467  -9.731 0.0000000000
27762  45.300  -61.942  -9.167 0.0000000000
27763  44.721  -61.286  -9.504 0.0000000000
30370  44.663  -59.699  -10.125 0.0000000000
29041  44.052  -60.217  -9.416 0.0000000000
30351  44.258  -59.395  -9.693 0.0000000000
30338  43.277  -59.346  -8.801 0.0000000000
31686  43.873  -58.893  -9.246 0.0000000000
26324  48.581  -62.698  2.582 0.0000000000
26325  47.763  -62.801  2.558 0.0000000000
26326  46.943  -62.437  2.510 0.0000000000
26305  47.315  -62.807  2.912 0.0000000000
23596  46.001  -64.486  4.981 0.0000000000
24929  46.712  -63.770  4.501 0.0000000000
24930  45.692  -63.598  4.695 0.0000000000
24931  44.524  -63.419  5.095 0.0000000000
24932  43.390  -63.796  5.279 0.0000000000
22211  42.563  -65.819  4.661 0.0000000000
22212  41.659  -65.418  4.349 0.0000000000
22238  41.742  -66.014  2.809 0.0000000000
20878  42.212  -66.491  2.287 0.0000000000
19613  43.674  -67.853  0.692 0.0000000000
20910  43.855  -67.126  0.410 0.0000000000
20911  43.276  -66.546  0.787 0.0000000000
27679  36.190  -61.212  -1.798 0.0000000000
27672  36.112  -61.447  -0.924 0.0000000000
28957  35.321  -60.050  -0.550 0.0000000000
27720  39.584  -61.152  -6.348 0.0000000000
29000  38.683  -60.390  -5.848 0.0000000000
22240  40.434  -64.993  2.741 0.0000000000
23621  40.287  -64.618  2.172 0.0000000000
24975  40.649  -64.672  0.815 0.0000000000
25009  40.980  -64.305  -1.266 0.0000000000
23699  43.385  -64.807  -5.280 0.0000000000
23689  42.527  -64.418  -4.166 0.0000000000
23700  42.449  -64.050  -5.000 0.0000000000
26423  42.330  -62.919  -6.011 0.0000000000
26424  41.225  -62.619  -5.573 0.0000000000
26433  42.848  -62.570  -6.571 0.0000000000
27716  43.157  -62.407  -6.938 0.0000000000
27789  45.320  -61.085  -11.148 0.0000000000
29055  45.266  -60.275  -10.863 0.0000000000
23576  45.375  -64.701  5.357 0.0000000000
24915  43.833  -64.442  5.485 0.0000000000
23577  44.290  -64.953  5.483 0.0000000000
22210  43.331  -66.028  4.975 0.0000000000
20842  42.409  -66.715  4.101 0.0000000000
27648  37.021  -62.234  1.863 0.0000000000
28924  36.653  -61.249  1.539 0.0000000000
30248  35.366  -59.052  -1.606 0.0000000000
30221  35.519  -59.346  -0.091 0.0000000000
31550  35.834  -58.333  0.054 0.0000000000
32807  36.515  -57.365  0.315 0.0000000000
22288  43.582  -65.942  -1.482 0.0000000000
23665  42.226  -65.294  -0.992 0.0000000000
22304  43.548  -65.655  -2.347 0.0000000000
22314  43.874  -65.495  -3.307 0.0000000000
22324  43.917  -65.498  -4.260 0.0000000000
22335  44.115  -65.449  -4.992 0.0000000000
26397  38.246  -62.451  -2.825 0.0000000000
26384  37.433  -62.433  -1.779 0.0000000000
26398  37.426  -62.079  -2.648 0.0000000000
27685  36.921  -61.681  -3.065 0.0000000000
27686  36.380  -61.165  -2.690 0.0000000000
28992  37.513  -60.416  -4.497 0.0000000000
28981  37.016  -60.216  -3.841 0.0000000000
30257  35.958  -59.718  -3.080 0.0000000000
30258  35.609  -59.094  -2.538 0.0000000000
32840  35.384  -57.397  -1.671 0.0000000000
32932  41.663  -57.247  -7.354 0.0000000000
26310  42.811  -62.155  4.243 0.0000000000
26311  41.566  -62.570  4.383 0.0000000000
25005  38.583  -63.613  -0.623 0.0000000000
25012  38.588  -63.322  -1.428 0.0000000000
25039  41.952  -64.099  -3.500 0.0000000000
25024  40.961  -64.023  -2.238 0.0000000000
25025  40.246  -63.572  -2.475 0.0000000000
26395  39.586  -63.318  -2.301 0.0000000000
26396  39.041  -63.126  -2.704 0.0000000000
26405  39.192  -62.585  -3.776 0.0000000000
26414  39.370  -62.307  -4.873 0.0000000000
26426  39.502  -61.875  -5.465 0.0000000000
27705  40.696  -61.872  -6.039 0.0000000000
27706  39.930  -61.625  -5.967 0.0000000000
27738  40.584  -60.828  -7.477 0.0000000000
29022  40.843  -60.092  -7.656 0.0000000000
30324  41.469  -59.105  -7.730 0.0000000000
23729  45.076  -64.225  -7.399 0.0000000000
26441  45.258  -62.879  -8.124 0.0000000000
26442  44.817  -62.788  -7.662 0.0000000000
27734  44.201  -62.430  -7.799 0.0000000000
27751  43.206  -61.271  -8.235 0.0000000000
29030  44.260  -60.914  -9.232 0.0000000000
29031  43.696  -60.553  -8.864 0.0000000000
29032  42.774  -60.386  -8.518 0.0000000000
30339  42.467  -59.450  -8.427 0.0000000000
31657  42.055  -58.174  -7.737 0.0000000000
32950  43.167  -57.656  -8.299 0.0000000000
26362  48.140  -62.296  0.918 0.0000000000
26345  47.176  -62.268  1.659 0.0000000000
26346  46.486  -62.001  2.036 0.0000000000
26327  45.958  -62.191  2.681 0.0000000000
26308  44.970  -62.088  3.692 0.0000000000
23592  48.703  -63.881  4.758 0.0000000000
24947  47.661  -63.208  3.438 0.0000000000
26307  45.976  -62.658  3.794 0.0000000000
26287  45.381  -62.679  4.224 0.0000000000
26290  42.594  -63.055  4.705 0.0000000000
23599  40.949  -64.687  4.264 0.0000000000
23598  42.056  -64.781  5.057 0.0000000000
23612  40.697  -64.999  3.612 0.0000000000
22239  41.051  -65.372  2.382 0.0000000000
22248  41.431  -65.456  1.326 0.0000000000
22254  42.439  -65.816  0.559 0.0000000000
20893  42.749  -66.655  1.534 0.0000000000
22269  43.432  -65.958  -0.517 0.0000000000
26375  36.586  -62.296  -0.827 0.0000000000
30200  36.643  -60.224  1.589 0.0000000000
30220  36.070  -59.501  0.817 0.0000000000
30219  36.790  -59.336  1.443 0.0000000000
20841  43.328  -66.681  4.738 0.0000000000
20929  44.090  -66.698  -0.446 0.0000000000
22191  43.854  -65.741  5.271 0.0000000000
22192  43.124  -65.577  5.145 0.0000000000
22229  41.877  -66.070  3.819 0.0000000000
22231  40.610  -65.188  3.147 0.0000000000
22289  42.976  -65.547  -1.185 0.0000000000
22305  43.192  -65.591  -1.757 0.0000000000
23578  43.221  -64.870  5.374 0.0000000000
23595  46.493  -64.446  4.809 0.0000000000
23597  42.715  -64.299  5.251 0.0000000000
23600  40.508  -64.199  4.100 0.0000000000
23622  39.877  -64.323  2.767 0.0000000000
23629  40.851  -65.017  0.931 0.0000000000
23630  40.513  -64.809  1.453 0.0000000000
23640  41.996  -65.431  -0.150 0.0000000000
23656  42.083  -65.357  -0.535 0.0000000000
23669  42.592  -65.273  -2.025 0.0000000000
23677  43.097  -65.305  -2.869 0.0000000000
24913  45.051  -63.948  5.216 0.0000000000
24928  47.500  -63.699  4.393 0.0000000000
24934  41.301  -63.716  4.596 0.0000000000
24946  48.555  -63.190  3.394 0.0000000000
24948  46.856  -63.202  3.968 0.0000000000
24951  40.366  -63.583  4.123 0.0000000000
24962  48.258  -62.980  2.879 0.0000000000
24963  48.080  -63.099  3.041 0.0000000000
24976  40.374  -64.568  1.162 0.0000000000
24988  40.851  -64.607  0.561 0.0000000000
25013  37.936  -63.093  -1.457 0.0000000000
25026  39.698  -63.429  -2.857 0.0000000000
26288  44.718  -62.700  4.467 0.0000000000
26328  45.480  -62.135  3.225 0.0000000000
26343  48.521  -62.238  1.537 0.0000000000
26363  47.556  -62.386  0.947 0.0000000000
26364  38.134  -63.478  0.052 0.0000000000
26365  37.521  -63.166  0.316 0.0000000000
26366  36.644  -62.651  0.136 0.0000000000
26373  37.934  -63.322  -0.359 0.0000000000
26381  39.731  -63.429  -1.876 0.0000000000
26382  39.194  -63.124  -1.890 0.0000000000
26404  39.969  -62.957  -3.885 0.0000000000
26443  44.098  -62.628  -7.419 0.0000000000
27610  44.773  -61.762  3.297 0.0000000000
27663  36.093  -61.757  -0.004 0.0000000000
27678  36.808  -61.769  -2.240 0.0000000000
27684  37.673  -61.915  -3.376 0.0000000000
27692  36.664  -61.174  -3.249 0.0000000000
27695  38.910  -61.674  -5.176 0.0000000000
27697  37.693  -61.100  -4.363 0.0000000000
27708  38.776  -61.094  -5.401 0.0000000000
27749  45.202  -62.273  -8.658 0.0000000000
27752  42.639  -60.954  -8.145 0.0000000000
27776  44.747  -60.885  -9.978 0.0000000000
28945  35.600  -60.137  0.201 0.0000000000
28956  35.768  -60.824  -0.267 0.0000000000
28965  35.653  -60.644  -1.192 0.0000000000
28973  35.826  -60.243  -2.257 0.0000000000
28974  35.561  -59.553  -1.930 0.0000000000
28982  36.436  -60.483  -3.275 0.0000000000
28991  38.051  -60.147  -5.121 0.0000000000
28999  39.226  -60.812  -6.172 0.0000000000
29021  41.720  -60.301  -7.944 0.0000000000
29033  42.185  -60.093  -8.302 0.0000000000
29040  44.481  -60.413  -9.773 0.0000000000
30236  35.319  -59.235  -0.823 0.0000000000
30274  35.904  -59.116  -3.310 0.0000000000
30289  36.987  -59.063  -4.332 0.0000000000
30305  40.272  -59.432  -7.121 0.0000000000
30323  42.119  -58.921  -8.082 0.0000000000
30369  45.051  -59.434  -10.560 0.0000000000
31533  37.568  -58.892  1.469 0.0000000000
31534  37.175  -59.058  1.466 0.0000000000
31551  35.480  -58.795  -0.438 0.0000000000
31569  35.675  -57.799  -0.506 0.0000000000
31586  35.382  -58.258  -1.999 0.0000000000
31597  35.516  -58.208  -2.706 0.0000000000
31612  35.996  -58.735  -3.754 0.0000000000
31671  43.578  -58.090  -8.813 0.0000000000
32806  37.523  -57.418  0.537 0.0000000000
32857  35.434  -57.501  -2.485 0.0000000000
32931  42.747  -57.203  -7.764 0.0000000000
