#!ascii label  , from subject 3154 vox2ras=TkReg
1387
53964  -10.313  -37.225  82.669 0.0000000000
66521  -36.885  -25.975  73.853 0.0000000000
77115  -34.764  -19.170  70.373 0.0000000000
71777  -29.220  -22.136  78.627 0.0000000000
85822  -39.342  -12.793  60.316 0.0000000000
78523  -37.817  -17.981  62.526 0.0000000000
67789  -38.498  -24.425  78.670 0.0000000000
69194  -34.272  -23.725  76.635 0.0000000000
91718  -45.675  -6.969  61.049 0.0000000000
92971  -49.421  -5.656  55.198 0.0000000000
98851  -48.614  -1.408  54.481 0.0000000000
83379  -38.214  -14.399  70.859 0.0000000000
78486  -34.500  -17.749  65.254 0.0000000000
83452  -40.087  -14.158  66.784 0.0000000000
77167  -43.179  -17.921  65.083 0.0000000000
65145  -21.163  -26.906  75.994 0.0000000000
50438  -7.076  -38.214  84.900 0.0000000000
73161  -37.114  -23.223  72.650 0.0000000000
79642  -37.922  -17.166  75.234 0.0000000000
66502  -25.016  -25.427  74.282 0.0000000000
69248  -29.402  -23.853  71.123 0.0000000000
96636  -43.191  -3.285  50.249 0.0000000000
103396  -48.870  2.575  51.616 0.0000000000
77254  -40.476  -18.796  60.872 0.0000000000
86909  -44.573  -11.858  63.856 0.0000000000
55248  -13.638  -36.197  79.032 0.0000000000
44572  -6.293  -44.817  81.472 0.0000000000
94140  -47.069  -4.789  58.710 0.0000000000
83415  -39.123  -13.000  68.251 0.0000000000
63993  -19.817  -29.758  74.382 0.0000000000
52783  -8.263  -37.649  83.770 0.0000000000
69298  -37.561  -25.321  71.085 0.0000000000
69277  -37.207  -24.736  72.942 0.0000000000
69193  -27.317  -23.547  75.916 0.0000000000
69231  -26.772  -24.448  72.905 0.0000000000
71829  -29.436  -22.452  74.806 0.0000000000
66490  -35.673  -25.601  75.344 0.0000000000
67863  -33.612  -25.005  73.526 0.0000000000
65241  -34.748  -26.208  71.402 0.0000000000
70479  -27.898  -23.309  79.487 0.0000000000
69173  -25.843  -24.081  77.448 0.0000000000
89389  -44.932  -9.004  54.624 0.0000000000
95391  -42.742  -4.434  52.266 0.0000000000
102200  -48.812  1.400  53.699 0.0000000000
79764  -35.938  -17.204  63.208 0.0000000000
75912  -39.806  -19.326  61.591 0.0000000000
82211  -44.279  -15.280  63.954 0.0000000000
60260  -16.748  -32.348  77.449 0.0000000000
59033  -16.098  -33.121  79.086 0.0000000000
57735  -14.690  -33.514  80.093 0.0000000000
55266  -15.098  -35.754  77.681 0.0000000000
45868  -7.863  -43.718  81.103 0.0000000000
67825  -38.154  -25.879  76.534 0.0000000000
69210  -38.854  -24.121  75.669 0.0000000000
70504  -38.921  -23.121  77.294 0.0000000000
73039  -32.588  -22.078  80.850 0.0000000000
73084  -32.238  -22.307  77.981 0.0000000000
70482  -34.336  -23.369  79.721 0.0000000000
67785  -35.991  -25.513  78.033 0.0000000000
89332  -41.766  -9.242  61.298 0.0000000000
91736  -43.810  -6.753  59.270 0.0000000000
91764  -45.580  -6.932  56.228 0.0000000000
92978  -46.993  -6.875  54.483 0.0000000000
96592  -45.725  -3.436  54.466 0.0000000000
96595  -49.360  -3.557  54.987 0.0000000000
79680  -36.330  -16.724  70.294 0.0000000000
78445  -34.549  -18.644  68.767 0.0000000000
80913  -36.909  -15.682  68.407 0.0000000000
80938  -36.890  -14.725  65.809 0.0000000000
80974  -38.951  -15.539  64.408 0.0000000000
77185  -40.587  -18.195  63.245 0.0000000000
79711  -41.432  -16.465  65.394 0.0000000000
65135  -19.307  -27.170  77.612 0.0000000000
61495  -18.027  -30.746  75.958 0.0000000000
101086  -48.268  0.206  46.621 0.0000000000
50444  -6.008  -38.263  84.369 0.0000000000
70609  -36.638  -24.592  70.464 0.0000000000
74434  -35.392  -21.429  72.138 0.0000000000
74407  -38.105  -22.422  75.241 0.0000000000
75741  -36.776  -20.573  74.358 0.0000000000
78418  -36.705  -18.268  72.673 0.0000000000
80883  -38.225  -16.041  73.238 0.0000000000
70540  -32.104  -23.272  74.190 0.0000000000
66434  -24.191  -25.232  78.358 0.0000000000
66485  -23.361  -25.879  74.834 0.0000000000
98862  -45.071  -0.866  53.160 0.0000000000
99973  -45.819  -0.006  50.567 0.0000000000
101061  -47.494  0.298  48.392 0.0000000000
102221  -50.283  2.104  49.143 0.0000000000
51703  -10.781  -39.038  79.943 0.0000000000
50490  -9.478  -39.666  81.111 0.0000000000
81026  -40.674  -16.464  60.639 0.0000000000
77223  -41.559  -18.727  62.471 0.0000000000
82256  -41.996  -16.053  62.099 0.0000000000
85782  -41.532  -12.400  62.545 0.0000000000
90474  -44.623  -8.611  63.030 0.0000000000
55215  -11.876  -36.109  81.112 0.0000000000
49302  -7.757  -40.166  82.319 0.0000000000
48225  -6.985  -40.835  82.588 0.0000000000
49312  -5.499  -40.601  82.207 0.0000000000
53954  -9.629  -37.195  83.417 0.0000000000
66535  -36.344  -26.363  72.002 0.0000000000
67899  -36.875  -25.159  71.996 0.0000000000
67865  -37.499  -25.527  73.866 0.0000000000
70502  -27.979  -21.869  77.265 0.0000000000
70525  -27.916  -22.547  75.678 0.0000000000
71800  -28.984  -21.677  76.819 0.0000000000
65201  -36.316  -26.209  74.540 0.0000000000
66520  -35.538  -25.618  73.725 0.0000000000
65243  -36.033  -26.008  72.633 0.0000000000
65266  -35.825  -26.334  71.546 0.0000000000
71729  -30.514  -21.439  81.508 0.0000000000
71728  -29.611  -21.948  81.363 0.0000000000
70480  -28.530  -22.762  79.087 0.0000000000
69159  -26.745  -23.138  77.645 0.0000000000
94203  -43.826  -5.538  53.176 0.0000000000
74457  -34.542  -21.610  70.739 0.0000000000
75815  -33.578  -20.453  69.590 0.0000000000
78522  -36.518  -17.980  62.501 0.0000000000
78536  -36.306  -19.045  62.138 0.0000000000
77221  -38.396  -18.862  61.336 0.0000000000
57817  -17.155  -33.954  76.915 0.0000000000
59047  -16.505  -33.216  78.095 0.0000000000
56519  -16.439  -34.434  77.861 0.0000000000
56504  -16.045  -34.237  78.516 0.0000000000
56536  -16.184  -35.288  77.187 0.0000000000
67806  -38.023  -25.255  77.125 0.0000000000
69178  -38.752  -24.252  77.253 0.0000000000
69163  -38.722  -23.898  78.298 0.0000000000
70452  -34.052  -22.152  81.820 0.0000000000
73041  -32.914  -23.178  80.236 0.0000000000
69110  -34.574  -23.714  81.191 0.0000000000
67752  -37.470  -24.473  79.729 0.0000000000
67750  -36.398  -24.380  79.097 0.0000000000
66420  -36.927  -24.806  78.284 0.0000000000
66455  -37.018  -25.289  77.136 0.0000000000
91702  -44.017  -7.578  61.324 0.0000000000
90515  -42.468  -7.560  60.244 0.0000000000
92911  -44.096  -6.696  60.437 0.0000000000
92947  -47.558  -5.748  57.086 0.0000000000
92945  -46.171  -5.753  57.465 0.0000000000
92969  -47.419  -6.566  55.594 0.0000000000
91781  -46.503  -7.365  55.359 0.0000000000
92979  -47.663  -6.686  54.864 0.0000000000
94186  -48.337  -5.659  54.538 0.0000000000
94187  -49.323  -5.251  54.565 0.0000000000
80907  -36.838  -15.952  70.428 0.0000000000
80906  -36.943  -16.065  69.383 0.0000000000
82140  -37.654  -15.154  69.742 0.0000000000
83435  -39.103  -12.743  67.139 0.0000000000
82161  -37.477  -14.085  67.560 0.0000000000
82176  -38.911  -14.135  65.949 0.0000000000
80957  -38.290  -14.793  64.964 0.0000000000
82189  -40.007  -15.205  65.160 0.0000000000
79732  -40.444  -15.968  64.829 0.0000000000
82178  -40.989  -14.916  66.096 0.0000000000
66432  -22.116  -25.891  78.075 0.0000000000
66414  -20.917  -25.695  78.942 0.0000000000
65136  -20.300  -26.771  77.314 0.0000000000
62786  -18.832  -30.155  75.644 0.0000000000
101088  -50.231  0.854  46.948 0.0000000000
102255  -50.654  1.221  46.104 0.0000000000
50445  -6.409  -38.513  84.392 0.0000000000
71893  -36.931  -24.421  71.819 0.0000000000
70610  -37.399  -24.792  70.821 0.0000000000
71874  -36.762  -23.724  72.084 0.0000000000
73176  -35.350  -23.196  71.310 0.0000000000
74435  -36.125  -22.044  72.718 0.0000000000
71819  -39.773  -22.987  76.068 0.0000000000
71832  -38.863  -23.269  75.565 0.0000000000
73115  -39.338  -22.409  75.976 0.0000000000
78406  -38.100  -18.094  76.165 0.0000000000
77072  -37.211  -20.072  75.768 0.0000000000
77071  -37.089  -19.361  74.878 0.0000000000
77086  -36.525  -19.426  73.333 0.0000000000
78419  -37.070  -18.012  73.637 0.0000000000
79655  -37.398  -16.733  72.993 0.0000000000
80871  -38.037  -15.944  74.343 0.0000000000
70571  -27.825  -24.160  72.404 0.0000000000
70503  -33.613  -23.200  77.475 0.0000000000
71803  -32.133  -22.691  76.144 0.0000000000
70528  -32.657  -23.437  75.108 0.0000000000
69251  -32.614  -25.158  71.908 0.0000000000
67764  -25.485  -24.208  80.040 0.0000000000
67833  -25.143  -24.812  75.441 0.0000000000
66469  -24.757  -25.141  76.558 0.0000000000
66501  -24.142  -26.039  73.723 0.0000000000
65192  -23.048  -27.571  73.366 0.0000000000
97741  -46.758  -2.299  54.460 0.0000000000
97756  -44.926  -2.572  54.186 0.0000000000
98865  -46.973  -0.807  54.131 0.0000000000
103392  -48.732  2.181  52.736 0.0000000000
102204  -47.396  1.677  52.334 0.0000000000
102215  -47.252  1.478  50.827 0.0000000000
101056  -46.422  0.297  50.026 0.0000000000
101054  -48.324  1.386  50.038 0.0000000000
102224  -48.935  1.437  49.327 0.0000000000
103401  -49.843  2.747  50.533 0.0000000000
78449  -34.710  -18.134  67.649 0.0000000000
77138  -33.952  -19.404  67.511 0.0000000000
79830  -39.875  -17.327  59.450 0.0000000000
79813  -40.346  -17.345  60.213 0.0000000000
78510  -41.536  -18.117  64.293 0.0000000000
75899  -41.157  -18.614  62.891 0.0000000000
77206  -42.683  -18.104  63.922 0.0000000000
84709  -44.205  -13.751  63.565 0.0000000000
82236  -43.027  -16.140  62.875 0.0000000000
84725  -42.758  -13.534  63.098 0.0000000000
84750  -41.607  -14.186  62.470 0.0000000000
85784  -43.075  -12.625  63.256 0.0000000000
88125  -43.457  -10.720  63.100 0.0000000000
88126  -44.043  -10.496  63.418 0.0000000000
56488  -14.447  -34.438  79.643 0.0000000000
56486  -13.518  -35.281  80.456 0.0000000000
56471  -13.077  -35.281  81.158 0.0000000000
55247  -12.929  -36.590  79.422 0.0000000000
53991  -12.432  -37.321  79.401 0.0000000000
53992  -13.063  -37.298  78.847 0.0000000000
49341  -9.050  -41.197  80.714 0.0000000000
49315  -8.437  -40.285  81.707 0.0000000000
48249  -8.580  -41.703  80.860 0.0000000000
45867  -7.329  -44.094  81.346 0.0000000000
47129  -7.268  -41.940  81.644 0.0000000000
47140  -6.623  -42.718  81.217 0.0000000000
48236  -6.392  -41.331  82.294 0.0000000000
47139  -5.755  -42.652  81.055 0.0000000000
70455  -35.329  -23.627  81.597 0.0000000000
94125  -47.560  -5.496  61.056 0.0000000000
92923  -46.447  -5.353  59.911 0.0000000000
95321  -47.719  -4.095  59.405 0.0000000000
83380  -38.438  -13.905  70.371 0.0000000000
65173  -21.644  -27.670  74.449 0.0000000000
65155  -20.435  -27.550  75.631 0.0000000000
52761  -8.218  -36.640  85.667 0.0000000000
52773  -7.872  -37.636  84.464 0.0000000000
67918  -37.001  -25.924  70.463 0.0000000000
69299  -37.320  -25.087  71.529 0.0000000000
71876  -37.480  -23.967  72.936 0.0000000000
82052  -38.941  -15.605  75.233 0.0000000000
67822  -26.230  -24.493  75.387 0.0000000000
67848  -26.141  -24.742  73.412 0.0000000000
69217  -26.947  -24.055  74.048 0.0000000000
70536  -27.451  -23.322  73.769 0.0000000000
70553  -29.263  -22.632  73.301 0.0000000000
67823  -35.159  -24.686  75.992 0.0000000000
67849  -33.984  -24.676  74.606 0.0000000000
67850  -34.331  -25.045  74.088 0.0000000000
66518  -34.486  -25.515  72.614 0.0000000000
65264  -34.612  -26.837  70.390 0.0000000000
70465  -27.852  -23.129  80.470 0.0000000000
69141  -25.930  -23.969  79.548 0.0000000000
69158  -26.571  -23.691  78.228 0.0000000000
69191  -26.002  -23.979  76.638 0.0000000000
91779  -44.071  -8.068  55.707 0.0000000000
95397  -42.808  -3.573  51.345 0.0000000000
101033  -50.376  0.514  54.504 0.0000000000
101042  -48.724  0.420  54.061 0.0000000000
79746  -34.680  -17.154  64.475 0.0000000000
75925  -39.435  -19.391  60.815 0.0000000000
75926  -40.222  -19.300  61.484 0.0000000000
78493  -45.196  -16.842  65.783 0.0000000000
79767  -44.151  -16.640  64.429 0.0000000000
80989  -45.365  -15.072  64.383 0.0000000000
62740  -17.026  -30.329  78.566 0.0000000000
61464  -16.262  -30.982  78.970 0.0000000000
60240  -15.937  -32.641  80.467 0.0000000000
57756  -16.038  -33.538  80.140 0.0000000000
56502  -14.871  -34.800  78.977 0.0000000000
55249  -14.411  -35.818  78.708 0.0000000000
54002  -14.315  -37.474  77.893 0.0000000000
54017  -14.941  -37.531  77.339 0.0000000000
66507  -37.832  -26.389  75.164 0.0000000000
67852  -37.678  -25.207  74.579 0.0000000000
67840  -37.847  -25.133  75.487 0.0000000000
70517  -39.686  -23.646  76.449 0.0000000000
71764  -30.131  -21.441  79.126 0.0000000000
73096  -30.565  -21.520  77.728 0.0000000000
74315  -32.166  -22.270  79.425 0.0000000000
71765  -33.236  -22.492  79.188 0.0000000000
69176  -34.494  -23.649  77.827 0.0000000000
69128  -35.299  -23.755  80.295 0.0000000000
69145  -35.841  -24.131  78.989 0.0000000000
67783  -35.899  -24.532  77.361 0.0000000000
66453  -36.162  -25.432  77.172 0.0000000000
65161  -36.536  -25.707  75.656 0.0000000000
71714  -31.687  -21.089  82.462 0.0000000000
86948  -40.358  -10.961  61.245 0.0000000000
86947  -39.626  -10.966  60.385 0.0000000000
89343  -40.793  -9.015  60.261 0.0000000000
90514  -41.528  -7.980  59.520 0.0000000000
91734  -42.662  -7.275  58.122 0.0000000000
92933  -45.120  -5.747  58.719 0.0000000000
91748  -44.915  -6.483  57.091 0.0000000000
91763  -44.367  -6.872  56.067 0.0000000000
91780  -45.145  -7.636  55.422 0.0000000000
90562  -46.148  -8.044  54.780 0.0000000000
94196  -45.828  -6.209  53.672 0.0000000000
94195  -44.817  -5.927  53.461 0.0000000000
94184  -46.103  -5.673  54.075 0.0000000000
96593  -47.129  -3.531  54.544 0.0000000000
97743  -48.948  -2.530  54.602 0.0000000000
95376  -50.309  -4.019  54.828 0.0000000000
99939  -50.593  -0.664  54.281 0.0000000000
77128  -35.389  -18.316  70.877 0.0000000000
78439  -34.882  -18.699  69.909 0.0000000000
79678  -35.251  -17.844  69.249 0.0000000000
79687  -35.756  -16.939  68.383 0.0000000000
79691  -35.725  -16.169  67.372 0.0000000000
82153  -37.728  -14.545  68.593 0.0000000000
80919  -36.765  -14.983  67.239 0.0000000000
80936  -35.512  -16.049  65.588 0.0000000000
80955  -35.958  -15.995  64.595 0.0000000000
80972  -37.058  -15.955  63.554 0.0000000000
79766  -38.239  -17.135  62.844 0.0000000000
77184  -39.699  -17.827  62.875 0.0000000000
78508  -40.086  -17.424  63.664 0.0000000000
78464  -41.058  -17.031  65.050 0.0000000000
78466  -42.940  -16.922  65.578 0.0000000000
79694  -43.408  -16.372  66.523 0.0000000000
78452  -44.244  -16.643  66.127 0.0000000000
65134  -18.516  -27.331  78.222 0.0000000000
63959  -19.285  -27.956  76.340 0.0000000000
63958  -18.577  -28.677  76.523 0.0000000000
62741  -17.793  -29.941  77.776 0.0000000000
61494  -17.509  -31.121  76.570 0.0000000000
74458  -35.079  -22.100  71.430 0.0000000000
75800  -34.862  -20.756  71.421 0.0000000000
69235  -37.606  -24.795  74.019 0.0000000000
71845  -37.798  -23.361  74.466 0.0000000000
73148  -37.481  -23.067  73.794 0.0000000000
74406  -37.513  -21.702  74.662 0.0000000000
74416  -36.787  -21.867  73.444 0.0000000000
75756  -36.182  -21.318  73.248 0.0000000000
77102  -36.258  -20.228  72.853 0.0000000000
77117  -35.628  -18.529  71.355 0.0000000000
79662  -36.438  -17.354  71.966 0.0000000000
79673  -36.648  -16.376  71.283 0.0000000000
82110  -38.262  -14.836  71.687 0.0000000000
82081  -38.812  -14.956  73.710 0.0000000000
82098  -39.054  -15.033  72.842 0.0000000000
71789  -30.657  -22.293  76.899 0.0000000000
71830  -30.714  -22.452  74.749 0.0000000000
70554  -30.706  -22.787  73.124 0.0000000000
69220  -33.343  -23.951  74.033 0.0000000000
69250  -32.295  -24.160  71.770 0.0000000000
66416  -23.551  -25.093  79.016 0.0000000000
67799  -22.941  -25.603  77.483 0.0000000000
66450  -24.985  -25.223  77.816 0.0000000000
66449  -24.017  -25.402  77.308 0.0000000000
66467  -22.635  -26.019  75.799 0.0000000000
65174  -22.454  -27.471  74.019 0.0000000000
95385  -44.184  -4.656  53.682 0.0000000000
97754  -43.964  -2.528  52.811 0.0000000000
98882  -44.304  -1.421  51.571 0.0000000000
101040  -47.252  0.614  53.363 0.0000000000
99958  -45.471  -0.564  52.159 0.0000000000
98891  -44.624  -1.273  50.003 0.0000000000
99988  -45.485  -0.826  49.043 0.0000000000
98907  -46.186  -1.292  48.021 0.0000000000
98923  -46.923  -1.186  46.758 0.0000000000
101075  -48.482  0.496  47.611 0.0000000000
101063  -49.911  1.266  48.138 0.0000000000
52809  -10.329  -37.991  81.220 0.0000000000
51686  -9.574  -38.793  81.394 0.0000000000
50500  -10.432  -39.988  80.283 0.0000000000
77125  -33.588  -19.660  68.574 0.0000000000
83531  -39.882  -14.535  61.042 0.0000000000
75897  -40.124  -19.018  62.166 0.0000000000
75913  -40.589  -19.338  62.016 0.0000000000
78551  -41.546  -18.360  61.967 0.0000000000
79780  -42.818  -17.474  63.087 0.0000000000
79815  -41.878  -17.362  62.345 0.0000000000
78569  -41.392  -17.936  61.567 0.0000000000
82255  -41.152  -15.751  61.490 0.0000000000
83532  -40.740  -14.763  61.527 0.0000000000
85799  -40.561  -12.434  62.067 0.0000000000
88123  -41.505  -10.839  62.407 0.0000000000
90473  -43.707  -9.270  62.432 0.0000000000
91687  -45.113  -7.563  62.356 0.0000000000
55182  -10.874  -36.107  82.948 0.0000000000
55198  -11.787  -35.648  82.153 0.0000000000
55214  -11.111  -36.859  81.512 0.0000000000
52818  -10.969  -38.252  79.918 0.0000000000
51716  -12.398  -38.917  79.019 0.0000000000
51685  -8.863  -38.727  82.070 0.0000000000
50469  -8.163  -38.997  82.703 0.0000000000
50467  -7.636  -39.319  83.402 0.0000000000
47130  -7.602  -41.818  81.431 0.0000000000
48226  -7.338  -40.769  82.493 0.0000000000
49287  -6.919  -39.730  83.289 0.0000000000
49286  -6.512  -39.544  83.317 0.0000000000
49298  -6.165  -40.050  82.744 0.0000000000
44570  -5.520  -44.896  81.257 0.0000000000
47152  -5.710  -42.951  80.566 0.0000000000
53955  -10.336  -36.636  83.671 0.0000000000
66536  -36.375  -25.592  72.747 0.0000000000
66537  -37.004  -25.613  73.532 0.0000000000
71787  -28.961  -21.730  77.707 0.0000000000
65221  -36.636  -26.208  74.166 0.0000000000
65220  -36.104  -25.995  73.722 0.0000000000
65244  -36.356  -25.810  73.471 0.0000000000
71763  -29.456  -22.134  79.674 0.0000000000
70492  -28.204  -22.373  78.152 0.0000000000
92988  -44.521  -6.931  53.286 0.0000000000
75799  -34.528  -20.234  70.455 0.0000000000
74456  -33.962  -21.169  70.146 0.0000000000
78537  -37.122  -18.640  62.095 0.0000000000
77202  -37.891  -18.809  62.035 0.0000000000
56538  -16.839  -34.303  76.889 0.0000000000
57797  -16.738  -33.875  77.716 0.0000000000
56537  -16.547  -34.645  76.989 0.0000000000
67788  -37.877  -24.572  77.988 0.0000000000
67807  -38.315  -24.509  77.634 0.0000000000
70436  -34.160  -22.392  82.533 0.0000000000
70453  -34.348  -23.197  81.220 0.0000000000
70437  -34.715  -23.314  82.255 0.0000000000
67769  -38.058  -24.665  79.174 0.0000000000
67768  -37.341  -24.671  78.649 0.0000000000
67787  -37.515  -24.670  78.035 0.0000000000
66439  -37.573  -24.723  77.748 0.0000000000
91703  -44.809  -7.377  61.515 0.0000000000
91716  -44.459  -7.090  60.852 0.0000000000
92912  -44.794  -6.632  60.419 0.0000000000
94165  -48.802  -5.476  56.458 0.0000000000
92960  -47.991  -5.990  56.469 0.0000000000
92970  -48.502  -5.985  55.504 0.0000000000
92980  -48.953  -5.949  54.777 0.0000000000
82126  -37.813  -14.653  70.930 0.0000000000
84670  -39.083  -13.101  66.647 0.0000000000
83451  -39.298  -13.714  66.441 0.0000000000
82188  -39.208  -14.836  65.403 0.0000000000
82177  -39.941  -14.616  65.812 0.0000000000
66447  -21.872  -26.431  76.902 0.0000000000
66431  -21.120  -26.415  77.796 0.0000000000
65144  -20.611  -27.012  76.587 0.0000000000
102236  -51.004  1.370  47.785 0.0000000000
101097  -49.966  0.897  46.471 0.0000000000
102245  -50.959  1.225  47.078 0.0000000000
51629  -7.239  -37.527  85.385 0.0000000000
51628  -6.820  -37.412  85.508 0.0000000000
50436  -6.587  -37.758  85.048 0.0000000000
50437  -6.829  -38.049  85.015 0.0000000000
71875  -37.242  -23.822  72.454 0.0000000000
73160  -36.476  -22.972  72.343 0.0000000000
74436  -36.811  -22.627  72.880 0.0000000000
74381  -38.859  -21.964  76.718 0.0000000000
78405  -37.655  -18.260  75.561 0.0000000000
77058  -37.471  -18.760  75.330 0.0000000000
78414  -37.509  -18.097  74.769 0.0000000000
79650  -37.626  -16.958  74.049 0.0000000000
66516  -24.611  -26.600  73.070 0.0000000000
66517  -25.133  -26.222  73.098 0.0000000000
70516  -33.235  -23.317  76.310 0.0000000000
69207  -33.823  -24.170  75.442 0.0000000000
66487  -25.059  -24.981  74.925 0.0000000000
97799  -43.582  -2.661  48.908 0.0000000000
98850  -47.510  -1.122  54.471 0.0000000000
103395  -48.165  2.237  51.777 0.0000000000
102211  -48.264  1.931  51.224 0.0000000000
101053  -47.722  1.175  50.154 0.0000000000
102216  -48.453  1.695  50.581 0.0000000000
102217  -49.100  2.024  50.342 0.0000000000
103400  -49.079  2.401  50.776 0.0000000000
78462  -34.697  -17.686  66.397 0.0000000000
78461  -34.296  -18.746  66.950 0.0000000000
78485  -33.958  -18.730  65.688 0.0000000000
77253  -39.853  -19.059  60.237 0.0000000000
77270  -40.065  -18.698  60.178 0.0000000000
78586  -39.894  -18.382  59.782 0.0000000000
78568  -40.551  -18.103  60.639 0.0000000000
77166  -42.646  -18.017  64.777 0.0000000000
77188  -42.190  -18.409  64.028 0.0000000000
77189  -42.847  -18.064  64.501 0.0000000000
85785  -43.973  -12.872  63.795 0.0000000000
84726  -43.563  -13.531  63.439 0.0000000000
85801  -43.423  -13.176  63.478 0.0000000000
86908  -43.834  -11.707  63.369 0.0000000000
86892  -44.385  -11.237  63.748 0.0000000000
56501  -14.208  -35.192  79.361 0.0000000000
56487  -13.981  -34.770  80.110 0.0000000000
56500  -13.663  -35.334  79.726 0.0000000000
55233  -13.193  -35.895  79.891 0.0000000000
45866  -6.778  -43.970  81.328 0.0000000000
45878  -6.903  -43.286  81.173 0.0000000000
45877  -6.653  -43.423  81.116 0.0000000000
45865  -6.237  -43.913  81.140 0.0000000000
85698  -39.634  -12.469  70.773 0.0000000000
63994  -20.668  -28.620  74.354 0.0000000000
52775  -8.653  -36.661  84.473 0.0000000000
52768  -8.672  -36.422  85.026 0.0000000000
52774  -8.204  -37.386  84.282 0.0000000000
52766  -7.929  -37.201  85.052 0.0000000000
51658  -8.032  -37.866  83.908 0.0000000000
66565  -36.629  -26.203  70.705 0.0000000000
69276  -36.937  -24.796  72.278 0.0000000000
70593  -37.128  -24.376  72.323 0.0000000000
70594  -37.325  -24.471  72.873 0.0000000000
69205  -26.723  -24.025  75.138 0.0000000000
67835  -26.312  -24.732  74.510 0.0000000000
71828  -28.580  -22.469  75.343 0.0000000000
69218  -27.338  -23.244  74.291 0.0000000000
70537  -28.118  -22.618  74.340 0.0000000000
70552  -28.145  -23.384  73.194 0.0000000000
70538  -29.061  -22.532  74.141 0.0000000000
67838  -35.284  -24.948  75.563 0.0000000000
67837  -34.896  -24.650  75.187 0.0000000000
66488  -34.946  -24.903  74.370 0.0000000000
65218  -35.156  -25.787  72.287 0.0000000000
66519  -35.124  -25.480  73.052 0.0000000000
66534  -34.727  -25.701  72.130 0.0000000000
66533  -34.117  -26.049  71.667 0.0000000000
65284  -35.693  -26.510  70.682 0.0000000000
70466  -28.622  -22.582  80.113 0.0000000000
70450  -28.665  -22.111  81.292 0.0000000000
70478  -27.118  -23.431  79.751 0.0000000000
70490  -27.159  -23.524  79.025 0.0000000000
69175  -26.833  -23.212  76.788 0.0000000000
69192  -26.577  -24.123  76.177 0.0000000000
90560  -44.657  -8.531  55.011 0.0000000000
79747  -35.424  -16.698  63.987 0.0000000000
79763  -35.027  -17.578  63.658 0.0000000000
75911  -38.937  -19.187  61.044 0.0000000000
80960  -45.478  -15.651  65.332 0.0000000000
79752  -45.121  -15.950  65.075 0.0000000000
85787  -45.515  -12.071  64.525 0.0000000000
61477  -16.709  -31.096  77.877 0.0000000000
60251  -16.324  -32.174  78.564 0.0000000000
60241  -15.873  -31.974  79.852 0.0000000000
57777  -15.886  -33.745  79.344 0.0000000000
56517  -15.357  -35.056  78.290 0.0000000000
56503  -15.601  -34.375  78.745 0.0000000000
55250  -14.797  -35.514  78.324 0.0000000000
55265  -14.571  -36.411  77.883 0.0000000000
55287  -15.164  -36.657  77.283 0.0000000000
66492  -37.829  -26.085  75.999 0.0000000000
67839  -38.135  -25.949  75.773 0.0000000000
69164  -38.845  -23.606  77.616 0.0000000000
69196  -38.877  -24.378  76.498 0.0000000000
71745  -31.659  -21.547  80.510 0.0000000000
74330  -31.744  -21.883  79.638 0.0000000000
73052  -32.199  -21.879  80.328 0.0000000000
70467  -33.510  -23.426  79.900 0.0000000000
71746  -33.122  -23.330  79.721 0.0000000000
70481  -33.967  -23.089  79.537 0.0000000000
70493  -33.939  -22.890  78.561 0.0000000000
69160  -34.614  -23.372  78.884 0.0000000000
69112  -35.568  -23.632  81.168 0.0000000000
67766  -36.193  -24.650  78.459 0.0000000000
67765  -35.947  -24.876  78.207 0.0000000000
69161  -35.530  -24.029  78.199 0.0000000000
67784  -35.769  -25.188  77.938 0.0000000000
67804  -36.310  -24.973  76.910 0.0000000000
67805  -35.693  -25.860  77.736 0.0000000000
66475  -37.733  -25.751  76.793 0.0000000000
66474  -37.075  -25.543  76.169 0.0000000000
66491  -37.378  -26.142  75.417 0.0000000000
71715  -33.357  -21.702  82.315 0.0000000000
71730  -32.153  -21.225  81.114 0.0000000000
71744  -30.775  -21.514  80.308 0.0000000000
88159  -40.971  -10.245  61.281 0.0000000000
89331  -40.882  -9.595  60.887 0.0000000000
91726  -43.362  -6.761  59.828 0.0000000000
91725  -42.521  -7.244  59.200 0.0000000000
91724  -41.835  -7.505  58.611 0.0000000000
91735  -43.568  -6.845  58.712 0.0000000000
94139  -46.384  -5.039  59.036 0.0000000000
92922  -45.950  -5.594  59.577 0.0000000000
92934  -45.904  -5.414  58.394 0.0000000000
91749  -45.890  -6.435  57.039 0.0000000000
92944  -45.426  -5.958  57.793 0.0000000000
91788  -47.166  -7.342  54.992 0.0000000000
91787  -46.568  -7.511  54.659 0.0000000000
92990  -46.273  -6.828  54.127 0.0000000000
94197  -46.318  -6.190  54.032 0.0000000000
94185  -46.998  -5.985  54.460 0.0000000000
95374  -48.798  -4.580  54.687 0.0000000000
95373  -47.675  -4.715  54.615 0.0000000000
96594  -48.282  -3.556  54.837 0.0000000000
98853  -50.827  -1.853  54.098 0.0000000000
78441  -35.769  -17.786  70.773 0.0000000000
78440  -35.334  -18.198  70.336 0.0000000000
79679  -35.992  -17.125  69.595 0.0000000000
80905  -36.454  -16.406  68.734 0.0000000000
79690  -35.230  -17.208  67.436 0.0000000000
80912  -36.331  -15.993  67.959 0.0000000000
83393  -38.301  -13.803  69.068 0.0000000000
80920  -37.394  -14.336  66.873 0.0000000000
79708  -36.299  -15.232  66.464 0.0000000000
80937  -36.168  -15.394  65.597 0.0000000000
80973  -38.218  -15.518  63.983 0.0000000000
79749  -38.153  -16.327  63.245 0.0000000000
78507  -39.103  -17.124  63.236 0.0000000000
79750  -39.457  -16.345  64.000 0.0000000000
78463  -40.708  -16.935  64.864 0.0000000000
78465  -41.941  -17.176  65.262 0.0000000000
79712  -42.338  -16.419  65.886 0.0000000000
80922  -43.552  -15.787  67.018 0.0000000000
80923  -44.456  -15.884  67.284 0.0000000000
79695  -43.928  -16.381  66.763 0.0000000000
79697  -45.134  -16.559  66.601 0.0000000000
65123  -20.219  -26.496  78.083 0.0000000000
65122  -19.571  -26.757  78.806 0.0000000000
63977  -20.233  -28.043  75.019 0.0000000000
65154  -19.961  -27.770  76.255 0.0000000000
63976  -19.448  -28.671  75.460 0.0000000000
63975  -18.498  -29.246  75.908 0.0000000000
62769  -18.112  -29.919  76.597 0.0000000000
62742  -18.237  -29.245  77.162 0.0000000000
62768  -17.535  -30.359  77.002 0.0000000000
51654  -5.521  -38.532  83.848 0.0000000000
70627  -36.827  -25.094  69.877 0.0000000000
71891  -35.819  -23.943  70.663 0.0000000000
74459  -35.749  -22.560  71.961 0.0000000000
69221  -38.272  -24.548  74.997 0.0000000000
73137  -38.272  -23.001  75.108 0.0000000000
71846  -38.411  -23.570  74.930 0.0000000000
73136  -37.710  -22.696  74.560 0.0000000000
75742  -37.328  -20.679  75.286 0.0000000000
74405  -36.939  -21.221  73.922 0.0000000000
75757  -36.238  -20.790  73.477 0.0000000000
77085  -36.472  -18.870  72.515 0.0000000000
77101  -35.821  -19.282  72.188 0.0000000000
78432  -36.089  -18.095  71.528 0.0000000000
79661  -36.521  -17.890  72.180 0.0000000000
79663  -37.081  -16.490  72.079 0.0000000000
80890  -37.818  -15.825  72.282 0.0000000000
80899  -37.464  -15.611  71.200 0.0000000000
82097  -38.493  -15.347  72.536 0.0000000000
82067  -39.963  -15.075  74.854 0.0000000000
82065  -38.607  -15.435  74.551 0.0000000000
82066  -39.322  -14.925  74.560 0.0000000000
83354  -38.816  -13.862  72.814 0.0000000000
67861  -25.596  -25.563  72.798 0.0000000000
67862  -25.973  -24.833  72.309 0.0000000000
73097  -31.104  -22.070  77.483 0.0000000000
73105  -31.234  -22.466  76.901 0.0000000000
70527  -31.949  -23.046  74.959 0.0000000000
71816  -31.417  -22.639  75.409 0.0000000000
70539  -31.261  -22.513  73.965 0.0000000000
70555  -31.741  -22.918  73.299 0.0000000000
69233  -32.987  -24.604  72.766 0.0000000000
66433  -23.235  -25.549  78.094 0.0000000000
69157  -25.980  -24.382  78.615 0.0000000000
69156  -25.609  -24.612  78.327 0.0000000000
69172  -25.681  -24.508  77.967 0.0000000000
66468  -23.690  -25.482  76.092 0.0000000000
66484  -22.450  -26.748  74.671 0.0000000000
95371  -45.265  -5.005  54.370 0.0000000000
96591  -44.817  -3.977  54.214 0.0000000000
97739  -45.131  -1.507  53.895 0.0000000000
97755  -44.427  -2.128  53.221 0.0000000000
97766  -44.051  -2.338  52.254 0.0000000000
98874  -44.722  -1.156  52.349 0.0000000000
101041  -48.016  0.733  53.601 0.0000000000
101050  -46.315  0.901  51.532 0.0000000000
99959  -46.038  0.236  52.284 0.0000000000
99966  -45.857  0.161  51.416 0.0000000000
99965  -45.236  -0.512  51.382 0.0000000000
99972  -45.038  -0.838  50.537 0.0000000000
99978  -45.285  -1.040  49.718 0.0000000000
99980  -46.970  -0.209  48.930 0.0000000000
99989  -46.366  -0.546  48.478 0.0000000000
98922  -46.305  -1.467  47.274 0.0000000000
101073  -46.719  -0.179  47.948 0.0000000000
99999  -47.066  -0.723  47.140 0.0000000000
101074  -47.284  0.044  47.527 0.0000000000
102225  -49.607  1.623  48.844 0.0000000000
102226  -50.611  1.588  48.418 0.0000000000
51696  -10.564  -38.614  80.252 0.0000000000
51695  -10.204  -38.984  80.613 0.0000000000
51702  -10.955  -39.757  80.042 0.0000000000
77134  -34.112  -19.203  69.035 0.0000000000
78444  -34.381  -18.944  68.395 0.0000000000
79831  -40.174  -16.775  59.890 0.0000000000
81045  -40.186  -16.379  59.950 0.0000000000
82253  -39.650  -15.068  60.300 0.0000000000
82254  -40.362  -15.443  60.849 0.0000000000
77204  -40.139  -18.373  62.524 0.0000000000
75915  -41.413  -18.667  62.764 0.0000000000
75898  -40.877  -18.912  62.331 0.0000000000
75914  -41.070  -19.011  62.280 0.0000000000
75927  -40.835  -19.330  62.064 0.0000000000
77238  -41.520  -18.778  62.087 0.0000000000
80988  -43.722  -16.215  64.114 0.0000000000
78541  -43.519  -17.381  63.690 0.0000000000
81000  -43.455  -16.615  63.447 0.0000000000
82257  -42.624  -16.548  62.650 0.0000000000
81029  -42.659  -16.814  62.683 0.0000000000
81028  -42.186  -16.781  62.476 0.0000000000
81027  -41.536  -16.658  61.725 0.0000000000
84707  -41.835  -12.970  62.578 0.0000000000
84749  -41.053  -14.235  62.103 0.0000000000
84723  -41.249  -13.523  62.441 0.0000000000
84748  -40.395  -13.553  61.745 0.0000000000
85781  -41.012  -12.613  62.421 0.0000000000
86925  -40.745  -11.855  62.072 0.0000000000
86906  -41.720  -11.535  62.687 0.0000000000
89296  -44.095  -9.900  63.080 0.0000000000
89295  -43.041  -9.938  62.583 0.0000000000
90490  -44.433  -7.896  62.028 0.0000000000
56453  -12.239  -35.543  81.632 0.0000000000
55197  -11.225  -36.632  82.086 0.0000000000
53975  -10.740  -37.254  80.822 0.0000000000
53983  -11.668  -37.222  80.052 0.0000000000
52829  -12.723  -38.265  78.910 0.0000000000
52828  -11.854  -38.202  79.257 0.0000000000
52800  -9.396  -37.974  82.386 0.0000000000
50489  -8.897  -39.734  81.493 0.0000000000
49314  -8.190  -40.457  82.010 0.0000000000
50480  -8.352  -39.459  82.115 0.0000000000
50479  -7.966  -39.638  82.326 0.0000000000
50468  -7.825  -39.247  82.871 0.0000000000
47143  -8.126  -42.490  80.990 0.0000000000
47142  -7.516  -42.773  81.171 0.0000000000
48237  -7.254  -41.414  82.249 0.0000000000
49300  -7.120  -40.109  82.855 0.0000000000
48215  -6.884  -40.218  82.863 0.0000000000
48235  -6.112  -41.356  82.165 0.0000000000
48223  -6.294  -40.713  82.454 0.0000000000
50465  -5.627  -39.373  82.854 0.0000000000
44582  -5.474  -45.262  81.169 0.0000000000
45864  -5.752  -44.382  81.141 0.0000000000
52784  -8.685  -37.279  83.698 0.0000000000
66552  -36.688  -26.143  71.733 0.0000000000
67879  -36.792  -25.750  72.168 0.0000000000
67880  -36.768  -25.254  72.669 0.0000000000
69252  -37.281  -25.021  73.277 0.0000000000
70514  -27.498  -22.603  76.591 0.0000000000
70515  -28.144  -21.906  76.381 0.0000000000
71814  -28.977  -21.939  75.900 0.0000000000
65179  -36.066  -26.058  75.192 0.0000000000
65199  -35.570  -25.750  74.374 0.0000000000
65200  -35.836  -26.007  74.193 0.0000000000
65219  -35.747  -25.569  73.038 0.0000000000
65242  -35.431  -26.133  71.974 0.0000000000
71743  -29.610  -22.036  80.731 0.0000000000
70491  -27.495  -23.120  78.496 0.0000000000
70501  -27.274  -22.570  77.542 0.0000000000
90572  -45.793  -8.996  54.416 0.0000000000
94202  -43.354  -5.603  52.514 0.0000000000
73174  -34.065  -22.428  69.990 0.0000000000
75896  -39.291  -19.058  61.725 0.0000000000
59048  -17.019  -33.306  77.274 0.0000000000
57796  -16.260  -33.842  78.449 0.0000000000
56518  -16.028  -34.848  78.172 0.0000000000
56535  -15.654  -35.354  77.665 0.0000000000
55288  -15.682  -36.182  76.934 0.0000000000
67826  -38.174  -24.935  76.512 0.0000000000
71731  -33.284  -22.270  81.195 0.0000000000
73040  -32.876  -22.505  80.489 0.0000000000
69127  -34.699  -23.503  80.733 0.0000000000
69130  -36.643  -24.314  80.161 0.0000000000
67751  -36.806  -24.443  79.493 0.0000000000
67767  -36.651  -24.668  78.568 0.0000000000
67786  -36.321  -25.168  78.197 0.0000000000
66437  -36.418  -25.486  77.818 0.0000000000
66438  -37.104  -24.906  77.852 0.0000000000
66456  -37.617  -25.031  77.329 0.0000000000
71716  -33.805  -21.976  82.720 0.0000000000
89333  -42.813  -8.659  61.282 0.0000000000
90504  -42.336  -8.259  60.899 0.0000000000
90505  -43.123  -7.773  60.983 0.0000000000
92910  -43.854  -6.769  60.436 0.0000000000
91727  -43.897  -6.608  59.523 0.0000000000
94149  -47.423  -5.203  57.770 0.0000000000
94148  -46.635  -5.315  58.053 0.0000000000
92946  -46.832  -5.713  57.127 0.0000000000
91751  -46.697  -6.058  56.713 0.0000000000
91765  -46.424  -6.527  56.336 0.0000000000
91782  -47.293  -7.145  55.164 0.0000000000
95375  -49.655  -4.346  54.857 0.0000000000
82152  -37.404  -15.429  68.899 0.0000000000
83414  -38.183  -13.355  68.140 0.0000000000
83434  -38.223  -13.306  67.119 0.0000000000
82175  -37.928  -14.249  66.380 0.0000000000
80939  -37.584  -14.450  66.164 0.0000000000
80956  -37.063  -15.246  64.677 0.0000000000
82187  -38.420  -14.430  65.747 0.0000000000
80958  -39.644  -15.601  64.765 0.0000000000
80959  -40.252  -15.598  64.958 0.0000000000
80940  -40.774  -15.613  65.316 0.0000000000
80941  -41.676  -15.765  65.927 0.0000000000
62787  -19.380  -29.819  75.147 0.0000000000
61512  -18.039  -31.550  76.076 0.0000000000
101087  -49.351  0.733  46.875 0.0000000000
101095  -48.572  0.268  45.614 0.0000000000
101096  -49.465  0.930  45.994 0.0000000000
102264  -49.963  1.175  45.570 0.0000000000
70611  -37.183  -24.859  71.577 0.0000000000
71892  -36.565  -24.270  71.301 0.0000000000
73177  -36.111  -23.477  71.651 0.0000000000
70529  -39.711  -23.603  75.820 0.0000000000
70543  -38.730  -23.834  75.367 0.0000000000
71818  -39.435  -22.977  75.799 0.0000000000
73123  -38.815  -22.644  75.610 0.0000000000
77059  -37.563  -19.303  76.128 0.0000000000
79653  -36.642  -17.827  72.386 0.0000000000
79654  -36.801  -17.381  72.666 0.0000000000
83322  -39.773  -14.207  74.727 0.0000000000
70570  -27.272  -24.430  72.597 0.0000000000
71790  -32.691  -22.784  77.208 0.0000000000
73098  -31.837  -22.482  77.058 0.0000000000
70541  -32.745  -23.588  74.312 0.0000000000
67877  -33.509  -25.405  72.144 0.0000000000
66418  -24.836  -24.695  79.006 0.0000000000
67821  -25.584  -24.531  76.285 0.0000000000
66470  -25.288  -24.990  77.154 0.0000000000
67820  -24.946  -24.790  75.873 0.0000000000
66486  -24.527  -25.329  75.229 0.0000000000
66500  -23.334  -26.788  74.037 0.0000000000
65193  -23.813  -26.974  73.175 0.0000000000
97740  -45.773  -2.002  54.364 0.0000000000
98849  -46.573  -1.351  54.206 0.0000000000
98864  -46.493  -0.648  53.823 0.0000000000
102205  -47.997  1.370  52.942 0.0000000000
103391  -47.848  2.040  52.356 0.0000000000
102203  -47.015  1.644  51.970 0.0000000000
102214  -46.553  1.361  51.011 0.0000000000
101058  -48.302  1.157  49.583 0.0000000000
102219  -48.705  1.461  49.880 0.0000000000
102220  -49.336  1.881  49.767 0.0000000000
103405  -50.099  2.435  49.890 0.0000000000
51715  -11.662  -39.619  79.212 0.0000000000
51714  -11.207  -40.190  79.641 0.0000000000
78448  -34.372  -18.872  67.955 0.0000000000
77147  -33.746  -19.514  66.522 0.0000000000
78567  -40.010  -17.822  59.808 0.0000000000
77186  -41.153  -18.479  63.787 0.0000000000
75882  -41.035  -18.541  63.061 0.0000000000
77187  -41.686  -18.517  64.001 0.0000000000
75900  -41.647  -18.591  63.328 0.0000000000
77205  -42.070  -18.521  63.261 0.0000000000
83478  -44.237  -14.383  63.537 0.0000000000
82223  -43.424  -15.502  63.303 0.0000000000
83477  -43.610  -14.712  63.322 0.0000000000
83508  -42.856  -15.089  62.837 0.0000000000
83509  -42.258  -13.892  62.464 0.0000000000
83534  -41.885  -14.725  62.510 0.0000000000
84751  -42.123  -13.877  62.679 0.0000000000
84708  -42.444  -13.024  62.841 0.0000000000
85783  -42.256  -12.365  62.826 0.0000000000
86907  -42.821  -11.600  62.949 0.0000000000
56473  -14.333  -34.110  80.408 0.0000000000
56472  -14.069  -34.913  81.029 0.0000000000
55216  -12.866  -35.777  80.574 0.0000000000
55232  -12.508  -36.478  80.095 0.0000000000
52838  -13.326  -38.267  78.380 0.0000000000
50498  -9.201  -40.356  80.973 0.0000000000
49329  -8.635  -40.769  81.279 0.0000000000
49328  -8.425  -40.758  81.709 0.0000000000
48248  -8.271  -41.237  81.474 0.0000000000
47141  -7.100  -42.926  81.196 0.0000000000
47128  -6.923  -41.894  82.011 0.0000000000
47121  -6.835  -41.410  82.366 0.0000000000
47127  -6.443  -41.773  82.097 0.0000000000
47126  -6.030  -41.879  82.031 0.0000000000
70438  -35.427  -23.697  81.953 0.0000000000
67737  -37.413  -24.323  80.548 0.0000000000
92904  -46.981  -6.347  61.473 0.0000000000
92913  -45.835  -6.495  60.703 0.0000000000
92914  -46.622  -5.735  60.433 0.0000000000
94131  -46.921  -4.967  59.871 0.0000000000
94166  -49.540  -5.194  56.364 0.0000000000
92972  -50.024  -5.288  55.162 0.0000000000
84609  -38.755  -13.536  71.050 0.0000000000
84610  -39.093  -13.049  70.539 0.0000000000
83381  -39.078  -13.247  69.952 0.0000000000
83394  -39.272  -13.125  69.200 0.0000000000
83395  -39.847  -12.677  68.798 0.0000000000
83416  -39.897  -12.699  68.280 0.0000000000
83453  -41.286  -14.221  66.683 0.0000000000
65156  -21.211  -27.164  75.216 0.0000000000
65172  -20.718  -27.652  74.813 0.0000000000
51630  -7.610  -37.368  85.246 0.0000000000
51644  -7.581  -37.881  84.683 0.0000000000
67898  -37.018  -25.660  71.546 0.0000000000
69275  -37.166  -25.189  71.646 0.0000000000
71859  -37.515  -23.381  73.031 0.0000000000
80857  -38.491  -16.125  75.224 0.0000000000
67834  -25.661  -25.010  74.987 0.0000000000
67847  -25.624  -25.244  73.856 0.0000000000
69206  -27.363  -23.436  74.954 0.0000000000
70551  -27.402  -23.990  73.157 0.0000000000
70572  -28.796  -23.530  72.150 0.0000000000
69195  -34.874  -24.217  75.981 0.0000000000
67836  -34.275  -24.515  75.156 0.0000000000
66503  -34.753  -25.242  73.547 0.0000000000
67864  -34.108  -25.323  73.062 0.0000000000
67878  -34.071  -25.540  72.345 0.0000000000
65265  -35.220  -26.416  70.923 0.0000000000
69126  -26.443  -23.553  79.879 0.0000000000
69142  -26.545  -23.815  79.170 0.0000000000
69174  -26.263  -23.567  77.093 0.0000000000
91778  -42.995  -8.041  55.290 0.0000000000
99938  -49.326  -0.325  54.251 0.0000000000
99950  -48.658  -0.133  54.143 0.0000000000
101032  -49.426  0.927  54.457 0.0000000000
104631  -50.243  3.430  51.802 0.0000000000
79729  -34.881  -16.709  65.394 0.0000000000
77236  -40.278  -19.202  60.982 0.0000000000
78491  -44.261  -17.014  65.296 0.0000000000
78512  -43.850  -17.390  64.638 0.0000000000
79751  -44.928  -16.351  65.024 0.0000000000
80975  -44.568  -15.816  64.560 0.0000000000
82199  -44.823  -15.363  64.322 0.0000000000
83479  -44.889  -14.177  63.940 0.0000000000
84710  -44.790  -13.361  63.842 0.0000000000
85786  -44.992  -12.450  64.006 0.0000000000
86893  -44.784  -11.182  64.179 0.0000000000
61453  -16.078  -30.653  79.814 0.0000000000
57755  -15.413  -33.448  80.105 0.0000000000
57776  -15.255  -33.998  79.344 0.0000000000
57775  -14.813  -34.211  79.384 0.0000000000
55264  -14.120  -36.642  78.374 0.0000000000
44584  -6.589  -45.685  81.263 0.0000000000
66522  -37.492  -26.080  74.309 0.0000000000
67851  -37.908  -25.887  74.841 0.0000000000
69209  -38.610  -24.588  75.872 0.0000000000
69197  -39.416  -24.186  76.151 0.0000000000
70518  -39.827  -23.265  76.160 0.0000000000
70495  -39.306  -23.349  78.388 0.0000000000
71778  -29.828  -21.352  78.115 0.0000000000
73082  -30.833  -21.525  78.423 0.0000000000
73067  -31.509  -22.098  78.952 0.0000000000
73068  -32.286  -22.281  78.914 0.0000000000
73053  -32.586  -22.696  79.800 0.0000000000
71766  -32.853  -22.306  78.702 0.0000000000
73085  -32.685  -22.393  78.282 0.0000000000
71779  -33.068  -22.506  78.250 0.0000000000
70454  -34.970  -23.577  81.538 0.0000000000
69111  -34.740  -23.744  81.024 0.0000000000
69144  -34.865  -23.610  79.587 0.0000000000
69129  -36.127  -24.260  79.941 0.0000000000
69177  -35.017  -24.312  77.146 0.0000000000
67803  -35.515  -24.618  76.590 0.0000000000
67824  -35.403  -25.046  76.128 0.0000000000
66471  -35.548  -25.316  75.771 0.0000000000
66454  -36.393  -25.496  77.182 0.0000000000
66473  -36.326  -25.440  76.300 0.0000000000
65160  -36.198  -25.636  75.768 0.0000000000
65180  -36.588  -26.144  75.144 0.0000000000
65202  -36.765  -26.261  74.736 0.0000000000
85823  -39.857  -12.159  61.193 0.0000000000
85836  -39.275  -11.979  60.161 0.0000000000
88158  -40.233  -10.075  60.524 0.0000000000
89344  -41.703  -8.316  60.517 0.0000000000
90513  -40.665  -8.759  59.125 0.0000000000
92921  -45.028  -6.212  59.703 0.0000000000
92932  -44.274  -6.504  58.940 0.0000000000
92943  -44.470  -6.038  57.997 0.0000000000
92942  -43.925  -6.334  58.291 0.0000000000
91747  -43.675  -6.720  57.403 0.0000000000
91762  -43.253  -7.400  56.189 0.0000000000
90561  -45.633  -8.511  54.775 0.0000000000
90573  -45.774  -8.542  54.365 0.0000000000
91796  -45.586  -7.902  54.091 0.0000000000
92989  -45.343  -6.957  53.595 0.0000000000
94183  -45.552  -5.721  53.804 0.0000000000
95372  -46.469  -4.754  54.481 0.0000000000
97742  -47.861  -2.390  54.662 0.0000000000
92982  -50.271  -5.040  54.937 0.0000000000
94188  -49.999  -4.819  54.818 0.0000000000
96583  -49.735  -3.871  54.957 0.0000000000
97744  -49.922  -2.630  54.508 0.0000000000
98852  -49.715  -1.566  54.446 0.0000000000
78431  -34.977  -18.770  70.485 0.0000000000
79686  -35.086  -17.726  68.319 0.0000000000
79706  -35.354  -16.619  66.429 0.0000000000
82160  -37.274  -14.987  68.173 0.0000000000
80918  -36.196  -15.642  67.458 0.0000000000
79707  -35.730  -15.724  66.469 0.0000000000
80954  -35.217  -16.122  65.036 0.0000000000
79730  -35.096  -16.388  64.655 0.0000000000
80971  -36.219  -16.420  63.621 0.0000000000
79765  -37.148  -16.893  63.098 0.0000000000
78524  -38.813  -17.695  62.702 0.0000000000
79731  -40.369  -16.483  64.663 0.0000000000
78487  -40.550  -17.126  64.477 0.0000000000
78509  -40.813  -17.965  64.138 0.0000000000
78488  -41.365  -17.472  64.589 0.0000000000
78489  -42.098  -17.738  64.696 0.0000000000
77149  -43.118  -17.574  65.297 0.0000000000
82179  -41.991  -15.067  66.351 0.0000000000
80942  -42.432  -15.837  66.490 0.0000000000
82162  -43.651  -14.942  67.069 0.0000000000
80943  -42.986  -15.812  66.690 0.0000000000
80921  -42.933  -16.191  66.529 0.0000000000
79693  -43.058  -16.552  66.079 0.0000000000
78467  -43.648  -16.911  65.579 0.0000000000
78468  -44.132  -16.805  65.713 0.0000000000
78469  -44.890  -16.995  65.903 0.0000000000
79714  -45.655  -16.118  66.057 0.0000000000
65143  -19.811  -27.469  76.876 0.0000000000
63940  -18.918  -27.756  76.866 0.0000000000
63939  -18.209  -28.288  77.521 0.0000000000
61478  -17.270  -30.790  77.265 0.0000000000
61493  -17.031  -31.480  77.162 0.0000000000
60271  -17.919  -32.318  76.481 0.0000000000
60261  -17.316  -32.717  76.887 0.0000000000
102246  -51.418  1.715  46.726 0.0000000000
73158  -35.037  -23.325  71.042 0.0000000000
73175  -34.703  -23.028  70.754 0.0000000000
69234  -37.525  -25.207  73.801 0.0000000000
70557  -38.495  -23.904  74.848 0.0000000000
70556  -37.988  -24.039  74.428 0.0000000000
70575  -37.475  -24.259  73.558 0.0000000000
71860  -37.479  -23.672  73.715 0.0000000000
73147  -37.289  -22.784  73.219 0.0000000000
74393  -38.403  -21.892  75.830 0.0000000000
74392  -37.678  -21.392  75.604 0.0000000000
74417  -37.433  -22.432  73.884 0.0000000000
74415  -36.171  -21.575  73.090 0.0000000000
75776  -35.845  -20.829  72.807 0.0000000000
75775  -35.263  -20.124  72.024 0.0000000000
77100  -35.333  -19.482  71.851 0.0000000000
77116  -35.142  -19.157  71.192 0.0000000000
77129  -35.460  -18.402  71.098 0.0000000000
79672  -36.233  -17.091  71.095 0.0000000000
82080  -38.325  -15.355  74.089 0.0000000000
80884  -38.559  -15.343  73.176 0.0000000000
83337  -39.012  -14.064  74.088 0.0000000000
82111  -38.968  -14.805  72.262 0.0000000000
83369  -38.842  -14.215  71.923 0.0000000000
83368  -38.606  -14.015  71.308 0.0000000000
71788  -29.984  -21.656  77.246 0.0000000000
71801  -29.993  -22.110  76.488 0.0000000000
71815  -30.276  -22.397  75.641 0.0000000000
71802  -31.062  -22.450  76.310 0.0000000000
71844  -30.163  -22.290  73.967 0.0000000000
70573  -30.171  -23.402  71.960 0.0000000000
69219  -32.722  -23.615  73.921 0.0000000000
69232  -32.425  -23.697  73.180 0.0000000000
70574  -31.507  -23.305  72.341 0.0000000000
70591  -30.438  -23.823  71.270 0.0000000000
66403  -23.225  -25.302  79.842 0.0000000000
66415  -22.463  -25.288  79.016 0.0000000000
67779  -22.752  -25.565  77.822 0.0000000000
67781  -25.284  -24.701  78.675 0.0000000000
66435  -24.755  -24.932  78.613 0.0000000000
66451  -25.368  -25.012  77.599 0.0000000000
66448  -22.993  -25.759  76.938 0.0000000000
66466  -21.820  -26.651  75.578 0.0000000000
66483  -21.680  -26.892  74.877 0.0000000000
66499  -22.876  -27.191  74.085 0.0000000000
95392  -43.317  -4.849  53.101 0.0000000000
96608  -44.267  -3.333  53.758 0.0000000000
95384  -43.336  -3.826  53.185 0.0000000000
96619  -43.252  -3.125  52.231 0.0000000000
96629  -43.609  -2.880  51.747 0.0000000000
97783  -43.626  -2.179  50.939 0.0000000000
99949  -48.157  -0.024  54.033 0.0000000000
99948  -47.289  -0.119  53.973 0.0000000000
99947  -46.422  0.219  53.253 0.0000000000
101039  -46.945  0.715  52.989 0.0000000000
99945  -45.354  -0.624  52.687 0.0000000000
98883  -44.828  -0.934  51.723 0.0000000000
99971  -44.438  -1.068  51.031 0.0000000000
98895  -43.547  -1.914  50.302 0.0000000000
98896  -43.918  -1.574  49.782 0.0000000000
97791  -44.570  -1.838  48.576 0.0000000000
97801  -44.731  -2.099  47.847 0.0000000000
99979  -46.026  -0.246  49.562 0.0000000000
98906  -45.353  -1.342  48.394 0.0000000000
98921  -45.578  -1.652  47.738 0.0000000000
100006  -47.425  -0.555  46.466 0.0000000000
101062  -48.702  0.998  48.599 0.0000000000
101076  -49.537  0.915  47.613 0.0000000000
101064  -50.519  1.280  47.967 0.0000000000
102227  -51.512  1.920  48.215 0.0000000000
53974  -11.055  -37.609  81.869 0.0000000000
52801  -10.353  -38.101  81.901 0.0000000000
51687  -10.001  -38.315  81.262 0.0000000000
51694  -9.751  -39.349  80.919 0.0000000000
50499  -9.826  -39.984  80.667 0.0000000000
50510  -9.994  -40.692  79.915 0.0000000000
50509  -9.486  -40.739  80.503 0.0000000000
77127  -34.222  -19.447  69.710 0.0000000000
77126  -33.607  -19.546  69.095 0.0000000000
84747  -39.455  -13.571  60.768 0.0000000000
77203  -39.030  -18.547  62.311 0.0000000000
75881  -40.696  -18.609  62.583 0.0000000000
77237  -40.851  -18.976  61.747 0.0000000000
78550  -40.951  -18.428  61.416 0.0000000000
78527  -43.272  -17.662  63.991 0.0000000000
78540  -43.034  -17.533  63.416 0.0000000000
78539  -42.491  -17.941  62.927 0.0000000000
81012  -43.317  -16.749  63.133 0.0000000000
79796  -42.849  -17.188  62.880 0.0000000000
78552  -41.998  -17.905  62.467 0.0000000000
78570  -41.720  -17.900  62.126 0.0000000000
79814  -41.166  -17.347  61.135 0.0000000000
83533  -41.376  -14.998  62.133 0.0000000000
85800  -40.583  -11.865  61.702 0.0000000000
88141  -41.368  -10.820  62.112 0.0000000000
88142  -41.573  -10.443  61.916 0.0000000000
88124  -42.362  -10.613  62.594 0.0000000000
89312  -42.395  -9.957  62.099 0.0000000000
89313  -42.989  -9.362  61.775 0.0000000000
90489  -43.687  -8.473  61.803 0.0000000000
91704  -45.545  -6.982  61.620 0.0000000000
88112  -44.584  -10.468  63.848 0.0000000000
52810  -10.456  -38.189  80.544 0.0000000000
54001  -13.683  -37.338  78.339 0.0000000000
52792  -8.942  -37.561  82.957 0.0000000000
51679  -8.301  -37.769  83.156 0.0000000000
51671  -8.018  -38.097  83.324 0.0000000000
51657  -7.864  -38.200  83.884 0.0000000000
50457  -7.753  -38.681  83.643 0.0000000000
50447  -7.314  -38.647  84.356 0.0000000000
48239  -7.901  -41.222  81.903 0.0000000000
48238  -7.537  -41.362  82.097 0.0000000000
48227  -7.608  -40.743  82.380 0.0000000000
49301  -7.415  -39.886  82.742 0.0000000000
49288  -7.352  -39.457  83.556 0.0000000000
49273  -7.023  -39.166  84.067 0.0000000000
49272  -6.773  -39.166  84.013 0.0000000000
49271  -6.551  -39.102  83.959 0.0000000000
50454  -6.236  -38.937  83.854 0.0000000000
49299  -6.472  -40.075  82.814 0.0000000000
49285  -6.239  -39.509  83.131 0.0000000000
50453  -6.026  -38.897  83.674 0.0000000000
44583  -5.968  -45.565  81.165 0.0000000000
44571  -5.760  -44.833  81.343 0.0000000000
48247  -5.613  -41.817  81.552 0.0000000000
47120  -6.623  -41.340  82.351 0.0000000000
47153  -6.844  -43.042  81.074 0.0000000000
47154  -6.942  -42.855  81.360 0.0000000000
48214  -6.691  -40.137  82.853 0.0000000000
48224  -6.565  -40.733  82.533 0.0000000000
50446  -6.883  -38.628  84.508 0.0000000000
50448  -7.666  -38.492  84.046 0.0000000000
50455  -7.835  -39.694  83.811 0.0000000000
50456  -7.668  -39.098  83.635 0.0000000000
50466  -7.742  -39.465  83.709 0.0000000000
51643  -7.274  -38.075  84.880 0.0000000000
51655  -7.887  -39.512  83.806 0.0000000000
51656  -7.842  -39.021  83.510 0.0000000000
51668  -8.071  -39.717  83.921 0.0000000000
51669  -7.918  -39.292  83.694 0.0000000000
51670  -7.828  -38.813  83.416 0.0000000000
51672  -8.435  -37.624  83.404 0.0000000000
51678  -8.396  -38.251  82.653 0.0000000000
52767  -8.382  -36.684  85.124 0.0000000000
52791  -8.802  -37.908  82.606 0.0000000000
52799  -8.812  -38.195  82.457 0.0000000000
53963  -9.578  -37.501  82.912 0.0000000000
56470  -12.495  -35.454  81.424 0.0000000000
56520  -16.769  -34.193  77.364 0.0000000000
57754  -14.749  -33.810  79.721 0.0000000000
60270  -17.262  -32.040  76.839 0.0000000000
65162  -36.954  -25.843  75.444 0.0000000000
65178  -35.560  -25.777  74.739 0.0000000000
65181  -36.995  -26.203  75.096 0.0000000000
66417  -24.361  -24.860  79.136 0.0000000000
66419  -36.613  -25.020  78.121 0.0000000000
66436  -36.000  -26.100  77.721 0.0000000000
66446  -20.947  -26.583  77.134 0.0000000000
66452  -35.961  -25.294  76.375 0.0000000000
66472  -35.967  -25.510  75.949 0.0000000000
66489  -35.403  -25.137  74.995 0.0000000000
66504  -35.329  -25.434  74.124 0.0000000000
66505  -35.568  -25.715  74.125 0.0000000000
66506  -37.193  -26.242  74.689 0.0000000000
67763  -24.886  -24.596  79.599 0.0000000000
67778  -22.252  -26.090  77.523 0.0000000000
67780  -23.069  -25.534  78.039 0.0000000000
67782  -25.584  -24.485  79.336 0.0000000000
67798  -22.483  -26.015  77.160 0.0000000000
67800  -23.008  -25.529  77.746 0.0000000000
67801  -25.440  -24.843  77.981 0.0000000000
67802  -25.530  -24.648  77.407 0.0000000000
67818  -23.029  -25.312  77.488 0.0000000000
67819  -23.192  -25.544  77.461 0.0000000000
67866  -37.621  -25.242  74.050 0.0000000000
69097  -35.644  -23.642  81.654 0.0000000000
69143  -34.474  -23.334  79.468 0.0000000000
69146  -36.156  -24.283  79.101 0.0000000000
69153  -22.330  -26.124  77.332 0.0000000000
69154  -22.616  -25.666  77.704 0.0000000000
69155  -22.962  -25.450  77.889 0.0000000000
69162  -35.899  -24.607  78.276 0.0000000000
69169  -22.662  -25.815  77.377 0.0000000000
69170  -22.950  -25.501  77.701 0.0000000000
69171  -23.053  -25.490  77.815 0.0000000000
69179  -39.349  -24.021  76.915 0.0000000000
69189  -23.102  -25.515  77.609 0.0000000000
69190  -23.173  -25.611  77.697 0.0000000000
69208  -34.465  -24.434  75.443 0.0000000000
69222  -38.635  -24.192  75.232 0.0000000000
69253  -37.410  -24.676  73.329 0.0000000000
70435  -34.047  -21.927  82.241 0.0000000000
70451  -29.635  -21.801  81.823 0.0000000000
70468  -34.031  -23.374  80.196 0.0000000000
70526  -28.272  -21.997  75.958 0.0000000000
70530  -40.025  -23.335  75.958 0.0000000000
70542  -38.535  -24.141  74.907 0.0000000000
71732  -33.506  -22.954  80.507 0.0000000000
71747  -33.216  -23.469  80.103 0.0000000000
71780  -32.837  -22.368  78.466 0.0000000000
71813  -28.389  -22.172  75.760 0.0000000000
71817  -32.055  -22.953  75.397 0.0000000000
71831  -31.529  -22.733  74.657 0.0000000000
71843  -29.480  -22.428  74.057 0.0000000000
73051  -31.544  -21.589  80.118 0.0000000000
73054  -32.829  -23.400  79.991 0.0000000000
73066  -31.240  -21.688  79.499 0.0000000000
73069  -32.578  -22.326  78.494 0.0000000000
73083  -31.511  -21.828  78.205 0.0000000000
73106  -31.583  -22.505  76.611 0.0000000000
74313  -31.788  -21.770  79.873 0.0000000000
74314  -32.095  -22.063  79.741 0.0000000000
74331  -31.790  -22.069  79.404 0.0000000000
74332  -31.915  -22.255  79.197 0.0000000000
74344  -31.130  -21.565  78.044 0.0000000000
74345  -31.139  -21.681  77.806 0.0000000000
74360  -30.921  -21.511  77.892 0.0000000000
74361  -30.924  -21.679  77.658 0.0000000000
75777  -36.112  -20.616  73.015 0.0000000000
75798  -34.062  -20.484  70.091 0.0000000000
75816  -34.115  -20.128  70.009 0.0000000000
75883  -41.409  -18.567  63.447 0.0000000000
75884  -41.728  -18.555  63.717 0.0000000000
77133  -34.083  -19.288  68.434 0.0000000000
77148  -42.555  -17.644  65.129 0.0000000000
77150  -43.588  -17.265  65.291 0.0000000000
77151  -43.910  -17.088  65.322 0.0000000000
77165  -42.488  -17.862  64.875 0.0000000000
77168  -43.675  -17.435  65.042 0.0000000000
77190  -43.337  -17.800  64.620 0.0000000000
77207  -43.037  -17.903  64.277 0.0000000000
77222  -41.159  -19.131  62.181 0.0000000000
78417  -36.716  -18.075  72.506 0.0000000000
78422  -36.592  -18.093  72.309 0.0000000000
78423  -36.389  -18.280  72.166 0.0000000000
78430  -34.843  -18.859  70.293 0.0000000000
78450  -43.191  -16.664  65.844 0.0000000000
78451  -43.534  -16.589  66.005 0.0000000000
78453  -44.818  -16.888  66.303 0.0000000000
78454  -45.133  -16.909  66.289 0.0000000000
78470  -45.190  -16.898  66.011 0.0000000000
78490  -42.385  -17.954  64.672 0.0000000000
78492  -44.968  -16.873  65.529 0.0000000000
78511  -42.112  -18.151  64.406 0.0000000000
78513  -44.377  -16.957  64.846 0.0000000000
78525  -42.155  -18.342  62.880 0.0000000000
78526  -42.647  -18.020  63.382 0.0000000000
78528  -43.970  -17.203  64.044 0.0000000000
78538  -41.956  -18.258  62.428 0.0000000000
79681  -36.446  -16.463  70.768 0.0000000000
79692  -36.102  -15.524  67.043 0.0000000000
79709  -40.649  -16.698  64.848 0.0000000000
79710  -40.796  -16.525  64.982 0.0000000000
79713  -45.390  -16.474  66.282 0.0000000000
79733  -45.125  -16.663  65.421 0.0000000000
79734  -45.313  -16.446  65.660 0.0000000000
79735  -45.733  -15.833  65.798 0.0000000000
79748  -37.440  -16.353  63.270 0.0000000000
79779  -42.568  -17.721  63.027 0.0000000000
79781  -43.560  -17.070  63.492 0.0000000000
79795  -42.419  -17.572  62.822 0.0000000000
79797  -43.308  -16.995  63.121 0.0000000000
79812  -40.044  -17.506  59.830 0.0000000000
79816  -42.489  -16.966  62.661 0.0000000000
80872  -38.277  -15.423  73.718 0.0000000000
80961  -45.965  -15.161  65.650 0.0000000000
80976  -45.222  -15.387  64.665 0.0000000000
80986  -36.493  -16.723  63.323 0.0000000000
80987  -36.716  -16.478  63.395 0.0000000000
80990  -45.403  -15.079  64.639 0.0000000000
80998  -43.026  -15.077  63.086 0.0000000000
80999  -43.025  -15.263  62.939 0.0000000000
81009  -42.898  -15.476  62.896 0.0000000000
81010  -43.054  -15.506  62.936 0.0000000000
81011  -43.021  -16.765  62.859 0.0000000000
81025  -40.073  -15.860  60.060 0.0000000000
82109  -38.349  -14.435  71.327 0.0000000000
82125  -38.157  -14.524  71.194 0.0000000000
82139  -37.357  -15.583  69.307 0.0000000000
82198  -44.589  -15.464  64.296 0.0000000000
82209  -43.519  -15.094  63.321 0.0000000000
82210  -43.768  -15.019  63.410 0.0000000000
82212  -45.215  -14.970  64.145 0.0000000000
82220  -42.771  -14.986  62.890 0.0000000000
82221  -42.699  -15.034  62.835 0.0000000000
82222  -43.231  -15.036  63.085 0.0000000000
82224  -43.423  -16.026  63.597 0.0000000000
82233  -42.427  -15.125  63.021 0.0000000000
82234  -42.798  -15.257  62.864 0.0000000000
82235  -42.795  -15.468  62.682 0.0000000000
82237  -43.273  -16.488  63.184 0.0000000000
83321  -39.378  -14.397  74.496 0.0000000000
83367  -38.378  -14.288  71.011 0.0000000000
83433  -38.402  -13.399  66.856 0.0000000000
83449  -38.430  -13.464  66.644 0.0000000000
83450  -38.601  -13.531  66.483 0.0000000000
83490  -42.620  -14.939  62.696 0.0000000000
83491  -42.842  -14.838  62.888 0.0000000000
83492  -43.110  -14.515  63.142 0.0000000000
83493  -43.659  -14.140  63.346 0.0000000000
83507  -42.044  -14.926  62.804 0.0000000000
83510  -42.999  -13.875  63.205 0.0000000000
84654  -38.244  -13.321  66.821 0.0000000000
84655  -38.353  -13.215  66.960 0.0000000000
84656  -38.615  -13.045  66.888 0.0000000000
84668  -38.267  -13.052  66.717 0.0000000000
84669  -38.542  -13.275  66.736 0.0000000000
84695  -44.362  -14.017  63.579 0.0000000000
84696  -44.557  -13.918  63.698 0.0000000000
84705  -41.000  -12.861  62.453 0.0000000000
84706  -41.238  -12.913  62.489 0.0000000000
84722  -40.817  -13.015  62.406 0.0000000000
84724  -42.046  -13.536  62.639 0.0000000000
85802  -43.675  -13.213  63.598 0.0000000000
85824  -40.490  -11.564  61.481 0.0000000000
86905  -41.059  -11.998  62.355 0.0000000000
86926  -41.043  -11.213  61.918 0.0000000000
86927  -41.130  -10.674  61.632 0.0000000000
86949  -40.871  -10.766  61.513 0.0000000000
88111  -44.065  -10.923  63.515 0.0000000000
88157  -39.763  -10.339  60.225 0.0000000000
88168  -40.118  -9.569  60.056 0.0000000000
89294  -42.603  -10.165  62.430 0.0000000000
89404  -45.692  -9.137  54.072 0.0000000000
90516  -43.149  -7.261  60.406 0.0000000000
91705  -45.835  -6.866  61.185 0.0000000000
91715  -43.701  -7.016  60.597 0.0000000000
91717  -45.239  -7.044  60.958 0.0000000000
91750  -46.436  -6.146  56.857 0.0000000000
91766  -46.617  -6.244  56.568 0.0000000000
92919  -43.793  -6.644  60.229 0.0000000000
92920  -44.123  -6.432  59.916 0.0000000000
92931  -43.937  -6.547  58.576 0.0000000000
92958  -46.696  -6.372  56.239 0.0000000000
92959  -46.991  -6.160  56.418 0.0000000000
92968  -46.757  -6.511  55.921 0.0000000000
92981  -49.720  -5.435  54.849 0.0000000000
94130  -46.415  -5.226  59.615 0.0000000000
94175  -49.189  -5.478  55.774 0.0000000000
94176  -49.800  -5.284  55.669 0.0000000000
95363  -49.961  -4.018  54.877 0.0000000000
95364  -50.142  -3.847  54.777 0.0000000000
95377  -50.897  -3.834  54.673 0.0000000000
95390  -42.670  -3.614  51.722 0.0000000000
96584  -49.912  -3.781  54.820 0.0000000000
96607  -43.638  -2.847  53.090 0.0000000000
96609  -44.915  -3.335  54.204 0.0000000000
96618  -42.906  -3.261  51.737 0.0000000000
96620  -43.853  -2.835  51.878 0.0000000000
96627  -42.854  -3.390  51.523 0.0000000000
96628  -43.196  -3.086  51.284 0.0000000000
97765  -43.745  -2.747  52.608 0.0000000000
97774  -43.504  -2.536  51.094 0.0000000000
97775  -43.722  -2.355  51.490 0.0000000000
97782  -43.435  -2.504  50.614 0.0000000000
97789  -43.440  -2.417  49.710 0.0000000000
97790  -44.028  -2.023  49.075 0.0000000000
98847  -45.484  -1.061  53.569 0.0000000000
98848  -45.908  -1.231  53.852 0.0000000000
98863  -45.837  -0.652  53.409 0.0000000000
98875  -45.121  -0.813  51.917 0.0000000000
98889  -43.616  -2.015  50.671 0.0000000000
98890  -44.004  -1.523  50.709 0.0000000000
98897  -44.798  -1.463  49.246 0.0000000000
99936  -47.827  -0.434  54.250 0.0000000000
99937  -48.354  -0.558  54.325 0.0000000000
99946  -45.725  -0.400  52.832 0.0000000000
99957  -45.129  -0.757  52.588 0.0000000000
99964  -44.713  -0.871  51.270 0.0000000000
99990  -46.928  -0.099  48.492 0.0000000000
99998  -46.692  -0.748  47.753 0.0000000000
101045  -46.826  0.924  52.335 0.0000000000
101046  -47.376  0.998  52.855 0.0000000000
101047  -47.660  0.923  53.205 0.0000000000
101052  -46.611  0.779  50.581 0.0000000000
101057  -47.350  0.444  49.502 0.0000000000
101060  -46.847  0.066  48.139 0.0000000000
101077  -50.403  1.092  47.580 0.0000000000
101085  -47.493  -0.224  46.921 0.0000000000
102199  -48.316  1.240  53.360 0.0000000000
102209  -46.827  1.474  51.519 0.0000000000
102210  -47.574  1.896  51.467 0.0000000000
102254  -50.054  1.103  45.885 0.0000000000
103390  -47.540  2.030  52.278 0.0000000000
103394  -47.545  2.220  52.016 0.0000000000
103399  -48.594  2.112  51.174 0.0000000000
103404  -49.470  2.312  50.232 0.0000000000
104639  -49.534  3.073  51.246 0.0000000000
