#!ascii label  , from subject 3154 vox2ras=TkReg
2060
18757  -36.168  -68.320  10.953 0.1000000015
18780  -35.471  -68.228  10.212 0.1000000015
18778  -33.305  -67.914  10.542 0.1000000015
18798  -33.794  -68.065  9.469 0.1000000015
18813  -33.251  -68.388  8.541 0.1000000015
18834  -34.520  -69.025  7.802 0.1000000015
18832  -32.746  -68.554  7.675 0.1000000015
18850  -33.355  -68.354  7.074 0.1000000015
19992  -33.903  -67.729  6.620 0.1000000015
19991  -32.971  -67.873  6.468 0.1000000015
19993  -34.922  -67.806  6.605 0.1000000015
20009  -33.342  -67.434  5.639 0.1000000015
20008  -32.501  -67.841  5.995 0.1000000015
20010  -34.481  -67.076  5.791 0.1000000015
21176  -35.174  -66.245  4.238 0.1000000015
20029  -32.448  -67.884  4.830 0.1000000015
20031  -33.970  -67.064  4.790 0.1000000015
20030  -33.341  -67.546  4.509 0.1000000015
17607  -38.751  -69.527  9.060 0.1000000015
18781  -36.378  -68.420  9.911 0.1000000015
18782  -37.073  -68.715  9.704 0.1000000015
18800  -35.722  -68.566  9.155 0.1000000015
17629  -37.909  -69.643  8.115 0.1000000015
18817  -36.304  -69.201  8.397 0.1000000015
18815  -35.088  -69.001  8.380 0.1000000015
17650  -36.231  -69.602  7.332 0.1000000015
17670  -35.772  -69.350  6.895 0.1000000015
18852  -35.384  -68.746  6.777 0.1000000015
20011  -35.456  -67.179  6.010 0.1000000015
24620  -39.383  -62.800  0.784 0.1000000015
23457  -38.608  -63.525  0.819 0.1000000015
23443  -38.385  -64.133  1.226 0.1000000015
23427  -38.190  -64.532  2.026 0.1000000015
22296  -36.845  -64.996  3.378 0.1000000015
22295  -35.891  -65.684  3.710 0.1000000015
22276  -35.787  -65.837  4.482 0.1000000015
22255  -35.995  -65.964  5.091 0.1000000015
21175  -34.437  -66.782  4.169 0.1000000015
21153  -34.576  -66.525  4.936 0.1000000015
17571  -40.314  -69.738  11.206 0.1000000015
16524  -40.488  -69.991  8.617 0.2000000030
17608  -39.941  -69.917  8.929 0.2000000030
17587  -39.580  -69.556  10.126 0.1000000015
16542  -40.787  -70.056  8.150 0.1000000015
17631  -39.734  -70.335  8.105 0.1000000015
16559  -39.864  -70.507  6.913 0.1000000015
17630  -38.944  -70.150  8.032 0.1000000015
29171  -45.391  -59.010  5.213 0.1000000015
30376  -45.060  -58.916  4.590 0.1000000015
16557  -38.565  -70.246  6.557 0.1000000015
30373  -43.468  -58.883  4.114 0.1000000015
29184  -44.411  -59.041  3.703 0.1000000015
29197  -44.851  -59.572  3.161 0.1000000015
28042  -43.196  -60.747  1.895 0.1000000015
26891  -43.332  -61.060  2.416 0.1000000015
25765  -42.172  -62.268  2.109 0.1000000015
17672  -37.931  -69.775  6.207 0.1000000015
18854  -37.158  -68.860  6.255 0.1000000015
19994  -35.885  -67.883  6.464 0.1000000015
29205  -43.908  -59.893  2.458 0.1000000015
28041  -42.465  -60.635  1.597 0.1000000015
26903  -42.446  -61.529  1.799 0.1000000015
25764  -41.431  -62.444  1.788 0.1000000015
24609  -41.095  -63.487  2.057 0.1000000015
22317  -40.422  -64.938  2.400 0.1000000015
22299  -39.567  -65.792  2.871 0.1000000015
19995  -36.717  -68.067  6.321 0.1000000015
21136  -36.506  -67.357  6.184 0.1000000015
26902  -41.534  -61.390  1.532 0.1000000015
24621  -39.952  -62.810  1.174 0.1000000015
24608  -40.498  -63.257  1.583 0.1000000015
22316  -39.787  -65.199  2.211 0.1000000015
22279  -38.270  -65.988  3.867 0.1000000015
22278  -37.534  -65.737  4.421 0.1000000015
23444  -39.214  -63.914  1.379 0.1000000015
23428  -39.028  -64.753  1.844 0.1000000015
23414  -38.695  -64.998  2.452 0.1000000015
22297  -37.904  -65.172  3.561 0.1000000015
22256  -36.863  -66.078  5.243 0.1000000015
21154  -35.302  -66.400  5.316 0.1000000015
17632  -41.293  -69.404  8.456 0.1000000015
17609  -41.012  -69.655  9.087 0.2000000030
17588  -40.724  -69.653  10.121 0.1000000015
17572  -41.494  -69.343  11.259 0.2000000030
17552  -41.853  -69.387  12.281 0.2000000030
16560  -40.536  -70.147  7.203 0.1000000015
29135  -45.817  -59.722  7.135 0.1000000015
29154  -45.235  -59.243  6.134 0.1000000015
16577  -40.305  -70.349  6.317 0.1000000015
16593  -39.343  -70.309  5.690 0.1000000015
17705  -39.709  -69.391  5.070 0.1000000015
29198  -45.286  -59.600  3.720 0.1000000015
28020  -45.033  -60.127  3.119 0.1000000015
26877  -43.554  -60.981  3.216 0.1000000015
17689  -38.278  -69.339  5.574 0.1000000015
26876  -43.117  -61.612  3.717 0.1000000015
26890  -42.835  -61.743  2.594 0.1000000015
24596  -41.175  -63.614  2.783 0.1000000015
22301  -40.607  -65.333  3.274 0.1000000015
21200  -39.965  -66.359  3.301 0.1000000015
21179  -39.150  -67.151  4.155 0.1000000015
18870  -37.902  -68.804  5.703 0.1000000015
21178  -38.381  -66.810  4.652 0.1000000015
21155  -36.181  -66.686  5.732 0.1000000015
19954  -40.755  -67.516  9.565 0.1000000015
19943  -41.627  -67.709  9.902 0.1000000015
19955  -41.227  -67.812  9.028 0.1000000015
18803  -41.725  -68.291  9.163 0.1000000015
18783  -42.183  -68.394  10.087 0.2000000030
18759  -41.981  -68.608  11.104 0.2000000030
17610  -41.766  -69.026  9.192 0.2000000030
17573  -42.369  -68.926  11.917 0.2000000030
17655  -41.598  -68.731  7.346 0.1000000015
18835  -41.643  -67.957  7.636 0.1000000015
18855  -41.596  -68.277  6.659 0.1000000015
18873  -41.288  -68.776  5.759 0.1000000015
26827  -46.544  -60.241  6.003 0.1000000015
26826  -46.008  -60.853  6.193 0.1000000015
17675  -41.404  -69.116  6.642 0.1000000015
18886  -40.896  -68.666  5.299 0.1000000015
29134  -44.672  -59.688  7.148 0.1000000015
29112  -45.232  -59.529  8.114 0.1000000015
29172  -45.777  -59.316  5.113 0.1000000015
26845  -46.212  -60.132  5.331 0.1000000015
26860  -44.006  -60.819  4.357 0.1000000015
26859  -43.124  -61.451  4.733 0.1000000015
25721  -41.804  -62.908  4.297 0.1000000015
24569  -41.587  -63.978  4.474 0.1000000015
22280  -41.149  -65.559  4.190 0.1000000015
21158  -41.489  -66.463  5.027 0.1000000015
18884  -39.711  -68.805  4.629 0.1000000015
29111  -44.062  -59.564  8.177 0.1000000015
25738  -41.652  -62.972  3.172 0.1000000015
24585  -41.308  -63.901  3.674 0.1000000015
21201  -40.283  -66.008  3.315 0.1000000015
21181  -40.497  -66.585  4.089 0.1000000015
20033  -39.464  -68.062  4.291 0.1000000015
29110  -42.870  -59.488  8.230 0.1000000015
29082  -42.455  -59.216  9.083 0.1000000015
30325  -40.743  -59.019  8.862 0.1000000015
30300  -41.548  -58.874  9.610 0.1000000015
22207  -39.294  -65.718  8.570 0.1000000015
19966  -40.469  -67.331  8.778 0.1000000015
22208  -39.829  -65.691  7.682 0.1000000015
19942  -40.786  -67.502  10.453 0.1000000015
19928  -41.708  -67.831  11.288 0.1000000015
23332  -40.107  -64.899  7.411 0.1000000015
21126  -40.548  -66.479  7.526 0.1000000015
19978  -40.676  -67.079  8.033 0.1000000015
18760  -42.323  -68.215  11.972 0.2000000030
23349  -40.000  -64.185  7.400 0.1000000015
22218  -40.579  -65.622  7.065 0.1000000015
31539  -46.488  -57.832  8.678 0.1000000015
29086  -46.190  -58.913  8.557 0.1000000015
30327  -46.872  -58.511  8.469 0.1000000015
29114  -47.136  -59.286  8.080 0.1000000015
29136  -46.800  -59.610  7.123 0.1000000015
27958  -47.188  -59.991  6.971 0.1000000015
26803  -46.877  -60.789  7.112 0.1000000015
24519  -40.400  -63.428  7.264 0.1000000015
23350  -40.612  -64.525  6.663 0.1000000015
21127  -41.164  -66.460  6.887 0.1000000015
19996  -41.496  -67.344  6.766 0.1000000015
26825  -45.010  -61.253  6.406 0.1000000015
26824  -43.878  -61.379  6.625 0.1000000015
26841  -42.995  -61.462  5.740 0.1000000015
22234  -41.571  -65.403  5.559 0.1000000015
21138  -41.616  -66.475  6.105 0.1000000015
20015  -41.560  -67.582  5.844 0.1000000015
31538  -46.072  -57.427  8.898 0.1000000015
26843  -45.007  -60.530  5.273 0.1000000015
26842  -44.045  -61.239  5.491 0.1000000015
25689  -42.303  -62.045  5.889 0.1000000015
24554  -41.646  -63.692  5.093 0.1000000015
23370  -41.477  -64.381  5.573 0.1000000015
30303  -45.349  -58.392  9.244 0.1000000015
29084  -44.684  -59.174  8.962 0.1000000015
30302  -44.143  -58.373  9.444 0.1000000015
29083  -43.497  -59.158  9.021 0.1000000015
30301  -42.844  -58.401  9.700 0.1000000015
30276  -40.906  -58.112  10.445 0.1000000015
30299  -40.338  -58.596  9.544 0.1000000015
19953  -40.001  -67.182  9.917 0.1000000015
23331  -39.367  -64.474  8.104 0.1000000015
24475  -38.977  -63.712  9.315 0.1000000015
22197  -38.760  -65.775  9.442 0.1000000015
19927  -40.471  -67.348  11.381 0.1000000015
24497  -40.153  -63.092  7.998 0.1000000015
25649  -39.867  -62.836  8.978 0.1000000015
19941  -39.829  -67.124  10.754 0.1000000015
25651  -41.556  -62.119  8.668 0.1000000015
25669  -40.756  -62.610  7.856 0.1000000015
19910  -41.810  -67.741  12.481 0.2000000030
31550  -47.317  -57.979  8.631 0.1000000015
29115  -47.490  -59.478  8.310 0.1000000015
27922  -47.431  -60.231  8.685 0.1000000015
26822  -41.981  -61.684  7.300 0.1000000015
24534  -40.972  -63.429  6.510 0.1000000015
19909  -40.859  -67.412  12.230 0.1000000015
31540  -47.624  -58.044  8.913 0.1000000015
26801  -44.799  -61.757  7.619 0.1000000015
26823  -42.674  -61.530  6.772 0.1000000015
24535  -41.445  -63.462  5.856 0.1000000015
31537  -44.902  -57.447  9.472 0.1000000015
31535  -42.930  -57.746  9.963 0.1000000015
31523  -42.726  -57.278  10.346 0.1000000015
30277  -42.071  -58.066  10.288 0.1000000015
30275  -39.787  -58.084  10.144 0.1000000015
25598  -40.523  -62.777  10.192 0.1000000015
24476  -39.749  -63.184  9.906 0.1000000015
25599  -41.373  -62.518  10.450 0.1000000015
25623  -39.612  -63.100  9.242 0.1000000015
24457  -38.522  -64.139  10.140 0.1000000015
21101  -39.031  -66.494  10.246 0.1000000015
25625  -41.005  -62.464  9.570 0.1000000015
22196  -38.321  -65.659  10.208 0.1000000015
26778  -43.239  -61.887  8.519 0.1000000015
25626  -42.040  -62.285  9.818 0.1000000015
21088  -39.080  -66.773  11.134 0.1000000015
33835  -47.266  -56.544  8.775 0.1000000015
32681  -47.604  -56.947  9.059 0.1000000015
31527  -47.546  -57.862  9.269 0.1000000015
30282  -47.895  -58.680  9.117 0.1000000015
27904  -47.008  -60.106  9.560 0.1000000015
26782  -46.556  -61.393  8.156 0.1000000015
26781  -45.638  -61.863  8.318 0.1000000015
26779  -44.203  -61.956  8.535 0.1000000015
26777  -42.424  -61.853  8.455 0.1000000015
21078  -39.236  -66.776  11.811 0.1000000015
32688  -46.288  -56.443  8.630 0.1000000015
26763  -46.968  -61.133  8.874 0.1000000015
26802  -45.939  -61.515  7.232 0.1000000015
26799  -42.644  -61.593  7.805 0.1000000015
19891  -40.927  -67.526  13.195 0.1000000015
32679  -45.407  -56.513  8.974 0.1000000015
32678  -44.505  -56.542  9.475 0.1000000015
31536  -43.641  -57.394  9.833 0.1000000015
31524  -43.343  -56.872  10.159 0.1000000015
32651  -41.665  -56.483  11.209 0.1000000015
31522  -41.712  -57.247  10.885 0.1000000015
32649  -40.115  -56.362  11.461 0.1000000015
25579  -40.761  -62.663  10.911 0.1000000015
24459  -40.006  -63.059  10.778 0.1000000015
24458  -39.108  -63.492  10.444 0.1000000015
25600  -42.349  -62.553  10.713 0.1000000015
24442  -38.281  -63.861  11.120 0.1000000015
25627  -43.102  -62.536  10.021 0.1000000015
25601  -43.375  -62.435  10.767 0.1000000015
23298  -37.977  -64.408  11.149 0.1000000015
21100  -38.376  -66.106  10.536 0.1000000015
25653  -43.696  -62.200  9.317 0.1000000015
23308  -37.868  -65.180  11.077 0.1000000015
33834  -46.618  -55.776  8.746 0.1000000015
29062  -47.515  -59.511  9.260 0.1000000015
26748  -45.439  -61.523  9.988 0.1000000015
25629  -45.033  -62.128  9.870 0.1000000015
25602  -44.346  -62.036  10.605 0.1000000015
22169  -37.903  -65.793  11.791 0.1000000015
19908  -39.836  -66.960  12.130 0.1000000015
32680  -47.299  -56.368  9.159 0.1000000015
32668  -47.015  -56.673  9.669 0.1000000015
30281  -47.283  -58.673  9.583 0.1000000015
29061  -46.794  -59.623  9.825 0.1000000015
27903  -46.336  -60.708  9.755 0.1000000015
21048  -38.754  -66.736  13.089 0.1000000015
33833  -45.597  -55.485  8.588 0.1000000015
33831  -43.985  -55.215  9.177 0.1000000015
33832  -44.646  -55.246  8.808 0.1000000015
34923  -43.119  -54.980  10.087 0.1000000015
33819  -43.552  -55.559  9.875 0.1000000015
33808  -42.781  -55.602  10.473 0.1000000015
33794  -40.707  -55.670  11.452 0.1000000015
33807  -41.956  -55.597  10.891 0.1000000015
26735  -43.082  -61.415  11.473 0.1000000015
25581  -42.365  -62.283  11.541 0.1000000015
24443  -39.342  -63.315  11.455 0.1000000015
27887  -43.572  -60.535  11.323 0.1000000015
30279  -45.576  -59.032  10.506 0.1000000015
29039  -44.821  -59.720  10.479 0.1000000015
27888  -44.216  -60.606  10.805 0.1000000015
25582  -43.579  -62.014  11.143 0.1000000015
34944  -46.319  -54.737  8.977 0.1000000015
33822  -46.817  -55.749  9.242 0.1000000015
31525  -46.398  -57.552  10.330 0.1000000015
29060  -45.772  -59.940  10.209 0.1000000015
27902  -45.461  -60.948  10.151 0.1000000015
23280  -37.546  -64.923  12.536 0.1000000015
34943  -45.695  -54.375  8.509 0.1000000015
21062  -38.236  -66.334  12.401 0.1000000015
19877  -39.910  -66.944  13.929 0.1000000015
34942  -44.939  -54.492  8.365 0.1000000015
36023  -43.648  -54.346  8.874 0.1000000015
36022  -42.968  -54.016  9.251 0.1000000015
34922  -42.432  -54.804  10.337 0.1000000015
36008  -42.580  -54.367  9.862 0.1000000015
36021  -41.802  -53.561  9.169 0.1000000015
34909  -41.152  -55.247  11.183 0.1000000015
24445  -41.377  -62.723  11.914 0.1000000015
24444  -40.505  -62.902  11.640 0.1000000015
25562  -40.203  -62.682  12.601 0.1000000015
24423  -39.688  -63.041  12.484 0.1000000015
34926  -46.091  -54.893  10.069 0.1000000015
31511  -45.539  -57.557  10.735 0.1000000015
29038  -44.104  -59.573  11.037 0.1000000015
36039  -45.811  -53.755  8.765 0.1000000015
36040  -46.155  -54.217  9.350 0.1000000015
36026  -46.060  -54.371  9.860 0.1000000015
33811  -46.412  -55.630  9.908 0.1000000015
32667  -45.915  -56.496  10.454 0.1000000015
30280  -46.465  -58.689  10.210 0.1000000015
24421  -37.658  -63.995  11.849 0.1000000015
34951  -45.375  -53.815  8.193 0.1000000015
36038  -44.874  -53.942  8.056 0.1000000015
36052  -43.927  -53.112  7.749 0.1000000015
36037  -44.079  -53.875  8.350 0.1000000015
36051  -43.263  -52.825  7.778 0.1000000015
36036  -42.787  -53.218  8.112 0.1000000015
27873  -42.790  -60.519  11.689 0.1000000015
26725  -42.275  -61.392  11.901 0.1000000015
24426  -41.425  -62.264  12.213 0.1000000015
24425  -41.166  -62.481  12.259 0.1000000015
25546  -40.844  -61.715  12.809 0.1000000015
29037  -43.327  -59.538  11.480 0.1000000015
30257  -44.920  -58.574  10.821 0.1000000015
37204  -45.325  -53.066  8.238 0.1000000015
37187  -45.273  -53.031  9.029 0.1000000015
36053  -44.962  -53.476  7.917 0.1000000015
37202  -43.634  -52.511  7.833 0.1000000015
36035  -41.471  -52.939  8.152 0.1000000015
26724  -41.624  -61.351  12.391 0.1000000015
30256  -44.018  -58.509  11.398 0.1000000015
36025  -45.558  -53.701  9.584 0.1000000015
36011  -45.557  -54.301  10.195 0.1000000015
33810  -45.896  -55.464  10.389 0.1000000015
32666  -45.474  -55.921  10.558 0.1000000015
31510  -44.750  -57.549  11.155 0.1000000015
37186  -44.734  -52.538  8.559 0.1000000015
37203  -44.579  -52.692  7.870 0.1000000015
37201  -42.548  -52.468  7.845 0.1000000015
37183  -41.844  -52.588  7.848 0.1000000015
36050  -40.856  -52.966  7.569 0.1000000015
29020  -42.456  -59.534  11.764 0.1000000015
31509  -43.750  -57.277  11.650 0.1000000015
30255  -43.028  -58.487  11.574 0.1000000015
36024  -44.982  -53.340  9.705 0.1000000015
36010  -44.564  -53.657  10.524 0.1000000015
34924  -44.910  -54.727  10.659 0.1000000015
33798  -44.488  -55.449  11.199 0.1000000015
32654  -44.828  -56.399  10.946 0.1000000015
38366  -42.207  -51.688  7.682 0.1000000015
39540  -41.775  -51.346  7.679 0.1000000015
37200  -41.203  -52.484  7.409 0.1000000015
32653  -44.072  -56.183  11.558 0.1000000015
34911  -44.080  -54.597  11.531 0.1000000015
33797  -43.789  -55.508  11.706 0.1000000015
38344  -43.913  -52.097  9.300 0.1000000015
37185  -44.012  -52.109  8.303 0.1000000015
38367  -43.125  -51.904  8.141 0.1000000015
39524  -41.708  -50.695  7.932 0.1000000015
37173  -44.448  -52.756  9.509 0.1000000015
38353  -44.119  -51.903  8.948 0.1000000015
38352  -43.444  -51.286  8.663 0.1000000015
38351  -42.811  -51.204  8.224 0.1000000015
39525  -42.155  -50.793  8.027 0.1000000015
40769  -41.581  -50.249  8.049 0.1000000015
41978  -42.312  -49.520  8.717 0.1000000015
38343  -43.200  -51.507  9.436 0.1000000015
39512  -43.268  -50.382  9.025 0.1000000015
40771  -42.900  -50.051  8.687 0.1000000015
40753  -42.797  -49.692  9.069 0.1000000015
18779  -34.379  -67.858  10.678 0.1000000015
18797  -32.741  -68.159  9.507 0.1000000015
18814  -34.217  -68.536  8.492 0.1000000015
17626  -35.506  -69.313  8.075 0.1000000015
18833  -33.762  -68.655  7.729 0.1000000015
17669  -35.225  -69.119  7.049 0.1000000015
17605  -36.953  -69.227  8.819 0.1000000015
18801  -36.625  -68.966  9.009 0.1000000015
17651  -37.230  -69.833  7.217 0.1000000015
17649  -35.310  -69.302  7.520 0.1000000015
17671  -36.702  -69.505  6.694 0.1000000015
18853  -36.217  -68.866  6.530 0.1000000015
24606  -39.116  -63.290  0.827 0.1000000015
22314  -36.646  -64.899  1.969 0.1000000015
23412  -37.575  -64.783  3.109 0.1000000015
23426  -37.446  -64.649  2.452 0.1000000015
17653  -38.840  -70.325  7.181 0.1000000015
27977  -46.569  -59.756  6.248 0.1000000015
28006  -45.471  -59.820  4.180 0.1000000015
25752  -41.592  -62.862  2.364 0.1000000015
22333  -40.434  -64.676  2.065 0.1000000015
23429  -39.687  -64.593  1.731 0.1000000015
23431  -40.958  -64.423  3.086 0.1000000015
22300  -40.102  -65.622  2.860 0.1000000015
22298  -38.772  -65.624  3.145 0.1000000015
21199  -39.362  -66.473  3.470 0.1000000015
20013  -37.483  -67.876  5.956 0.1000000015
21198  -38.768  -66.487  3.756 0.1000000015
21157  -37.815  -67.164  5.437 0.1000000015
17589  -41.651  -69.152  10.121 0.2000000030
17633  -41.584  -68.721  8.272 0.1000000015
17692  -40.570  -69.621  5.694 0.1000000015
18883  -39.105  -68.846  4.742 0.1000000015
28004  -44.590  -60.545  4.167 0.1000000015
25739  -42.345  -62.281  3.407 0.1000000015
21180  -39.788  -67.095  3.991 0.1000000015
20014  -38.232  -67.901  5.318 0.1000000015
19979  -41.196  -67.150  7.525 0.1000000015
27989  -45.523  -60.280  4.964 0.1000000015
20035  -41.083  -67.953  4.907 0.1000000015
25722  -42.539  -62.048  4.195 0.1000000015
25707  -42.364  -62.046  5.029 0.1000000015
22257  -41.631  -65.382  4.809 0.1000000015
20034  -40.243  -68.023  4.284 0.1000000015
29109  -41.624  -59.333  8.367 0.1000000015
23320  -38.753  -64.805  9.056 0.1000000015
21114  -39.538  -66.766  9.164 0.1000000015
21115  -39.951  -66.619  8.212 0.1000000015
19911  -42.325  -68.060  12.763 0.2000000030
22219  -41.193  -65.575  6.369 0.1000000015
25687  -41.011  -62.771  7.114 0.1000000015
23369  -41.166  -64.140  6.112 0.1000000015
23351  -41.279  -64.816  6.068 0.1000000015
26800  -43.607  -61.612  7.672 0.1000000015
25706  -41.865  -62.756  5.446 0.1000000015
25688  -41.644  -62.412  6.508 0.1000000015
19890  -40.110  -66.983  12.919 0.1000000015
32664  -42.276  -56.447  10.857 0.1000000015
31521  -40.852  -57.406  10.947 0.1000000015
25652  -42.709  -62.224  9.154 0.1000000015
33820  -44.257  -55.777  9.398 0.1000000015
31507  -41.124  -56.955  11.227 0.1000000015
25603  -44.979  -61.918  10.325 0.1000000015
25583  -44.080  -61.839  10.947 0.1000000015
36007  -42.059  -54.121  10.074 0.1000000015
36006  -40.800  -54.019  10.366 0.1000000015
32655  -45.270  -56.997  10.836 0.1000000015
26555  -47.198  -62.001  22.848 0.5000000000
18566  -47.073  -68.831  25.395 0.5000000000
19724  -46.750  -67.879  25.693 0.5000000000
26589  -46.872  -61.199  21.879 0.5000000000
26556  -47.720  -62.136  22.699 0.5000000000
25395  -48.122  -62.510  23.092 0.5000000000
19725  -47.917  -67.864  25.689 0.5000000000
26605  -46.722  -61.223  21.122 0.5000000000
26572  -47.612  -61.728  22.324 0.5000000000
20886  -48.640  -66.830  25.537 0.5000000000
26590  -47.523  -61.579  21.576 0.5000000000
26606  -47.616  -61.787  20.738 0.5000000000
26573  -48.149  -61.799  21.859 0.5000000000
26607  -48.192  -62.069  21.052 0.4000000060
25413  -49.121  -62.938  21.888 0.4000000060
18575  -47.899  -68.579  24.371 0.5000000000
17422  -47.406  -69.236  22.216 0.5000000000
18585  -47.572  -68.327  23.390 0.5000000000
18584  -46.998  -68.269  23.075 0.5000000000
18594  -45.445  -68.371  22.136 0.5000000000
19775  -46.478  -68.208  22.931 0.5000000000
19773  -44.663  -67.697  22.420 0.4000000060
20936  -43.169  -66.234  22.434 0.4000000060
19708  -42.549  -67.353  26.813 0.1000000015
19723  -45.412  -67.821  25.857 0.5000000000
27714  -46.425  -60.886  22.049 0.5000000000
26571  -46.541  -61.314  22.439 0.5000000000
25394  -46.975  -62.529  23.395 0.5000000000
24256  -47.808  -63.287  23.796 0.4000000060
20885  -47.490  -66.896  25.694 0.5000000000
27743  -45.944  -60.376  20.779 0.5000000000
27726  -46.221  -60.711  21.581 0.5000000000
27750  -46.113  -59.979  20.081 0.5000000000
28916  -45.481  -59.493  19.112 0.5000000000
27764  -46.035  -60.411  19.190 0.5000000000
26616  -46.632  -61.010  20.133 0.5000000000
28917  -45.915  -59.654  18.487 0.4000000060
26631  -46.721  -61.225  19.258 0.3000000119
25440  -47.936  -62.089  20.221 0.4000000060
25430  -48.534  -62.299  21.467 0.4000000060
25397  -49.267  -63.412  22.450 0.6999999881
24258  -49.488  -63.963  23.082 0.5000000000
27765  -46.611  -60.873  18.650 0.3000000119
26617  -47.514  -61.708  19.732 0.3000000119
25441  -48.462  -62.394  20.533 0.4000000060
23114  -49.410  -65.383  24.409 0.6000000238
21999  -49.280  -65.903  25.436 0.6000000238
19726  -48.911  -67.643  25.356 0.5000000000
26632  -47.301  -61.493  18.698 0.3000000119
25454  -48.109  -62.263  19.839 0.3000000119
24307  -49.247  -63.462  20.285 0.4000000060
23154  -48.951  -64.178  22.357 0.5000000000
23135  -49.305  -64.889  23.636 0.6000000238
20925  -49.180  -66.132  24.357 0.6000000238
18577  -49.386  -67.373  24.766 0.5000000000
18586  -48.364  -67.499  24.312 0.5000000000
25455  -48.565  -62.719  19.475 0.4000000060
25456  -49.104  -63.138  19.958 0.4000000060
23173  -49.088  -63.927  20.913 0.5000000000
23134  -48.532  -64.840  23.301 0.5000000000
22037  -48.017  -65.633  23.709 0.5000000000
20924  -48.499  -66.293  24.239 0.5000000000
24325  -48.441  -63.217  19.050 0.4000000060
23206  -48.700  -63.584  19.493 0.4000000060
23188  -48.466  -64.178  20.064 0.5000000000
23153  -47.997  -64.425  22.380 0.5000000000
23133  -47.536  -64.897  23.225 0.4000000060
20923  -47.423  -66.522  23.862 0.5000000000
19756  -46.780  -67.738  23.364 0.5000000000
23187  -47.535  -63.970  20.241 0.5000000000
23152  -47.115  -64.533  22.562 0.5000000000
23132  -46.568  -64.924  23.162 0.4000000060
20921  -45.244  -66.537  23.393 0.4000000060
19755  -45.587  -67.410  23.270 0.5000000000
24295  -46.311  -63.621  20.910 0.5000000000
23150  -45.334  -64.317  22.379 0.4000000060
22034  -44.936  -65.548  23.353 0.4000000060
20937  -43.912  -66.601  22.808 0.4000000060
23169  -45.385  -63.850  21.904 0.3000000119
24278  -44.813  -63.842  21.999 0.4000000060
23149  -44.275  -64.492  22.447 0.3000000119
23148  -43.195  -64.512  22.361 0.3000000119
22046  -42.720  -65.494  22.294 0.3000000119
20854  -41.493  -66.385  27.339 0.1000000015
19695  -41.876  -67.016  27.191 0.1000000015
21971  -41.963  -65.640  27.354 0.1000000015
19696  -42.328  -66.811  27.096 0.1000000015
21984  -43.799  -66.336  26.582 0.4000000060
20869  -44.099  -66.842  26.516 0.4000000060
20870  -44.667  -67.038  26.398 0.4000000060
19711  -44.929  -67.328  26.224 0.5000000000
20883  -45.148  -66.732  26.149 0.4000000060
20884  -46.244  -66.853  25.749 0.5000000000
27713  -45.842  -60.680  22.080 0.5000000000
26570  -45.476  -61.159  22.575 0.5000000000
26554  -46.215  -61.767  23.125 0.5000000000
21997  -46.920  -66.013  25.504 0.5000000000
28897  -45.774  -59.953  20.404 0.5000000000
28909  -45.125  -59.375  19.869 0.5000000000
27749  -45.723  -59.681  19.948 0.5000000000
23089  -47.970  -65.447  25.120 0.6000000238
30115  -46.084  -59.128  18.104 0.2000000030
27781  -46.371  -60.248  18.405 0.3000000119
26633  -47.887  -62.056  18.453 0.4000000060
28935  -46.464  -59.589  17.985 0.3000000119
26649  -47.582  -61.323  17.904 0.3000000119
27801  -47.319  -59.946  17.059 0.3000000119
26650  -47.876  -61.583  17.269 0.4000000060
25472  -48.035  -62.563  18.205 0.4000000060
23205  -48.233  -63.664  19.136 0.4000000060
23204  -47.592  -63.924  19.399 0.4000000060
24344  -47.967  -63.095  17.866 0.3000000119
23218  -46.798  -63.960  18.849 0.3000000119
24306  -47.079  -63.804  20.123 0.4000000060
24341  -45.931  -63.680  18.529 0.3000000119
24304  -45.575  -63.491  20.279 0.3000000119
24277  -44.274  -63.941  21.981 0.3000000119
24340  -45.118  -63.180  18.817 0.2000000030
24322  -44.744  -63.136  19.620 0.2000000030
24302  -43.764  -62.897  20.863 0.3000000119
23167  -43.214  -63.863  22.094 0.3000000119
25471  -44.469  -62.663  18.320 0.1000000015
25439  -43.257  -62.526  20.213 0.2000000030
24292  -43.169  -63.284  21.597 0.4000000060
28964  -42.172  -60.113  17.152 0.1000000015
21993  -42.954  -64.934  27.156 0.1000000015
21982  -42.744  -65.590  27.158 0.1000000015
21994  -43.275  -65.376  26.666 0.2000000030
23086  -44.041  -65.405  25.697 0.5000000000
21995  -44.275  -65.893  26.196 0.4000000060
21996  -45.641  -65.889  25.575 0.4000000060
26553  -45.065  -61.821  23.106 0.4000000060
25393  -45.831  -62.483  23.576 0.4000000060
24232  -46.088  -64.027  24.313 0.4000000060
23111  -46.831  -64.733  24.854 0.5000000000
23087  -46.483  -65.353  25.239 0.5000000000
28879  -45.193  -59.831  21.054 0.5000000000
27725  -45.334  -60.200  21.404 0.5000000000
27712  -44.763  -60.351  22.056 0.4000000060
30106  -45.074  -58.629  19.226 0.4000000060
30105  -44.545  -58.538  19.752 0.4000000060
28896  -45.320  -59.724  20.620 0.5000000000
31358  -45.107  -58.122  18.819 0.4000000060
30114  -45.590  -58.688  18.431 0.4000000060
31372  -45.327  -57.572  18.411 0.3000000119
30132  -45.793  -58.133  18.036 0.3000000119
30133  -46.348  -58.570  17.597 0.3000000119
30151  -46.561  -58.086  17.079 0.2000000030
28936  -46.880  -59.458  17.464 0.2000000030
31403  -46.727  -57.855  16.911 0.1000000015
28952  -47.194  -59.204  17.094 0.3000000119
30153  -47.941  -58.327  16.597 0.1000000015
27783  -47.550  -60.786  17.262 0.3000000119
28953  -47.690  -59.254  16.680 0.2000000030
27802  -47.852  -60.372  16.372 0.2000000030
26667  -48.008  -61.260  15.972 0.2000000030
25490  -47.981  -62.230  16.924 0.2000000030
24343  -47.334  -63.459  17.826 0.2000000030
25502  -47.806  -61.924  15.745 0.2000000030
24357  -47.268  -63.007  16.947 0.2000000030
24356  -46.586  -63.300  17.161 0.2000000030
24369  -47.544  -62.380  15.998 0.2000000030
24367  -46.724  -63.015  16.274 0.1000000015
24354  -45.213  -63.072  18.166 0.2000000030
25510  -46.512  -62.169  15.547 0.1000000015
25500  -45.139  -62.197  16.524 0.1000000015
25487  -43.613  -62.281  17.829 0.1000000015
25486  -42.782  -62.088  18.061 0.1000000015
26666  -45.241  -61.407  16.268 0.1000000015
26665  -44.491  -61.328  16.756 0.1000000015
26648  -43.342  -61.773  17.512 0.1000000015
27798  -43.679  -60.319  16.827 0.1000000015
27797  -42.965  -60.661  17.175 0.1000000015
28948  -42.649  -59.341  17.139 0.1000000015
31385  -42.554  -57.542  17.205 0.1000000015
23084  -42.760  -64.714  26.506 0.3000000119
23085  -43.502  -65.271  25.878 0.3000000119
25377  -42.652  -63.249  24.416 0.3000000119
23109  -44.141  -64.916  25.204 0.3000000119
22014  -44.781  -65.443  25.449 0.4000000060
25391  -43.237  -62.496  23.703 0.3000000119
25378  -43.843  -63.223  24.173 0.3000000119
24231  -44.700  -63.887  24.319 0.5000000000
23110  -45.524  -64.942  24.891 0.5000000000
26568  -43.242  -61.037  22.664 0.4000000060
26552  -43.823  -61.852  23.014 0.5000000000
25392  -44.572  -62.692  23.669 0.4000000060
24254  -45.436  -63.259  23.911 0.4000000060
30094  -43.752  -58.041  20.608 0.4000000060
30082  -44.226  -58.922  20.759 0.4000000060
27724  -44.800  -59.977  21.595 0.5000000000
32507  -44.083  -56.518  19.407 0.4000000060
31356  -43.885  -57.020  19.617 0.4000000060
31343  -44.139  -58.037  19.860 0.4000000060
30095  -44.149  -58.448  20.366 0.5000000000
32520  -44.507  -56.530  18.912 0.4000000060
31371  -44.732  -57.079  18.618 0.4000000060
33653  -44.304  -55.775  19.292 0.4000000060
33666  -44.734  -55.740  18.805 0.3000000119
32521  -45.041  -56.568  18.435 0.3000000119
32537  -45.716  -56.778  17.815 0.3000000119
33685  -45.821  -55.764  17.665 0.3000000119
32539  -46.858  -56.828  17.014 0.1000000015
31404  -47.105  -57.495  16.801 0.1000000015
28971  -48.598  -59.207  15.968 0.1000000015
30174  -48.554  -58.149  16.049 0.1000000015
27820  -48.962  -60.416  15.576 0.2000000030
26679  -48.895  -61.231  14.875 0.2000000030
25501  -47.484  -62.295  15.736 0.1000000015
25512  -48.169  -61.733  14.732 0.1000000015
26677  -46.750  -61.178  15.168 0.1000000015
26676  -45.912  -61.411  15.714 0.1000000015
27799  -44.709  -60.437  16.595 0.1000000015
28951  -45.525  -59.842  15.947 0.1000000015
28950  -45.016  -59.516  16.400 0.1000000015
30170  -43.114  -58.541  16.148 0.1000000015
31400  -43.303  -57.716  16.272 0.1000000015
32536  -42.833  -56.387  17.308 0.1000000015
33683  -42.371  -55.431  17.742 0.1000000015
34774  -42.086  -54.633  17.837 0.1000000015
35844  -42.379  -53.241  18.114 0.1000000015
25376  -41.392  -63.088  24.938 0.3000000119
25362  -41.274  -63.232  25.989 0.2000000030
25390  -41.948  -62.527  23.786 0.3000000119
26551  -42.539  -61.477  23.159 0.4000000060
27699  -41.760  -60.588  22.965 0.3000000119
31328  -43.549  -57.826  20.772 0.3000000119
30081  -43.713  -58.434  21.030 0.3000000119
28877  -43.453  -59.107  21.509 0.4000000060
28864  -42.912  -59.412  22.068 0.4000000060
27709  -41.935  -60.125  22.671 0.3000000119
33636  -43.371  -55.693  20.105 0.3000000119
31342  -43.646  -57.448  20.210 0.3000000119
28863  -41.839  -59.576  22.434 0.4000000060
28851  -41.648  -60.010  22.703 0.3000000119
35828  -43.936  -54.563  19.553 0.3000000119
33652  -43.795  -55.761  19.627 0.3000000119
34761  -44.026  -55.199  19.523 0.3000000119
35829  -44.341  -53.889  19.171 0.3000000119
34762  -44.411  -54.999  19.222 0.3000000119
35845  -44.920  -54.170  18.434 0.3000000119
33667  -45.273  -55.768  18.264 0.3000000119
34776  -45.314  -54.874  18.028 0.3000000119
33686  -46.399  -55.676  17.251 0.2000000030
32548  -46.713  -56.309  16.959 0.1000000015
33694  -46.874  -55.692  16.773 0.1000000015
33695  -47.546  -55.670  16.458 0.1000000015
32549  -47.302  -56.576  16.643 0.1000000015
32550  -48.069  -56.518  16.095 0.1000000015
31405  -47.966  -57.420  16.353 0.1000000015
31422  -48.673  -57.382  15.698 0.1000000015
28972  -49.472  -59.474  15.042 0.1000000015
27821  -49.559  -60.334  14.625 0.2000000030
26680  -49.464  -60.735  14.306 0.2000000030
26693  -48.521  -61.312  14.122 0.1000000015
26694  -49.295  -60.930  14.007 0.1000000015
26692  -47.912  -61.027  13.968 0.1000000015
27819  -46.367  -60.217  15.349 0.1000000015
27835  -47.375  -60.302  14.233 0.1000000015
27834  -46.818  -60.303  14.819 0.1000000015
30171  -45.483  -59.051  15.832 0.1000000015
28970  -46.365  -59.512  15.337 0.1000000015
31402  -45.332  -58.291  16.269 0.1000000015
31401  -44.782  -57.823  16.365 0.1000000015
32546  -43.511  -56.491  16.860 0.1000000015
33684  -43.139  -55.332  17.282 0.1000000015
33692  -43.988  -55.582  16.712 0.1000000015
34795  -42.891  -54.577  17.214 0.1000000015
34809  -43.552  -54.503  17.093 0.1000000015
34807  -42.064  -53.987  16.981 0.1000000015
35884  -43.227  -53.577  17.249 0.1000000015
37000  -42.613  -52.655  18.039 0.1000000015
35867  -42.894  -53.291  17.539 0.1000000015
38171  -42.323  -51.822  18.139 0.1000000015
25348  -40.210  -62.514  26.418 0.2000000030
25349  -40.740  -63.160  26.766 0.2000000030
26525  -39.497  -61.919  25.633 0.2000000030
25389  -40.830  -62.387  24.070 0.3000000119
26534  -38.812  -61.301  24.606 0.2000000030
26549  -40.106  -61.726  23.815 0.3000000119
26550  -41.293  -61.598  23.471 0.3000000119
30080  -42.823  -58.379  21.633 0.3000000119
28876  -42.930  -58.969  21.668 0.3000000119
33635  -42.835  -55.687  20.517 0.3000000119
32493  -43.237  -56.452  20.363 0.3000000119
31327  -43.001  -57.453  21.074 0.3000000119
30079  -42.322  -58.222  21.765 0.3000000119
30071  -42.132  -58.670  21.904 0.3000000119
35809  -43.325  -53.883  20.016 0.3000000119
34743  -43.058  -54.892  20.275 0.3000000119
31309  -41.536  -58.249  22.013 0.3000000119
30070  -41.177  -58.892  22.344 0.3000000119
28862  -41.354  -59.418  22.487 0.2000000030
28850  -41.102  -59.779  22.737 0.2000000030
36962  -44.038  -52.946  20.302 0.2000000030
35810  -44.036  -53.475  19.801 0.2000000030
36982  -44.347  -53.248  19.636 0.3000000119
35830  -44.979  -53.519  18.646 0.3000000119
35846  -45.573  -53.821  18.070 0.3000000119
35868  -46.152  -54.132  17.500 0.2000000030
34797  -46.592  -54.798  17.136 0.1000000015
35847  -46.237  -53.470  17.810 0.2000000030
34798  -47.010  -54.355  16.852 0.1000000015
34813  -47.676  -54.604  16.509 0.1000000015
34814  -48.503  -54.515  16.018 0.1000000015
35888  -48.909  -53.524  16.189 0.1000000015
37064  -50.637  -52.621  15.799 0.1000000015
33696  -48.285  -55.535  16.046 0.1000000015
33708  -49.092  -55.430  15.581 0.1000000015
34826  -49.291  -54.470  15.599 0.1000000015
34828  -50.556  -54.225  15.086 0.1000000015
37065  -51.338  -52.482  15.716 0.1000000015
37067  -52.999  -52.198  15.485 0.1000000015
32563  -48.881  -56.419  15.614 0.1000000015
32564  -49.633  -56.264  15.092 0.1000000015
33734  -50.479  -55.568  14.804 0.1000000015
35928  -52.039  -53.429  14.549 0.1000000015
30175  -49.307  -58.352  15.318 0.1000000015
30176  -50.220  -58.007  14.822 0.1000000015
28988  -50.191  -59.577  14.300 0.2000000030
27836  -49.957  -60.308  13.958 0.1000000015
27856  -49.334  -60.312  13.534 0.1000000015
27854  -47.845  -60.229  13.800 0.1000000015
28987  -47.573  -59.522  14.192 0.1000000015
28986  -46.913  -59.500  14.724 0.1000000015
30173  -46.368  -58.673  15.338 0.1000000015
31419  -45.207  -57.569  16.276 0.1000000015
32560  -45.136  -56.891  16.142 0.1000000015
33693  -44.781  -55.805  16.296 0.1000000015
32547  -44.220  -56.716  16.427 0.1000000015
35885  -44.168  -53.714  16.950 0.1000000015
37025  -43.272  -52.762  17.415 0.1000000015
30056  -37.856  -58.400  23.514 0.2000000030
27696  -38.894  -60.736  23.778 0.2000000030
28847  -38.250  -59.210  23.626 0.2000000030
28848  -39.000  -59.776  23.569 0.2000000030
27697  -39.614  -60.716  23.522 0.3000000119
27698  -40.668  -60.681  23.327 0.3000000119
33621  -42.243  -55.743  20.976 0.3000000119
32484  -42.192  -56.628  21.338 0.3000000119
32483  -41.413  -56.731  21.602 0.3000000119
31325  -41.219  -57.285  21.734 0.3000000119
34724  -42.538  -54.901  20.778 0.3000000119
34723  -41.868  -54.931  21.331 0.3000000119
33619  -40.824  -56.107  21.649 0.3000000119
32482  -40.674  -56.915  21.776 0.3000000119
31308  -40.859  -57.813  22.008 0.3000000119
36943  -44.047  -52.245  21.301 0.2000000030
35790  -43.005  -53.443  20.691 0.3000000119
30069  -40.258  -58.482  22.482 0.2000000030
30059  -40.438  -59.203  22.696 0.2000000030
36963  -45.067  -52.186  20.356 0.2000000030
36983  -44.977  -52.840  19.279 0.3000000119
37001  -45.420  -53.205  18.653 0.3000000119
36984  -46.035  -52.072  19.385 0.3000000119
38163  -46.275  -51.911  18.982 0.2000000030
37003  -46.942  -52.066  18.369 0.2000000030
37026  -46.737  -52.934  17.625 0.2000000030
37045  -48.463  -52.742  16.742 0.1000000015
31447  -50.523  -57.284  14.333 0.1000000015
32588  -51.240  -56.332  14.024 0.1000000015
33736  -51.559  -55.416  13.911 0.1000000015
34875  -51.849  -54.988  13.675 0.1000000015
31466  -50.864  -57.238  13.600 0.1000000015
32635  -51.545  -56.161  12.970 0.1000000015
30197  -50.553  -58.452  14.094 0.1000000015
30215  -50.558  -58.150  13.333 0.1000000015
30236  -50.752  -57.530  13.009 0.1000000015
32633  -50.971  -56.496  12.543 0.1000000015
28989  -50.483  -59.403  13.725 0.1000000015
29005  -50.187  -59.214  13.382 0.1000000015
31464  -49.560  -57.479  13.098 0.1000000015
31445  -48.748  -57.450  13.553 0.1000000015
29004  -49.593  -59.331  13.361 0.1000000015
29003  -48.845  -59.574  13.374 0.1000000015
30212  -48.482  -58.936  13.629 0.1000000015
31444  -48.080  -57.427  14.215 0.1000000015
30194  -47.914  -58.579  14.203 0.1000000015
30193  -47.037  -58.576  14.659 0.1000000015
31421  -46.493  -57.644  15.260 0.1000000015
34810  -44.691  -54.686  16.463 0.1000000015
32431  -36.568  -56.422  24.580 0.3000000119
32445  -37.524  -56.293  23.454 0.3000000119
31296  -38.328  -57.497  22.971 0.3000000119
30057  -38.833  -58.523  23.137 0.2000000030
30058  -39.722  -58.975  23.029 0.2000000030
32446  -38.080  -56.479  23.020 0.3000000119
31306  -39.181  -57.598  22.593 0.3000000119
30068  -39.551  -58.273  22.654 0.3000000119
28849  -40.054  -59.874  23.060 0.2000000030
35787  -40.644  -54.559  21.999 0.3000000119
33600  -39.606  -55.876  22.264 0.3000000119
36928  -43.038  -52.323  22.180 0.2000000030
36941  -41.798  -53.396  21.672 0.3000000119
35772  -40.862  -53.688  21.954 0.3000000119
36944  -45.214  -52.263  21.428 0.2000000030
36964  -46.243  -52.263  20.517 0.3000000119
36985  -47.170  -52.097  19.481 0.2000000030
38164  -46.579  -51.876  18.991 0.2000000030
32585  -48.442  -56.466  14.030 0.1000000015
32584  -47.540  -56.295  14.618 0.1000000015
32562  -46.776  -56.519  15.222 0.1000000015
32561  -45.996  -56.705  15.779 0.1000000015
32395  -36.209  -55.670  25.747 0.1000000015
34642  -36.838  -55.029  25.534 0.2000000030
33563  -36.544  -55.842  24.815 0.3000000119
33564  -37.171  -55.415  24.264 0.3000000119
33584  -37.961  -55.536  23.430 0.3000000119
34706  -39.375  -54.910  22.590 0.3000000119
34686  -39.019  -54.567  23.071 0.3000000119
36909  -42.212  -52.803  22.933 0.3000000119
36907  -40.752  -53.100  22.754 0.3000000119
36925  -40.544  -53.359  22.664 0.3000000119
35770  -39.447  -54.343  22.848 0.3000000119
36910  -43.135  -52.583  23.056 0.2000000030
36929  -44.203  -52.528  22.424 0.2000000030
36930  -45.361  -52.606  22.266 0.1000000015
35775  -46.591  -53.648  22.541 0.1000000015
36945  -46.390  -52.771  21.642 0.2000000030
36946  -47.170  -53.122  21.424 0.2000000030
36965  -47.557  -52.710  20.768 0.3000000119
34661  -37.410  -54.913  24.644 0.3000000119
33565  -37.898  -54.965  23.887 0.3000000119
35728  -38.703  -53.881  23.959 0.3000000119
35747  -39.219  -53.990  23.389 0.3000000119
35750  -42.362  -53.119  23.712 0.3000000119
35748  -40.333  -53.317  23.319 0.3000000119
35751  -43.294  -52.985  23.743 0.2000000030
35734  -44.438  -53.804  24.392 0.1000000015
35754  -46.282  -53.984  23.378 0.1000000015
35776  -47.376  -54.087  22.202 0.1000000015
35791  -46.959  -53.346  21.755 0.1000000015
34663  -38.732  -54.203  24.890 0.3000000119
34645  -39.383  -54.360  25.431 0.2000000030
35729  -39.321  -53.812  24.358 0.3000000119
35715  -39.895  -53.778  24.864 0.3000000119
35732  -42.577  -53.507  24.341 0.2000000030
35731  -41.499  -53.559  24.616 0.3000000119
35730  -40.476  -53.498  24.367 0.3000000119
34666  -43.608  -54.130  25.007 0.2000000030
34665  -42.686  -53.996  24.874 0.2000000030
34651  -45.182  -55.063  25.315 0.1000000015
34667  -44.505  -54.338  24.985 0.1000000015
33550  -45.783  -55.394  25.335 0.1000000015
34668  -45.508  -54.589  24.672 0.1000000015
34688  -46.177  -54.388  23.861 0.1000000015
34669  -46.420  -54.805  24.372 0.1000000015
34689  -47.165  -54.689  23.756 0.1000000015
34708  -46.740  -54.190  23.270 0.1000000015
34709  -47.422  -54.349  22.797 0.1000000015
33544  -40.031  -54.766  25.739 0.2000000030
34646  -40.523  -54.349  25.446 0.2000000030
35716  -40.455  -53.791  25.076 0.2000000030
34648  -42.703  -54.768  25.328 0.2000000030
35717  -41.020  -53.920  25.178 0.2000000030
34649  -43.716  -54.881  25.418 0.1000000015
33549  -44.791  -55.544  25.579 0.1000000015
33566  -46.074  -54.980  24.806 0.1000000015
33568  -47.469  -55.403  24.664 0.1000000015
33585  -47.403  -55.111  24.138 0.1000000015
33586  -48.030  -55.284  23.862 0.1000000015
33602  -48.640  -55.187  23.045 0.1000000015
32418  -47.199  -56.370  25.819 0.1000000015
33552  -47.801  -55.928  25.317 0.1000000015
33569  -48.614  -55.849  24.704 0.1000000015
33570  -49.197  -56.100  24.311 0.1000000015
32419  -48.132  -56.566  25.660 0.1000000015
32404  -49.120  -57.232  25.909 0.1000000015
32420  -49.223  -56.723  25.322 0.1000000015
24257  -48.951  -63.459  23.607 0.4000000060
25412  -48.443  -62.305  22.326 0.5000000000
25396  -49.125  -63.014  22.798 0.5000000000
23112  -48.029  -65.008  24.783 0.5000000000
24255  -46.594  -63.279  23.840 0.4000000060
24233  -47.364  -64.002  24.398 0.4000000060
24235  -49.405  -64.373  24.068 0.5000000000
24234  -48.587  -64.081  24.380 0.6000000238
20887  -49.629  -66.796  25.371 0.5000000000
18567  -47.877  -68.600  25.098 0.3000000119
17411  -47.397  -69.436  23.382 0.5000000000
21998  -48.126  -65.876  25.450 0.5000000000
17389  -45.567  -69.829  25.383 0.5000000000
25431  -49.135  -62.692  21.053 0.4000000060
19754  -44.991  -67.172  23.084 0.4000000060
18593  -44.950  -68.233  22.079 0.4000000060
20938  -44.623  -66.900  23.062 0.4000000060
22047  -43.653  -65.459  22.720 0.3000000119
20868  -43.333  -66.759  26.689 0.2000000030
25442  -49.207  -62.899  20.354 0.3000000119
24279  -49.211  -63.635  21.954 0.4000000060
24236  -49.455  -64.630  23.825 0.6000000238
26618  -47.883  -62.135  19.235 0.4000000060
24297  -49.434  -63.276  21.053 0.5000000000
22039  -49.390  -65.697  24.381 0.6000000238
23091  -49.868  -65.848  24.854 0.6000000238
23113  -49.072  -65.121  24.762 0.6000000238
22016  -48.612  -65.456  25.188 0.6000000238
22000  -50.111  -66.215  25.143 0.5000000000
18568  -48.852  -68.011  25.068 0.5000000000
23189  -48.976  -63.859  19.873 0.4000000060
22038  -48.930  -65.605  23.903 0.6000000238
19739  -49.046  -67.109  24.510 0.5000000000
22017  -50.195  -65.944  24.804 0.5000000000
19758  -48.414  -67.078  24.461 0.5000000000
19741  -50.182  -67.126  24.948 0.5000000000
24326  -48.922  -63.386  19.718 0.4000000060
23172  -48.352  -64.223  21.196 0.5000000000
22036  -46.963  -65.681  23.560 0.4000000060
19757  -47.998  -67.154  24.318 0.5000000000
23171  -47.132  -64.116  21.499 0.5000000000
22035  -45.937  -65.689  23.390 0.4000000060
20922  -46.308  -66.629  23.567 0.5000000000
23151  -46.308  -64.439  22.415 0.4000000060
23131  -45.648  -64.877  23.064 0.4000000060
24294  -45.317  -63.490  21.324 0.4000000060
24305  -46.543  -63.742  19.973 0.4000000060
23170  -45.995  -63.933  21.761 0.4000000060
23130  -44.887  -64.829  22.935 0.4000000060
23088  -47.409  -65.378  25.189 0.5000000000
28895  -44.633  -59.185  20.473 0.5000000000
30134  -46.887  -58.920  17.275 0.2000000030
27782  -47.039  -60.485  17.911 0.3000000119
23219  -47.417  -63.736  18.627 0.3000000119
23220  -47.788  -63.512  18.384 0.3000000119
23203  -46.855  -63.897  19.466 0.3000000119
24342  -46.626  -63.640  18.081 0.3000000119
23202  -46.372  -63.903  19.266 0.3000000119
24323  -45.883  -63.683  19.353 0.3000000119
24303  -44.628  -63.182  20.612 0.4000000060
24293  -44.259  -63.480  21.488 0.4000000060
25453  -44.378  -62.680  18.946 0.2000000030
24321  -43.962  -62.972  20.091 0.3000000119
25488  -44.682  -62.571  17.606 0.2000000030
25470  -43.601  -62.403  18.524 0.2000000030
27796  -42.243  -60.791  17.175 0.1000000015
27816  -42.927  -60.113  16.837 0.1000000015
26569  -44.344  -61.111  22.577 0.4000000060
28878  -44.531  -59.502  21.198 0.5000000000
31357  -44.445  -57.574  19.227 0.4000000060
31387  -45.892  -57.709  17.762 0.3000000119
31388  -46.448  -57.491  17.294 0.2000000030
30152  -47.016  -58.467  16.908 0.2000000030
31389  -46.751  -57.081  17.163 0.1000000015
24358  -47.656  -62.564  16.577 0.2000000030
24368  -47.291  -62.659  15.954 0.1000000015
24355  -45.667  -63.297  17.515 0.2000000030
24380  -47.148  -62.502  15.615 0.1000000015
24379  -46.921  -62.689  15.651 0.1000000015
25509  -45.741  -62.284  15.916 0.1000000015
24366  -45.845  -62.970  16.498 0.2000000030
25489  -45.143  -62.706  16.979 0.2000000030
25499  -44.464  -62.114  17.002 0.1000000015
25498  -43.920  -62.084  17.389 0.1000000015
26646  -42.350  -61.689  17.821 0.1000000015
27800  -45.414  -60.524  16.119 0.1000000015
26664  -43.671  -61.355  17.200 0.1000000015
26663  -42.818  -61.246  17.438 0.1000000015
28949  -44.201  -59.621  16.612 0.1000000015
28967  -43.448  -59.310  16.594 0.1000000015
31417  -42.864  -58.537  16.171 0.1000000015
31386  -43.212  -57.112  17.031 0.1000000015
23107  -42.519  -64.398  25.919 0.3000000119
23108  -43.041  -64.614  25.539 0.3000000119
24228  -41.651  -63.486  25.609 0.3000000119
24229  -42.231  -63.949  25.375 0.3000000119
24230  -43.357  -64.097  24.671 0.3000000119
25379  -44.479  -63.224  24.044 0.3000000119
27711  -43.653  -60.284  22.370 0.4000000060
27710  -42.547  -60.326  22.625 0.4000000060
26567  -42.650  -60.941  22.772 0.4000000060
28865  -43.968  -59.765  21.808 0.4000000060
32506  -43.617  -56.482  19.846 0.4000000060
34775  -44.835  -54.900  18.672 0.3000000119
32538  -46.419  -56.573  17.336 0.2000000030
25511  -47.388  -62.099  15.284 0.1000000015
26678  -47.506  -61.444  14.611 0.1000000015
26691  -47.293  -60.902  14.498 0.1000000015
27818  -45.949  -60.481  15.629 0.1000000015
28969  -45.813  -59.576  15.669 0.1000000015
30149  -45.196  -58.739  16.198 0.1000000015
30148  -44.133  -58.717  16.405 0.1000000015
25361  -40.681  -62.734  25.824 0.2000000030
25375  -40.272  -62.434  24.882 0.2000000030
25350  -41.324  -63.479  26.516 0.2000000030
34744  -43.576  -54.977  19.840 0.3000000119
34796  -45.940  -54.846  17.550 0.1000000015
34812  -47.096  -55.023  16.678 0.1000000015
26712  -48.571  -60.969  13.420 0.1000000015
27855  -48.470  -60.324  13.366 0.1000000015
30172  -45.715  -58.846  15.756 0.1000000015
25360  -39.979  -62.334  25.774 0.2000000030
26524  -39.058  -61.540  25.315 0.2000000030
26535  -39.508  -61.921  24.692 0.2000000030
26548  -39.155  -61.369  23.937 0.2000000030
32492  -42.708  -56.501  20.748 0.3000000119
31326  -41.980  -57.678  21.748 0.3000000119
36961  -43.335  -53.252  20.562 0.3000000119
35808  -42.812  -54.365  20.487 0.3000000119
35870  -47.216  -53.561  16.897 0.1000000015
35887  -48.007  -53.512  16.484 0.1000000015
35889  -49.499  -53.072  16.077 0.1000000015
35903  -49.496  -53.727  15.689 0.1000000015
35905  -50.936  -53.361  15.205 0.1000000015
35904  -50.066  -53.302  15.499 0.1000000015
33709  -50.015  -55.285  15.075 0.1000000015
34827  -49.978  -54.327  15.367 0.1000000015
33710  -50.397  -54.798  15.099 0.1000000015
35927  -51.468  -53.715  14.738 0.1000000015
34849  -51.124  -54.227  14.786 0.1000000015
35906  -51.531  -53.023  15.038 0.1000000015
37066  -52.130  -52.431  15.434 0.1000000015
37086  -52.505  -52.753  14.677 0.1000000015
31423  -49.568  -57.292  15.137 0.1000000015
31446  -50.011  -56.922  14.710 0.1000000015
33735  -50.934  -55.230  14.721 0.1000000015
32587  -50.411  -56.145  14.638 0.1000000015
34850  -51.742  -54.500  14.260 0.1000000015
37087  -53.052  -52.542  14.303 0.1000000015
30196  -49.981  -58.809  14.666 0.1000000015
31424  -50.118  -57.452  14.736 0.1000000015
27837  -50.043  -59.847  13.630 0.1000000015
29002  -48.191  -59.607  13.707 0.1000000015
31420  -45.697  -57.909  16.074 0.1000000015
30045  -37.120  -58.306  24.174 0.2000000030
28836  -38.218  -59.808  24.007 0.2000000030
31295  -37.471  -57.251  23.557 0.3000000119
33620  -41.548  -55.872  21.361 0.3000000119
32462  -40.259  -57.231  22.052 0.3000000119
35789  -42.427  -53.944  20.976 0.3000000119
34722  -40.968  -55.165  21.770 0.3000000119
33618  -40.173  -56.374  21.884 0.3000000119
32461  -39.757  -56.881  22.278 0.3000000119
31307  -39.953  -57.712  22.314 0.3000000119
36942  -42.950  -52.907  21.230 0.3000000119
37002  -46.051  -52.704  18.539 0.2000000030
37027  -47.665  -52.470  17.269 0.1000000015
32589  -51.577  -55.853  13.604 0.1000000015
34876  -52.232  -54.566  13.471 0.1000000015
32610  -51.238  -56.630  13.555 0.1000000015
31489  -51.024  -57.046  12.977 0.1000000015
30214  -50.042  -58.330  13.037 0.1000000015
30213  -49.099  -58.514  13.334 0.1000000015
30195  -48.467  -58.201  13.800 0.1000000015
31443  -47.233  -57.502  14.624 0.1000000015
32432  -37.035  -56.413  23.894 0.3000000119
31283  -36.759  -57.337  24.315 0.3000000119
33583  -37.348  -55.875  23.690 0.3000000119
32460  -38.915  -56.667  22.603 0.3000000119
33599  -38.739  -55.738  22.781 0.3000000119
35788  -41.187  -54.105  21.646 0.3000000119
33601  -40.329  -55.683  21.905 0.3000000119
35771  -40.267  -54.031  22.461 0.3000000119
36927  -42.016  -52.790  22.167 0.3000000119
37004  -48.275  -51.943  18.496 0.2000000030
32394  -35.783  -56.008  26.322 0.1000000015
34625  -37.438  -54.793  25.812 0.2000000030
33543  -37.092  -55.076  24.796 0.3000000119
34705  -38.724  -55.080  23.102 0.3000000119
34685  -38.486  -54.651  23.574 0.3000000119
35749  -41.375  -53.235  23.633 0.3000000119
36911  -43.755  -52.743  23.178 0.2000000030
35773  -44.819  -52.905  22.687 0.2000000030
36931  -45.949  -53.014  22.316 0.1000000015
35774  -45.410  -53.252  22.785 0.1000000015
34644  -38.200  -54.495  25.300 0.3000000119
34662  -38.113  -54.416  24.377 0.3000000119
35733  -43.509  -53.526  24.359 0.2000000030
35752  -44.373  -53.175  23.421 0.2000000030
35753  -45.485  -53.954  23.704 0.1000000015
35735  -44.984  -54.167  24.447 0.1000000015
34664  -42.094  -53.840  24.781 0.2000000030
34650  -44.620  -54.929  25.381 0.1000000015
33551  -46.844  -55.670  25.373 0.1000000015
34690  -47.872  -54.894  23.161 0.1000000015
33546  -41.752  -55.356  25.822 0.2000000030
34647  -41.620  -54.336  25.263 0.2000000030
33548  -43.941  -55.582  25.606 0.1000000015
33553  -48.431  -56.248  25.251 0.1000000015
16308  -46.977  -70.188  23.169 0.3000000119
15239  -45.707  -71.759  23.007 0.3000000119
15240  -46.260  -71.317  23.194 0.3000000119
13224  -41.779  -74.314  19.516 0.2000000030
12258  -39.893  -75.140  18.647 0.2000000030
14214  -44.966  -72.215  22.366 0.4000000060
13207  -44.139  -73.062  21.064 0.3000000119
16327  -46.541  -70.697  22.662 0.4000000060
14230  -44.592  -72.429  21.500 0.3000000119
14244  -43.694  -73.080  20.924 0.3000000119
16328  -47.268  -69.995  22.389 0.4000000060
15269  -45.502  -71.605  21.065 0.4000000060
13214  -43.300  -73.419  20.226 0.3000000119
12243  -41.843  -74.979  19.315 0.2000000030
16343  -46.854  -70.339  21.659 0.4000000060
16342  -45.921  -70.881  21.894 0.4000000060
14260  -44.214  -72.822  20.175 0.4000000060
16344  -47.257  -69.684  21.524 0.4000000060
18596  -47.211  -68.840  21.850 0.4000000060
15268  -45.102  -71.781  20.438 0.4000000060
13226  -43.564  -73.419  19.841 0.3000000119
12244  -42.142  -75.035  19.067 0.3000000119
16358  -47.004  -69.820  20.908 0.4000000060
15284  -45.236  -71.266  20.276 0.4000000060
14259  -43.932  -72.413  19.441 0.3000000119
13241  -42.983  -73.753  19.217 0.4000000060
18611  -47.159  -68.929  21.305 0.4000000060
14277  -43.241  -72.934  18.659 0.3000000119
18595  -46.623  -68.494  22.416 0.4000000060
16375  -46.726  -69.931  20.209 0.4000000060
16374  -45.930  -70.406  19.693 0.4000000060
15303  -44.364  -71.206  18.731 0.4000000060
18610  -46.789  -68.952  21.029 0.4000000060
16373  -45.307  -70.548  19.178 0.4000000060
15302  -43.827  -71.787  18.717 0.3000000119
18609  -45.800  -68.648  21.252 0.4000000060
17476  -46.324  -69.086  19.051 0.4000000060
17464  -46.229  -69.712  19.294 0.4000000060
15325  -44.054  -71.220  18.251 0.4000000060
18628  -46.113  -68.660  20.105 0.4000000060
18664  -46.115  -68.798  18.824 0.4000000060
17475  -46.063  -69.442  18.832 0.4000000060
16389  -45.604  -70.055  18.627 0.4000000060
15324  -43.536  -71.360  17.746 0.3000000119
18683  -45.711  -68.969  18.114 0.4000000060
16416  -44.892  -70.039  17.431 0.4000000060
16399  -44.500  -70.605  17.809 0.3000000119
15349  -42.999  -71.444  16.786 0.2000000030
18608  -44.967  -68.299  21.589 0.3000000119
18645  -45.601  -68.592  19.395 0.4000000060
18627  -44.826  -68.429  20.487 0.4000000060
18663  -45.329  -68.631  18.578 0.4000000060
17486  -45.181  -69.133  17.458 0.4000000060
17498  -45.039  -69.626  17.388 0.4000000060
16398  -44.085  -70.593  17.229 0.2000000030
16414  -43.725  -70.598  16.615 0.2000000030
15375  -42.126  -71.365  15.500 0.3000000119
19791  -44.318  -68.095  21.286 0.3000000119
19805  -44.330  -68.246  20.836 0.3000000119
18644  -44.598  -68.457  19.354 0.3000000119
17497  -44.604  -69.305  16.822 0.3000000119
16437  -43.585  -70.218  15.714 0.2000000030
16438  -44.241  -70.007  15.989 0.2000000030
16413  -43.041  -70.794  16.130 0.2000000030
15374  -41.455  -71.635  15.329 0.2000000030
19772  -43.801  -67.190  22.277 0.3000000119
18626  -43.750  -68.305  20.092 0.3000000119
18682  -45.026  -68.693  17.735 0.4000000060
17504  -44.001  -69.528  15.477 0.1000000015
19789  -42.888  -67.226  21.222 0.3000000119
18625  -43.208  -68.252  20.013 0.3000000119
18661  -43.216  -68.444  18.283 0.2000000030
18698  -43.981  -68.667  16.553 0.2000000030
16436  -42.632  -70.459  15.235 0.1000000015
15395  -40.917  -71.191  14.089 0.2000000030
19828  -42.424  -68.235  18.449 0.2000000030
18708  -43.831  -68.550  15.657 0.1000000015
17515  -44.171  -69.146  15.356 0.1000000015
16457  -42.330  -69.812  14.177 0.1000000015
16456  -41.840  -70.570  14.450 0.1000000015
20951  -42.645  -66.597  21.584 0.2000000030
19803  -42.680  -67.544  20.438 0.3000000119
19815  -42.434  -68.052  19.150 0.3000000119
23147  -42.162  -64.627  22.147 0.2000000030
20950  -41.863  -66.190  21.140 0.1000000015
20967  -42.181  -66.716  20.893 0.3000000119
19827  -41.669  -67.899  18.451 0.2000000030
18697  -43.134  -68.552  16.195 0.1000000015
17514  -43.814  -69.080  14.791 0.1000000015
16472  -41.556  -70.085  13.570 0.1000000015
22061  -41.968  -65.425  21.685 0.2000000030
20966  -41.560  -66.562  20.413 0.2000000030
19814  -41.464  -67.174  19.587 0.2000000030
18679  -42.349  -68.526  16.866 0.1000000015
18707  -42.893  -68.434  15.226 0.1000000015
18716  -42.934  -68.414  14.348 0.1000000015
17531  -42.707  -69.027  13.597 0.1000000015
17529  -39.767  -70.354  13.093 0.1000000015
20980  -41.102  -66.579  19.867 0.1000000015
19839  -40.764  -67.586  17.567 0.1000000015
19865  -41.742  -68.190  15.437 0.1000000015
18715  -42.383  -68.259  13.924 0.1000000015
17553  -42.357  -69.033  12.680 0.1000000015
16485  -40.759  -70.136  12.915 0.1000000015
17549  -38.616  -69.728  12.292 0.1000000015
19851  -40.803  -67.779  16.307 0.1000000015
19892  -41.903  -68.041  13.426 0.1000000015
19893  -42.385  -68.192  13.223 0.1000000015
17570  -39.153  -69.673  11.257 0.1000000015
36966  -48.703  -53.059  20.435 0.2000000030
24276  -42.638  -63.874  22.147 0.2000000030
23146  -41.810  -64.316  21.990 0.1000000015
22060  -41.190  -65.524  20.925 0.1000000015
22075  -41.003  -65.940  20.437 0.1000000015
20979  -40.536  -66.382  19.364 0.1000000015
19864  -40.846  -67.703  15.232 0.1000000015
17551  -40.958  -69.750  12.138 0.1000000015
16486  -41.386  -69.691  12.821 0.1000000015
18738  -42.373  -68.516  12.760 0.1000000015
19878  -40.975  -67.379  14.225 0.1000000015
14231  -45.300  -72.248  22.083 0.3000000119
15255  -45.653  -71.681  22.177 0.4000000060
13216  -44.196  -73.088  20.682 0.3000000119
14245  -44.744  -72.427  20.753 0.3000000119
13225  -42.557  -74.117  19.478 0.3000000119
16357  -46.362  -70.504  20.866 0.4000000060
17454  -47.104  -69.410  20.876 0.4000000060
15283  -44.737  -71.481  19.704 0.4000000060
15282  -44.195  -71.725  19.181 0.3000000119
18629  -46.644  -68.944  20.101 0.4000000060
16415  -44.581  -70.031  16.805 0.2000000030
15348  -42.461  -71.478  16.138 0.2000000030
18662  -44.343  -68.568  18.451 0.3000000119
18699  -44.542  -68.981  17.035 0.2000000030
16435  -41.886  -71.050  15.044 0.2000000030
19790  -43.504  -67.419  21.530 0.3000000119
18643  -43.451  -68.328  19.393 0.3000000119
18709  -44.429  -68.822  16.146 0.2000000030
17503  -43.440  -69.680  15.169 0.1000000015
18681  -44.090  -68.786  17.532 0.4000000060
18680  -43.207  -68.661  17.197 0.2000000030
18718  -44.156  -68.876  15.390 0.1000000015
16471  -40.715  -70.695  13.555 0.1000000015
18717  -43.589  -68.642  14.873 0.1000000015
17513  -43.129  -69.458  14.494 0.1000000015
19802  -41.892  -67.080  20.151 0.3000000119
18696  -42.308  -68.422  15.924 0.1000000015
18726  -43.205  -68.746  14.224 0.1000000015
17530  -41.995  -69.397  13.096 0.1000000015
16484  -40.188  -70.400  13.100 0.1000000015
19813  -40.864  -66.957  19.315 0.1000000015
19852  -41.550  -68.204  16.590 0.1000000015
19866  -42.313  -68.339  15.146 0.1000000015
18725  -42.515  -68.387  13.535 0.1000000015
17550  -39.853  -70.067  12.394 0.1000000015
19879  -41.704  -68.023  14.450 0.1000000015
20994  -39.838  -66.640  18.243 0.1000000015
17387  -43.887  -69.540  25.148 0.3000000119
17408  -44.083  -69.565  23.823 0.2000000030
17409  -44.554  -70.295  23.433 0.2000000030
19722  -44.769  -68.303  25.902 0.4000000060
17378  -44.480  -69.195  25.735 0.2000000030
18564  -45.020  -68.939  25.645 0.4000000060
17388  -44.699  -69.775  25.324 0.3000000119
17420  -44.224  -69.922  22.594 0.2000000030
18565  -46.032  -68.851  25.404 0.4000000060
16285  -45.036  -70.471  24.741 0.2000000030
16324  -44.377  -70.651  22.395 0.2000000030
17436  -43.286  -69.615  21.322 0.1000000015
16356  -43.273  -70.769  20.806 0.1000000015
16286  -45.475  -70.960  24.670 0.3000000119
17451  -42.550  -69.888  20.392 0.1000000015
16341  -44.449  -71.399  22.303 0.2000000030
17463  -42.251  -70.570  19.782 0.1000000015
16372  -42.411  -71.465  19.732 0.1000000015
15266  -43.053  -71.795  20.288 0.1000000015
15281  -42.555  -72.541  19.829 0.1000000015
15300  -40.360  -72.269  18.510 0.1000000015
16387  -41.134  -71.561  18.763 0.1000000015
15280  -41.866  -72.080  19.279 0.1000000015
14273  -39.515  -73.006  18.433 0.1000000015
16265  -45.899  -70.768  25.233 0.3000000119
15238  -45.169  -71.646  23.104 0.2000000030
15253  -44.076  -71.941  21.733 0.2000000030
16340  -44.192  -71.039  21.837 0.2000000030
15267  -43.605  -72.109  21.156 0.2000000030
14274  -40.510  -73.423  18.673 0.1000000015
14272  -38.498  -72.654  18.197 0.1000000015
16266  -46.648  -70.675  25.083 0.2000000030
15211  -46.191  -71.240  24.665 0.3000000119
15254  -44.505  -71.919  22.189 0.2000000030
14243  -43.093  -72.829  20.453 0.2000000030
15301  -41.230  -72.732  18.867 0.1000000015
13236  -38.678  -73.760  18.499 0.1000000015
15226  -46.202  -71.352  23.890 0.3000000119
14229  -44.110  -72.538  21.448 0.3000000119
17391  -47.167  -69.760  25.174 0.2000000030
14258  -42.594  -73.549  19.890 0.2000000030
13239  -41.301  -74.359  19.316 0.1000000015
12257  -38.917  -74.860  18.519 0.1000000015
13237  -39.708  -74.124  18.629 0.1000000015
13223  -41.323  -74.601  19.345 0.1000000015
11277  -38.270  -75.600  18.404 0.1000000015
16287  -46.601  -70.909  24.462 0.2000000030
11279  -39.951  -75.938  18.606 0.1000000015
11266  -41.312  -75.311  19.082 0.1000000015
10359  -38.510  -76.348  18.256 0.1000000015
11278  -39.107  -75.843  18.507 0.1000000015
17400  -46.827  -70.373  24.294 0.2000000030
11267  -41.672  -75.414  19.026 0.1000000015
10361  -39.943  -76.423  18.247 0.1000000015
12279  -41.180  -75.115  18.215 0.1000000015
10386  -37.179  -77.240  16.889 0.1000000015
10373  -38.249  -76.917  17.898 0.1000000015
10360  -39.116  -76.459  18.245 0.1000000015
11294  -40.618  -75.975  17.944 0.1000000015
13240  -42.481  -74.180  18.664 0.3000000119
11305  -38.539  -76.375  17.191 0.1000000015
17390  -46.435  -69.867  25.348 0.3000000119
16264  -45.333  -70.421  25.125 0.2000000030
13238  -40.794  -74.501  19.015 0.1000000015
16305  -45.170  -70.910  23.923 0.2000000030
15224  -45.357  -71.345  23.698 0.3000000119
14257  -41.886  -73.220  19.485 0.1000000015
10372  -37.473  -76.956  17.582 0.1000000015
9540  -37.835  -77.228  17.391 0.1000000015
11292  -39.073  -76.294  17.499 0.1000000015
10371  -36.610  -76.816  17.218 0.1000000015
10388  -38.319  -77.045  17.312 0.1000000015
13259  -41.669  -74.510  18.270 0.2000000030
13279  -39.375  -74.091  16.595 0.1000000015
14303  -37.630  -73.152  16.554 0.1000000015
14304  -38.695  -73.036  16.464 0.2000000030
15345  -36.760  -72.065  16.282 0.1000000015
13257  -40.736  -74.131  17.096 0.2000000030
13280  -40.312  -73.926  16.597 0.2000000030
15346  -37.936  -72.146  16.353 0.2000000030
14305  -39.638  -73.156  16.341 0.1000000015
15347  -38.616  -72.223  16.185 0.2000000030
14321  -39.763  -72.465  15.826 0.1000000015
13281  -40.998  -73.576  16.790 0.1000000015
16411  -37.539  -71.534  16.176 0.1000000015
15371  -38.914  -71.837  15.711 0.1000000015
14276  -42.576  -73.279  18.109 0.2000000030
14291  -41.392  -73.553  17.137 0.2000000030
13298  -40.722  -73.259  16.283 0.1000000015
15372  -39.541  -71.946  15.326 0.1000000015
14307  -41.491  -73.092  16.680 0.1000000015
14322  -40.615  -72.641  15.716 0.1000000015
14293  -42.687  -72.419  17.455 0.2000000030
14308  -42.045  -72.397  16.623 0.2000000030
14339  -40.375  -72.097  15.107 0.1000000015
14323  -41.447  -72.498  15.877 0.1000000015
15373  -40.914  -72.085  15.347 0.1000000015
15387  -39.201  -71.470  15.142 0.1000000015
13258  -41.225  -74.209  17.466 0.1000000015
12293  -39.843  -74.719  16.943 0.1000000015
18551  -44.374  -68.715  26.027 0.2000000030
18574  -43.369  -69.089  24.526 0.1000000015
24213  -41.722  -63.672  26.166 0.2000000030
23073  -41.712  -64.473  27.234 0.1000000015
27672  -39.227  -61.447  26.809 0.1000000015
26513  -39.672  -61.954  26.503 0.1000000015
27687  -38.406  -60.542  24.316 0.1000000015
30044  -36.617  -58.238  24.944 0.2000000030
28834  -36.893  -59.041  24.796 0.1000000015
27655  -38.151  -61.014  27.170 0.1000000015
28835  -37.593  -59.402  24.283 0.1000000015
28830  -37.270  -59.714  25.367 0.1000000015
27681  -37.817  -60.291  24.959 0.1000000015
27682  -38.538  -60.943  25.452 0.1000000015
27671  -38.665  -61.067  26.514 0.1000000015
18550  -43.703  -68.507  26.292 0.2000000030
24203  -42.188  -64.370  26.822 0.1000000015
26512  -39.123  -61.458  26.080 0.1000000015
27686  -37.985  -60.033  24.394 0.1000000015
31282  -36.309  -57.314  25.129 0.2000000030
24202  -41.519  -63.951  27.050 0.1000000015
26502  -39.330  -61.983  27.358 0.1000000015
27656  -38.829  -61.358  27.174 0.1000000015
28829  -36.629  -59.092  25.590 0.1000000015
18549  -42.854  -68.261  26.452 0.1000000015
18563  -43.194  -68.876  25.682 0.1000000015
33527  -39.595  -55.109  26.458 0.1000000015
33526  -38.407  -55.072  26.663 0.1000000015
33508  -37.610  -55.288  27.396 0.1000000015
33507  -36.637  -55.226  27.191 0.1000000015
34626  -38.286  -54.720  25.993 0.1000000015
33510  -39.844  -55.897  27.596 0.1000000015
33498  -38.864  -55.653  28.435 0.1000000015
33497  -37.864  -55.384  28.350 0.1000000015
33484  -37.157  -55.300  29.266 0.1000000015
33509  -38.693  -55.378  27.489 0.1000000015
33496  -36.782  -55.281  28.233 0.1000000015
33483  -35.979  -55.554  29.214 0.1000000015
33528  -40.786  -55.888  26.667 0.1000000015
33476  -38.443  -55.837  29.879 0.1000000015
32381  -40.060  -56.404  28.240 0.1000000015
33499  -39.482  -56.149  28.570 0.1000000015
33485  -38.184  -55.540  29.240 0.1000000015
33511  -40.473  -56.122  27.286 0.1000000015
33474  -36.684  -55.690  30.181 0.1000000015
32361  -40.226  -56.687  29.449 0.1000000015
33487  -39.435  -56.285  29.073 0.1000000015
33486  -39.004  -55.949  29.270 0.1000000015
31233  -41.099  -56.908  27.910 0.1000000015
32382  -40.817  -56.549  27.640 0.1000000015
33529  -41.925  -56.118  26.310 0.1000000015
36986  -48.420  -52.445  19.699 0.1000000015
37005  -49.427  -52.280  19.079 0.1000000015
32397  -42.197  -56.781  26.649 0.1000000015
33547  -42.902  -55.769  25.770 0.1000000015
35811  -48.237  -53.362  20.899 0.1000000015
38177  -50.239  -51.865  18.210 0.1000000015
38198  -48.835  -51.803  18.069 0.1000000015
38176  -49.763  -51.896  18.404 0.1000000015
32372  -40.456  -56.741  28.591 0.1000000015
32360  -39.520  -56.375  29.614 0.1000000015
32348  -39.270  -56.486  30.548 0.1000000015
37028  -48.734  -52.076  17.458 0.1000000015
33524  -36.516  -55.165  26.134 0.1000000015
33506  -35.961  -55.482  26.903 0.1000000015
33525  -37.452  -55.038  26.528 0.1000000015
33545  -40.694  -55.026  25.840 0.1000000015
33495  -35.862  -55.490  27.926 0.1000000015
32396  -41.457  -56.437  26.885 0.1000000015
38199  -49.322  -51.765  17.927 0.1000000015
25428  -42.298  -62.727  21.231 0.1000000015
25438  -42.376  -62.390  20.437 0.1000000015
19735  -41.014  -67.121  24.083 0.1000000015
19752  -41.254  -67.369  23.350 0.1000000015
19753  -41.958  -67.848  23.394 0.1000000015
20919  -40.472  -66.668  23.734 0.1000000015
19751  -40.808  -67.065  23.441 0.1000000015
19769  -40.566  -67.019  22.602 0.1000000015
19736  -41.578  -67.488  24.314 0.1000000015
20918  -39.771  -66.171  23.585 0.1000000015
20900  -40.841  -66.767  24.772 0.1000000015
20901  -41.305  -67.152  24.837 0.1000000015
20934  -39.390  -66.182  22.496 0.1000000015
22045  -39.241  -65.707  23.336 0.1000000015
20899  -40.085  -66.242  24.786 0.1000000015
23145  -38.384  -64.811  23.409 0.1000000015
22032  -39.428  -65.664  24.248 0.1000000015
18522  -33.529  -68.376  28.492 0.1000000015
19693  -32.968  -67.823  27.988 0.1000000015
20878  -32.802  -67.508  25.309 0.1000000015
20917  -32.989  -67.304  24.508 0.1000000015
20916  -32.733  -66.739  24.031 0.1000000015
22029  -32.736  -65.462  23.625 0.1000000015
18573  -42.627  -68.486  25.020 0.1000000015
20932  -32.488  -66.553  23.034 0.1000000015
22042  -32.981  -64.943  23.179 0.1000000015
22044  -38.611  -65.421  22.658 0.1000000015
22043  -38.036  -65.059  21.935 0.1000000015
18583  -43.350  -68.991  23.269 0.1000000015
22041  -32.671  -65.385  22.507 0.1000000015
22055  -33.224  -64.866  21.264 0.1000000015
23161  -35.192  -64.136  21.045 0.1000000015
23163  -37.365  -64.490  21.846 0.1000000015
23144  -37.916  -64.634  22.730 0.1000000015
22031  -38.856  -65.234  23.770 0.1000000015
18592  -43.306  -68.906  22.100 0.1000000015
20946  -32.310  -66.447  21.846 0.1000000015
23181  -34.478  -64.529  20.717 0.1000000015
24288  -36.656  -63.838  21.897 0.1000000015
24273  -37.208  -63.747  22.902 0.1000000015
18535  -32.680  -68.086  27.033 0.1000000015
19705  -32.460  -67.363  26.382 0.1000000015
20877  -32.543  -67.053  25.512 0.1000000015
19719  -41.003  -67.344  25.780 0.1000000015
19720  -41.588  -67.694  25.556 0.1000000015
19721  -42.169  -68.119  25.301 0.1000000015
20897  -32.738  -66.687  24.869 0.1000000015
22010  -32.616  -65.727  24.608 0.1000000015
18582  -42.704  -68.355  23.911 0.1000000015
24285  -33.952  -63.853  21.794 0.1000000015
24286  -34.748  -63.696  21.744 0.1000000015
24287  -35.754  -63.688  21.695 0.1000000015
24270  -34.212  -63.553  22.452 0.1000000015
24271  -35.124  -63.336  22.533 0.1000000015
24272  -36.148  -63.333  22.637 0.1000000015
19678  -32.575  -67.058  28.420 0.1000000015
19692  -32.517  -67.206  27.432 0.1000000015
20831  -32.025  -66.221  28.904 0.1000000015
20820  -32.381  -66.333  30.044 0.1000000015
19706  -40.961  -67.368  26.307 0.1000000015
20851  -32.272  -66.537  26.872 0.1000000015
20880  -40.568  -66.878  25.714 0.1000000015
18548  -42.199  -68.013  26.472 0.1000000015
21979  -32.210  -66.012  26.359 0.1000000015
18562  -42.315  -68.282  25.864 0.1000000015
21990  -32.405  -66.022  25.551 0.1000000015
23127  -33.180  -64.393  23.605 0.1000000015
24269  -33.662  -63.967  22.201 0.1000000015
23143  -33.226  -64.520  22.586 0.1000000015
24248  -33.645  -63.753  23.070 0.1000000015
21946  -31.940  -65.519  29.633 0.1000000015
20838  -32.175  -66.342  27.821 0.1000000015
23036  -32.020  -65.035  29.947 0.1000000015
21926  -32.385  -65.444  30.866 0.1000000015
22012  -39.377  -65.724  25.254 0.1000000015
20879  -39.687  -66.357  26.048 0.1000000015
19694  -41.077  -67.094  27.100 0.1000000015
21966  -32.068  -65.683  27.071 0.1000000015
20837  -31.837  -65.900  28.245 0.1000000015
22011  -38.947  -65.172  24.728 0.1000000015
23070  -32.179  -65.218  26.206 0.1000000015
24252  -37.366  -63.544  24.172 0.1000000015
23129  -38.528  -64.614  24.240 0.1000000015
23081  -32.537  -64.879  25.305 0.1000000015
24250  -35.443  -62.840  23.323 0.1000000015
23103  -32.885  -64.626  24.315 0.1000000015
23104  -33.160  -64.091  24.134 0.1000000015
24249  -34.422  -63.062  23.474 0.1000000015
21945  -31.699  -65.336  28.914 0.1000000015
23106  -38.468  -64.690  25.176 0.1000000015
24251  -36.443  -62.968  23.763 0.1000000015
24224  -33.534  -63.438  24.246 0.1000000015
24223  -33.097  -63.948  24.428 0.1000000015
21980  -38.830  -65.329  26.347 0.1000000015
24227  -37.363  -63.730  25.243 0.1000000015
21965  -31.837  -65.194  27.518 0.1000000015
25386  -35.540  -62.461  24.105 0.1000000015
24226  -36.736  -63.164  24.854 0.1000000015
23057  -32.090  -64.721  26.992 0.1000000015
24225  -34.112  -62.948  24.151 0.1000000015
25385  -34.967  -62.541  23.767 0.1000000015
24210  -33.329  -63.195  24.959 0.1000000015
25370  -33.972  -62.867  24.495 0.1000000015
24209  -32.888  -63.690  25.086 0.1000000015
23083  -38.283  -64.966  26.032 0.1000000015
23072  -38.526  -64.890  26.687 0.1000000015
25373  -36.333  -62.695  25.494 0.1000000015
23044  -31.603  -64.554  28.538 0.1000000015
25357  -34.823  -62.294  25.649 0.1000000015
25372  -35.543  -62.518  25.068 0.1000000015
25371  -34.611  -62.580  24.458 0.1000000015
24198  -32.286  -64.062  26.125 0.1000000015
23059  -38.731  -64.371  27.273 0.1000000015
24212  -37.347  -63.940  26.231 0.1000000015
24211  -36.849  -63.318  25.863 0.1000000015
25355  -33.185  -63.059  25.352 0.1000000015
23058  -37.998  -64.071  27.438 0.1000000015
23056  -31.711  -64.528  27.711 0.1000000015
20809  -32.382  -65.941  30.564 0.1000000015
23000  -33.638  -64.541  32.526 0.1000000015
23013  -32.958  -64.589  31.821 0.1000000015
23012  -32.449  -64.635  31.187 0.1000000015
19717  -32.725  -67.700  25.650 0.1000000015
23126  -32.930  -64.840  23.778 0.1000000015
23158  -33.090  -64.834  21.523 0.1000000015
23142  -32.924  -64.795  21.892 0.1000000015
23180  -33.950  -64.454  21.015 0.1000000015
23162  -36.401  -64.687  21.006 0.1000000015
22057  -37.507  -65.509  21.118 0.1000000015
20864  -32.303  -66.604  26.120 0.1000000015
23128  -37.938  -64.202  23.682 0.1000000015
21991  -38.822  -65.290  25.599 0.1000000015
23105  -37.999  -64.106  24.700 0.1000000015
23082  -37.814  -64.400  25.670 0.1000000015
25387  -36.165  -62.666  24.634 0.1000000015
25356  -33.726  -62.677  25.186 0.1000000015
23071  -37.921  -64.494  26.685 0.1000000015
9731  -34.844  -77.829  5.355 0.1000000015
8956  -35.040  -78.685  5.325 0.1000000015
8931  -28.262  -78.351  6.198 0.1000000015
8932  -28.990  -78.467  6.450 0.1000000015
9688  -29.882  -77.280  7.209 0.1000000015
9709  -30.522  -77.714  6.698 0.1000000015
8954  -33.182  -78.808  5.036 0.1000000015
9706  -27.741  -77.724  6.331 0.1000000015
10576  -27.652  -76.922  4.932 0.1000000015
10577  -28.203  -76.527  4.691 0.1000000015
10559  -35.141  -77.244  5.826 0.1000000015
9732  -35.956  -77.651  5.932 0.1000000015
9733  -36.424  -78.064  6.229 0.1000000015
10541  -34.142  -76.922  6.147 0.1000000015
9710  -31.490  -77.785  6.404 0.1000000015
9711  -32.355  -77.510  6.288 0.1000000015
9730  -33.851  -77.768  5.391 0.1000000015
8957  -35.962  -78.560  6.019 0.1000000015
9687  -28.973  -77.240  7.211 0.1000000015
8953  -31.975  -78.685  5.563 0.1000000015
8934  -30.960  -78.565  6.049 0.1000000015
9686  -28.086  -77.175  7.013 0.1000000015
11471  -27.596  -76.473  5.882 0.1000000015
10578  -28.953  -76.223  4.404 0.1000000015
10450  -33.480  -76.307  12.603 0.1000000015
9626  -33.363  -77.310  10.130 0.1000000015
10451  -34.430  -77.060  12.214 0.1000000015
10543  -36.335  -76.905  6.412 0.1000000015
9715  -37.232  -77.097  6.911 0.1000000015
9693  -36.549  -77.639  7.271 0.1000000015
9670  -34.877  -77.245  8.208 0.1000000015
9649  -34.053  -77.225  9.274 0.1000000015
9650  -35.235  -77.284  9.494 0.1000000015
10542  -35.332  -76.714  6.297 0.1000000015
9692  -35.692  -77.908  7.543 0.1000000015
11459  -34.611  -76.198  6.825 0.1000000015
8919  -36.195  -78.691  7.184 0.1000000015
10539  -31.777  -77.028  6.720 0.1000000015
10540  -32.857  -76.752  6.702 0.1000000015
10537  -27.507  -76.950  6.251 0.1000000015
10432  -34.300  -77.221  13.287 0.1000000015
9610  -34.426  -77.326  11.201 0.1000000015
10431  -33.848  -76.599  13.474 0.1000000015
9671  -36.065  -77.137  8.264 0.1000000015
9651  -36.144  -77.083  9.691 0.1000000015
10509  -37.035  -76.977  7.587 0.1000000015
10526  -36.492  -76.475  7.205 0.1000000015
10523  -30.862  -76.753  7.303 0.1000000015
10522  -29.589  -76.589  7.571 0.1000000015
10521  -28.530  -76.495  7.462 0.1000000015
10520  -27.737  -76.435  7.027 0.1000000015
11458  -33.547  -76.208  6.876 0.1000000015
10467  -34.015  -76.882  11.418 0.1000000015
9627  -34.379  -77.416  10.590 0.1000000015
11444  -32.766  -75.756  7.340 0.1000000015
10486  -32.996  -76.856  10.770 0.1000000015
11447  -35.929  -75.806  7.679 0.1000000015
11446  -34.952  -75.721  7.493 0.1000000015
12401  -33.546  -74.769  8.613 0.1000000015
12383  -33.750  -74.613  9.407 0.1000000015
13368  -33.199  -74.051  9.937 0.1000000015
9628  -35.432  -77.463  10.681 0.1000000015
10497  -36.269  -76.541  9.133 0.1000000015
11429  -36.502  -75.994  8.978 0.1000000015
11427  -35.146  -75.482  8.271 0.1000000015
11411  -35.920  -75.600  9.509 0.1000000015
11426  -34.197  -75.308  8.074 0.1000000015
12384  -34.521  -75.036  9.720 0.1000000015
11412  -36.354  -75.824  9.847 0.1000000015
9652  -36.422  -76.997  10.291 0.1000000015
10498  -36.503  -76.452  9.787 0.1000000015
11397  -35.828  -75.328  10.606 0.1000000015
11428  -35.966  -75.706  8.573 0.1000000015
13379  -33.044  -74.026  9.038 0.1000000015
11410  -35.194  -75.425  9.140 0.1000000015
8935  -31.616  -78.282  6.037 0.1000000015
8937  -36.470  -78.360  6.702 0.1000000015
8951  -29.358  -78.946  6.132 0.1000000015
8952  -31.299  -79.007  5.574 0.1000000015
8958  -36.318  -78.398  6.324 0.1000000015
9541  -38.132  -77.155  17.441 0.1000000015
9542  -38.314  -77.069  17.566 0.1000000015
9557  -38.172  -77.280  17.323 0.1000000015
9629  -36.028  -77.193  10.882 0.1000000015
9672  -36.901  -77.141  7.595 0.1000000015
9673  -37.039  -77.228  7.389 0.1000000015
9685  -27.720  -77.067  6.685 0.1000000015
9694  -37.164  -77.197  7.163 0.1000000015
9707  -28.535  -77.808  6.696 0.1000000015
9708  -29.457  -77.858  6.813 0.1000000015
9712  -33.203  -77.402  6.057 0.1000000015
9713  -36.433  -77.321  6.311 0.1000000015
9714  -36.745  -77.420  6.615 0.1000000015
9728  -32.043  -78.065  6.026 0.1000000015
9729  -32.761  -78.015  5.694 0.1000000015
9744  -27.342  -77.603  4.742 0.1000000015
9745  -27.808  -77.096  4.507 0.1000000015
10362  -40.387  -76.252  18.101 0.1000000015
10374  -38.922  -76.660  17.753 0.1000000015
10375  -40.106  -76.471  17.902 0.1000000015
10376  -40.338  -76.281  17.911 0.1000000015
10468  -34.473  -77.125  11.728 0.1000000015
10487  -33.677  -77.188  10.745 0.1000000015
10507  -36.120  -76.679  8.799 0.1000000015
10508  -36.521  -76.661  8.189 0.1000000015
10524  -32.081  -76.356  7.164 0.1000000015
10525  -32.686  -76.269  7.078 0.1000000015
10527  -36.911  -76.797  7.424 0.1000000015
10528  -37.129  -77.072  7.378 0.1000000015
10538  -31.155  -77.302  6.772 0.1000000015
10544  -37.055  -76.887  6.873 0.1000000015
10545  -37.284  -76.978  7.126 0.1000000015
10556  -27.456  -77.036  5.459 0.1000000015
10557  -27.727  -76.528  5.334 0.1000000015
10558  -34.519  -77.427  5.621 0.1000000015
10560  -35.764  -77.110  6.065 0.1000000015
11268  -41.907  -75.371  18.913 0.3000000119
11280  -40.735  -75.572  18.486 0.1000000015
11281  -41.473  -75.383  18.795 0.1000000015
11282  -41.798  -75.404  18.822 0.3000000119
11291  -37.827  -76.316  18.056 0.1000000015
11295  -40.962  -75.472  18.392 0.1000000015
11440  -28.153  -75.642  7.578 0.1000000015
11448  -36.459  -76.249  7.997 0.1000000015
11457  -32.976  -76.225  7.006 0.1000000015
11460  -35.677  -76.235  6.932 0.1000000015
11491  -28.652  -75.645  4.919 0.1000000015
12242  -41.311  -74.917  19.332 0.1000000015
12259  -40.743  -75.245  18.830 0.1000000015
12260  -41.542  -75.222  18.649 0.1000000015
12261  -41.889  -75.121  18.775 0.2000000030
12280  -41.547  -74.983  18.501 0.2000000030
12402  -34.370  -75.158  8.868 0.1000000015
13208  -44.366  -72.868  20.956 0.3000000119
13215  -43.845  -73.287  20.556 0.3000000119
13227  -43.994  -73.251  20.356 0.3000000119
13299  -41.132  -73.107  16.164 0.1000000015
14215  -45.288  -71.976  22.605 0.4000000060
14246  -45.079  -72.352  21.387 0.3000000119
14275  -41.253  -73.790  19.196 0.1000000015
14292  -41.930  -73.455  17.565 0.2000000030
14306  -40.271  -73.052  16.203 0.1000000015
14309  -42.534  -71.945  16.743 0.2000000030
14320  -39.153  -72.503  16.151 0.2000000030
14338  -39.996  -72.281  15.237 0.1000000015
15196  -45.888  -71.060  25.125 0.3000000119
15197  -46.093  -71.116  25.100 0.3000000119
15210  -45.860  -71.167  24.894 0.3000000119
15225  -45.634  -71.295  24.039 0.3000000119
15369  -36.302  -71.420  15.798 0.1000000015
15370  -38.318  -71.768  16.082 0.1000000015
15388  -39.765  -71.699  14.803 0.1000000015
15389  -40.619  -71.510  14.699 0.2000000030
15390  -41.339  -71.151  14.615 0.2000000030
15396  -41.332  -70.867  13.968 0.1000000015
16267  -47.179  -70.286  25.011 0.2000000030
16288  -46.988  -70.476  24.771 0.2000000030
16306  -45.436  -71.109  24.269 0.3000000119
16307  -46.602  -70.737  23.667 0.2000000030
16325  -44.588  -70.970  22.780 0.2000000030
16326  -46.038  -71.378  22.616 0.3000000119
16355  -42.721  -70.889  20.191 0.1000000015
16359  -47.187  -69.502  21.079 0.4000000060
16388  -44.943  -70.571  18.662 0.4000000060
16400  -45.230  -70.064  17.886 0.4000000060
16412  -37.972  -71.620  16.154 0.1000000015
16433  -38.058  -71.272  15.802 0.1000000015
16473  -42.180  -69.570  13.593 0.1000000015
16523  -40.232  -70.268  8.326 0.2000000030
16540  -39.434  -70.417  7.437 0.1000000015
16541  -40.125  -70.439  7.713 0.1000000015
16558  -39.166  -70.511  6.689 0.1000000015
16574  -38.494  -70.129  6.167 0.1000000015
16575  -38.875  -70.418  5.962 0.1000000015
16576  -39.592  -70.623  6.154 0.1000000015
16592  -39.030  -70.216  5.685 0.1000000015
16594  -39.982  -70.379  5.730 0.1000000015
17377  -44.006  -69.239  25.852 0.2000000030
17398  -43.943  -69.582  24.540 0.2000000030
17399  -44.487  -70.041  24.454 0.2000000030
17401  -47.280  -69.708  24.553 0.2000000030
17410  -46.902  -70.031  23.824 0.2000000030
17421  -44.514  -70.386  22.934 0.2000000030
17437  -47.061  -69.102  20.865 0.4000000060
17438  -47.205  -69.167  21.194 0.4000000060
17452  -43.124  -70.032  20.747 0.1000000015
17453  -46.922  -69.300  20.544 0.4000000060
17465  -46.487  -69.368  19.550 0.4000000060
17487  -45.625  -69.521  17.940 0.4000000060
17505  -44.432  -69.341  15.925 0.1000000015
17532  -43.358  -69.030  14.205 0.1000000015
17606  -37.484  -69.154  9.178 0.1000000015
17627  -35.971  -69.376  7.973 0.1000000015
17628  -36.825  -69.365  8.218 0.1000000015
17652  -38.193  -70.096  7.211 0.1000000015
17654  -41.205  -69.459  7.526 0.1000000015
17673  -38.537  -70.074  5.924 0.1000000015
17674  -40.857  -69.699  6.584 0.1000000015
17690  -38.917  -69.744  5.428 0.1000000015
17691  -39.780  -69.908  5.399 0.1000000015
17693  -41.118  -69.364  6.133 0.1000000015
17704  -39.347  -69.228  4.929 0.1000000015
17706  -40.125  -69.497  5.268 0.1000000015
18561  -41.873  -68.016  26.183 0.1000000015
18569  -49.249  -67.630  24.878 0.5000000000
18576  -48.680  -67.775  24.497 0.5000000000
18646  -46.193  -68.723  19.374 0.4000000060
18647  -46.431  -68.853  19.613 0.4000000060
18660  -42.417  -68.372  17.806 0.1000000015
18665  -46.356  -68.922  19.223 0.4000000060
18706  -42.296  -68.369  15.397 0.1000000015
18724  -42.377  -68.216  13.461 0.1000000015
18799  -34.798  -68.310  9.347 0.1000000015
18802  -37.042  -69.003  9.325 0.1000000015
18816  -35.856  -69.064  8.458 0.1000000015
18818  -41.596  -68.038  8.496 0.1000000015
18849  -32.303  -68.308  6.689 0.1000000015
18851  -34.502  -68.736  7.110 0.1000000015
18871  -38.556  -68.801  5.219 0.1000000015
18872  -40.800  -69.008  5.453 0.1000000015
18885  -40.418  -68.916  5.020 0.1000000015
19707  -41.678  -67.612  26.611 0.1000000015
19710  -44.432  -67.785  26.287 0.4000000060
19727  -49.760  -67.325  25.048 0.5000000000
19728  -50.304  -66.981  25.095 0.5000000000
19737  -42.144  -67.955  24.606 0.1000000015
19738  -48.833  -66.722  24.411 0.5000000000
19740  -49.902  -67.128  24.754 0.5000000000
19774  -45.896  -68.096  22.843 0.5000000000
19804  -43.855  -68.092  20.796 0.3000000119
19826  -40.759  -67.214  18.830 0.1000000015
19840  -41.700  -68.197  17.479 0.1000000015
19880  -42.352  -68.308  14.700 0.1000000015
19889  -39.412  -66.826  12.694 0.1000000015
19907  -39.401  -66.797  12.403 0.1000000015
19926  -39.699  -66.998  11.440 0.1000000015
19929  -42.199  -67.881  12.120 0.2000000030
19965  -40.151  -67.307  9.346 0.1000000015
19967  -41.237  -67.553  8.261 0.1000000015
20012  -36.004  -67.252  6.139 0.1000000015
20032  -38.779  -68.004  4.601 0.1000000015
20830  -31.746  -65.718  28.573 0.1000000015
20855  -42.206  -66.330  27.257 0.1000000015
20867  -42.756  -66.464  26.971 0.1000000015
20881  -41.100  -67.128  25.365 0.1000000015
20882  -44.565  -66.605  26.342 0.4000000060
20888  -50.214  -66.811  25.136 0.5000000000
20898  -32.955  -67.391  24.996 0.1000000015
20902  -48.776  -66.553  24.252 0.6000000238
20903  -49.336  -66.552  24.468 0.5000000000
20904  -49.902  -66.630  24.630 0.5000000000
20905  -50.291  -66.846  24.899 0.5000000000
20920  -44.536  -66.284  23.271 0.4000000060
20926  -49.631  -66.214  24.535 0.5000000000
20952  -43.389  -66.809  22.135 0.3000000119
20965  -40.889  -66.207  20.093 0.1000000015
21049  -39.453  -66.844  13.277 0.1000000015
21063  -38.959  -66.703  12.320 0.1000000015
21064  -39.360  -66.781  12.157 0.1000000015
21076  -38.164  -66.203  11.953 0.1000000015
21077  -38.487  -66.416  11.701 0.1000000015
21087  -38.450  -66.340  10.948 0.1000000015
21137  -37.004  -67.514  6.189 0.1000000015
21156  -37.152  -66.899  5.886 0.1000000015
21177  -37.630  -66.441  5.218 0.1000000015
21940  -32.190  -65.481  30.252 0.1000000015
21952  -31.649  -65.298  28.167 0.1000000015
21953  -31.861  -65.712  27.748 0.1000000015
21983  -43.385  -66.021  26.740 0.1000000015
22001  -50.361  -66.575  25.047 0.5000000000
22013  -44.313  -65.430  25.622 0.5000000000
22015  -48.238  -65.446  25.145 0.5000000000
22018  -50.236  -66.455  24.890 0.5000000000
22030  -32.932  -64.899  23.536 0.1000000015
22033  -44.213  -65.795  23.156 0.4000000060
22048  -44.360  -65.187  22.990 0.4000000060
22170  -38.146  -66.105  11.325 0.1000000015
22181  -37.860  -65.383  11.310 0.1000000015
22182  -38.035  -65.701  10.951 0.1000000015
22254  -35.527  -66.016  4.833 0.1000000015
22277  -36.482  -65.641  4.418 0.1000000015
22315  -39.195  -65.342  2.434 0.1000000015
22318  -40.688  -64.823  2.754 0.1000000015
22332  -40.233  -64.722  1.914 0.1000000015
23090  -49.688  -65.665  24.994 0.6000000238
23159  -33.530  -64.417  21.594 0.1000000015
23160  -34.289  -64.128  21.280 0.1000000015
23165  -41.503  -64.589  21.628 0.1000000015
23166  -41.853  -64.885  21.875 0.2000000030
23168  -43.748  -63.928  22.002 0.3000000119
23186  -47.046  -63.824  19.880 0.4000000060
23217  -46.359  -63.957  19.067 0.3000000119
23297  -37.782  -64.832  11.458 0.1000000015
23309  -38.035  -64.802  10.687 0.1000000015
23319  -38.385  -64.903  9.798 0.1000000015
23388  -41.750  -64.627  4.970 0.1000000015
23400  -41.478  -64.733  4.294 0.1000000015
23413  -38.128  -64.846  2.837 0.1000000015
23415  -41.131  -64.814  3.662 0.1000000015
23430  -40.708  -64.534  2.505 0.1000000015
23445  -40.023  -64.047  1.617 0.1000000015
23446  -40.585  -64.270  2.024 0.1000000015
23447  -40.848  -64.071  2.477 0.1000000015
24214  -42.183  -64.145  26.342 0.3000000119
24253  -44.797  -63.242  23.976 0.4000000060
24274  -41.673  -64.132  21.880 0.1000000015
24275  -41.933  -63.952  22.110 0.1000000015
24284  -33.697  -64.067  21.858 0.1000000015
24296  -46.980  -63.785  20.536 0.4000000060
24324  -46.422  -63.845  19.470 0.3000000119
24378  -46.329  -62.763  15.871 0.1000000015
24424  -40.640  -62.780  12.281 0.1000000015
24441  -37.907  -64.245  11.387 0.1000000015
24446  -41.613  -62.403  11.985 0.1000000015
24474  -38.613  -64.363  9.562 0.1000000015
24496  -39.642  -63.299  8.545 0.1000000015
24518  -39.779  -63.646  7.769 0.1000000015
24607  -39.721  -63.360  1.179 0.1000000015
25374  -39.759  -62.219  25.253 0.2000000030
25388  -40.284  -62.216  24.239 0.3000000119
25411  -47.984  -62.173  22.613 0.5000000000
25429  -43.036  -62.530  20.980 0.1000000015
25452  -43.639  -62.531  19.375 0.2000000030
25526  -47.942  -61.708  14.377 0.1000000015
25527  -48.201  -61.610  14.348 0.1000000015
25564  -41.153  -61.983  12.548 0.1000000015
25565  -41.731  -61.995  12.082 0.1000000015
25580  -41.483  -62.606  11.260 0.1000000015
25624  -40.185  -62.814  9.443 0.1000000015
25628  -44.080  -62.357  10.054 0.1000000015
25650  -40.410  -62.653  8.716 0.1000000015
25654  -44.606  -62.258  9.272 0.1000000015
25655  -45.334  -62.233  9.069 0.1000000015
25670  -41.431  -62.136  7.559 0.1000000015
25753  -42.101  -62.401  2.678 0.1000000015
26536  -39.995  -62.147  24.354 0.3000000119
26547  -38.720  -61.056  24.082 0.2000000030
26591  -48.059  -61.838  21.376 0.4000000060
26647  -42.791  -61.734  17.720 0.1000000015
26709  -40.581  -61.487  12.934 0.1000000015
26710  -41.068  -61.348  12.777 0.1000000015
26711  -48.143  -60.754  13.426 0.1000000015
26713  -49.104  -61.036  13.688 0.1000000015
26736  -43.828  -61.384  11.083 0.1000000015
26737  -44.384  -61.473  10.732 0.1000000015
26747  -44.934  -61.558  10.419 0.1000000015
26762  -46.039  -61.590  9.209 0.1000000015
26764  -47.244  -60.678  8.769 0.1000000015
26780  -44.978  -62.197  8.565 0.1000000015
26783  -47.274  -60.716  8.191 0.1000000015
26798  -41.974  -61.774  7.968 0.1000000015
26804  -47.424  -60.285  7.584 0.1000000015
26844  -45.963  -60.367  5.403 0.1000000015
26861  -44.707  -60.538  4.508 0.1000000015
26904  -43.038  -61.325  2.055 0.1000000015
27700  -42.354  -60.840  22.855 0.4000000060
27742  -45.452  -60.041  20.952 0.5000000000
27763  -45.707  -59.789  19.664 0.5000000000
27814  -41.997  -60.421  17.140 0.1000000015
27815  -42.464  -60.341  17.103 0.1000000015
27817  -43.213  -59.813  16.700 0.1000000015
27853  -41.345  -60.622  12.559 0.1000000015
27857  -49.829  -59.723  13.488 0.1000000015
27889  -44.891  -60.759  10.404 0.1000000015
27920  -46.693  -61.061  9.310 0.1000000015
27921  -47.139  -60.468  9.196 0.1000000015
27940  -47.614  -60.036  8.172 0.1000000015
27959  -47.520  -59.889  7.689 0.1000000015
27990  -45.807  -60.097  4.888 0.1000000015
27991  -46.101  -59.729  5.204 0.1000000015
28005  -45.162  -60.332  4.274 0.1000000015
28007  -45.668  -59.588  4.654 0.1000000015
28019  -44.380  -60.481  3.612 0.1000000015
28021  -45.245  -59.785  3.465 0.1000000015
28031  -43.887  -60.369  2.669 0.1000000015
28032  -44.433  -60.053  2.669 0.1000000015
28866  -44.522  -59.903  21.664 0.5000000000
28908  -44.573  -58.936  20.098 0.5000000000
28910  -45.653  -59.726  20.188 0.5000000000
28965  -42.561  -59.873  17.063 0.1000000015
28966  -42.955  -59.472  16.757 0.1000000015
28968  -45.402  -59.283  15.963 0.1000000015
29063  -48.109  -59.157  8.984 0.1000000015
29085  -45.677  -59.000  8.667 0.1000000015
29087  -47.460  -59.949  9.022 0.1000000015
29088  -47.692  -59.554  8.739 0.1000000015
29113  -46.358  -59.354  8.200 0.1000000015
29137  -47.322  -59.668  7.615 0.1000000015
29155  -46.174  -59.220  5.953 0.1000000015
29183  -43.587  -59.047  3.640 0.1000000015
29185  -45.298  -59.241  4.361 0.1000000015
29186  -45.741  -59.465  4.850 0.1000000015
29206  -44.614  -59.915  2.786 0.1000000015
29216  -43.183  -60.104  1.676 0.1000000015
29217  -43.573  -60.231  2.049 0.1000000015
30072  -42.664  -58.879  21.742 0.3000000119
30147  -42.926  -58.819  16.782 0.1000000015
30150  -45.505  -58.498  16.092 0.1000000015
30169  -43.064  -58.903  16.471 0.1000000015
30258  -45.816  -58.266  10.576 0.1000000015
30278  -42.628  -57.894  10.087 0.1000000015
30304  -46.237  -58.366  8.717 0.1000000015
30305  -46.664  -58.045  8.594 0.1000000015
30306  -47.959  -58.913  8.762 0.1000000015
30326  -46.450  -58.815  8.519 0.1000000015
30328  -47.497  -58.700  8.568 0.1000000015
30363  -44.908  -58.813  4.855 0.1000000015
30364  -45.229  -58.938  4.773 0.1000000015
30374  -43.969  -58.740  4.171 0.1000000015
30375  -44.669  -58.855  4.395 0.1000000015
31341  -43.123  -56.967  20.584 0.3000000119
31399  -42.852  -58.245  16.398 0.1000000015
31418  -42.853  -58.264  15.985 0.1000000015
31467  -51.196  -56.709  13.284 0.1000000015
31488  -50.707  -57.116  12.805 0.1000000015
31506  -40.458  -57.004  11.249 0.1000000015
31520  -40.140  -57.522  10.735 0.1000000015
31526  -47.118  -57.755  9.789 0.1000000015
31548  -46.617  -56.991  8.588 0.1000000015
31549  -46.864  -57.552  8.542 0.1000000015
32349  -39.942  -56.575  30.133 0.1000000015
32359  -38.913  -56.163  29.997 0.1000000015
32371  -39.832  -56.491  28.902 0.1000000015
32383  -41.620  -56.790  27.270 0.1000000015
32481  -40.186  -56.847  21.978 0.3000000119
32611  -51.516  -56.173  13.315 0.1000000015
32650  -40.920  -56.400  11.414 0.1000000015
32652  -41.977  -56.128  11.104 0.1000000015
32663  -41.929  -56.765  11.079 0.1000000015
32665  -43.132  -56.364  10.362 0.1000000015
32669  -47.424  -57.272  9.424 0.1000000015
32677  -43.770  -56.409  9.893 0.1000000015
32689  -46.957  -56.707  8.554 0.1000000015
32690  -47.368  -57.240  8.711 0.1000000015
33523  -36.064  -55.518  26.457 0.1000000015
33542  -36.669  -55.373  25.210 0.3000000119
33567  -46.574  -55.241  24.785 0.1000000015
33777  -50.857  -56.173  12.258 0.1000000015
33795  -41.412  -55.799  11.287 0.1000000015
33796  -41.788  -55.990  11.192 0.1000000015
33806  -41.494  -55.338  11.043 0.1000000015
33809  -45.220  -55.439  10.645 0.1000000015
33821  -44.924  -55.872  9.055 0.1000000015
33823  -47.291  -56.223  8.933 0.1000000015
34624  -36.998  -54.888  25.668 0.2000000030
34627  -38.909  -54.742  26.171 0.1000000015
34643  -37.320  -54.816  25.168 0.2000000030
34670  -46.993  -55.061  24.320 0.1000000015
34687  -45.706  -54.346  24.050 0.1000000015
34707  -40.217  -55.026  22.195 0.3000000119
34794  -42.371  -54.524  17.295 0.1000000015
34808  -42.634  -54.118  17.019 0.1000000015
34921  -41.437  -54.775  10.746 0.1000000015
34925  -45.732  -54.839  10.427 0.1000000015
34933  -42.926  -54.552  9.808 0.1000000015
34934  -43.485  -54.748  9.395 0.1000000015
34935  -46.309  -54.891  9.565 0.1000000015
34941  -44.104  -54.685  8.726 0.1000000015
34950  -45.220  -53.968  8.137 0.1000000015
35746  -38.575  -54.145  23.806 0.3000000119
35865  -42.194  -53.691  17.716 0.1000000015
35866  -42.567  -53.414  17.688 0.1000000015
35869  -46.639  -53.853  17.279 0.2000000030
35882  -42.124  -53.778  17.278 0.1000000015
35883  -42.447  -53.734  17.232 0.1000000015
36012  -45.925  -54.588  10.121 0.1000000015
36054  -45.443  -53.633  8.303 0.1000000015
36908  -41.255  -52.917  22.855 0.3000000119
36926  -41.047  -53.266  22.250 0.3000000119
36940  -41.186  -53.569  21.813 0.3000000119
37024  -42.918  -52.709  17.683 0.1000000015
37174  -45.148  -53.186  9.404 0.1000000015
37184  -42.170  -52.732  8.036 0.1000000015
38173  -46.098  -52.084  18.850 0.2000000030
38174  -46.365  -52.013  18.703 0.2000000030
38175  -49.118  -51.839  18.431 0.1000000015
38365  -41.324  -51.802  7.390 0.1000000015
39526  -42.937  -50.455  8.623 0.1000000015
40754  -43.077  -49.965  8.823 0.1000000015
40770  -42.534  -49.879  8.621 0.1000000015
41960  -42.436  -49.421  8.906 0.1000000015
