#!ascii label  , from subject 3481 vox2ras=TkReg
1987
65432  49.697  -22.369  39.441 0.0000000000
47742  43.417  -38.764  51.583 0.0000000000
38577  30.126  -45.486  50.252 0.0000000000
37390  23.364  -46.646  53.571 0.0000000000
43040  37.260  -42.209  57.585 0.0000000000
47837  35.320  -38.463  45.919 0.0000000000
54301  44.166  -32.157  41.102 0.0000000000
73455  56.479  -14.955  41.143 0.0000000000
53061  48.078  -33.362  49.021 0.0000000000
39799  47.144  -45.974  44.191 0.0000000000
43302  39.240  -41.753  40.976 0.0000000000
37383  30.910  -47.627  54.139 0.0000000000
38547  26.189  -46.518  51.210 0.0000000000
36162  27.106  -47.967  55.763 0.0000000000
40786  34.675  -44.439  52.666 0.0000000000
56335  52.803  -29.514  47.018 0.0000000000
48758  42.173  -37.228  59.453 0.0000000000
46480  45.857  -39.641  56.234 0.0000000000
40793  46.429  -44.635  51.514 0.0000000000
40835  42.638  -44.218  48.598 0.0000000000
40952  42.837  -43.665  43.397 0.0000000000
40855  39.364  -43.089  46.551 0.0000000000
45560  30.355  -40.378  43.223 0.0000000000
47939  33.001  -38.000  40.018 0.0000000000
71143  51.811  -17.687  38.832 0.0000000000
67729  55.978  -20.603  38.092 0.0000000000
40919  27.796  -43.880  44.795 0.0000000000
38657  24.384  -45.711  45.860 0.0000000000
46539  40.002  -39.075  55.119 0.0000000000
47785  39.974  -38.526  49.162 0.0000000000
45438  36.718  -40.787  51.459 0.0000000000
43180  33.069  -42.107  48.509 0.0000000000
59756  47.023  -27.348  40.306 0.0000000000
36085  25.035  -47.752  60.289 0.0000000000
36135  20.508  -48.743  57.959 0.0000000000
69996  53.297  -18.658  43.848 0.0000000000
63053  53.613  -24.258  41.764 0.0000000000
57473  49.703  -28.393  43.814 0.0000000000
54227  46.498  -32.524  45.448 0.0000000000
46708  43.593  -39.563  45.487 0.0000000000
50954  49.015  -35.214  53.210 0.0000000000
43185  46.233  -42.895  48.240 0.0000000000
42112  49.444  -43.207  42.094 0.0000000000
43270  46.845  -42.705  41.092 0.0000000000
44394  35.515  -41.311  43.863 0.0000000000
36141  31.189  -48.281  56.320 0.0000000000
36175  29.127  -47.936  55.008 0.0000000000
36125  30.013  -48.286  57.218 0.0000000000
37344  32.748  -46.941  55.161 0.0000000000
49895  43.154  -36.951  55.946 0.0000000000
46538  44.414  -39.478  54.540 0.0000000000
40783  43.867  -44.145  52.550 0.0000000000
43125  42.631  -42.651  51.054 0.0000000000
40837  40.930  -43.584  48.148 0.0000000000
44325  40.942  -41.961  49.569 0.0000000000
44440  28.396  -41.329  41.542 0.0000000000
45599  29.113  -40.221  40.323 0.0000000000
67711  51.223  -20.167  39.276 0.0000000000
67746  51.106  -20.013  37.227 0.0000000000
66599  48.495  -21.987  37.692 0.0000000000
39747  28.491  -44.221  47.716 0.0000000000
39787  26.497  -44.761  45.520 0.0000000000
39749  27.113  -44.840  47.466 0.0000000000
37402  24.703  -46.562  52.403 0.0000000000
38567  23.546  -46.498  50.200 0.0000000000
37420  22.715  -47.154  50.701 0.0000000000
36190  21.463  -48.190  52.385 0.0000000000
45294  39.735  -39.780  58.720 0.0000000000
45347  38.846  -40.751  56.378 0.0000000000
46558  38.456  -39.956  53.246 0.0000000000
44247  37.332  -41.506  54.575 0.0000000000
39699  32.356  -45.311  51.645 0.0000000000
41977  34.113  -43.264  50.400 0.0000000000
40841  31.105  -43.270  49.488 0.0000000000
42029  29.757  -42.754  47.031 0.0000000000
56465  45.481  -29.992  40.959 0.0000000000
57561  43.917  -29.185  37.646 0.0000000000
55464  43.602  -31.422  38.627 0.0000000000
34913  19.876  -49.429  59.654 0.0000000000
60820  52.123  -26.405  42.500 0.0000000000
59708  53.875  -26.948  44.497 0.0000000000
55287  50.085  -31.080  48.121 0.0000000000
55327  49.606  -30.811  46.398 0.0000000000
53094  47.093  -33.070  47.276 0.0000000000
51044  44.627  -35.822  46.042 0.0000000000
49998  45.747  -36.564  47.760 0.0000000000
37452  47.899  -46.766  47.825 0.0000000000
41972  47.258  -44.034  49.820 0.0000000000
39759  48.717  -45.434  46.452 0.0000000000
42037  48.383  -43.709  45.369 0.0000000000
39828  48.612  -44.885  43.604 0.0000000000
40983  48.281  -43.075  40.702 0.0000000000
42093  46.899  -43.645  42.363 0.0000000000
43298  42.678  -41.974  40.814 0.0000000000
47818  38.005  -38.567  47.191 0.0000000000
45521  39.589  -39.816  45.393 0.0000000000
47871  36.992  -38.069  44.225 0.0000000000
45638  34.094  -40.437  38.213 0.0000000000
74553  58.768  -14.369  40.326 0.0000000000
72301  58.241  -16.068  39.649 0.0000000000
38543  30.149  -46.826  51.717 0.0000000000
38562  28.314  -46.389  50.742 0.0000000000
37410  28.272  -47.057  52.219 0.0000000000
37387  27.002  -47.306  53.704 0.0000000000
37369  25.273  -47.189  54.398 0.0000000000
40688  36.062  -44.143  57.275 0.0000000000
41887  36.411  -43.405  55.742 0.0000000000
38487  34.831  -45.589  55.292 0.0000000000
38512  33.093  -45.945  53.161 0.0000000000
59664  53.950  -26.904  46.819 0.0000000000
55239  51.030  -31.990  50.516 0.0000000000
41894  45.726  -43.008  54.394 0.0000000000
39705  45.110  -45.697  50.251 0.0000000000
39762  44.651  -45.658  46.634 0.0000000000
40931  44.896  -44.639  43.391 0.0000000000
39785  42.956  -44.620  45.008 0.0000000000
40914  40.986  -43.743  44.846 0.0000000000
42080  38.783  -43.409  43.854 0.0000000000
46714  33.008  -39.345  45.208 0.0000000000
47888  34.512  -37.537  43.406 0.0000000000
47891  31.546  -38.474  42.811 0.0000000000
72303  54.361  -15.710  40.528 0.0000000000
72333  56.146  -16.684  38.864 0.0000000000
71176  53.572  -17.876  37.579 0.0000000000
38595  25.005  -45.662  48.744 0.0000000000
47639  41.033  -38.527  57.450 0.0000000000
47690  41.282  -37.986  54.155 0.0000000000
47764  42.087  -38.096  50.381 0.0000000000
47746  39.879  -38.611  51.640 0.0000000000
46631  38.553  -39.248  50.068 0.0000000000
46650  36.477  -39.986  49.381 0.0000000000
43113  35.906  -42.566  52.388 0.0000000000
44327  34.885  -41.483  49.944 0.0000000000
45505  33.523  -40.100  47.434 0.0000000000
44371  31.739  -41.347  46.459 0.0000000000
43231  29.326  -42.327  44.276 0.0000000000
61949  48.466  -25.421  39.603 0.0000000000
63106  46.873  -24.522  37.895 0.0000000000
60868  45.735  -26.128  37.813 0.0000000000
36112  26.350  -47.902  58.362 0.0000000000
37323  24.036  -47.519  56.973 0.0000000000
36100  23.042  -47.559  59.628 0.0000000000
37352  21.510  -47.431  55.920 0.0000000000
73443  53.657  -15.496  42.930 0.0000000000
71111  51.909  -17.472  42.044 0.0000000000
67693  52.419  -20.327  40.355 0.0000000000
64230  52.059  -23.440  40.842 0.0000000000
60844  49.912  -26.067  40.687 0.0000000000
58587  48.705  -28.400  42.058 0.0000000000
56424  46.961  -30.098  42.667 0.0000000000
57435  51.569  -29.298  45.329 0.0000000000
56390  48.294  -30.601  44.551 0.0000000000
54262  45.538  -32.197  43.235 0.0000000000
51087  43.182  -35.513  43.984 0.0000000000
46740  42.975  -39.733  43.463 0.0000000000
52000  48.490  -34.374  51.283 0.0000000000
46577  47.645  -39.901  52.150 0.0000000000
47780  47.166  -38.511  50.420 0.0000000000
48894  46.460  -37.423  48.869 0.0000000000
44365  44.859  -41.214  46.711 0.0000000000
44388  47.441  -42.248  44.117 0.0000000000
42117  44.557  -43.065  41.995 0.0000000000
45502  40.040  -40.889  47.149 0.0000000000
43198  37.363  -42.377  45.741 0.0000000000
42103  36.728  -42.345  42.141 0.0000000000
46743  35.108  -39.374  42.152 0.0000000000
43307  35.560  -41.419  40.504 0.0000000000
36142  30.352  -48.365  56.519 0.0000000000
37321  30.187  -47.865  57.348 0.0000000000
48836  43.555  -38.211  53.137 0.0000000000
48823  44.168  -38.276  54.607 0.0000000000
46555  43.986  -39.658  53.340 0.0000000000
44278  43.400  -41.164  52.856 0.0000000000
45434  43.279  -40.346  51.489 0.0000000000
44307  41.878  -42.157  50.317 0.0000000000
45450  42.841  -40.371  50.211 0.0000000000
66558  50.673  -21.188  39.347 0.0000000000
67712  50.519  -20.568  38.739 0.0000000000
66560  49.198  -21.871  38.905 0.0000000000
39736  29.081  -44.751  48.497 0.0000000000
39748  28.113  -44.807  47.544 0.0000000000
39725  29.043  -45.455  49.282 0.0000000000
38515  23.540  -46.548  52.816 0.0000000000
38550  23.337  -46.662  51.367 0.0000000000
37403  22.524  -46.970  52.194 0.0000000000
37415  22.219  -47.686  51.252 0.0000000000
37404  21.979  -47.350  52.381 0.0000000000
41857  36.832  -42.640  58.726 0.0000000000
43010  37.803  -41.754  58.715 0.0000000000
44163  38.362  -41.369  58.411 0.0000000000
43057  37.995  -41.751  56.769 0.0000000000
44225  37.947  -41.344  55.334 0.0000000000
43076  37.372  -42.161  55.661 0.0000000000
39711  31.323  -44.910  50.772 0.0000000000
40810  32.099  -44.255  50.415 0.0000000000
40825  30.609  -43.944  49.934 0.0000000000
40842  29.974  -43.666  49.292 0.0000000000
55434  44.521  -31.330  40.466 0.0000000000
55448  44.161  -31.021  39.349 0.0000000000
55449  43.772  -31.794  39.767 0.0000000000
61900  56.637  -25.187  43.971 0.0000000000
60802  54.330  -26.247  43.594 0.0000000000
60784  54.591  -26.661  44.750 0.0000000000
54171  49.020  -32.279  49.084 0.0000000000
54193  48.221  -32.361  47.898 0.0000000000
53079  47.377  -33.266  48.014 0.0000000000
52040  46.040  -34.500  47.351 0.0000000000
52024  46.526  -34.731  48.217 0.0000000000
38647  47.614  -46.569  45.724 0.0000000000
38604  48.594  -45.998  47.765 0.0000000000
38660  48.545  -45.985  45.614 0.0000000000
40888  48.790  -45.190  45.150 0.0000000000
39814  48.240  -45.493  43.930 0.0000000000
39830  47.753  -44.629  43.064 0.0000000000
39815  47.310  -45.272  43.541 0.0000000000
47819  37.281  -38.703  46.937 0.0000000000
47852  37.868  -38.269  45.445 0.0000000000
47853  37.016  -38.154  45.319 0.0000000000
74555  57.621  -14.343  41.099 0.0000000000
73454  57.364  -14.796  40.625 0.0000000000
38530  30.505  -47.131  52.482 0.0000000000
37408  30.024  -47.268  52.533 0.0000000000
37397  29.622  -47.457  53.170 0.0000000000
36176  28.293  -47.909  55.283 0.0000000000
37386  28.070  -47.481  53.872 0.0000000000
37367  27.472  -47.630  54.791 0.0000000000
37368  26.380  -47.396  54.491 0.0000000000
37348  25.976  -47.592  55.479 0.0000000000
39597  35.244  -45.194  57.537 0.0000000000
39616  35.829  -44.816  56.866 0.0000000000
38460  35.021  -45.995  56.696 0.0000000000
37362  32.211  -47.162  54.663 0.0000000000
38499  33.085  -46.443  54.419 0.0000000000
38513  32.199  -46.669  53.546 0.0000000000
38528  32.208  -46.013  52.348 0.0000000000
47654  45.376  -38.207  56.469 0.0000000000
48788  45.815  -37.529  57.261 0.0000000000
46479  46.341  -39.381  56.354 0.0000000000
43053  46.533  -41.494  55.511 0.0000000000
43055  45.463  -42.103  55.473 0.0000000000
39722  43.435  -44.673  50.764 0.0000000000
39694  44.485  -45.262  51.746 0.0000000000
40817  43.999  -44.965  49.490 0.0000000000
39733  45.555  -45.991  48.607 0.0000000000
40849  44.201  -44.910  47.800 0.0000000000
39784  43.414  -45.094  45.787 0.0000000000
40867  43.186  -44.539  46.738 0.0000000000
40838  40.247  -43.359  47.912 0.0000000000
40870  40.577  -43.783  46.427 0.0000000000
40871  39.755  -43.509  46.181 0.0000000000
40937  39.510  -43.641  44.325 0.0000000000
40894  38.762  -43.451  45.393 0.0000000000
45541  31.986  -39.644  44.661 0.0000000000
46744  32.179  -38.637  43.906 0.0000000000
46746  30.877  -39.518  43.157 0.0000000000
72319  53.306  -16.244  39.514 0.0000000000
72335  54.128  -16.597  38.691 0.0000000000
71159  52.751  -17.376  37.932 0.0000000000
67745  52.502  -20.247  36.877 0.0000000000
42067  27.624  -43.571  44.152 0.0000000000
40920  27.052  -44.313  44.148 0.0000000000
38563  27.510  -46.448  50.830 0.0000000000
38581  26.464  -46.060  49.790 0.0000000000
38582  25.405  -45.972  49.616 0.0000000000
37442  23.199  -47.669  48.211 0.0000000000
38597  23.532  -46.747  47.820 0.0000000000
46502  40.149  -39.312  56.756 0.0000000000
46481  40.644  -38.840  58.307 0.0000000000
47656  40.597  -38.784  56.535 0.0000000000
47672  41.262  -38.107  55.234 0.0000000000
47691  40.546  -38.497  54.629 0.0000000000
47726  40.562  -38.185  52.343 0.0000000000
46556  39.956  -39.115  54.128 0.0000000000
45436  37.852  -40.148  52.389 0.0000000000
46580  38.427  -39.776  52.648 0.0000000000
46605  37.519  -40.119  51.279 0.0000000000
46649  37.276  -39.718  49.503 0.0000000000
45463  36.961  -40.240  50.405 0.0000000000
40762  35.241  -44.311  53.564 0.0000000000
41913  36.062  -43.194  53.372 0.0000000000
40785  35.198  -43.900  52.807 0.0000000000
41987  33.114  -43.187  49.351 0.0000000000
43149  34.602  -42.558  50.489 0.0000000000
43179  33.830  -41.751  49.179 0.0000000000
44348  34.186  -41.112  49.096 0.0000000000
44362  33.155  -41.070  47.925 0.0000000000
44369  32.894  -40.717  47.228 0.0000000000
43199  31.826  -41.621  46.899 0.0000000000
42030  29.092  -43.062  46.691 0.0000000000
42044  29.986  -42.687  46.184 0.0000000000
42066  28.401  -43.148  44.621 0.0000000000
60858  47.340  -26.468  39.758 0.0000000000
61951  46.589  -25.886  38.742 0.0000000000
59769  46.017  -26.830  39.380 0.0000000000
59779  43.683  -28.444  36.720 0.0000000000
36097  26.097  -47.866  59.175 0.0000000000
36148  25.165  -47.767  57.048 0.0000000000
36114  24.494  -47.713  58.554 0.0000000000
36102  21.164  -48.312  59.705 0.0000000000
36134  21.389  -47.962  57.589 0.0000000000
37325  22.469  -47.503  57.612 0.0000000000
36149  21.060  -47.870  56.513 0.0000000000
36179  20.439  -48.302  54.743 0.0000000000
34933  20.093  -49.241  56.018 0.0000000000
73430  55.337  -15.245  43.492 0.0000000000
72270  53.069  -16.623  43.975 0.0000000000
69997  52.606  -18.309  43.298 0.0000000000
68892  52.557  -19.444  41.155 0.0000000000
68891  53.106  -19.986  41.502 0.0000000000
65413  54.283  -22.559  41.766 0.0000000000
65415  52.718  -22.732  41.059 0.0000000000
63071  52.207  -24.088  41.155 0.0000000000
61937  51.158  -24.902  40.717 0.0000000000
61928  51.525  -25.391  41.156 0.0000000000
59729  51.116  -27.314  43.156 0.0000000000
59731  49.687  -27.771  42.449 0.0000000000
58571  48.853  -28.384  42.946 0.0000000000
57476  47.523  -29.403  42.670 0.0000000000
56422  48.499  -29.498  43.695 0.0000000000
58498  53.320  -28.220  47.310 0.0000000000
58521  52.874  -27.711  46.295 0.0000000000
56349  52.161  -29.766  46.166 0.0000000000
55309  47.751  -32.024  45.974 0.0000000000
55353  48.672  -30.853  45.383 0.0000000000
55331  46.799  -31.766  44.914 0.0000000000
55356  46.746  -31.575  44.236 0.0000000000
54247  45.711  -32.636  44.163 0.0000000000
53125  44.621  -33.580  44.037 0.0000000000
52071  44.820  -34.575  44.957 0.0000000000
48935  43.759  -37.718  45.729 0.0000000000
48936  43.233  -37.669  45.031 0.0000000000
46722  43.141  -39.675  44.655 0.0000000000
45535  43.977  -41.153  43.846 0.0000000000
51991  48.930  -34.666  51.967 0.0000000000
44264  46.910  -42.096  53.240 0.0000000000
45395  47.919  -40.565  53.386 0.0000000000
44277  46.830  -41.902  52.665 0.0000000000
41995  46.729  -43.369  48.634 0.0000000000
44322  46.199  -41.660  49.793 0.0000000000
44342  46.062  -41.239  49.309 0.0000000000
47781  46.921  -38.515  49.732 0.0000000000
45478  45.822  -40.316  48.389 0.0000000000
46661  45.765  -39.466  48.115 0.0000000000
44364  45.387  -41.585  47.248 0.0000000000
43221  48.940  -43.489  44.170 0.0000000000
43224  47.735  -42.924  44.782 0.0000000000
43247  48.557  -42.704  43.868 0.0000000000
44407  48.158  -41.848  43.533 0.0000000000
43269  49.521  -42.596  41.603 0.0000000000
42137  49.409  -42.979  41.305 0.0000000000
42140  47.946  -42.994  40.385 0.0000000000
40993  48.102  -43.336  39.238 0.0000000000
40951  43.740  -43.865  43.246 0.0000000000
40950  44.544  -44.051  43.095 0.0000000000
42096  44.089  -43.517  42.620 0.0000000000
44451  44.455  -41.696  40.792 0.0000000000
47784  40.831  -38.438  49.347 0.0000000000
46663  41.910  -39.411  48.892 0.0000000000
46683  40.857  -39.163  47.478 0.0000000000
45523  37.214  -40.702  44.915 0.0000000000
45514  38.442  -41.104  45.903 0.0000000000
43210  36.132  -41.916  44.881 0.0000000000
42063  36.745  -43.014  44.162 0.0000000000
42083  36.257  -42.222  42.785 0.0000000000
47908  33.404  -37.627  41.787 0.0000000000
47906  35.150  -37.888  42.261 0.0000000000
46764  34.051  -38.504  41.075 0.0000000000
44481  34.878  -40.992  39.770 0.0000000000
44479  36.132  -41.643  39.466 0.0000000000
70074  56.260  -18.743  38.172 0.0000000000
71141  57.272  -17.582  38.752 0.0000000000
64283  47.979  -23.213  36.946 0.0000000000
36172  31.202  -47.978  54.942 0.0000000000
36184  29.970  -47.991  54.439 0.0000000000
36158  30.570  -48.288  55.691 0.0000000000
36159  29.744  -48.240  55.828 0.0000000000
36144  28.658  -48.210  56.699 0.0000000000
37345  32.090  -47.444  55.550 0.0000000000
49875  42.826  -36.699  57.999 0.0000000000
49862  43.776  -36.596  58.525 0.0000000000
49874  43.549  -36.814  57.442 0.0000000000
48801  44.704  -37.714  56.112 0.0000000000
45358  44.623  -40.542  55.290 0.0000000000
43073  44.615  -42.265  54.960 0.0000000000
43086  43.943  -42.362  53.923 0.0000000000
41934  43.226  -43.317  52.101 0.0000000000
40805  42.365  -43.758  49.971 0.0000000000
40836  41.693  -43.886  48.381 0.0000000000
41974  41.292  -43.161  49.661 0.0000000000
41984  40.546  -43.133  49.037 0.0000000000
43164  39.858  -42.630  48.638 0.0000000000
45561  29.611  -40.817  42.938 0.0000000000
46767  29.918  -39.632  42.168 0.0000000000
45584  28.682  -40.585  41.476 0.0000000000
70057  51.846  -18.422  39.544 0.0000000000
70077  51.455  -18.443  37.893 0.0000000000
67731  50.839  -19.899  38.304 0.0000000000
67747  50.212  -20.692  37.244 0.0000000000
40876  28.261  -43.752  46.727 0.0000000000
40898  27.333  -44.394  45.434 0.0000000000
39766  27.295  -44.551  46.448 0.0000000000
39767  26.231  -44.717  46.443 0.0000000000
39768  25.242  -44.970  46.526 0.0000000000
38548  25.308  -46.363  51.327 0.0000000000
38566  24.759  -46.139  50.382 0.0000000000
38549  24.256  -46.313  51.235 0.0000000000
34971  22.069  -49.290  51.402 0.0000000000
45330  39.412  -40.344  57.471 0.0000000000
45346  39.299  -40.133  56.412 0.0000000000
46540  39.343  -39.634  54.682 0.0000000000
45377  38.488  -40.467  54.817 0.0000000000
44246  37.830  -40.895  54.334 0.0000000000
44268  37.270  -41.125  53.638 0.0000000000
39685  34.032  -44.858  52.068 0.0000000000
40798  34.332  -44.090  51.657 0.0000000000
39709  33.016  -44.406  50.844 0.0000000000
40823  32.421  -43.735  49.857 0.0000000000
41999  31.940  -42.915  48.581 0.0000000000
42013  31.621  -42.451  47.846 0.0000000000
42000  30.638  -42.784  48.814 0.0000000000
40874  29.166  -43.107  47.908 0.0000000000
58606  45.791  -28.253  40.592 0.0000000000
58633  44.783  -28.284  39.016 0.0000000000
57536  44.870  -29.259  39.362 0.0000000000
56500  43.979  -30.499  38.348 0.0000000000
36103  20.493  -48.796  59.854 0.0000000000
36118  20.504  -48.845  59.045 0.0000000000
34927  19.903  -49.456  57.143 0.0000000000
33741  19.786  -50.441  57.469 0.0000000000
63034  54.664  -24.282  42.300 0.0000000000
61918  52.995  -25.550  42.192 0.0000000000
60819  53.415  -25.962  42.739 0.0000000000
60803  52.869  -26.511  43.433 0.0000000000
58553  51.363  -28.027  44.354 0.0000000000
56337  51.404  -30.424  47.840 0.0000000000
56350  50.996  -30.459  46.650 0.0000000000
55306  49.941  -30.854  47.112 0.0000000000
55308  48.267  -31.722  46.482 0.0000000000
54212  46.744  -32.781  46.172 0.0000000000
51062  44.737  -35.205  45.611 0.0000000000
52055  45.897  -34.047  46.696 0.0000000000
50016  44.729  -36.407  46.552 0.0000000000
47830  44.402  -38.619  46.627 0.0000000000
38555  47.072  -46.001  49.802 0.0000000000
40803  46.698  -44.235  50.981 0.0000000000
39718  48.283  -45.446  49.041 0.0000000000
40831  48.373  -44.738  48.363 0.0000000000
41993  48.138  -44.230  47.604 0.0000000000
42022  46.919  -43.730  46.398 0.0000000000
42018  48.549  -44.338  45.612 0.0000000000
42058  48.922  -44.103  44.676 0.0000000000
40944  49.186  -43.902  42.876 0.0000000000
40967  48.707  -43.339  41.382 0.0000000000
40968  48.296  -43.631  41.778 0.0000000000
40969  47.832  -43.770  42.003 0.0000000000
42114  47.472  -43.210  41.471 0.0000000000
42098  42.106  -43.354  42.816 0.0000000000
42119  42.525  -43.007  42.059 0.0000000000
43275  41.908  -42.562  41.473 0.0000000000
44453  42.174  -41.548  40.517 0.0000000000
45611  42.272  -40.351  39.508 0.0000000000
47801  38.894  -38.600  48.118 0.0000000000
47831  40.238  -38.503  46.789 0.0000000000
47850  39.239  -38.302  45.917 0.0000000000
46723  38.307  -38.878  44.460 0.0000000000
45538  36.982  -40.082  44.042 0.0000000000
46806  33.395  -39.292  39.349 0.0000000000
45639  33.273  -39.879  37.889 0.0000000000
74554  58.206  -13.941  41.117 0.0000000000
72289  58.937  -15.453  39.761 0.0000000000
71131  58.779  -17.094  39.201 0.0000000000
38560  30.284  -45.919  50.771 0.0000000000
38579  28.646  -45.957  49.903 0.0000000000
38561  29.346  -46.322  50.745 0.0000000000
38544  28.880  -46.776  51.514 0.0000000000
37411  27.297  -46.963  52.065 0.0000000000
37385  29.160  -47.744  54.124 0.0000000000
37399  27.643  -47.262  52.924 0.0000000000
37400  26.602  -47.102  52.699 0.0000000000
37388  25.868  -47.119  53.454 0.0000000000
37389  24.547  -46.719  53.204 0.0000000000
37370  24.120  -46.884  54.441 0.0000000000
41866  36.473  -43.408  57.645 0.0000000000
41886  36.951  -42.851  56.225 0.0000000000
40696  36.128  -44.174  56.310 0.0000000000
40714  35.480  -44.689  54.847 0.0000000000
39670  34.776  -44.959  53.703 0.0000000000
38475  34.289  -46.226  56.160 0.0000000000
38498  33.756  -45.732  53.897 0.0000000000
39672  33.517  -45.533  53.012 0.0000000000
39687  32.661  -45.622  52.229 0.0000000000
38542  31.184  -45.882  51.550 0.0000000000
53151  43.344  -33.456  42.114 0.0000000000
53177  42.660  -33.536  40.024 0.0000000000
52153  42.605  -34.903  41.031 0.0000000000
60752  56.275  -25.990  46.153 0.0000000000
57404  53.206  -29.051  48.655 0.0000000000
56328  51.534  -30.579  48.755 0.0000000000
55252  51.090  -31.273  49.651 0.0000000000
54151  49.208  -32.518  49.859 0.0000000000
43084  47.057  -42.020  54.895 0.0000000000
40756  45.788  -44.195  53.156 0.0000000000
40734  44.700  -43.827  53.662 0.0000000000
38525  45.315  -45.367  51.998 0.0000000000
38538  46.195  -45.494  50.868 0.0000000000
38576  46.313  -46.194  49.247 0.0000000000
38608  46.164  -46.592  47.074 0.0000000000
38649  45.891  -46.408  45.165 0.0000000000
39801  45.549  -45.793  43.975 0.0000000000
39802  44.712  -45.537  44.165 0.0000000000
39803  43.690  -44.941  44.419 0.0000000000
40912  43.040  -44.311  44.278 0.0000000000
40869  41.601  -43.967  46.710 0.0000000000
40913  42.281  -44.047  44.756 0.0000000000
40953  41.830  -43.585  43.513 0.0000000000
42099  40.858  -43.375  43.052 0.0000000000
42100  39.606  -43.120  42.976 0.0000000000
42122  39.185  -42.638  42.215 0.0000000000
46712  34.582  -38.812  46.043 0.0000000000
47855  34.875  -38.209  45.189 0.0000000000
47874  33.658  -38.057  44.137 0.0000000000
47890  32.366  -38.084  43.061 0.0000000000
47924  32.313  -37.602  41.098 0.0000000000
47927  29.740  -38.924  41.030 0.0000000000
49018  30.888  -37.890  40.799 0.0000000000
73456  55.654  -15.321  41.577 0.0000000000
73482  56.339  -15.767  39.588 0.0000000000
72334  55.283  -16.616  38.810 0.0000000000
71157  54.794  -17.365  38.129 0.0000000000
68965  54.879  -19.518  37.551 0.0000000000
68968  52.087  -19.150  36.920 0.0000000000
67744  53.615  -20.329  37.072 0.0000000000
38592  27.987  -45.790  49.369 0.0000000000
39738  26.680  -45.248  48.296 0.0000000000
39751  25.050  -45.260  47.326 0.0000000000
38583  24.330  -46.061  49.362 0.0000000000
38612  23.934  -46.208  47.460 0.0000000000
48776  41.649  -37.572  58.933 0.0000000000
48803  42.333  -37.252  56.545 0.0000000000
48826  41.951  -37.537  54.862 0.0000000000
48850  43.102  -37.846  52.429 0.0000000000
47763  42.970  -38.479  50.651 0.0000000000
48864  42.105  -37.656  51.432 0.0000000000
47745  40.740  -38.085  51.230 0.0000000000
47766  40.033  -38.479  50.327 0.0000000000
46557  39.125  -39.555  53.463 0.0000000000
46603  39.177  -39.047  50.998 0.0000000000
47767  39.397  -38.749  49.773 0.0000000000
46648  38.280  -39.022  48.856 0.0000000000
46666  37.526  -38.903  48.222 0.0000000000
46686  35.752  -39.193  47.594 0.0000000000
43088  36.621  -42.359  54.341 0.0000000000
43100  36.464  -42.406  53.775 0.0000000000
44281  36.327  -41.777  52.274 0.0000000000
41959  34.860  -43.229  51.400 0.0000000000
44296  35.568  -41.908  51.260 0.0000000000
44309  36.027  -41.146  50.882 0.0000000000
45465  35.494  -40.724  49.898 0.0000000000
46668  35.173  -39.741  48.365 0.0000000000
46688  34.263  -39.512  47.364 0.0000000000
45515  32.993  -40.085  46.377 0.0000000000
45525  32.223  -40.123  45.403 0.0000000000
44396  31.225  -41.053  44.976 0.0000000000
43200  31.194  -42.027  46.635 0.0000000000
44379  31.010  -41.623  45.242 0.0000000000
44414  30.349  -41.226  43.776 0.0000000000
43250  29.060  -41.886  43.501 0.0000000000
63094  48.749  -24.309  39.268 0.0000000000
64250  48.469  -23.385  38.955 0.0000000000
63095  48.061  -24.686  38.998 0.0000000000
59774  44.952  -27.179  38.112 0.0000000000
60870  44.448  -27.087  36.752 0.0000000000
54347  42.724  -32.966  38.857 0.0000000000
37307  29.770  -47.990  57.834 0.0000000000
36109  28.890  -48.227  58.019 0.0000000000
36127  28.387  -48.176  57.451 0.0000000000
36111  27.248  -47.915  58.269 0.0000000000
36146  26.862  -48.029  56.702 0.0000000000
36147  25.815  -47.814  56.605 0.0000000000
37335  24.624  -47.495  56.435 0.0000000000
37350  23.777  -47.034  55.503 0.0000000000
36099  24.221  -47.709  59.469 0.0000000000
37310  23.044  -47.494  57.910 0.0000000000
37337  22.541  -47.305  56.692 0.0000000000
37372  21.680  -47.115  54.624 0.0000000000
36178  20.806  -47.762  54.211 0.0000000000
73429  56.217  -15.056  43.222 0.0000000000
73441  55.510  -15.232  42.534 0.0000000000
73458  53.977  -15.510  41.983 0.0000000000
72291  52.306  -16.397  41.455 0.0000000000
73432  53.492  -15.791  43.821 0.0000000000
72278  52.376  -16.616  42.540 0.0000000000
71122  51.936  -17.422  40.935 0.0000000000
68907  52.161  -19.270  40.067 0.0000000000
67694  51.815  -20.383  39.814 0.0000000000
66547  51.659  -21.200  39.929 0.0000000000
66545  53.287  -21.327  41.115 0.0000000000
65421  51.890  -22.450  40.418 0.0000000000
64232  50.536  -23.389  40.066 0.0000000000
63074  50.177  -24.756  40.121 0.0000000000
61939  49.524  -25.473  40.103 0.0000000000
60845  49.213  -26.541  40.740 0.0000000000
60833  51.303  -26.254  41.635 0.0000000000
60835  49.504  -27.027  41.251 0.0000000000
58604  47.598  -28.109  41.217 0.0000000000
57515  46.072  -28.823  41.338 0.0000000000
56445  45.871  -30.281  41.653 0.0000000000
55401  45.095  -31.783  41.953 0.0000000000
59690  54.015  -27.268  45.143 0.0000000000
58536  52.258  -28.032  45.136 0.0000000000
57450  50.456  -29.066  44.830 0.0000000000
56369  49.824  -30.317  45.795 0.0000000000
56388  49.890  -29.409  45.000 0.0000000000
56403  48.993  -29.534  44.411 0.0000000000
56405  47.616  -30.534  43.537 0.0000000000
55378  46.159  -31.507  42.894 0.0000000000
54282  44.424  -32.477  42.127 0.0000000000
53140  43.524  -33.500  42.874 0.0000000000
51102  42.740  -35.416  43.291 0.0000000000
51063  44.051  -35.711  45.196 0.0000000000
48952  42.832  -37.515  44.237 0.0000000000
54135  50.309  -32.722  50.934 0.0000000000
52009  47.935  -34.245  50.308 0.0000000000
48860  47.889  -37.499  52.461 0.0000000000
44291  46.686  -41.507  51.642 0.0000000000
46601  47.503  -39.445  51.607 0.0000000000
48872  47.648  -37.246  51.810 0.0000000000
49951  47.225  -36.581  50.635 0.0000000000
50973  47.128  -35.935  50.305 0.0000000000
51000  46.612  -35.442  48.765 0.0000000000
48902  46.010  -37.455  48.115 0.0000000000
47814  45.020  -38.669  47.229 0.0000000000
45510  44.367  -40.346  46.466 0.0000000000
42041  45.793  -42.947  45.985 0.0000000000
43207  45.658  -42.637  45.423 0.0000000000
44391  44.314  -41.547  44.601 0.0000000000
44409  46.104  -41.343  43.796 0.0000000000
40982  48.721  -43.077  40.300 0.0000000000
41001  48.387  -43.216  38.816 0.0000000000
40930  45.742  -44.749  43.311 0.0000000000
42094  45.933  -43.649  42.470 0.0000000000
43271  45.978  -42.602  41.318 0.0000000000
43273  44.174  -42.386  41.355 0.0000000000
43297  44.775  -42.198  41.149 0.0000000000
46662  42.294  -39.952  49.158 0.0000000000
44345  40.712  -41.250  48.656 0.0000000000
44347  39.242  -41.867  47.777 0.0000000000
45512  40.434  -39.864  46.299 0.0000000000
44366  38.579  -41.529  46.280 0.0000000000
42012  38.815  -42.728  46.257 0.0000000000
42062  37.839  -43.348  44.560 0.0000000000
42102  37.513  -42.651  42.564 0.0000000000
43279  37.727  -42.136  41.396 0.0000000000
47872  35.817  -37.779  44.235 0.0000000000
46741  36.326  -38.690  43.067 0.0000000000
45558  35.308  -40.149  42.976 0.0000000000
45598  34.179  -39.961  40.449 0.0000000000
44439  34.896  -40.674  41.235 0.0000000000
43263  35.307  -41.382  42.486 0.0000000000
43282  36.270  -41.808  41.250 0.0000000000
43324  37.107  -41.908  40.166 0.0000000000
72316  56.855  -16.342  39.226 0.0000000000
71140  58.306  -17.451  39.011 0.0000000000
70055  58.755  -18.158  38.734 0.0000000000
65448  48.152  -22.565  37.984 0.0000000000
47724  43.783  -39.001  52.649 0.0000000000
46578  43.714  -39.904  52.682 0.0000000000
46602  43.504  -39.687  51.980 0.0000000000
45435  42.981  -40.899  50.941 0.0000000000
46628  43.360  -39.554  51.207 0.0000000000
65431  50.220  -21.765  39.380 0.0000000000
39724  30.082  -44.854  49.755 0.0000000000
38533  23.032  -46.700  52.226 0.0000000000
38516  22.818  -46.642  52.894 0.0000000000
38517  22.383  -46.898  52.805 0.0000000000
37391  22.305  -46.881  53.458 0.0000000000
41865  36.908  -42.792  58.026 0.0000000000
43025  37.240  -42.146  58.376 0.0000000000
43024  37.775  -41.782  57.971 0.0000000000
43039  37.753  -41.871  57.277 0.0000000000
43075  37.881  -41.795  56.149 0.0000000000
43058  37.433  -42.201  56.685 0.0000000000
39712  30.476  -45.306  50.514 0.0000000000
39723  30.829  -44.402  50.214 0.0000000000
39735  29.566  -44.381  49.089 0.0000000000
55435  43.987  -31.931  40.317 0.0000000000
54317  44.063  -31.999  40.588 0.0000000000
60783  55.578  -26.099  44.351 0.0000000000
60764  56.297  -25.984  45.129 0.0000000000
54172  48.427  -32.606  48.709 0.0000000000
53062  47.638  -33.425  48.599 0.0000000000
52039  46.795  -34.067  47.981 0.0000000000
52023  47.294  -34.240  48.827 0.0000000000
38662  47.502  -46.328  44.769 0.0000000000
38646  48.087  -46.378  45.850 0.0000000000
38661  48.297  -46.208  45.121 0.0000000000
39798  48.466  -45.745  44.562 0.0000000000
38676  47.698  -45.853  44.171 0.0000000000
47820  36.474  -38.822  46.897 0.0000000000
47835  37.125  -38.529  46.151 0.0000000000
47836  36.122  -38.538  46.180 0.0000000000
73439  56.996  -14.542  41.711 0.0000000000
37395  31.214  -47.256  53.448 0.0000000000
37396  30.528  -47.377  53.155 0.0000000000
36161  28.068  -48.112  55.957 0.0000000000
36177  27.726  -47.912  55.442 0.0000000000
37347  26.726  -47.639  55.128 0.0000000000
39581  35.136  -44.680  58.076 0.0000000000
38461  34.373  -46.154  57.093 0.0000000000
37382  31.705  -47.220  54.014 0.0000000000
37381  32.184  -47.025  54.102 0.0000000000
38514  31.618  -47.046  53.387 0.0000000000
47653  45.543  -39.051  56.141 0.0000000000
47638  45.596  -37.897  56.912 0.0000000000
47637  45.998  -38.536  56.670 0.0000000000
44181  46.012  -40.863  55.906 0.0000000000
45343  45.671  -40.639  55.948 0.0000000000
40818  43.042  -44.461  49.796 0.0000000000
39721  43.901  -45.081  50.390 0.0000000000
40834  43.616  -44.605  48.711 0.0000000000
40833  44.377  -45.069  48.730 0.0000000000
40866  43.889  -44.832  47.046 0.0000000000
40850  43.373  -44.382  47.722 0.0000000000
40839  39.731  -43.118  47.402 0.0000000000
40854  40.044  -43.404  46.994 0.0000000000
40893  39.446  -43.609  45.503 0.0000000000
40872  39.122  -43.245  45.859 0.0000000000
45542  31.333  -40.253  44.305 0.0000000000
45559  31.020  -39.816  43.556 0.0000000000
72320  52.339  -16.831  39.204 0.0000000000
72337  52.337  -17.175  38.477 0.0000000000
38564  26.761  -46.361  50.606 0.0000000000
38565  25.814  -46.255  50.481 0.0000000000
46521  40.067  -39.096  56.005 0.0000000000
47673  40.577  -38.589  55.635 0.0000000000
45437  37.265  -40.486  51.875 0.0000000000
45451  37.064  -40.353  51.092 0.0000000000
41914  35.522  -43.665  53.166 0.0000000000
41998  32.689  -42.752  48.627 0.0000000000
43167  33.593  -42.436  49.335 0.0000000000
43189  32.767  -41.673  47.865 0.0000000000
43190  32.158  -42.059  47.606 0.0000000000
40897  28.303  -43.615  45.707 0.0000000000
42046  28.785  -43.178  45.318 0.0000000000
59765  47.226  -27.033  40.116 0.0000000000
59766  46.593  -27.120  39.951 0.0000000000
36084  25.881  -47.815  60.008 0.0000000000
36098  25.216  -47.808  59.342 0.0000000000
36117  21.304  -48.209  58.699 0.0000000000
36150  20.442  -48.487  56.844 0.0000000000
36165  20.502  -48.187  55.759 0.0000000000
73421  55.124  -15.327  44.445 0.0000000000
73411  54.900  -15.218  45.318 0.0000000000
71085  53.322  -17.611  44.539 0.0000000000
71098  52.746  -17.599  43.729 0.0000000000
70012  52.899  -18.962  43.105 0.0000000000
68876  52.352  -19.184  41.942 0.0000000000
64216  53.903  -23.379  41.723 0.0000000000
64217  53.175  -23.497  41.469 0.0000000000
63054  52.749  -24.361  41.476 0.0000000000
63055  52.108  -24.715  41.244 0.0000000000
58569  50.273  -27.939  43.713 0.0000000000
58570  49.482  -28.013  43.226 0.0000000000
57475  48.141  -28.983  42.871 0.0000000000
57474  49.033  -28.733  43.796 0.0000000000
57421  52.898  -28.705  46.764 0.0000000000
55330  47.426  -31.745  45.369 0.0000000000
54246  46.282  -32.212  44.601 0.0000000000
54228  45.890  -32.885  44.850 0.0000000000
53124  45.248  -33.491  44.519 0.0000000000
53109  45.690  -33.568  45.495 0.0000000000
47848  43.854  -38.635  45.986 0.0000000000
47849  43.414  -38.658  45.201 0.0000000000
45536  43.373  -40.749  44.233 0.0000000000
45519  43.436  -40.452  45.046 0.0000000000
50963  48.979  -34.948  52.415 0.0000000000
43108  46.570  -42.684  53.007 0.0000000000
43124  46.535  -42.688  52.099 0.0000000000
43175  46.185  -42.254  48.935 0.0000000000
44343  45.942  -41.174  48.656 0.0000000000
45477  46.043  -40.405  49.154 0.0000000000
43176  45.936  -41.711  48.291 0.0000000000
44357  45.714  -41.152  47.884 0.0000000000
43186  45.838  -42.306  47.741 0.0000000000
43245  49.215  -43.088  43.390 0.0000000000
43246  48.867  -42.959  43.749 0.0000000000
44423  49.252  -42.400  42.919 0.0000000000
43260  49.469  -42.812  42.517 0.0000000000
43294  47.433  -42.798  40.184 0.0000000000
42097  43.155  -43.381  42.726 0.0000000000
47798  41.310  -38.842  48.786 0.0000000000
47799  40.627  -38.791  48.360 0.0000000000
44393  36.099  -40.949  44.275 0.0000000000
44375  36.577  -41.311  44.934 0.0000000000
44376  35.984  -41.583  44.512 0.0000000000
43229  35.980  -42.281  44.351 0.0000000000
43248  35.616  -41.849  43.222 0.0000000000
47923  33.443  -38.101  40.811 0.0000000000
47938  33.555  -38.539  40.347 0.0000000000
68951  55.698  -19.557  37.914 0.0000000000
36157  31.361  -48.074  55.481 0.0000000000
36173  30.694  -48.044  54.825 0.0000000000
36143  29.506  -48.304  56.639 0.0000000000
36160  28.904  -48.135  55.914 0.0000000000
36126  29.212  -48.311  57.367 0.0000000000
36140  31.816  -47.916  56.060 0.0000000000
37333  32.160  -47.289  56.272 0.0000000000
37346  31.705  -47.779  55.412 0.0000000000
49886  42.822  -36.850  57.028 0.0000000000
49885  43.386  -36.924  56.496 0.0000000000
47688  44.435  -38.782  54.678 0.0000000000
48812  44.362  -38.048  55.114 0.0000000000
47671  45.024  -38.749  55.633 0.0000000000
46520  44.689  -39.637  55.177 0.0000000000
44244  44.322  -40.977  54.982 0.0000000000
45375  43.903  -40.854  53.919 0.0000000000
44279  43.104  -41.783  52.388 0.0000000000
43098  43.128  -42.693  52.634 0.0000000000
41935  42.998  -43.082  51.536 0.0000000000
41957  42.947  -43.295  51.094 0.0000000000
41958  42.155  -43.143  50.215 0.0000000000
40796  42.033  -43.354  49.863 0.0000000000
44308  41.272  -42.444  50.007 0.0000000000
43146  40.987  -42.780  49.834 0.0000000000
43162  40.661  -42.598  49.531 0.0000000000
41985  40.043  -42.892  48.799 0.0000000000
44326  40.235  -41.875  48.926 0.0000000000
44428  28.606  -41.311  42.449 0.0000000000
45574  28.613  -40.817  41.980 0.0000000000
68929  51.652  -19.249  39.319 0.0000000000
68930  51.238  -19.355  38.695 0.0000000000
66577  49.606  -21.105  37.732 0.0000000000
67732  50.301  -20.545  37.990 0.0000000000
66598  48.971  -21.588  37.260 0.0000000000
39764  28.347  -43.924  47.276 0.0000000000
40877  27.861  -44.164  46.275 0.0000000000
39765  27.982  -44.224  47.079 0.0000000000
39750  26.005  -44.995  47.374 0.0000000000
38531  24.754  -46.448  51.898 0.0000000000
37431  22.803  -47.708  49.548 0.0000000000
37432  22.578  -48.063  49.940 0.0000000000
36208  22.579  -48.607  49.955 0.0000000000
37421  22.450  -47.930  50.350 0.0000000000
36193  21.798  -48.348  51.723 0.0000000000
34962  21.468  -49.156  52.385 0.0000000000
44144  38.731  -40.621  59.266 0.0000000000
44204  38.954  -40.882  56.977 0.0000000000
44182  39.005  -40.983  57.923 0.0000000000
45359  39.069  -40.111  55.343 0.0000000000
45360  38.670  -40.675  55.775 0.0000000000
39698  33.313  -44.723  51.395 0.0000000000
39710  32.478  -44.614  50.929 0.0000000000
40824  31.488  -43.953  50.058 0.0000000000
40840  31.907  -43.379  49.489 0.0000000000
41988  32.367  -43.317  49.309 0.0000000000
40858  29.014  -43.904  48.138 0.0000000000
40857  29.456  -43.418  48.575 0.0000000000
40875  28.794  -43.479  47.280 0.0000000000
57516  45.330  -29.044  40.412 0.0000000000
56484  45.104  -29.825  40.125 0.0000000000
55463  44.028  -30.843  38.783 0.0000000000
56512  43.677  -30.659  37.731 0.0000000000
55476  43.514  -31.537  37.491 0.0000000000
36090  20.287  -49.031  60.222 0.0000000000
34920  19.823  -49.708  58.447 0.0000000000
60818  54.173  -25.753  42.721 0.0000000000
61916  54.833  -25.292  42.764 0.0000000000
59709  53.133  -26.903  44.221 0.0000000000
59710  52.159  -27.224  43.972 0.0000000000
59692  52.473  -27.367  44.677 0.0000000000
55286  50.873  -30.811  48.384 0.0000000000
55305  50.680  -30.740  47.602 0.0000000000
54194  47.542  -32.602  47.432 0.0000000000
55289  48.506  -31.757  47.231 0.0000000000
54210  47.956  -32.151  47.147 0.0000000000
54211  47.336  -32.464  46.663 0.0000000000
53095  46.474  -33.404  46.766 0.0000000000
51024  45.570  -35.667  47.354 0.0000000000
49999  45.088  -36.659  47.127 0.0000000000
50000  44.567  -37.057  46.675 0.0000000000
48904  44.739  -37.718  46.980 0.0000000000
38574  47.550  -46.082  49.064 0.0000000000
38554  47.541  -45.790  49.498 0.0000000000
37435  48.060  -46.213  48.584 0.0000000000
38624  48.820  -45.941  47.005 0.0000000000
38587  48.741  -45.658  47.890 0.0000000000
40847  48.715  -44.851  47.406 0.0000000000
41994  47.618  -43.922  48.218 0.0000000000
40848  48.492  -44.519  47.237 0.0000000000
40865  48.269  -44.260  46.402 0.0000000000
40863  49.031  -45.037  46.586 0.0000000000
40911  48.937  -44.940  44.504 0.0000000000
40910  48.992  -44.562  44.413 0.0000000000
40928  48.970  -44.737  43.790 0.0000000000
40927  49.155  -44.147  43.424 0.0000000000
40945  48.775  -44.083  42.695 0.0000000000
40947  47.322  -44.283  42.767 0.0000000000
42092  47.460  -43.731  42.180 0.0000000000
42120  41.418  -43.165  42.079 0.0000000000
43276  40.854  -42.676  41.391 0.0000000000
45596  41.387  -40.990  39.781 0.0000000000
45595  41.827  -40.968  39.886 0.0000000000
45612  41.272  -40.590  39.498 0.0000000000
47817  38.875  -38.422  47.214 0.0000000000
47816  39.659  -38.429  47.368 0.0000000000
47833  38.751  -38.302  46.406 0.0000000000
47870  37.812  -38.349  44.623 0.0000000000
47869  38.411  -38.499  44.889 0.0000000000
46724  37.819  -39.016  43.910 0.0000000000
46725  37.058  -38.825  43.447 0.0000000000
73467  58.397  -15.602  39.817 0.0000000000
73453  58.308  -14.993  40.143 0.0000000000
72300  58.749  -16.048  39.605 0.0000000000
72314  58.481  -16.677  39.389 0.0000000000
37409  29.269  -47.165  52.350 0.0000000000
38545  27.883  -46.708  51.448 0.0000000000
36185  29.546  -47.950  54.653 0.0000000000
37349  24.839  -47.276  55.371 0.0000000000
40681  35.584  -44.094  58.274 0.0000000000
40676  35.925  -43.606  58.861 0.0000000000
40680  36.236  -43.988  58.091 0.0000000000
41858  36.481  -43.266  58.409 0.0000000000
41876  36.342  -43.389  56.734 0.0000000000
39617  35.418  -45.363  56.417 0.0000000000
39637  35.869  -44.852  56.018 0.0000000000
39638  35.343  -45.158  55.355 0.0000000000
39654  35.141  -44.947  54.406 0.0000000000
39639  34.815  -45.415  54.863 0.0000000000
38476  33.542  -46.478  56.493 0.0000000000
38489  33.455  -46.502  55.582 0.0000000000
38511  33.604  -45.582  53.322 0.0000000000
39686  33.255  -45.399  52.388 0.0000000000
38527  32.803  -45.740  52.539 0.0000000000
38529  31.253  -46.870  52.641 0.0000000000
38559  30.771  -45.466  50.941 0.0000000000
52135  42.741  -34.169  41.651 0.0000000000
56316  52.791  -29.712  49.047 0.0000000000
55238  51.773  -31.186  50.204 0.0000000000
55251  51.665  -30.974  49.670 0.0000000000
55253  50.099  -31.863  49.764 0.0000000000
43071  46.357  -42.336  55.065 0.0000000000
43070  46.774  -41.726  55.355 0.0000000000
41910  46.180  -43.213  53.607 0.0000000000
40732  45.601  -43.715  53.710 0.0000000000
41896  44.268  -42.752  54.068 0.0000000000
40712  44.672  -42.940  54.251 0.0000000000
39669  44.279  -44.290  52.867 0.0000000000
39706  44.721  -45.556  50.908 0.0000000000
38526  44.896  -45.225  52.125 0.0000000000
38558  45.265  -45.648  51.181 0.0000000000
38524  45.821  -45.353  51.690 0.0000000000
38557  45.697  -45.722  50.479 0.0000000000
38556  46.701  -45.985  49.776 0.0000000000
39745  45.517  -46.105  47.542 0.0000000000
39761  45.519  -46.249  46.840 0.0000000000
38629  45.827  -46.455  46.144 0.0000000000
38630  45.204  -46.167  45.577 0.0000000000
38650  45.288  -46.177  44.930 0.0000000000
39783  44.510  -45.791  45.101 0.0000000000
39804  43.031  -44.466  44.574 0.0000000000
42009  41.856  -44.010  47.233 0.0000000000
40852  41.505  -43.919  47.511 0.0000000000
40891  41.365  -43.876  45.668 0.0000000000
40935  41.535  -43.748  44.131 0.0000000000
40954  41.065  -43.560  43.690 0.0000000000
40936  40.507  -43.646  44.151 0.0000000000
42079  39.972  -43.471  43.656 0.0000000000
42101  38.490  -42.862  42.888 0.0000000000
46713  33.758  -39.104  45.583 0.0000000000
47856  34.071  -38.318  44.822 0.0000000000
46726  33.437  -38.779  44.848 0.0000000000
47875  32.861  -38.201  43.774 0.0000000000
47909  31.936  -37.904  42.165 0.0000000000
45583  29.014  -39.957  41.234 0.0000000000
46781  29.652  -39.371  41.552 0.0000000000
46793  29.399  -39.363  40.680 0.0000000000
47956  30.095  -38.511  39.763 0.0000000000
47955  30.705  -38.022  39.545 0.0000000000
49031  31.441  -37.673  39.867 0.0000000000
73471  54.816  -15.605  40.894 0.0000000000
73484  55.278  -15.601  40.337 0.0000000000
72318  54.690  -15.859  39.833 0.0000000000
71158  53.711  -17.443  37.860 0.0000000000
70076  54.365  -17.890  37.753 0.0000000000
70075  55.070  -18.480  37.797 0.0000000000
70090  54.474  -18.957  37.489 0.0000000000
68969  51.506  -18.881  37.408 0.0000000000
70093  51.990  -18.425  37.305 0.0000000000
40899  26.638  -44.808  44.740 0.0000000000
39726  28.453  -45.674  49.255 0.0000000000
38594  26.055  -45.612  48.975 0.0000000000
39739  25.581  -45.308  48.133 0.0000000000
39740  24.692  -45.564  47.937 0.0000000000
37459  23.611  -47.510  47.151 0.0000000000
38613  23.726  -46.731  47.081 0.0000000000
46440  39.217  -39.522  59.504 0.0000000000
46439  39.809  -39.129  59.330 0.0000000000
47624  41.111  -38.261  58.782 0.0000000000
48792  41.476  -37.584  58.025 0.0000000000
48804  41.641  -37.705  56.936 0.0000000000
48838  42.092  -37.522  53.743 0.0000000000
48851  42.273  -37.523  52.477 0.0000000000
47708  41.296  -37.769  53.021 0.0000000000
45398  38.866  -40.045  54.296 0.0000000000
46604  38.160  -39.716  51.514 0.0000000000
46579  39.092  -39.251  52.171 0.0000000000
46630  39.293  -38.882  50.288 0.0000000000
47786  39.128  -38.702  49.043 0.0000000000
46667  36.260  -39.568  48.682 0.0000000000
46685  36.755  -38.954  47.658 0.0000000000
41897  36.804  -42.730  55.409 0.0000000000
41898  36.379  -43.048  54.594 0.0000000000
41936  35.998  -42.838  52.741 0.0000000000
43112  36.308  -42.257  52.822 0.0000000000
43128  36.114  -42.126  52.133 0.0000000000
40807  34.064  -43.917  50.979 0.0000000000
41960  34.334  -43.626  51.115 0.0000000000
43165  34.884  -42.037  50.377 0.0000000000
43148  35.127  -42.373  50.948 0.0000000000
44310  35.459  -41.454  50.712 0.0000000000
45453  35.932  -40.844  50.491 0.0000000000
45485  34.413  -40.370  48.667 0.0000000000
46669  34.625  -39.859  48.212 0.0000000000
46687  34.813  -39.485  47.756 0.0000000000
46700  33.981  -39.378  46.636 0.0000000000
44370  32.312  -41.070  46.811 0.0000000000
45516  32.376  -40.536  46.189 0.0000000000
44377  32.028  -40.870  46.118 0.0000000000
45526  31.542  -40.651  45.120 0.0000000000
44378  31.457  -41.174  45.736 0.0000000000
42014  30.874  -42.398  47.741 0.0000000000
43191  31.452  -42.226  47.484 0.0000000000
42028  30.449  -42.202  47.015 0.0000000000
43213  29.529  -42.653  45.149 0.0000000000
43212  30.310  -42.275  45.432 0.0000000000
43230  30.162  -42.036  44.523 0.0000000000
44397  30.704  -41.442  44.497 0.0000000000
44398  30.079  -41.757  44.053 0.0000000000
44415  29.629  -41.416  43.432 0.0000000000
61948  49.135  -24.923  39.584 0.0000000000
61955  46.351  -25.323  38.127 0.0000000000
59771  44.648  -27.702  38.488 0.0000000000
58634  44.367  -28.430  38.380 0.0000000000
59778  43.955  -27.756  36.560 0.0000000000
60876  44.530  -27.325  35.459 0.0000000000
53178  42.512  -34.036  39.548 0.0000000000
53188  42.676  -33.177  39.423 0.0000000000
53189  42.573  -33.541  39.112 0.0000000000
37322  29.694  -47.852  57.670 0.0000000000
37309  28.434  -47.954  58.484 0.0000000000
36110  28.088  -48.044  58.151 0.0000000000
36129  26.586  -47.948  57.517 0.0000000000
36130  25.659  -47.876  57.599 0.0000000000
36131  24.607  -47.678  57.568 0.0000000000
37336  23.509  -47.254  56.463 0.0000000000
37299  22.839  -47.493  60.074 0.0000000000
36087  22.932  -47.620  60.559 0.0000000000
36086  24.004  -47.722  60.503 0.0000000000
36115  23.430  -47.599  58.446 0.0000000000
37338  21.776  -47.557  56.979 0.0000000000
37351  22.630  -47.021  55.652 0.0000000000
37373  20.855  -47.628  55.163 0.0000000000
36187  20.551  -48.514  54.004 0.0000000000
33749  20.076  -50.480  56.230 0.0000000000
73419  56.762  -14.661  43.868 0.0000000000
73431  54.347  -15.379  43.704 0.0000000000
73442  54.595  -15.301  42.749 0.0000000000
72290  53.044  -15.836  42.148 0.0000000000
73422  53.976  -15.635  44.705 0.0000000000
73423  53.425  -16.097  44.340 0.0000000000
71099  52.306  -17.561  42.953 0.0000000000
72271  52.568  -16.846  43.316 0.0000000000
70040  52.045  -18.424  40.517 0.0000000000
67680  53.482  -20.658  41.550 0.0000000000
66538  53.836  -21.708  41.517 0.0000000000
64231  51.293  -23.385  40.392 0.0000000000
63092  50.201  -24.044  40.033 0.0000000000
63073  50.809  -24.334  40.388 0.0000000000
61938  50.555  -25.462  40.689 0.0000000000
60832  51.897  -25.925  41.655 0.0000000000
60821  50.951  -26.971  42.180 0.0000000000
58586  49.232  -28.057  42.515 0.0000000000
59743  50.067  -27.478  41.993 0.0000000000
59745  48.802  -27.737  41.465 0.0000000000
58603  48.332  -28.054  41.450 0.0000000000
57514  46.861  -28.363  41.405 0.0000000000
58588  47.987  -28.486  41.783 0.0000000000
56443  47.134  -29.656  42.590 0.0000000000
56444  46.479  -29.911  42.229 0.0000000000
55416  46.060  -30.731  42.030 0.0000000000
59674  54.675  -26.711  46.419 0.0000000000
60765  55.203  -26.516  45.591 0.0000000000
59675  54.001  -27.054  45.982 0.0000000000
57434  52.147  -28.985  45.479 0.0000000000
58522  52.346  -28.161  45.773 0.0000000000
57448  51.893  -28.635  45.013 0.0000000000
58537  51.736  -28.308  44.820 0.0000000000
57449  51.206  -28.906  44.880 0.0000000000
56351  50.113  -30.610  46.460 0.0000000000
55354  48.155  -31.025  44.952 0.0000000000
56389  48.850  -30.270  44.964 0.0000000000
56404  48.173  -30.297  44.028 0.0000000000
54261  46.186  -32.023  43.921 0.0000000000
55377  46.575  -31.427  43.422 0.0000000000
54281  45.153  -32.104  42.482 0.0000000000
54263  44.857  -32.464  42.784 0.0000000000
53150  43.877  -33.081  42.511 0.0000000000
53139  44.335  -33.114  43.246 0.0000000000
52094  43.837  -34.361  44.049 0.0000000000
52095  43.114  -34.899  43.603 0.0000000000
50059  42.729  -36.265  43.461 0.0000000000
47868  42.917  -38.633  44.352 0.0000000000
50030  43.283  -36.670  44.840 0.0000000000
47885  42.756  -38.362  43.340 0.0000000000
51999  49.171  -34.065  51.717 0.0000000000
53026  49.312  -33.401  51.125 0.0000000000
53043  48.979  -33.097  50.419 0.0000000000
53027  48.531  -33.594  50.667 0.0000000000
45416  48.115  -39.958  53.158 0.0000000000
46553  48.288  -39.153  53.532 0.0000000000
46576  48.010  -39.346  52.471 0.0000000000
48848  48.163  -37.358  53.444 0.0000000000
47723  48.172  -38.339  52.952 0.0000000000
41973  46.741  -43.623  50.502 0.0000000000
43144  46.465  -42.595  51.093 0.0000000000
46627  46.584  -40.096  50.293 0.0000000000
45448  46.665  -40.609  50.851 0.0000000000
47761  47.388  -38.744  51.041 0.0000000000
47741  47.642  -38.525  51.590 0.0000000000
48873  47.416  -37.690  51.101 0.0000000000
49950  47.617  -36.507  51.461 0.0000000000
48885  46.799  -37.828  49.401 0.0000000000
48893  46.739  -37.129  49.514 0.0000000000
50983  47.093  -35.380  49.733 0.0000000000
49980  46.627  -36.379  49.235 0.0000000000
49981  46.222  -36.464  48.479 0.0000000000
44358  45.286  -40.856  47.332 0.0000000000
46681  45.318  -39.399  47.545 0.0000000000
45500  44.970  -40.128  47.125 0.0000000000
46695  44.624  -39.446  46.819 0.0000000000
42021  47.741  -43.998  46.257 0.0000000000
42039  47.428  -43.580  45.483 0.0000000000
43225  46.831  -42.723  44.561 0.0000000000
43206  46.288  -42.861  44.972 0.0000000000
43226  45.997  -42.420  44.644 0.0000000000
43227  45.218  -42.185  44.858 0.0000000000
44389  46.524  -42.013  44.133 0.0000000000
44390  45.550  -41.831  44.270 0.0000000000
44424  48.907  -41.518  42.606 0.0000000000
42160  47.910  -43.361  38.930 0.0000000000
41002  48.158  -43.366  38.876 0.0000000000
41010  48.164  -43.322  38.520 0.0000000000
39817  45.221  -45.219  43.661 0.0000000000
42095  44.987  -43.629  42.531 0.0000000000
42116  45.503  -43.108  41.969 0.0000000000
43274  43.021  -42.390  41.267 0.0000000000
42118  43.580  -42.969  42.020 0.0000000000
48874  42.438  -37.906  50.946 0.0000000000
46646  42.618  -39.429  49.707 0.0000000000
47782  42.397  -38.639  49.862 0.0000000000
45481  41.272  -40.299  48.364 0.0000000000
45482  40.468  -40.725  47.989 0.0000000000
44346  39.826  -41.501  48.189 0.0000000000
44359  39.447  -41.438  47.434 0.0000000000
45520  40.098  -39.311  45.727 0.0000000000
46696  40.709  -38.994  46.759 0.0000000000
44367  37.856  -41.620  45.900 0.0000000000
44361  38.452  -42.015  46.412 0.0000000000
43197  38.228  -42.395  46.026 0.0000000000
42026  37.948  -42.922  45.632 0.0000000000
42043  37.130  -43.021  45.086 0.0000000000
42082  36.824  -42.656  43.141 0.0000000000
42081  37.678  -43.022  43.542 0.0000000000
42123  38.142  -42.474  42.050 0.0000000000
42124  37.301  -42.389  41.658 0.0000000000
47873  34.748  -37.793  44.176 0.0000000000
47887  35.567  -37.683  43.116 0.0000000000
46762  35.000  -38.580  41.981 0.0000000000
46742  35.592  -38.844  42.581 0.0000000000
45557  36.124  -39.611  43.242 0.0000000000
45571  34.978  -40.094  42.066 0.0000000000
45616  33.808  -40.042  39.219 0.0000000000
44482  34.442  -40.479  40.148 0.0000000000
43327  35.434  -41.429  39.947 0.0000000000
44458  34.882  -40.815  40.660 0.0000000000
43283  35.369  -41.255  41.492 0.0000000000
43262  35.948  -41.756  42.230 0.0000000000
44478  36.890  -41.695  39.520 0.0000000000
43325  36.507  -41.832  40.018 0.0000000000
43323  37.579  -41.782  40.410 0.0000000000
74564  59.198  -14.644  39.939 0.0000000000
71142  56.605  -17.036  38.800 0.0000000000
70056  58.087  -18.507  38.619 0.0000000000
64265  48.100  -23.402  38.394 0.0000000000
65434  48.270  -22.912  38.607 0.0000000000
64266  47.799  -23.341  37.773 0.0000000000
36123  31.614  -47.770  56.634 0.0000000000
36124  30.861  -48.137  56.995 0.0000000000
48825  42.853  -37.513  54.583 0.0000000000
48813  43.677  -37.312  55.571 0.0000000000
48824  43.728  -37.996  54.317 0.0000000000
47707  44.118  -38.785  53.803 0.0000000000
45396  44.054  -40.198  53.800 0.0000000000
45418  43.392  -40.655  52.329 0.0000000000
44292  42.710  -41.946  51.148 0.0000000000
44293  42.369  -42.468  50.739 0.0000000000
44306  42.510  -41.290  50.346 0.0000000000
44323  42.451  -40.843  49.926 0.0000000000
66559  49.805  -21.287  38.778 0.0000000000
66578  48.873  -21.688  38.244 0.0000000000
39737  28.014  -45.382  48.550 0.0000000000
38532  24.012  -46.500  52.170 0.0000000000
37414  22.596  -47.038  51.677 0.0000000000
37405  21.433  -47.840  52.755 0.0000000000
44145  38.174  -41.141  59.458 0.0000000000
44183  38.329  -41.427  57.388 0.0000000000
44205  38.402  -41.259  56.384 0.0000000000
44226  37.398  -41.801  55.100 0.0000000000
40843  29.394  -44.083  48.713 0.0000000000
55433  45.120  -30.717  40.782 0.0000000000
56485  44.669  -30.306  39.643 0.0000000000
34914  19.408  -50.092  59.574 0.0000000000
61901  55.966  -25.425  43.604 0.0000000000
61902  55.220  -25.651  43.300 0.0000000000
60801  55.306  -25.922  43.667 0.0000000000
55270  49.556  -31.673  48.814 0.0000000000
55288  49.135  -31.504  47.795 0.0000000000
54192  48.874  -32.080  48.454 0.0000000000
53080  46.710  -33.619  47.510 0.0000000000
51001  46.139  -35.560  47.978 0.0000000000
38627  47.756  -46.786  46.737 0.0000000000
37468  48.174  -46.572  47.457 0.0000000000
38626  48.333  -46.439  46.875 0.0000000000
38645  48.404  -46.105  46.220 0.0000000000
39782  48.609  -45.623  45.801 0.0000000000
39781  48.685  -45.276  45.744 0.0000000000
39797  48.718  -45.632  44.985 0.0000000000
39813  48.724  -45.300  44.230 0.0000000000
39829  48.166  -44.765  43.256 0.0000000000
40929  46.581  -44.764  43.269 0.0000000000
47834  37.964  -38.404  46.267 0.0000000000
73468  57.854  -15.410  39.946 0.0000000000
37366  28.505  -47.712  54.610 0.0000000000
39596  35.725  -44.677  57.382 0.0000000000
38474  34.919  -45.801  55.835 0.0000000000
37361  32.635  -46.854  54.639 0.0000000000
38500  32.470  -46.837  54.276 0.0000000000
48789  45.020  -37.491  57.303 0.0000000000
48772  45.454  -36.864  58.017 0.0000000000
46478  46.899  -39.262  56.403 0.0000000000
45326  46.908  -39.727  55.914 0.0000000000
45327  46.515  -39.890  56.004 0.0000000000
43054  46.117  -42.023  55.590 0.0000000000
41874  45.744  -42.302  55.340 0.0000000000
39696  43.694  -44.336  51.989 0.0000000000
39683  44.097  -44.402  52.507 0.0000000000
39707  43.900  -45.100  51.256 0.0000000000
39720  44.633  -45.437  49.873 0.0000000000
39719  45.390  -45.797  49.609 0.0000000000
39734  44.919  -45.480  49.031 0.0000000000
39746  44.913  -45.489  48.044 0.0000000000
39763  43.766  -45.066  46.544 0.0000000000
40889  42.829  -44.603  46.226 0.0000000000
40853  40.749  -43.733  47.320 0.0000000000
40892  40.301  -43.765  45.592 0.0000000000
40915  39.949  -43.749  44.886 0.0000000000
40916  39.116  -43.685  44.938 0.0000000000
40938  38.840  -43.617  44.507 0.0000000000
46727  32.655  -39.015  44.524 0.0000000000
46728  31.872  -39.280  44.248 0.0000000000
46745  31.490  -39.091  43.532 0.0000000000
46765  31.064  -38.972  42.878 0.0000000000
72336  53.041  -16.786  38.519 0.0000000000
71177  53.167  -17.861  37.529 0.0000000000
38580  27.559  -46.134  50.041 0.0000000000
38584  23.461  -46.685  48.893 0.0000000000
45312  39.947  -39.906  57.992 0.0000000000
46460  40.184  -39.299  58.534 0.0000000000
46482  40.357  -39.248  57.613 0.0000000000
47640  40.568  -38.993  57.082 0.0000000000
47655  41.210  -38.277  56.270 0.0000000000
47709  40.449  -38.447  53.500 0.0000000000
47727  39.818  -38.832  52.763 0.0000000000
45420  38.021  -40.216  53.063 0.0000000000
46632  37.602  -39.927  50.635 0.0000000000
40736  35.814  -43.838  54.112 0.0000000000
40761  35.638  -43.737  53.567 0.0000000000
41937  35.490  -43.186  52.493 0.0000000000
41978  33.434  -43.579  50.114 0.0000000000
41986  33.795  -42.821  49.708 0.0000000000
43166  34.246  -42.234  49.878 0.0000000000
44328  34.341  -41.468  49.538 0.0000000000
45466  34.754  -40.875  49.394 0.0000000000
44349  33.656  -41.111  48.655 0.0000000000
45486  33.720  -40.466  48.184 0.0000000000
44363  32.631  -41.320  47.504 0.0000000000
42045  29.335  -43.020  45.881 0.0000000000
42065  29.125  -42.950  45.019 0.0000000000
43232  28.483  -42.677  43.944 0.0000000000
42084  27.907  -43.058  43.647 0.0000000000
60857  47.828  -25.964  39.633 0.0000000000
61950  47.315  -25.465  38.984 0.0000000000
60859  46.656  -26.371  39.236 0.0000000000
60863  45.982  -26.337  38.660 0.0000000000
57562  43.658  -29.727  37.333 0.0000000000
58646  43.715  -28.868  37.212 0.0000000000
58660  43.568  -29.082  36.504 0.0000000000
36113  25.420  -47.833  58.448 0.0000000000
36132  24.002  -47.607  58.010 0.0000000000
36101  22.036  -47.820  59.496 0.0000000000
36116  22.301  -47.687  58.424 0.0000000000
37311  22.814  -47.545  58.102 0.0000000000
36133  21.987  -47.637  57.793 0.0000000000
36164  20.956  -47.767  55.976 0.0000000000
34941  20.236  -49.026  55.071 0.0000000000
72263  53.417  -16.559  44.767 0.0000000000
70013  52.297  -18.596  42.535 0.0000000000
70025  52.056  -18.459  41.526 0.0000000000
67681  53.046  -20.185  41.003 0.0000000000
65414  53.522  -22.637  41.461 0.0000000000
64218  52.580  -23.623  41.212 0.0000000000
63072  51.602  -24.328  40.841 0.0000000000
61929  50.940  -25.983  41.156 0.0000000000
59730  50.243  -27.498  42.704 0.0000000000
57494  48.028  -28.774  42.183 0.0000000000
56423  47.566  -30.020  43.101 0.0000000000
58520  53.460  -27.377  46.681 0.0000000000
58509  53.185  -27.937  46.904 0.0000000000
57433  52.496  -28.568  46.141 0.0000000000
56367  51.769  -29.479  45.580 0.0000000000
55328  48.955  -30.959  45.988 0.0000000000
55329  48.233  -31.409  45.664 0.0000000000
55355  47.402  -31.289  44.626 0.0000000000
55376  47.397  -30.973  43.898 0.0000000000
53138  45.106  -33.016  43.836 0.0000000000
52093  44.644  -34.005  44.394 0.0000000000
52072  44.114  -34.981  44.698 0.0000000000
50017  44.232  -36.819  46.120 0.0000000000
50029  43.745  -36.796  45.487 0.0000000000
45555  43.661  -40.650  43.473 0.0000000000
44242  48.053  -40.928  54.235 0.0000000000
45394  48.193  -40.160  53.876 0.0000000000
44263  47.432  -41.388  53.499 0.0000000000
44276  47.184  -41.105  52.362 0.0000000000
41982  46.764  -43.319  49.540 0.0000000000
43161  46.465  -42.499  50.090 0.0000000000
45460  46.216  -40.714  49.992 0.0000000000
46645  46.530  -39.544  49.707 0.0000000000
46660  46.101  -39.516  48.802 0.0000000000
47797  46.062  -38.843  48.437 0.0000000000
47812  46.175  -38.160  48.442 0.0000000000
45499  45.479  -40.216  47.728 0.0000000000
43203  48.598  -43.616  45.066 0.0000000000
43204  48.258  -43.317  45.128 0.0000000000
43222  48.688  -43.239  44.381 0.0000000000
43223  48.352  -42.862  44.437 0.0000000000
44387  48.007  -42.441  44.233 0.0000000000
44406  48.840  -42.358  43.357 0.0000000000
44435  49.471  -42.053  42.023 0.0000000000
42151  49.225  -42.853  39.962 0.0000000000
42139  48.224  -43.058  40.142 0.0000000000
42152  48.109  -43.061  39.874 0.0000000000
42153  47.961  -43.162  39.604 0.0000000000
40932  44.168  -44.450  43.523 0.0000000000
44452  43.258  -41.647  40.645 0.0000000000
47783  41.754  -38.552  49.488 0.0000000000
46664  41.113  -39.406  48.213 0.0000000000
45501  40.786  -39.983  47.436 0.0000000000
45522  38.228  -40.455  45.029 0.0000000000
44374  37.289  -41.131  45.387 0.0000000000
43209  36.614  -42.348  45.211 0.0000000000
43228  36.491  -42.778  44.781 0.0000000000
42064  36.195  -42.506  43.552 0.0000000000
48965  34.114  -37.385  42.587 0.0000000000
48980  34.994  -37.441  42.663 0.0000000000
47907  34.442  -37.921  41.845 0.0000000000
46763  34.556  -38.911  41.499 0.0000000000
45615  34.515  -40.799  38.942 0.0000000000
44480  35.481  -41.437  39.539 0.0000000000
43326  35.882  -41.666  39.983 0.0000000000
71156  56.034  -17.584  38.462 0.0000000000
63114  46.592  -24.622  37.082 0.0000000000
63113  47.263  -23.908  37.395 0.0000000000
37364  31.091  -47.845  54.686 0.0000000000
36183  30.411  -47.838  54.314 0.0000000000
36174  29.940  -48.122  55.069 0.0000000000
37332  32.797  -46.909  55.999 0.0000000000
37363  31.547  -47.665  54.863 0.0000000000
48775  42.156  -37.124  58.511 0.0000000000
48802  44.115  -37.199  56.801 0.0000000000
47670  45.285  -39.307  55.877 0.0000000000
46500  45.366  -39.870  55.942 0.0000000000
45344  45.039  -40.705  55.774 0.0000000000
44223  44.609  -41.467  55.289 0.0000000000
43074  44.298  -42.294  54.509 0.0000000000
41911  43.901  -43.084  53.578 0.0000000000
44265  43.593  -41.653  53.402 0.0000000000
43097  43.484  -42.591  53.287 0.0000000000
40760  43.542  -43.648  52.625 0.0000000000
40794  43.281  -43.941  51.392 0.0000000000
40804  43.057  -44.125  50.684 0.0000000000
40819  41.973  -43.923  49.287 0.0000000000
40806  41.573  -43.474  49.523 0.0000000000
40820  41.124  -43.524  48.964 0.0000000000
43127  41.594  -42.943  50.052 0.0000000000
41975  40.830  -43.021  49.511 0.0000000000
40821  40.594  -43.323  48.531 0.0000000000
41996  40.282  -43.175  48.439 0.0000000000
41997  39.745  -42.982  48.211 0.0000000000
45572  30.027  -39.947  42.533 0.0000000000
45573  29.306  -40.351  42.276 0.0000000000
45600  28.771  -40.400  40.941 0.0000000000
44462  28.649  -41.016  40.754 0.0000000000
70058  51.476  -18.497  38.647 0.0000000000
68952  51.100  -19.095  37.988 0.0000000000
39786  27.053  -44.600  45.815 0.0000000000
39788  25.176  -45.147  45.358 0.0000000000
39789  24.673  -45.125  46.039 0.0000000000
37413  25.848  -46.601  51.678 0.0000000000
36200  22.209  -48.544  50.829 0.0000000000
34982  22.508  -49.467  50.438 0.0000000000
44162  38.892  -40.838  58.835 0.0000000000
45313  39.384  -40.341  58.373 0.0000000000
45329  39.853  -39.796  57.144 0.0000000000
45345  39.746  -39.675  56.657 0.0000000000
46522  39.509  -39.525  55.655 0.0000000000
45376  38.967  -40.096  54.774 0.0000000000
45399  38.273  -40.292  53.811 0.0000000000
45400  37.711  -40.544  53.446 0.0000000000
45421  37.448  -40.607  52.834 0.0000000000
44280  36.760  -41.298  52.539 0.0000000000
39697  33.895  -44.515  51.578 0.0000000000
40799  33.823  -44.276  51.249 0.0000000000
40808  33.465  -44.044  50.663 0.0000000000
40809  32.767  -44.162  50.437 0.0000000000
43181  32.488  -42.515  48.303 0.0000000000
42001  29.881  -43.009  48.874 0.0000000000
42015  29.813  -42.568  48.244 0.0000000000
40896  28.726  -43.350  46.473 0.0000000000
58622  45.986  -27.695  40.251 0.0000000000
58623  45.279  -28.136  39.847 0.0000000000
57551  44.597  -28.891  38.761 0.0000000000
57537  44.574  -29.872  39.024 0.0000000000
57552  44.239  -29.502  38.326 0.0000000000
36089  20.815  -48.598  60.674 0.0000000000
33734  19.627  -50.579  58.270 0.0000000000
63035  54.126  -24.430  41.978 0.0000000000
61926  53.159  -24.965  41.795 0.0000000000
61917  53.932  -25.146  42.142 0.0000000000
60804  52.266  -26.832  43.285 0.0000000000
59728  51.861  -27.113  43.296 0.0000000000
58568  50.966  -27.786  43.870 0.0000000000
58554  50.706  -28.241  44.167 0.0000000000
56336  52.170  -30.124  47.306 0.0000000000
55307  49.044  -31.210  46.829 0.0000000000
54226  47.167  -32.327  45.918 0.0000000000
53108  46.241  -33.184  46.049 0.0000000000
53096  45.887  -33.741  46.282 0.0000000000
52056  45.330  -34.670  46.264 0.0000000000
51025  45.147  -35.720  46.720 0.0000000000
48918  44.230  -37.754  46.385 0.0000000000
40792  46.610  -44.925  51.037 0.0000000000
41955  46.534  -43.613  51.496 0.0000000000
40802  47.150  -44.851  50.297 0.0000000000
40801  47.547  -45.419  49.777 0.0000000000
40815  47.815  -44.462  49.390 0.0000000000
37450  48.259  -46.012  48.128 0.0000000000
39717  48.664  -45.621  48.153 0.0000000000
40832  47.947  -44.186  48.842 0.0000000000
42007  46.515  -43.421  47.538 0.0000000000
42006  47.552  -43.953  47.164 0.0000000000
42020  47.993  -44.088  46.039 0.0000000000
42019  48.426  -44.131  45.745 0.0000000000
40887  48.754  -44.778  45.492 0.0000000000
42036  48.720  -44.246  45.164 0.0000000000
43202  48.739  -43.821  44.907 0.0000000000
42077  49.202  -43.815  43.861 0.0000000000
42091  49.218  -43.663  42.473 0.0000000000
42113  49.136  -43.419  41.793 0.0000000000
40946  48.072  -44.264  42.551 0.0000000000
40984  48.021  -43.341  41.277 0.0000000000
43299  42.242  -42.123  40.991 0.0000000000
45594  42.783  -40.913  40.053 0.0000000000
47800  39.789  -38.599  48.238 0.0000000000
47815  40.352  -38.704  47.470 0.0000000000
47832  39.600  -38.325  46.433 0.0000000000
46709  39.587  -38.799  45.598 0.0000000000
47851  38.738  -38.366  45.536 0.0000000000
46710  38.871  -39.159  44.882 0.0000000000
45537  37.923  -39.812  44.205 0.0000000000
45539  35.836  -40.479  43.698 0.0000000000
46792  33.160  -38.749  39.408 0.0000000000
46807  33.038  -39.123  38.808 0.0000000000
45617  33.190  -39.573  38.444 0.0000000000
45665  33.589  -40.189  37.232 0.0000000000
73452  58.868  -15.004  39.959 0.0000000000
72288  59.148  -15.395  39.657 0.0000000000
71130  59.093  -16.772  39.241 0.0000000000
38578  29.651  -45.755  50.044 0.0000000000
38546  27.009  -46.634  51.335 0.0000000000
37384  30.100  -47.736  53.856 0.0000000000
37398  28.668  -47.358  53.102 0.0000000000
37412  26.403  -46.780  51.874 0.0000000000
37401  25.500  -46.714  52.314 0.0000000000
41851  36.293  -42.996  59.059 0.0000000000
41875  36.857  -42.789  57.159 0.0000000000
40713  35.925  -44.235  55.167 0.0000000000
40737  35.502  -44.394  54.432 0.0000000000
38488  34.249  -45.956  55.026 0.0000000000
39655  34.451  -45.338  54.199 0.0000000000
39671  34.122  -45.224  53.154 0.0000000000
38541  31.849  -45.647  51.760 0.0000000000
39700  31.662  -45.410  51.455 0.0000000000
54302  43.715  -32.821  41.517 0.0000000000
54318  43.510  -32.507  40.489 0.0000000000
53165  43.091  -33.439  41.090 0.0000000000
52152  42.666  -34.125  40.688 0.0000000000
52160  42.627  -34.541  40.057 0.0000000000
59663  54.518  -26.457  47.010 0.0000000000
58508  53.532  -27.538  47.241 0.0000000000
58497  53.599  -27.880  47.904 0.0000000000
57413  53.215  -28.817  47.711 0.0000000000
57412  53.461  -28.436  48.434 0.0000000000
56326  52.782  -29.590  48.000 0.0000000000
56327  52.140  -30.096  48.406 0.0000000000
56317  52.124  -30.473  49.534 0.0000000000
56318  51.522  -30.856  49.326 0.0000000000
55269  50.447  -31.228  48.976 0.0000000000
55254  49.467  -32.069  49.378 0.0000000000
54152  48.581  -32.764  49.328 0.0000000000
44221  48.001  -40.892  55.108 0.0000000000
43095  47.151  -42.016  54.251 0.0000000000
43096  46.816  -42.350  53.703 0.0000000000
41933  46.315  -43.727  52.533 0.0000000000
43056  44.961  -42.010  55.429 0.0000000000
40711  44.820  -43.175  54.217 0.0000000000
40733  45.172  -43.801  53.807 0.0000000000
39682  44.507  -44.872  52.260 0.0000000000
39653  44.792  -44.273  53.296 0.0000000000
39667  45.205  -44.482  53.093 0.0000000000
39666  45.684  -44.744  52.638 0.0000000000
39680  46.007  -45.088  52.057 0.0000000000
39693  46.352  -45.278  51.121 0.0000000000
38537  46.797  -45.590  50.310 0.0000000000
38575  47.144  -46.220  49.228 0.0000000000
38590  46.919  -46.696  48.328 0.0000000000
38591  46.287  -46.507  48.080 0.0000000000
38607  47.067  -46.924  47.454 0.0000000000
38628  46.866  -46.799  46.402 0.0000000000
38648  46.730  -46.584  45.435 0.0000000000
38663  46.598  -46.310  44.626 0.0000000000
39800  46.432  -45.908  43.988 0.0000000000
38664  45.805  -46.180  44.481 0.0000000000
39818  44.442  -44.938  43.823 0.0000000000
39819  43.949  -44.681  43.868 0.0000000000
40933  43.448  -44.275  43.804 0.0000000000
40851  42.355  -44.050  47.480 0.0000000000
40868  42.428  -44.199  46.631 0.0000000000
40890  42.437  -44.310  45.794 0.0000000000
40934  42.516  -43.941  43.959 0.0000000000
42121  40.279  -42.977  42.170 0.0000000000
43277  39.780  -42.392  41.525 0.0000000000
47889  33.613  -37.599  43.006 0.0000000000
46766  30.461  -39.344  42.549 0.0000000000
47911  30.452  -38.819  42.064 0.0000000000
47910  30.950  -38.464  42.273 0.0000000000
47941  29.850  -38.722  40.444 0.0000000000
47926  30.380  -38.475  41.357 0.0000000000
47925  31.303  -37.947  41.564 0.0000000000
49002  31.437  -37.701  41.023 0.0000000000
49016  32.047  -37.559  40.321 0.0000000000
49030  32.131  -37.755  39.630 0.0000000000
73470  55.813  -15.387  40.667 0.0000000000
73483  55.794  -15.583  39.933 0.0000000000
71160  52.029  -17.588  38.070 0.0000000000
71178  52.392  -17.911  37.570 0.0000000000
70092  52.758  -18.468  37.222 0.0000000000
68967  53.145  -19.312  37.017 0.0000000000
68966  54.094  -19.479  37.265 0.0000000000
40942  26.545  -44.860  43.453 0.0000000000
38593  27.147  -45.714  49.163 0.0000000000
39769  24.543  -45.459  46.604 0.0000000000
38596  24.121  -46.049  48.285 0.0000000000
39752  24.359  -45.733  47.281 0.0000000000
38635  23.955  -46.336  46.598 0.0000000000
37486  24.287  -46.557  45.764 0.0000000000
46459  40.401  -38.731  59.048 0.0000000000
48759  41.452  -37.739  59.663 0.0000000000
48791  42.182  -37.162  57.506 0.0000000000
48815  41.818  -37.638  55.902 0.0000000000
48814  42.650  -37.221  55.641 0.0000000000
48837  42.958  -37.696  53.432 0.0000000000
47743  43.163  -38.240  51.361 0.0000000000
48863  42.811  -37.849  51.546 0.0000000000
48875  42.063  -37.817  50.911 0.0000000000
47725  41.388  -37.702  51.901 0.0000000000
47744  41.581  -37.824  50.987 0.0000000000
47765  41.162  -38.100  50.239 0.0000000000
47710  39.869  -39.026  53.451 0.0000000000
46665  38.236  -38.746  48.266 0.0000000000
46684  37.373  -38.752  47.510 0.0000000000
46698  35.848  -38.914  46.868 0.0000000000
43087  37.003  -42.239  54.808 0.0000000000
43099  36.883  -41.890  54.091 0.0000000000
43111  36.711  -41.778  53.381 0.0000000000
44294  36.748  -41.027  51.850 0.0000000000
40797  34.940  -43.795  52.190 0.0000000000
41976  34.690  -42.874  50.798 0.0000000000
43129  35.567  -42.381  51.769 0.0000000000
44295  36.167  -41.457  51.576 0.0000000000
45452  36.441  -40.716  50.853 0.0000000000
45464  36.367  -40.354  49.989 0.0000000000
45483  35.967  -40.135  49.434 0.0000000000
45484  35.331  -40.225  49.082 0.0000000000
46699  35.080  -39.060  46.792 0.0000000000
45524  32.987  -39.667  45.652 0.0000000000
45543  30.730  -40.863  43.919 0.0000000000
43201  30.327  -42.379  46.454 0.0000000000
43211  31.059  -41.851  45.729 0.0000000000
44416  28.932  -41.556  43.108 0.0000000000
43251  28.409  -42.230  43.198 0.0000000000
43264  27.983  -42.132  41.989 0.0000000000
64249  49.102  -23.343  39.474 0.0000000000
63104  48.230  -24.016  38.747 0.0000000000
63105  47.525  -24.225  38.367 0.0000000000
61954  46.993  -24.860  38.359 0.0000000000
59767  45.754  -27.333  39.784 0.0000000000
59770  45.259  -27.244  38.997 0.0000000000
59776  43.826  -28.215  37.218 0.0000000000
59775  44.308  -27.627  37.623 0.0000000000
60869  45.078  -26.617  37.285 0.0000000000
60872  44.830  -26.565  36.299 0.0000000000
54330  42.976  -32.569  39.345 0.0000000000
54346  43.112  -32.513  38.233 0.0000000000
53205  42.766  -33.249  38.457 0.0000000000
36108  29.600  -48.148  57.745 0.0000000000
36145  27.770  -48.117  56.690 0.0000000000
36095  27.751  -48.061  58.859 0.0000000000
36128  27.513  -48.024  57.487 0.0000000000
36163  26.428  -47.883  56.131 0.0000000000
37334  25.305  -47.550  55.970 0.0000000000
37371  22.947  -46.735  54.565 0.0000000000
37324  23.456  -47.469  57.462 0.0000000000
37392  21.338  -47.533  53.379 0.0000000000
36191  21.163  -48.407  52.956 0.0000000000
36186  20.867  -48.213  53.569 0.0000000000
33757  20.275  -49.964  55.168 0.0000000000
73428  56.848  -14.584  42.820 0.0000000000
73440  56.308  -14.937  42.205 0.0000000000
73457  54.814  -15.487  41.870 0.0000000000
73472  54.293  -15.574  41.399 0.0000000000
72304  53.624  -15.767  40.863 0.0000000000
72305  52.405  -16.517  40.269 0.0000000000
72277  52.930  -16.101  43.148 0.0000000000
71132  52.008  -17.516  39.878 0.0000000000
67710  51.882  -19.868  39.752 0.0000000000
65422  50.795  -22.336  39.816 0.0000000000
68857  53.402  -19.287  43.253 0.0000000000
67692  53.038  -20.795  40.888 0.0000000000
66539  53.206  -21.980  41.174 0.0000000000
66546  52.633  -21.542  40.680 0.0000000000
65423  50.217  -22.856  39.834 0.0000000000
64248  49.871  -23.380  39.823 0.0000000000
63093  49.553  -24.324  39.763 0.0000000000
61940  48.872  -26.020  40.106 0.0000000000
60846  48.154  -26.483  40.192 0.0000000000
59755  47.538  -27.306  40.504 0.0000000000
61927  52.397  -25.362  41.669 0.0000000000
60834  50.240  -26.668  41.388 0.0000000000
60822  50.431  -27.245  42.006 0.0000000000
59753  49.089  -27.269  41.204 0.0000000000
59754  48.423  -27.393  40.919 0.0000000000
58605  46.687  -27.862  40.711 0.0000000000
57495  47.150  -28.864  42.154 0.0000000000
56464  45.994  -29.660  41.652 0.0000000000
55417  45.386  -31.053  41.406 0.0000000000
55418  44.727  -31.766  41.409 0.0000000000
60766  54.490  -26.908  45.358 0.0000000000
59676  53.302  -27.280  45.591 0.0000000000
58535  52.651  -27.576  45.567 0.0000000000
59691  53.138  -27.389  44.957 0.0000000000
58552  51.980  -27.795  44.615 0.0000000000
57461  50.833  -28.504  44.476 0.0000000000
57462  50.106  -28.782  44.351 0.0000000000
56368  51.047  -29.665  45.501 0.0000000000
56387  50.646  -29.238  45.068 0.0000000000
56402  49.567  -29.190  44.537 0.0000000000
57463  49.306  -29.071  44.329 0.0000000000
55398  47.241  -30.820  43.249 0.0000000000
55399  46.685  -30.816  42.657 0.0000000000
55400  45.731  -31.465  42.371 0.0000000000
54283  43.830  -32.946  42.086 0.0000000000
52115  43.573  -33.786  43.337 0.0000000000
52116  42.827  -34.381  42.908 0.0000000000
51086  43.714  -35.290  44.525 0.0000000000
50048  42.941  -36.507  44.134 0.0000000000
48961  42.676  -37.193  43.460 0.0000000000
55240  50.322  -32.213  50.391 0.0000000000
54150  49.873  -32.381  50.315 0.0000000000
53044  48.366  -33.276  49.912 0.0000000000
52022  47.798  -33.891  49.564 0.0000000000
49922  48.362  -36.297  53.417 0.0000000000
49923  48.137  -36.520  52.772 0.0000000000
44290  47.042  -40.940  51.834 0.0000000000
44305  46.360  -41.593  50.596 0.0000000000
45447  47.118  -40.153  51.270 0.0000000000
47740  47.956  -38.429  52.157 0.0000000000
50955  48.537  -35.917  52.867 0.0000000000
50964  48.420  -35.610  52.071 0.0000000000
50972  47.594  -35.397  50.788 0.0000000000
48884  47.061  -37.531  50.082 0.0000000000
50982  47.460  -34.842  50.168 0.0000000000
52010  47.467  -34.486  49.735 0.0000000000
47813  45.706  -38.513  47.889 0.0000000000
48903  45.379  -37.593  47.531 0.0000000000
46707  44.054  -39.505  46.235 0.0000000000
45518  43.809  -40.397  45.774 0.0000000000
42008  45.843  -42.901  47.114 0.0000000000
42023  46.068  -43.198  46.515 0.0000000000
43195  45.361  -42.353  46.524 0.0000000000
42059  47.038  -43.224  44.952 0.0000000000
43196  44.759  -41.778  46.195 0.0000000000
43208  44.832  -42.065  45.582 0.0000000000
44372  44.229  -41.301  45.868 0.0000000000
44373  43.719  -41.059  45.262 0.0000000000
44410  45.104  -41.371  43.793 0.0000000000
42138  49.139  -43.026  40.973 0.0000000000
40991  48.768  -43.080  39.298 0.0000000000
40992  48.276  -43.106  39.604 0.0000000000
39816  46.135  -45.337  43.579 0.0000000000
40948  46.320  -44.213  42.901 0.0000000000
40949  45.387  -44.175  42.978 0.0000000000
42115  46.490  -43.094  41.856 0.0000000000
44438  43.811  -42.046  41.022 0.0000000000
43272  45.068  -42.573  41.484 0.0000000000
43296  45.406  -42.092  40.943 0.0000000000
46629  43.157  -39.474  50.528 0.0000000000
45461  42.398  -40.412  49.539 0.0000000000
45462  42.019  -40.650  49.233 0.0000000000
45480  41.941  -40.276  48.878 0.0000000000
44344  41.490  -40.962  49.036 0.0000000000
43178  39.499  -42.302  48.266 0.0000000000
42011  39.282  -42.814  47.159 0.0000000000
45511  40.812  -39.489  46.932 0.0000000000
45513  39.295  -40.931  46.157 0.0000000000
45503  39.430  -41.264  46.931 0.0000000000
44360  38.972  -41.756  46.974 0.0000000000
43188  38.837  -42.429  46.738 0.0000000000
40873  38.530  -43.180  45.607 0.0000000000
40918  38.006  -43.414  45.021 0.0000000000
42061  38.459  -43.527  44.475 0.0000000000
43303  38.094  -41.741  40.898 0.0000000000
47854  36.030  -38.041  45.215 0.0000000000
47886  36.493  -38.031  43.471 0.0000000000
45556  36.706  -39.330  43.301 0.0000000000
45540  35.381  -40.750  43.517 0.0000000000
46779  33.979  -39.026  40.613 0.0000000000
45582  34.252  -39.619  40.829 0.0000000000
45581  34.601  -40.011  41.222 0.0000000000
45597  34.633  -40.398  40.817 0.0000000000
44426  35.033  -40.767  41.915 0.0000000000
44413  35.093  -40.943  42.768 0.0000000000
44412  35.252  -41.344  43.271 0.0000000000
42104  36.333  -42.097  42.266 0.0000000000
43281  36.557  -42.112  41.628 0.0000000000
43306  36.296  -41.766  40.490 0.0000000000
42143  36.608  -41.927  40.815 0.0000000000
42141  37.074  -42.295  41.147 0.0000000000
43304  37.254  -42.068  40.836 0.0000000000
44457  37.994  -41.610  40.351 0.0000000000
44456  38.665  -41.494  40.293 0.0000000000
73469  56.787  -15.391  40.033 0.0000000000
72302  57.582  -15.956  39.630 0.0000000000
72315  57.858  -16.691  39.311 0.0000000000
70039  59.075  -17.519  38.958 0.0000000000
67728  56.977  -20.585  38.320 0.0000000000
65433  48.654  -22.443  38.877 0.0000000000
65447  48.499  -22.144  38.324 0.0000000000
66579  48.459  -22.043  38.079 0.0000000000
65449  48.004  -22.947  37.521 0.0000000000
65466  48.120  -22.764  37.351 0.0000000000
34921  19.608  -49.927  59.158 0.0000000000
36156  31.762  -47.836  55.660 0.0000000000
37287  22.720  -47.543  60.264 0.0000000000
37326  21.879  -47.613  57.502 0.0000000000
37353  20.921  -47.723  55.703 0.0000000000
37365  28.928  -47.774  54.577 0.0000000000
37425  48.539  -46.039  48.918 0.0000000000
37426  48.245  -45.886  48.883 0.0000000000
37427  48.046  -46.103  48.996 0.0000000000
37434  48.215  -46.050  48.774 0.0000000000
37436  47.668  -46.407  48.367 0.0000000000
37437  47.593  -46.677  48.234 0.0000000000
37451  48.133  -46.376  47.863 0.0000000000
37453  47.537  -46.866  47.911 0.0000000000
37469  47.883  -46.891  47.195 0.0000000000
38509  45.085  -44.953  52.453 0.0000000000
38510  44.840  -44.897  52.408 0.0000000000
38534  22.529  -46.876  52.497 0.0000000000
38539  45.560  -45.550  51.392 0.0000000000
38540  45.032  -45.576  51.649 0.0000000000
38572  48.474  -45.973  48.971 0.0000000000
38573  47.966  -45.901  49.051 0.0000000000
38588  48.556  -45.669  48.020 0.0000000000
38589  47.470  -46.423  48.664 0.0000000000
38603  48.780  -45.779  47.454 0.0000000000
38605  48.402  -46.293  47.365 0.0000000000
38606  47.713  -46.918  47.469 0.0000000000
38625  48.648  -45.968  46.893 0.0000000000
38665  45.143  -45.977  44.482 0.0000000000
38675  47.943  -46.043  44.551 0.0000000000
39652  44.972  -44.146  53.536 0.0000000000
39668  44.653  -44.560  52.792 0.0000000000
39681  45.496  -45.024  52.314 0.0000000000
39684  43.805  -44.229  52.324 0.0000000000
39692  46.808  -45.386  50.463 0.0000000000
39695  43.995  -44.790  51.897 0.0000000000
39703  47.767  -45.642  49.454 0.0000000000
39704  47.259  -45.574  49.918 0.0000000000
39708  43.533  -44.517  51.377 0.0000000000
39730  48.754  -45.664  47.645 0.0000000000
39731  48.753  -45.451  47.731 0.0000000000
39732  48.747  -44.914  47.666 0.0000000000
39741  24.261  -45.870  47.743 0.0000000000
39743  48.798  -45.545  46.976 0.0000000000
39744  48.816  -45.161  47.341 0.0000000000
39760  48.631  -45.745  46.385 0.0000000000
40689  35.773  -44.450  57.748 0.0000000000
40710  44.995  -43.408  54.164 0.0000000000
40735  44.444  -43.221  53.883 0.0000000000
40757  45.407  -44.125  53.485 0.0000000000
40758  44.477  -44.209  53.142 0.0000000000
40759  43.992  -43.895  53.060 0.0000000000
40763  34.747  -44.777  53.252 0.0000000000
40782  46.069  -44.593  52.463 0.0000000000
40784  43.573  -43.937  52.252 0.0000000000
40795  42.696  -43.573  50.512 0.0000000000
40814  48.085  -45.024  49.349 0.0000000000
40816  44.476  -45.240  49.287 0.0000000000
40822  33.069  -43.798  50.040 0.0000000000
40830  48.579  -44.727  47.960 0.0000000000
40846  49.084  -45.131  46.980 0.0000000000
40856  38.781  -42.967  45.898 0.0000000000
40864  48.626  -44.621  46.539 0.0000000000
40895  38.205  -43.327  45.331 0.0000000000
40917  38.429  -43.542  44.920 0.0000000000
41873  46.191  -42.219  55.500 0.0000000000
41882  45.848  -42.443  55.169 0.0000000000
41883  45.269  -42.754  54.779 0.0000000000
41884  44.807  -42.708  54.629 0.0000000000
41885  44.534  -42.693  54.386 0.0000000000
41895  45.224  -43.256  54.291 0.0000000000
41912  43.442  -43.286  52.952 0.0000000000
41956  43.296  -43.642  51.719 0.0000000000
41981  47.426  -43.873  49.117 0.0000000000
41983  41.101  -43.311  49.317 0.0000000000
42005  47.923  -44.122  46.888 0.0000000000
42010  41.620  -44.022  47.152 0.0000000000
42024  42.030  -43.994  47.000 0.0000000000
42025  41.789  -44.022  46.994 0.0000000000
42027  37.197  -42.707  45.463 0.0000000000
42038  47.795  -43.719  45.847 0.0000000000
42040  46.437  -43.253  45.542 0.0000000000
42042  37.782  -43.262  45.179 0.0000000000
42060  46.641  -43.057  44.951 0.0000000000
42078  40.597  -43.503  43.631 0.0000000000
42090  49.327  -43.530  42.955 0.0000000000
42125  36.781  -42.206  41.354 0.0000000000
42126  36.653  -42.033  41.054 0.0000000000
42142  36.854  -42.145  40.924 0.0000000000
43072  44.794  -42.432  55.034 0.0000000000
43085  46.540  -42.503  54.377 0.0000000000
43109  42.891  -42.686  51.761 0.0000000000
43110  42.781  -42.933  51.175 0.0000000000
43126  42.225  -42.840  50.567 0.0000000000
43145  41.551  -42.693  50.124 0.0000000000
43147  40.641  -42.865  49.430 0.0000000000
43163  40.281  -42.566  49.129 0.0000000000
43177  39.857  -42.190  48.692 0.0000000000
43187  39.100  -42.438  47.619 0.0000000000
43193  48.912  -44.004  44.975 0.0000000000
43194  48.604  -44.047  45.369 0.0000000000
43205  47.903  -43.363  45.259 0.0000000000
43249  35.240  -41.438  42.980 0.0000000000
43261  36.386  -42.013  41.895 0.0000000000
43280  37.277  -42.255  41.228 0.0000000000
43305  36.775  -41.958  40.531 0.0000000000
44179  46.667  -40.226  55.702 0.0000000000
44180  46.357  -40.555  55.783 0.0000000000
44201  46.268  -41.235  55.693 0.0000000000
44202  45.809  -41.437  55.805 0.0000000000
44203  45.275  -41.447  55.713 0.0000000000
44224  44.349  -41.933  54.889 0.0000000000
44243  47.573  -41.504  54.567 0.0000000000
44245  44.110  -41.515  54.492 0.0000000000
44262  47.978  -40.804  53.734 0.0000000000
44266  43.235  -42.205  52.982 0.0000000000
44267  37.736  -40.682  53.821 0.0000000000
44324  41.972  -41.225  49.682 0.0000000000
44368  36.997  -41.774  45.595 0.0000000000
44392  43.576  -41.051  44.784 0.0000000000
44395  35.198  -40.943  43.338 0.0000000000
44405  49.081  -42.700  43.379 0.0000000000
44408  47.075  -41.454  43.729 0.0000000000
44411  44.464  -41.307  43.860 0.0000000000
44427  29.196  -41.090  42.838 0.0000000000
44437  44.148  -42.058  41.050 0.0000000000
44459  34.558  -40.414  40.521 0.0000000000
45328  46.105  -40.202  56.084 0.0000000000
45374  44.289  -40.346  54.549 0.0000000000
45397  43.715  -40.578  53.194 0.0000000000
45417  47.682  -40.392  52.692 0.0000000000
45419  43.079  -41.138  51.674 0.0000000000
45432  47.326  -40.392  51.895 0.0000000000
45433  46.965  -40.726  51.487 0.0000000000
45449  43.182  -40.130  50.851 0.0000000000
45479  42.184  -40.316  49.174 0.0000000000
45504  34.198  -39.942  47.959 0.0000000000
45554  44.538  -40.888  43.363 0.0000000000
46501  44.927  -40.062  55.653 0.0000000000
46503  39.717  -39.510  56.307 0.0000000000
46519  45.076  -39.530  55.692 0.0000000000
46554  44.261  -39.583  54.026 0.0000000000
46600  47.851  -38.951  51.906 0.0000000000
46626  47.021  -39.531  50.632 0.0000000000
46644  46.994  -39.050  50.072 0.0000000000
46647  42.234  -38.958  49.416 0.0000000000
46682  44.989  -39.409  47.173 0.0000000000
46697  40.316  -38.834  46.107 0.0000000000
46711  38.301  -39.473  44.415 0.0000000000
46778  34.300  -39.263  41.014 0.0000000000
46780  30.161  -39.122  41.948 0.0000000000
46791  33.631  -39.098  39.908 0.0000000000
46808  30.239  -38.610  39.092 0.0000000000
47636  46.639  -38.714  56.706 0.0000000000
47687  48.395  -38.708  54.066 0.0000000000
47689  44.119  -38.424  54.344 0.0000000000
47706  44.350  -39.127  54.247 0.0000000000
47762  43.332  -39.021  50.938 0.0000000000
47796  46.499  -38.558  49.010 0.0000000000
47802  38.293  -38.593  47.813 0.0000000000
47940  30.433  -38.194  40.356 0.0000000000
48849  43.438  -38.343  52.307 0.0000000000
48861  47.718  -37.882  51.811 0.0000000000
48862  43.236  -38.136  51.817 0.0000000000
48963  34.957  -37.361  43.033 0.0000000000
48964  34.464  -37.368  42.836 0.0000000000
48981  34.531  -37.485  42.339 0.0000000000
48982  33.953  -37.499  42.244 0.0000000000
49001  31.806  -37.588  40.757 0.0000000000
49003  30.970  -37.939  41.219 0.0000000000
49017  31.418  -37.653  40.509 0.0000000000
49032  30.937  -37.806  40.216 0.0000000000
49896  42.849  -36.945  56.307 0.0000000000
49936  47.898  -36.659  52.132 0.0000000000
49965  46.917  -36.481  49.937 0.0000000000
51045  44.166  -36.282  45.726 0.0000000000
51064  43.402  -35.926  44.574 0.0000000000
52041  45.478  -35.112  46.958 0.0000000000
52159  42.571  -34.088  40.255 0.0000000000
53078  47.985  -33.024  48.412 0.0000000000
54136  49.517  -32.786  50.545 0.0000000000
54331  42.676  -33.055  39.190 0.0000000000
55268  51.094  -30.938  49.023 0.0000000000
55375  47.904  -30.824  44.391 0.0000000000
56348  52.621  -29.323  46.530 0.0000000000
56370  49.079  -30.577  45.505 0.0000000000
56421  48.886  -29.181  44.154 0.0000000000
56466  44.991  -30.436  40.385 0.0000000000
56499  44.314  -30.359  38.886 0.0000000000
57422  52.493  -29.119  46.207 0.0000000000
57496  46.352  -29.279  41.930 0.0000000000
57553  43.900  -30.108  37.904 0.0000000000
58645  44.045  -28.633  37.747 0.0000000000
58659  43.734  -28.431  36.108 0.0000000000
59711  51.471  -27.460  43.761 0.0000000000
59744  49.445  -27.600  41.750 0.0000000000
60782  56.291  -25.792  44.560 0.0000000000
60847  47.572  -26.828  40.143 0.0000000000
60864  45.384  -26.684  38.184 0.0000000000
61880  56.301  -25.612  44.196 0.0000000000
70091  53.829  -18.390  37.436 0.0000000000
70094  51.668  -18.432  37.553 0.0000000000
71144  51.608  -18.033  38.578 0.0000000000
71161  51.623  -17.996  38.272 0.0000000000
71179  51.799  -18.066  37.721 0.0000000000
72317  55.852  -16.047  39.307 0.0000000000
