#!ascii label  , from subject 3481 vox2ras=TkReg
571
91951  19.871  1.248  -5.646 0.0000000000
99001  25.315  8.441  -5.574 0.0000000000
111152  21.747  19.789  -5.251 0.0000000000
105017  16.462  14.425  -3.991 0.0000000000
85810  21.317  -4.591  -6.387 0.0000000000
88887  23.849  -1.405  -6.214 0.0000000000
95116  21.717  4.626  -7.095 0.0000000000
101022  19.485  10.584  -5.920 0.0000000000
104005  23.845  14.026  -4.791 0.0000000000
110087  28.388  19.412  -3.476 0.0000000000
114801  21.924  24.600  -3.567 0.0000000000
88891  20.285  -1.696  -6.097 0.0000000000
86850  22.834  -3.471  -6.525 0.0000000000
89932  22.181  -0.368  -6.581 0.0000000000
98055  17.643  7.681  -4.661 0.0000000000
100003  15.844  9.459  -3.721 0.0000000000
108087  19.372  17.424  -5.915 0.0000000000
105030  20.199  14.511  -6.027 0.0000000000
107076  22.708  17.044  -4.858 0.0000000000
107025  26.387  16.481  -2.763 0.0000000000
110069  25.608  19.530  -2.435 0.0000000000
114771  18.552  24.893  -1.748 0.0000000000
114804  18.889  24.341  -3.387 0.0000000000
116646  20.782  26.484  -3.473 0.0000000000
97160  23.782  6.517  -6.627 0.0000000000
94056  24.732  3.591  -5.716 0.0000000000
96114  26.709  5.472  -4.664 0.0000000000
110114  18.893  19.613  -4.929 0.0000000000
100981  27.731  10.417  -3.724 0.0000000000
92977  19.057  3.504  -4.253 0.0000000000
93011  20.887  2.740  -6.395 0.0000000000
96117  19.084  5.597  -5.300 0.0000000000
98069  20.502  7.462  -6.042 0.0000000000
101036  22.764  10.173  -6.651 0.0000000000
103048  17.954  12.132  -5.227 0.0000000000
103058  21.290  12.388  -6.585 0.0000000000
101999  24.501  11.299  -5.363 0.0000000000
103990  26.520  13.608  -3.289 0.0000000000
113004  19.389  22.275  -4.801 0.0000000000
113001  22.166  22.364  -4.383 0.0000000000
119421  24.755  28.891  -2.604 0.0000000000
116626  25.139  26.365  -2.505 0.0000000000
112967  25.055  22.476  -2.694 0.0000000000
113858  27.966  22.585  -4.272 0.0000000000
91963  23.091  1.722  -6.626 0.0000000000
91928  19.718  1.604  -4.221 0.0000000000
90948  19.714  0.497  -4.630 0.0000000000
89934  20.410  -0.618  -6.346 0.0000000000
89933  21.185  -0.488  -6.694 0.0000000000
90977  20.694  0.549  -6.573 0.0000000000
109130  21.247  18.414  -5.705 0.0000000000
108084  21.654  17.553  -5.407 0.0000000000
109112  22.548  18.500  -4.785 0.0000000000
109110  23.845  18.089  -3.775 0.0000000000
110088  23.888  19.515  -3.209 0.0000000000
116630  19.795  26.632  -2.371 0.0000000000
115705  19.887  25.911  -2.710 0.0000000000
118524  20.527  27.990  -3.220 0.0000000000
99002  24.859  7.898  -5.839 0.0000000000
97145  25.004  6.368  -5.524 0.0000000000
98050  25.962  7.445  -4.956 0.0000000000
109113  18.669  18.303  -4.805 0.0000000000
110116  17.845  18.990  -3.783 0.0000000000
86831  20.085  -3.632  -5.550 0.0000000000
85791  20.866  -5.342  -6.075 0.0000000000
84793  22.097  -5.565  -6.547 0.0000000000
84792  23.022  -5.454  -6.676 0.0000000000
87905  23.306  -2.444  -6.443 0.0000000000
86849  23.830  -3.405  -6.568 0.0000000000
94058  18.683  4.404  -4.736 0.0000000000
96094  17.922  5.692  -4.562 0.0000000000
99005  17.906  8.372  -4.862 0.0000000000
98053  19.022  7.420  -5.369 0.0000000000
100011  19.737  8.911  -5.785 0.0000000000
99037  21.295  8.512  -6.501 0.0000000000
101020  20.572  10.030  -6.197 0.0000000000
101980  15.071  11.580  -3.458 0.0000000000
104007  16.723  13.460  -4.373 0.0000000000
105028  21.973  14.691  -5.806 0.0000000000
105043  21.035  13.554  -6.224 0.0000000000
104032  22.375  13.092  -6.137 0.0000000000
103056  23.071  12.259  -6.118 0.0000000000
103034  24.344  12.993  -4.794 0.0000000000
103033  25.168  12.639  -4.398 0.0000000000
104003  24.983  13.756  -4.080 0.0000000000
108023  27.663  17.670  -2.522 0.0000000000
106019  28.002  16.131  -2.789 0.0000000000
114802  20.862  24.606  -3.627 0.0000000000
113864  18.428  22.826  -4.159 0.0000000000
113862  19.888  22.994  -4.406 0.0000000000
113003  20.405  22.336  -4.930 0.0000000000
113840  22.135  23.392  -3.839 0.0000000000
114785  25.183  24.499  -2.548 0.0000000000
114799  26.908  24.472  -3.130 0.0000000000
113825  27.454  23.060  -3.066 0.0000000000
94094  21.520  3.814  -6.841 0.0000000000
91972  21.654  2.355  -6.812 0.0000000000
94081  22.617  3.484  -7.101 0.0000000000
94055  25.635  3.383  -5.331 0.0000000000
92991  24.932  2.549  -5.534 0.0000000000
87909  20.244  -2.660  -5.819 0.0000000000
86852  21.025  -3.444  -6.381 0.0000000000
86851  21.848  -3.506  -6.476 0.0000000000
87907  21.363  -2.510  -6.491 0.0000000000
88889  21.738  -1.478  -6.595 0.0000000000
97108  16.541  7.143  -3.772 0.0000000000
98989  16.485  8.411  -4.037 0.0000000000
100001  17.342  9.254  -4.503 0.0000000000
106067  17.790  15.460  -4.618 0.0000000000
105033  17.904  14.240  -4.938 0.0000000000
106079  19.637  15.405  -5.785 0.0000000000
106077  21.322  15.579  -5.820 0.0000000000
106075  22.893  15.851  -5.035 0.0000000000
106048  25.059  15.615  -3.713 0.0000000000
107074  24.055  16.589  -4.224 0.0000000000
109061  26.023  18.441  -2.339 0.0000000000
110067  27.546  19.503  -2.452 0.0000000000
114773  16.464  23.889  -1.847 0.0000000000
114789  18.624  24.869  -2.657 0.0000000000
115717  20.379  25.540  -3.236 0.0000000000
115716  21.257  25.604  -3.585 0.0000000000
96151  22.685  5.628  -6.996 0.0000000000
95102  23.073  4.734  -7.116 0.0000000000
96135  24.122  5.523  -6.421 0.0000000000
95080  25.203  4.414  -5.442 0.0000000000
106053  16.737  15.658  -3.767 0.0000000000
107078  17.714  16.681  -4.313 0.0000000000
109133  19.059  18.316  -5.567 0.0000000000
111153  21.251  20.186  -5.489 0.0000000000
85808  23.396  -4.408  -6.660 0.0000000000
100000  26.267  9.793  -4.512 0.0000000000
98987  27.196  8.548  -4.352 0.0000000000
92976  19.470  2.826  -4.487 0.0000000000
91966  20.310  1.691  -6.193 0.0000000000
94083  19.972  3.656  -5.626 0.0000000000
95103  20.310  4.628  -5.949 0.0000000000
96154  20.828  5.023  -6.463 0.0000000000
97147  18.685  6.485  -5.160 0.0000000000
97163  20.157  6.516  -5.770 0.0000000000
97161  21.286  6.362  -6.467 0.0000000000
98083  22.458  7.581  -6.832 0.0000000000
99035  22.755  8.623  -6.795 0.0000000000
100038  24.270  9.658  -6.825 0.0000000000
100997  16.367  10.726  -3.793 0.0000000000
102001  18.330  11.331  -5.350 0.0000000000
104023  18.112  13.140  -5.283 0.0000000000
103061  19.390  12.119  -6.064 0.0000000000
102014  19.718  11.391  -6.234 0.0000000000
102029  21.410  11.166  -6.554 0.0000000000
102026  23.397  10.664  -6.873 0.0000000000
101006  25.090  10.429  -5.391 0.0000000000
101988  26.277  11.418  -4.161 0.0000000000
101974  26.702  11.945  -3.729 0.0000000000
106046  26.632  15.449  -3.048 0.0000000000
112114  18.965  21.270  -4.970 0.0000000000
112130  20.602  20.833  -5.546 0.0000000000
112110  22.591  21.380  -4.508 0.0000000000
118510  23.129  28.337  -2.598 0.0000000000
116628  23.182  26.551  -2.811 0.0000000000
117564  24.664  27.308  -2.464 0.0000000000
115703  23.587  25.539  -2.620 0.0000000000
113829  23.739  23.554  -3.025 0.0000000000
112968  24.272  22.835  -2.994 0.0000000000
112091  23.975  21.395  -3.337 0.0000000000
112077  25.623  21.459  -2.525 0.0000000000
112075  27.405  21.384  -2.662 0.0000000000
112108  28.157  21.224  -4.227 0.0000000000
91965  21.160  1.755  -6.713 0.0000000000
90975  22.612  0.739  -6.574 0.0000000000
89915  23.670  0.474  -5.906 0.0000000000
93008  23.640  2.676  -6.410 0.0000000000
90958  23.967  0.946  -5.722 0.0000000000
91941  19.699  1.478  -5.000 0.0000000000
90959  19.749  0.348  -5.378 0.0000000000
90978  20.004  0.381  -6.079 0.0000000000
110132  21.511  19.241  -5.437 0.0000000000
109129  21.874  18.443  -5.220 0.0000000000
110112  22.740  19.453  -4.555 0.0000000000
110089  23.413  19.539  -3.978 0.0000000000
117567  19.998  27.380  -2.596 0.0000000000
98051  25.240  7.314  -5.471 0.0000000000
85811  20.770  -4.006  -6.253 0.0000000000
85792  20.451  -4.513  -5.963 0.0000000000
84794  21.395  -5.794  -6.281 0.0000000000
87904  24.324  -2.409  -6.481 0.0000000000
88886  24.878  -1.416  -6.460 0.0000000000
95065  17.921  5.037  -4.270 0.0000000000
95066  17.616  5.203  -3.824 0.0000000000
100013  18.302  9.374  -5.168 0.0000000000
99004  18.683  8.387  -5.299 0.0000000000
100012  19.287  9.451  -5.687 0.0000000000
100024  20.164  9.447  -6.008 0.0000000000
100025  19.812  10.063  -5.925 0.0000000000
104008  15.940  13.321  -3.843 0.0000000000
105027  22.709  14.760  -5.430 0.0000000000
104020  21.932  13.842  -6.036 0.0000000000
104018  23.284  13.626  -5.328 0.0000000000
104031  22.889  13.127  -5.819 0.0000000000
104004  24.444  13.667  -4.498 0.0000000000
105013  24.686  14.202  -4.160 0.0000000000
109058  28.394  18.586  -3.167 0.0000000000
108022  28.314  17.731  -2.903 0.0000000000
113842  20.373  23.689  -3.882 0.0000000000
113841  21.273  23.693  -3.904 0.0000000000
115714  26.743  25.137  -3.422 0.0000000000
115731  26.887  25.345  -4.265 0.0000000000
115730  27.186  24.498  -4.460 0.0000000000
94093  22.114  3.842  -7.138 0.0000000000
94054  26.832  3.213  -5.419 0.0000000000
92990  25.974  2.395  -5.518 0.0000000000
89935  19.941  -0.832  -5.694 0.0000000000
88892  20.043  -1.914  -5.609 0.0000000000
87908  20.653  -2.562  -6.279 0.0000000000
88890  20.862  -1.570  -6.527 0.0000000000
88888  22.768  -1.400  -6.445 0.0000000000
98977  15.597  8.465  -3.402 0.0000000000
98990  15.880  9.106  -3.751 0.0000000000
100002  16.298  9.651  -3.884 0.0000000000
107089  19.062  16.364  -5.494 0.0000000000
106066  18.568  15.900  -5.033 0.0000000000
107088  19.890  16.479  -5.943 0.0000000000
108072  22.306  17.639  -4.972 0.0000000000
107086  21.471  16.603  -5.581 0.0000000000
107085  22.243  16.696  -5.150 0.0000000000
106076  22.113  15.707  -5.515 0.0000000000
107075  23.281  16.709  -4.692 0.0000000000
109062  25.124  18.752  -2.504 0.0000000000
109084  25.195  17.973  -2.532 0.0000000000
110068  26.597  19.497  -2.320 0.0000000000
114772  17.787  23.844  -1.527 0.0000000000
114790  17.688  24.488  -2.445 0.0000000000
115718  19.522  25.150  -2.929 0.0000000000
116645  21.552  26.582  -3.644 0.0000000000
97176  23.029  6.726  -6.847 0.0000000000
96136  23.403  5.621  -6.796 0.0000000000
96115  25.530  5.364  -5.064 0.0000000000
96116  24.791  5.428  -5.805 0.0000000000
95079  26.180  4.274  -4.935 0.0000000000
106054  15.966  15.638  -2.997 0.0000000000
106052  17.341  16.146  -4.071 0.0000000000
110136  18.907  18.955  -5.068 0.0000000000
110135  19.377  19.228  -5.505 0.0000000000
110134  20.093  19.218  -5.856 0.0000000000
111155  19.782  19.866  -5.555 0.0000000000
85809  22.402  -4.507  -6.586 0.0000000000
85807  24.341  -4.273  -6.692 0.0000000000
100993  27.205  10.100  -3.955 0.0000000000
92958  18.999  3.380  -3.981 0.0000000000
92993  19.877  2.480  -5.393 0.0000000000
94035  19.097  3.596  -4.471 0.0000000000
95082  18.998  4.844  -5.151 0.0000000000
95104  19.510  4.668  -5.427 0.0000000000
96139  19.835  5.584  -5.629 0.0000000000
97126  17.519  6.498  -4.417 0.0000000000
98035  17.721  7.076  -4.610 0.0000000000
98070  19.773  7.438  -5.648 0.0000000000
97162  20.768  6.468  -6.143 0.0000000000
98068  21.070  7.088  -6.291 0.0000000000
98084  21.653  7.319  -6.589 0.0000000000
100040  22.346  9.424  -6.618 0.0000000000
99036  22.014  8.498  -6.724 0.0000000000
100039  22.857  9.453  -6.637 0.0000000000
99045  23.485  9.258  -6.835 0.0000000000
100054  23.488  9.715  -6.947 0.0000000000
101991  16.132  11.580  -3.781 0.0000000000
100982  15.620  10.875  -3.568 0.0000000000
101990  16.808  11.548  -4.210 0.0000000000
100996  17.122  10.494  -4.262 0.0000000000
102002  17.602  11.418  -4.754 0.0000000000
105031  19.434  14.238  -5.778 0.0000000000
105032  18.610  14.118  -5.387 0.0000000000
104034  20.836  13.014  -6.372 0.0000000000
104035  20.043  12.992  -6.216 0.0000000000
103060  19.941  12.101  -6.508 0.0000000000
103075  20.450  11.815  -6.659 0.0000000000
102030  20.729  11.334  -6.557 0.0000000000
103073  21.696  11.737  -6.602 0.0000000000
103055  23.588  11.715  -5.990 0.0000000000
102011  23.506  11.134  -6.526 0.0000000000
102000  24.053  11.281  -5.992 0.0000000000
101019  24.322  10.474  -6.544 0.0000000000
101007  24.555  10.738  -5.919 0.0000000000
100995  25.824  10.461  -4.660 0.0000000000
101989  25.204  11.339  -4.780 0.0000000000
103019  26.041  12.938  -3.646 0.0000000000
103032  26.211  12.303  -3.854 0.0000000000
103018  26.886  12.585  -3.375 0.0000000000
103017  27.999  12.536  -3.269 0.0000000000
103989  27.520  13.508  -3.143 0.0000000000
107052  25.549  16.262  -3.249 0.0000000000
106047  25.784  15.410  -3.422 0.0000000000
107051  26.106  15.908  -3.148 0.0000000000
113845  16.864  23.630  -3.409 0.0000000000
113005  18.244  22.306  -4.278 0.0000000000
113006  17.611  21.848  -4.188 0.0000000000
112115  18.025  21.338  -4.435 0.0000000000
111136  17.789  20.840  -4.241 0.0000000000
111135  18.377  20.366  -4.507 0.0000000000
113002  21.300  22.319  -4.763 0.0000000000
112112  20.989  21.538  -5.307 0.0000000000
112111  21.799  21.506  -4.923 0.0000000000
111133  21.487  20.927  -5.303 0.0000000000
113000  22.912  22.087  -4.114 0.0000000000
119422  23.764  29.088  -2.437 0.0000000000
117566  22.698  27.516  -3.042 0.0000000000
118509  24.185  28.207  -2.415 0.0000000000
117563  25.661  27.221  -2.852 0.0000000000
118521  25.589  28.186  -3.001 0.0000000000
116627  24.132  26.448  -2.400 0.0000000000
115702  24.636  25.470  -2.439 0.0000000000
114787  22.930  24.544  -3.026 0.0000000000
114786  24.108  24.513  -2.606 0.0000000000
113827  25.677  23.473  -2.589 0.0000000000
113828  24.678  23.561  -2.705 0.0000000000
112979  24.323  22.121  -3.080 0.0000000000
112078  24.715  21.410  -2.820 0.0000000000
112966  26.112  22.426  -2.495 0.0000000000
113838  27.886  23.088  -3.869 0.0000000000
112964  27.595  22.097  -2.940 0.0000000000
112978  27.946  22.202  -3.465 0.0000000000
112089  28.168  21.360  -3.581 0.0000000000
112998  28.078  22.003  -4.309 0.0000000000
93012  20.352  2.810  -5.937 0.0000000000
93010  22.079  2.602  -6.930 0.0000000000
91964  22.110  1.779  -6.848 0.0000000000
90974  23.405  0.893  -6.178 0.0000000000
94079  24.023  3.683  -6.305 0.0000000000
94080  23.279  3.692  -6.947 0.0000000000
91949  25.347  1.597  -5.584 0.0000000000
91950  24.487  1.630  -5.660 0.0000000000
90957  24.770  0.697  -5.677 0.0000000000
108086  20.179  17.473  -6.151 0.0000000000
108085  20.964  17.514  -5.867 0.0000000000
108071  23.003  17.654  -4.702 0.0000000000
108070  23.661  17.490  -4.273 0.0000000000
109111  23.332  18.516  -4.312 0.0000000000
109086  23.738  18.793  -3.649 0.0000000000
110070  24.658  19.515  -2.653 0.0000000000
115684  18.942  25.770  -1.065 0.0000000000
115706  19.271  25.730  -2.151 0.0000000000
116629  20.194  26.537  -2.991 0.0000000000
117584  21.011  27.355  -3.640 0.0000000000
98066  24.118  7.362  -6.479 0.0000000000
97159  24.402  6.414  -6.166 0.0000000000
98052  24.627  7.312  -5.964 0.0000000000
97144  25.768  6.417  -4.924 0.0000000000
109114  18.021  18.352  -4.183 0.0000000000
110115  18.423  19.276  -4.351 0.0000000000
86817  19.743  -3.718  -4.806 0.0000000000
83764  21.886  -6.534  -6.475 0.0000000000
83763  22.657  -6.444  -6.579 0.0000000000
94036  18.539  4.141  -4.281 0.0000000000
94057  19.222  3.814  -4.929 0.0000000000
95083  18.309  4.906  -4.690 0.0000000000
96118  18.441  5.629  -4.943 0.0000000000
98054  18.247  7.401  -4.952 0.0000000000
99003  19.430  8.334  -5.590 0.0000000000
99021  20.052  8.362  -5.867 0.0000000000
99020  20.644  8.513  -6.220 0.0000000000
100023  20.876  9.427  -6.324 0.0000000000
101037  21.918  10.320  -6.491 0.0000000000
103036  16.257  12.471  -4.070 0.0000000000
103035  17.264  12.541  -4.689 0.0000000000
105029  21.148  14.332  -6.058 0.0000000000
105045  19.970  13.788  -6.049 0.0000000000
104033  21.555  13.204  -6.300 0.0000000000
103057  22.168  12.203  -6.489 0.0000000000
103046  23.277  12.843  -5.681 0.0000000000
103045  23.921  12.359  -5.326 0.0000000000
103044  24.617  11.877  -4.900 0.0000000000
103991  25.633  13.678  -3.714 0.0000000000
108024  26.745  17.517  -2.393 0.0000000000
107024  27.388  16.775  -2.582 0.0000000000
107023  28.153  16.921  -2.745 0.0000000000
107050  28.512  16.871  -3.316 0.0000000000
113843  19.373  23.591  -3.853 0.0000000000
113844  18.140  23.220  -3.800 0.0000000000
113863  18.905  22.911  -4.295 0.0000000000
113861  20.809  23.038  -4.429 0.0000000000
113860  21.542  22.970  -4.291 0.0000000000
116625  25.914  26.190  -2.809 0.0000000000
115701  25.593  25.430  -2.618 0.0000000000
115700  26.247  25.468  -2.889 0.0000000000
114784  26.300  24.495  -2.766 0.0000000000
114783  27.009  23.940  -2.958 0.0000000000
113826  26.625  23.304  -2.705 0.0000000000
114818  27.545  23.746  -4.295 0.0000000000
94095  21.082  3.679  -6.511 0.0000000000
91973  21.338  2.603  -6.668 0.0000000000
93019  21.737  3.075  -6.854 0.0000000000
93018  22.248  3.137  -7.017 0.0000000000
93009  22.732  2.711  -6.922 0.0000000000
93007  24.273  2.968  -5.909 0.0000000000
87889  19.998  -2.708  -5.233 0.0000000000
86853  20.490  -3.468  -6.072 0.0000000000
87906  22.286  -2.477  -6.501 0.0000000000
98036  17.126  7.415  -4.334 0.0000000000
98037  16.531  7.503  -3.943 0.0000000000
98988  17.281  8.207  -4.497 0.0000000000
106068  17.076  14.968  -4.166 0.0000000000
105016  17.226  14.359  -4.478 0.0000000000
106081  18.265  14.763  -5.078 0.0000000000
106080  18.764  15.194  -5.335 0.0000000000
107087  20.699  16.549  -5.866 0.0000000000
106078  20.487  15.500  -5.939 0.0000000000
105015  23.442  14.793  -4.920 0.0000000000
105014  24.314  14.757  -4.384 0.0000000000
106064  24.480  15.739  -4.162 0.0000000000
107053  24.735  16.450  -3.680 0.0000000000
107026  25.669  16.777  -2.835 0.0000000000
108049  24.221  17.327  -3.623 0.0000000000
108048  25.002  17.156  -2.973 0.0000000000
108025  25.811  17.350  -2.532 0.0000000000
109060  27.126  18.530  -2.319 0.0000000000
110066  28.199  19.423  -2.852 0.0000000000
114805  17.791  24.284  -3.193 0.0000000000
114803  19.921  24.479  -3.467 0.0000000000
115715  22.058  25.726  -3.508 0.0000000000
96152  21.995  5.524  -7.066 0.0000000000
95115  22.375  4.736  -7.234 0.0000000000
95101  23.751  4.629  -6.672 0.0000000000
95081  24.470  4.538  -6.112 0.0000000000
107077  18.454  16.556  -4.802 0.0000000000
108073  18.246  17.487  -4.528 0.0000000000
108088  18.820  17.425  -5.235 0.0000000000
109132  19.698  18.391  -6.064 0.0000000000
110133  20.847  19.263  -5.769 0.0000000000
100010  25.717  9.458  -5.022 0.0000000000
99000  26.214  8.420  -4.799 0.0000000000
100009  26.438  9.150  -4.550 0.0000000000
94082  20.596  3.619  -6.129 0.0000000000
95118  20.824  4.279  -6.377 0.0000000000
95117  21.210  4.466  -6.731 0.0000000000
96153  21.363  5.414  -6.781 0.0000000000
96095  17.445  5.808  -4.177 0.0000000000
97146  19.412  6.502  -5.478 0.0000000000
96138  20.506  5.648  -6.034 0.0000000000
96137  20.964  5.763  -6.394 0.0000000000
97178  21.729  6.200  -6.721 0.0000000000
97177  22.259  6.487  -6.825 0.0000000000
98082  23.061  7.792  -6.895 0.0000000000
99019  23.891  7.966  -6.642 0.0000000000
99018  24.416  8.484  -6.372 0.0000000000
99017  24.926  8.944  -6.002 0.0000000000
99989  14.581  9.875  -3.161 0.0000000000
99988  15.440  9.699  -3.526 0.0000000000
101009  17.934  10.385  -4.914 0.0000000000
101008  18.718  10.423  -5.544 0.0000000000
104006  17.444  13.556  -4.755 0.0000000000
104021  19.663  13.515  -5.964 0.0000000000
104022  19.192  13.102  -5.844 0.0000000000
103047  18.660  12.204  -5.664 0.0000000000
102015  19.056  11.360  -5.845 0.0000000000
101021  20.190  10.603  -6.221 0.0000000000
101038  20.970  10.464  -6.415 0.0000000000
102013  22.359  11.633  -6.515 0.0000000000
102027  23.016  10.825  -6.721 0.0000000000
101035  23.276  10.335  -6.893 0.0000000000
101034  23.786  10.381  -7.063 0.0000000000
100022  24.686  9.555  -6.361 0.0000000000
100021  25.133  9.518  -5.806 0.0000000000
100994  26.579  10.350  -4.230 0.0000000000
101987  27.035  10.752  -3.896 0.0000000000
101973  27.455  11.498  -3.601 0.0000000000
105002  25.127  14.639  -3.798 0.0000000000
105001  26.131  14.545  -3.384 0.0000000000
106020  27.229  16.020  -2.764 0.0000000000
104999  28.104  14.446  -3.158 0.0000000000
112982  17.771  22.648  -3.970 0.0000000000
111134  19.210  20.178  -5.177 0.0000000000
112113  20.005  21.555  -5.348 0.0000000000
112131  19.810  20.646  -5.468 0.0000000000
112129  21.102  20.895  -5.476 0.0000000000
111132  22.117  20.387  -4.970 0.0000000000
118523  21.289  28.115  -3.518 0.0000000000
118522  21.677  28.085  -3.507 0.0000000000
118511  21.985  28.466  -3.189 0.0000000000
117583  21.818  27.573  -3.567 0.0000000000
116644  22.378  26.629  -3.379 0.0000000000
115704  22.719  25.703  -3.058 0.0000000000
117565  23.642  27.404  -2.499 0.0000000000
114788  22.368  25.153  -3.244 0.0000000000
113839  22.920  23.442  -3.450 0.0000000000
112980  23.559  22.460  -3.532 0.0000000000
112092  23.344  21.389  -3.988 0.0000000000
111131  23.007  20.447  -4.318 0.0000000000
111113  23.643  20.468  -3.634 0.0000000000
111112  24.252  20.480  -2.925 0.0000000000
111096  25.159  20.482  -2.609 0.0000000000
112965  27.015  22.311  -2.622 0.0000000000
112076  26.576  21.432  -2.473 0.0000000000
111095  26.114  20.484  -2.416 0.0000000000
111094  27.074  20.473  -2.422 0.0000000000
111093  27.974  20.463  -2.827 0.0000000000
111110  28.301  20.417  -3.634 0.0000000000
113018  27.595  22.144  -5.132 0.0000000000
112128  27.765  21.216  -4.843 0.0000000000
111130  27.907  20.376  -4.833 0.0000000000
110111  28.087  19.942  -4.684 0.0000000000
90976  21.614  0.648  -6.777 0.0000000000
89931  23.328  -0.169  -6.093 0.0000000000
94092  22.704  4.083  -7.226 0.0000000000
92992  24.199  2.307  -5.865 0.0000000000
91962  23.787  1.694  -6.068 0.0000000000
89914  24.016  0.270  -5.698 0.0000000000
89930  24.527  -0.374  -6.014 0.0000000000
98034  26.834  7.495  -4.551 0.0000000000
97143  26.585  6.583  -4.631 0.0000000000
93020  21.319  3.177  -6.621 0.0000000000
97125  18.089  6.446  -4.750 0.0000000000
98021  16.219  7.566  -3.575 0.0000000000
98067  23.562  7.478  -6.751 0.0000000000
98085  21.019  7.787  -6.376 0.0000000000
98976  16.203  7.962  -3.725 0.0000000000
99033  24.107  8.996  -6.868 0.0000000000
99034  23.517  8.490  -6.783 0.0000000000
99044  23.742  9.484  -6.974 0.0000000000
99046  23.098  9.065  -6.729 0.0000000000
99987  15.918  10.225  -3.690 0.0000000000
99999  26.914  9.566  -4.238 0.0000000000
100041  21.587  9.455  -6.507 0.0000000000
100053  23.874  9.833  -7.159 0.0000000000
100055  23.178  9.579  -6.711 0.0000000000
100980  28.486  10.733  -3.642 0.0000000000
101018  24.814  10.177  -6.091 0.0000000000
101039  20.514  11.020  -6.442 0.0000000000
101054  23.494  10.039  -7.085 0.0000000000
101055  23.016  10.141  -6.810 0.0000000000
101056  22.989  9.835  -6.659 0.0000000000
101979  15.653  11.713  -3.646 0.0000000000
102012  22.747  11.527  -6.502 0.0000000000
102028  22.269  11.137  -6.563 0.0000000000
102031  20.239  11.419  -6.491 0.0000000000
103024  15.900  12.063  -3.790 0.0000000000
103037  15.917  12.757  -3.863 0.0000000000
103059  20.561  12.350  -6.599 0.0000000000
103072  22.125  11.681  -6.543 0.0000000000
103074  20.986  11.808  -6.698 0.0000000000
104017  23.946  13.332  -4.958 0.0000000000
104019  22.501  13.842  -5.729 0.0000000000
104036  19.649  12.556  -6.178 0.0000000000
105003  24.727  15.190  -4.000 0.0000000000
105044  20.545  13.691  -6.151 0.0000000000
106018  28.383  16.376  -3.066 0.0000000000
106065  23.759  15.748  -4.605 0.0000000000
107084  22.771  16.566  -4.920 0.0000000000
109059  27.959  18.576  -2.604 0.0000000000
109085  24.281  18.332  -2.932 0.0000000000
109131  20.517  18.405  -6.055 0.0000000000
110110  28.267  19.479  -4.346 0.0000000000
110113  22.081  19.306  -5.031 0.0000000000
111092  28.325  19.947  -3.136 0.0000000000
111111  28.136  20.926  -3.257 0.0000000000
111129  28.166  20.389  -4.386 0.0000000000
111154  20.402  20.014  -5.640 0.0000000000
112090  27.911  21.421  -3.095 0.0000000000
112109  28.007  20.815  -4.564 0.0000000000
112127  27.992  21.598  -4.508 0.0000000000
112977  28.215  21.861  -3.898 0.0000000000
112981  22.723  22.732  -3.843 0.0000000000
112999  27.863  22.340  -4.601 0.0000000000
113017  27.881  21.879  -4.674 0.0000000000
113837  28.133  22.388  -3.951 0.0000000000
113859  27.724  23.010  -4.673 0.0000000000
114791  16.651  24.385  -2.352 0.0000000000
114798  27.327  24.147  -3.602 0.0000000000
114800  22.458  23.988  -3.452 0.0000000000
115713  27.098  24.820  -3.920 0.0000000000
117562  26.099  26.528  -3.255 0.0000000000
117585  20.434  27.175  -3.284 0.0000000000
118508  25.062  28.088  -2.606 0.0000000000
