#!ascii label  , from subject 3481 vox2ras=TkReg
2114
29771  49.931  -54.881  -16.597 0.2000000030
28503  50.845  -55.562  -17.238 0.2000000030
29760  49.802  -54.480  -16.307 0.2000000030
27167  50.071  -56.036  -17.219 0.2000000030
32277  48.363  -52.464  -16.804 0.1000000015
28521  51.590  -55.819  -17.551 0.3000000119
29769  51.228  -54.983  -16.677 0.2000000030
31008  49.194  -53.587  -15.979 0.1000000015
28485  49.185  -54.900  -16.342 0.2000000030
31007  50.496  -53.609  -15.568 0.1000000015
32265  48.736  -52.989  -16.171 0.1000000015
32276  49.128  -51.934  -16.423 0.1000000015
33511  49.794  -51.335  -16.383 0.1000000015
33530  48.722  -51.533  -17.646 0.1000000015
34714  51.244  -50.714  -18.553 0.1000000015
33541  49.566  -50.995  -18.357 0.1000000015
34715  50.498  -50.707  -18.272 0.1000000015
34713  52.033  -50.641  -18.817 0.2000000030
34727  51.355  -50.867  -19.509 0.1000000015
31000  51.883  -53.853  -14.993 0.1000000015
33481  52.016  -51.977  -14.581 0.1000000015
31006  51.280  -54.224  -15.627 0.2000000030
33495  50.347  -51.736  -15.567 0.1000000015
31001  51.050  -53.212  -14.929 0.1000000015
32264  49.476  -52.479  -15.825 0.1000000015
33510  50.868  -51.053  -16.020 0.1000000015
34701  51.857  -50.670  -17.841 0.1000000015
35910  53.184  -49.005  -18.977 0.2000000030
34699  53.106  -50.048  -17.975 0.2000000030
37134  53.055  -48.457  -19.204 0.1000000015
34712  52.674  -50.061  -18.983 0.2000000030
39426  52.438  -46.930  -19.804 0.2000000030
39441  52.425  -46.948  -20.470 0.1000000015
40573  51.854  -45.702  -20.757 0.1000000015
33494  51.271  -51.602  -15.074 0.1000000015
33493  52.230  -51.268  -15.065 0.1000000015
34682  51.494  -50.791  -16.875 0.1000000015
38269  52.750  -47.689  -18.889 0.2000000030
39414  51.803  -46.742  -19.264 0.2000000030
39415  51.055  -46.361  -19.148 0.2000000030
39427  52.027  -46.340  -19.822 0.2000000030
40551  51.217  -45.435  -19.832 0.1000000015
40574  51.347  -45.470  -21.208 0.2000000030
33509  51.827  -50.899  -15.902 0.1000000015
33508  52.473  -50.719  -15.732 0.1000000015
34681  52.491  -50.519  -16.907 0.1000000015
34680  53.187  -49.814  -16.718 0.2000000030
37089  53.122  -48.653  -17.027 0.2000000030
37123  53.139  -48.497  -18.402 0.3000000119
40538  50.527  -45.362  -19.141 0.3000000119
41711  50.783  -44.627  -20.270 0.2000000030
41725  50.081  -44.329  -20.856 0.2000000030
39456  50.101  -46.005  -22.102 0.2000000030
38236  52.326  -47.998  -17.628 0.3000000119
35892  53.330  -49.360  -17.698 0.2000000030
39416  50.206  -46.259  -18.453 0.3000000119
40539  50.074  -45.179  -18.502 0.3000000119
41691  49.744  -44.553  -18.143 0.3000000119
41702  50.182  -44.342  -18.980 0.3000000119
41712  50.379  -43.968  -19.888 0.2000000030
40576  49.618  -45.255  -21.759 0.2000000030
39457  49.105  -46.215  -21.720 0.2000000030
40517  48.537  -45.502  -16.842 0.4000000060
38258  49.313  -47.230  -17.581 0.3000000119
39402  48.908  -46.389  -17.468 0.3000000119
38255  52.013  -47.683  -17.999 0.2000000030
38272  50.788  -47.113  -18.450 0.2000000030
42833  49.547  -43.792  -18.431 0.3000000119
42859  49.354  -43.820  -20.524 0.2000000030
42845  49.719  -43.509  -19.342 0.2000000030
41726  48.731  -44.174  -20.997 0.2000000030
40502  48.349  -44.865  -16.121 0.3000000119
40528  49.063  -45.522  -17.400 0.3000000119
42834  48.925  -43.121  -18.725 0.2000000030
42847  47.749  -43.692  -19.643 0.2000000030
42835  48.075  -43.119  -19.095 0.2000000030
41715  46.926  -44.539  -19.339 0.1000000015
41713  48.059  -43.959  -20.311 0.2000000030
39429  47.015  -46.047  -20.210 0.2000000030
41727  47.872  -44.559  -20.623 0.2000000030
40567  48.093  -45.213  -20.979 0.2000000030
41672  48.441  -44.050  -16.102 0.3000000119
42810  48.563  -43.429  -16.591 0.3000000119
41682  48.757  -44.311  -16.741 0.3000000119
43967  48.155  -42.867  -16.354 0.2000000030
43976  48.371  -42.742  -17.067 0.3000000119
43977  47.769  -42.377  -16.542 0.2000000030
42822  49.061  -43.496  -17.552 0.3000000119
43986  48.388  -42.755  -17.995 0.1000000015
43998  47.719  -42.780  -18.435 0.1000000015
41703  46.402  -44.552  -18.835 0.1000000015
42836  46.962  -43.511  -18.871 0.1000000015
43999  47.053  -42.743  -18.224 0.1000000015
40540  46.470  -45.355  -19.200 0.1000000015
42800  47.755  -43.378  -15.085 0.3000000119
42799  48.195  -43.397  -15.838 0.2000000030
43968  47.781  -42.540  -15.686 0.2000000030
46252  46.950  -41.353  -15.034 0.2000000030
46265  46.858  -41.185  -15.281 0.1000000015
45129  47.325  -41.883  -16.032 0.1000000015
45118  46.911  -41.396  -15.699 0.1000000015
45140  47.208  -42.064  -16.638 0.1000000015
43987  47.493  -42.468  -17.463 0.1000000015
42824  45.941  -43.478  -18.078 0.1000000015
41704  45.765  -44.547  -18.436 0.1000000015
43952  47.400  -42.576  -14.713 0.2000000030
47437  46.225  -39.965  -15.517 0.1000000015
46267  45.955  -40.299  -15.898 0.1000000015
45130  46.714  -41.482  -16.271 0.1000000015
45131  45.924  -41.582  -16.814 0.1000000015
45141  46.703  -42.031  -17.022 0.1000000015
43978  45.190  -42.058  -16.938 0.1000000015
43989  45.632  -42.508  -17.377 0.1000000015
45142  46.219  -42.126  -17.263 0.1000000015
47439  44.861  -39.274  -15.310 0.1000000015
43990  44.911  -42.643  -17.082 0.1000000015
42825  44.765  -43.460  -17.330 0.1000000015
47438  45.820  -39.471  -15.474 0.1000000015
34703  50.162  -50.713  -17.561 0.1000000015
32263  50.577  -52.538  -15.062 0.1000000015
37144  52.773  -48.431  -20.145 0.1000000015
30816  52.702  -53.615  -3.004 0.5000000000
30805  53.241  -53.706  -2.063 0.5000000000
30797  52.800  -53.553  -1.017 0.5000000000
30806  52.189  -53.617  -2.001 0.5000000000
30807  51.144  -53.480  -1.997 0.5000000000
29562  55.476  -54.423  -0.046 0.2000000030
29567  55.576  -54.170  -1.078 0.2000000030
30795  54.766  -53.907  -1.491 0.3000000119
30796  53.852  -53.764  -1.226 0.5000000000
30789  53.512  -53.759  -0.109 0.5000000000
30790  52.312  -53.438  0.222 0.5000000000
30798  51.716  -53.505  -0.972 0.5000000000
30799  50.752  -53.457  -1.007 0.5000000000
32093  50.681  -52.722  -4.164 0.5000000000
32152  50.965  -53.148  -5.938 0.5000000000
29557  55.433  -54.458  1.097 0.3000000119
30782  54.417  -54.098  0.649 0.3000000119
32059  51.554  -52.974  0.751 0.5000000000
30791  51.154  -53.378  -0.115 0.5000000000
32072  50.161  -53.227  -1.885 0.5000000000
32094  49.694  -52.387  -3.789 0.5000000000
27087  50.443  -56.893  -8.969 0.4000000060
28412  49.574  -55.808  -8.431 0.5000000000
28390  50.065  -55.237  -7.976 0.5000000000
30883  50.514  -53.691  -6.635 0.5000000000
32132  50.462  -52.817  -5.327 0.5000000000
25788  49.362  -57.915  -9.868 0.4000000060
29561  56.454  -54.780  0.367 0.3000000119
29549  55.609  -54.414  1.943 0.4000000060
30774  54.571  -53.784  2.225 0.4000000060
30783  53.250  -53.517  1.206 0.5000000000
30775  53.524  -53.323  2.040 0.5000000000
30784  52.499  -53.278  0.986 0.5000000000
32051  52.354  -52.902  1.558 0.5000000000
32050  53.069  -53.169  1.918 0.5000000000
32066  49.958  -53.227  -0.809 0.5000000000
32113  50.060  -52.490  -4.700 0.6000000238
29667  49.695  -54.730  -7.515 0.5000000000
32153  49.970  -53.056  -5.858 0.5000000000
32133  49.463  -52.458  -5.245 0.5000000000
23328  49.414  -59.560  -11.017 0.4000000060
24536  49.792  -58.837  -10.439 0.4000000060
27070  49.132  -56.398  -8.917 0.5000000000
28252  58.230  -56.106  2.927 0.1000000015
29536  58.447  -55.129  4.337 0.1000000015
29529  58.813  -54.528  4.856 0.1000000015
28246  58.019  -55.317  3.287 0.1000000015
29537  58.106  -54.743  3.987 0.1000000015
30753  59.151  -53.857  5.310 0.1000000015
29546  57.720  -55.058  3.110 0.1000000015
30762  58.187  -54.112  4.436 0.1000000015
30754  58.555  -53.462  4.954 0.1000000015
29556  56.310  -54.787  1.408 0.2000000030
29539  56.639  -54.564  2.998 0.1000000015
30773  55.565  -54.228  2.549 0.4000000060
30765  54.838  -53.373  3.172 0.4000000060
32035  54.303  -53.160  3.025 0.4000000060
32036  53.291  -52.762  2.754 0.5000000000
33272  53.140  -51.869  3.313 0.5000000000
33273  52.326  -51.641  3.061 0.5000000000
32037  51.962  -52.166  2.330 0.5000000000
32083  49.505  -52.718  -2.699 0.5000000000
30884  49.333  -53.506  -6.390 0.5000000000
28391  49.113  -55.256  -8.004 0.5000000000
25802  49.117  -58.493  -10.399 0.4000000060
22157  48.940  -60.457  -12.314 0.5000000000
24314  57.383  -58.479  4.559 0.1000000015
25561  57.912  -57.376  4.402 0.1000000015
25560  58.189  -56.848  4.123 0.1000000015
26851  58.341  -56.391  4.415 0.1000000015
28239  58.585  -55.491  4.673 0.1000000015
28220  58.917  -55.136  5.409 0.1000000015
29511  59.341  -54.178  5.759 0.1000000015
26829  58.474  -56.008  5.127 0.1000000015
29510  59.529  -53.646  5.983 0.1000000015
33241  58.742  -51.252  5.562 0.2000000030
34454  59.500  -50.589  5.854 0.2000000030
29547  57.173  -55.006  2.578 0.1000000015
29538  57.201  -54.558  3.397 0.1000000015
30763  57.519  -54.003  4.161 0.1000000015
32011  59.000  -52.529  5.450 0.1000000015
30755  57.075  -53.174  4.481 0.1000000015
30756  56.216  -53.096  4.210 0.2000000030
33252  57.292  -51.258  5.212 0.2000000030
34455  58.179  -50.304  5.418 0.2000000030
30764  55.970  -53.810  3.486 0.2000000030
32022  55.727  -52.970  4.067 0.3000000119
32014  55.301  -51.642  4.339 0.3000000119
33262  54.552  -51.243  4.095 0.4000000060
32024  53.686  -52.160  3.390 0.5000000000
33338  48.899  -51.909  -3.850 0.5000000000
32156  47.165  -52.608  -5.701 0.5000000000
33374  47.693  -51.639  -4.634 0.5000000000
33356  48.357  -51.682  -4.226 0.5000000000
30886  47.544  -53.232  -6.255 0.5000000000
32155  48.109  -52.693  -5.792 0.5000000000
33373  48.452  -51.861  -4.887 0.5000000000
32060  50.245  -52.830  0.358 0.5000000000
32052  51.073  -52.248  1.595 0.5000000000
29668  48.704  -54.678  -7.487 0.5000000000
29646  47.784  -53.783  -6.742 0.5000000000
30885  48.394  -53.331  -6.312 0.5000000000
32084  48.529  -52.367  -2.396 0.5000000000
27089  48.671  -57.052  -9.426 0.5000000000
28413  48.563  -55.788  -8.602 0.5000000000
32154  49.006  -52.811  -5.854 0.5000000000
32095  48.972  -52.187  -3.235 0.6000000238
23338  48.903  -59.949  -11.793 0.4000000060
25542  57.111  -57.813  5.174 0.1000000015
26830  57.863  -56.718  5.276 0.1000000015
28222  57.724  -55.585  6.095 0.1000000015
29513  56.182  -54.748  6.014 0.1000000015
26852  58.232  -56.656  4.874 0.1000000015
28221  58.504  -55.544  5.762 0.1000000015
29496  59.153  -54.133  6.426 0.1000000015
31976  59.406  -52.951  6.702 0.1000000015
31995  59.502  -52.914  6.405 0.1000000015
33221  59.487  -51.747  6.634 0.1000000015
34435  59.428  -50.996  6.653 0.2000000030
31997  59.128  -51.905  5.622 0.1000000015
33240  59.589  -51.411  6.043 0.2000000030
33253  56.016  -51.128  4.716 0.3000000119
34461  56.723  -50.310  4.943 0.3000000119
35583  58.293  -49.717  5.200 0.2000000030
33254  55.208  -50.942  4.397 0.3000000119
33263  53.695  -51.429  3.647 0.4000000060
34462  55.596  -50.306  4.562 0.3000000119
34469  53.967  -50.438  3.863 0.4000000060
34463  54.759  -50.371  4.216 0.4000000060
33341  46.351  -51.574  -2.970 0.5000000000
33324  46.911  -51.805  -1.896 0.5000000000
33323  47.778  -51.846  -2.501 0.5000000000
33264  52.868  -51.211  3.393 0.5000000000
33307  46.173  -51.698  -0.186 0.5000000000
33302  46.492  -51.298  0.427 0.5000000000
32063  47.340  -51.878  0.244 0.5000000000
32075  47.479  -52.446  -1.071 0.5000000000
32074  48.323  -52.738  -1.318 0.6000000238
33274  51.400  -51.522  2.716 0.5000000000
34483  51.720  -51.097  3.081 0.5000000000
33292  47.677  -51.079  1.286 0.5000000000
33300  48.110  -51.642  1.036 0.5000000000
32068  48.152  -52.492  -0.314 0.6000000238
32067  49.113  -52.823  -0.485 0.5000000000
22184  49.231  -60.771  -14.305 0.4000000060
23357  48.596  -59.868  -13.329 0.4000000060
23337  49.870  -60.253  -11.307 0.4000000060
30721  54.369  -53.207  6.100 0.1000000015
30720  55.754  -53.587  6.299 0.1000000015
31980  55.260  -52.424  6.442 0.1000000015
28207  58.141  -54.830  6.508 0.1000000015
29512  57.021  -55.183  6.182 0.1000000015
30719  57.112  -53.439  6.803 0.1000000015
31979  56.618  -52.506  6.831 0.1000000015
29498  57.470  -54.470  6.562 0.1000000015
31977  59.205  -52.609  6.963 0.1000000015
33223  57.542  -51.598  7.193 0.1000000015
33222  58.849  -51.661  7.205 0.1000000015
35562  57.997  -49.918  7.089 0.2000000030
35561  59.509  -50.058  6.638 0.2000000030
35582  59.141  -49.750  5.528 0.2000000030
35662  54.731  -49.503  -0.710 0.2000000030
35592  58.339  -49.369  4.950 0.2000000030
35663  53.583  -49.058  -0.441 0.2000000030
35646  53.964  -48.877  0.099 0.2000000030
36859  54.076  -48.594  0.658 0.2000000030
36841  55.082  -48.601  1.566 0.2000000030
35593  57.405  -49.491  4.853 0.2000000030
35664  52.413  -48.789  -0.543 0.2000000030
36880  52.120  -48.440  0.200 0.2000000030
36860  52.941  -48.191  0.925 0.2000000030
36843  52.641  -48.158  1.863 0.2000000030
36842  53.854  -48.171  1.764 0.3000000119
36827  53.493  -48.649  2.796 0.4000000060
36882  50.015  -48.336  -0.268 0.2000000030
36881  51.118  -48.284  0.104 0.3000000119
36862  50.716  -48.113  0.931 0.3000000119
36844  51.528  -48.323  1.807 0.4000000060
36828  52.287  -48.617  2.550 0.4000000060
35618  52.759  -49.057  3.103 0.5000000000
35604  53.534  -49.445  3.477 0.4000000060
34470  53.109  -50.480  3.534 0.5000000000
35647  46.863  -49.193  1.079 0.5000000000
36865  47.460  -48.840  0.904 0.4000000060
36847  48.371  -48.991  1.494 0.4000000060
36846  49.283  -48.723  1.586 0.4000000060
35630  49.784  -49.068  2.035 0.4000000060
35622  49.774  -50.027  2.400 0.5000000000
36830  50.828  -49.113  2.458 0.5000000000
35620  51.280  -49.577  2.878 0.5000000000
34471  52.130  -50.595  3.281 0.5000000000
35632  48.169  -49.687  1.693 0.5000000000
34496  48.712  -50.440  1.871 0.5000000000
33291  48.376  -51.128  1.546 0.5000000000
32061  48.889  -52.230  0.657 0.5000000000
32053  49.809  -52.086  1.349 0.5000000000
33289  50.266  -51.648  2.024 0.5000000000
31982  52.861  -52.303  6.080 0.1000000015
30722  53.248  -53.025  6.047 0.1000000015
31981  53.984  -52.314  6.275 0.1000000015
33226  53.557  -51.454  6.308 0.1000000015
33225  54.802  -51.484  6.510 0.1000000015
34439  54.359  -50.593  6.514 0.1000000015
34437  57.067  -50.703  7.130 0.1000000015
34438  55.666  -50.647  6.775 0.1000000015
36754  57.326  -49.030  6.867 0.2000000030
35560  60.328  -49.723  6.507 0.2000000030
35661  55.829  -49.955  -0.924 0.1000000015
35644  55.773  -49.694  0.155 0.2000000030
35645  54.577  -49.132  0.079 0.2000000030
36858  55.315  -49.103  0.739 0.2000000030
35642  57.485  -49.621  -0.635 0.1000000015
35643  56.799  -50.027  -0.255 0.1000000015
35629  56.227  -49.641  0.726 0.1000000015
36840  56.300  -49.257  1.314 0.1000000015
35595  55.109  -49.654  4.261 0.3000000119
35594  56.062  -49.520  4.574 0.2000000030
36825  56.018  -48.618  2.396 0.1000000015
36826  54.748  -48.497  2.589 0.1000000015
36795  54.794  -49.280  3.934 0.2000000030
34485  50.190  -50.494  2.549 0.5000000000
34484  51.115  -50.539  2.943 0.5000000000
35606  51.895  -49.834  3.207 0.5000000000
34486  49.504  -50.491  2.212 0.5000000000
33276  49.948  -51.064  2.303 0.5000000000
33275  50.617  -51.203  2.544 0.5000000000
32054  49.177  -51.868  1.323 0.5000000000
31983  52.133  -52.231  5.858 0.1000000015
33227  52.381  -51.476  5.992 0.1000000015
34441  52.064  -50.543  5.917 0.1000000015
34440  53.161  -50.576  6.218 0.1000000015
35566  52.810  -49.764  6.022 0.1000000015
35565  53.963  -49.662  6.340 0.1000000015
35564  55.222  -49.789  6.646 0.1000000015
36755  56.063  -49.078  6.637 0.2000000030
37966  58.033  -48.378  6.703 0.2000000030
36752  59.893  -49.218  6.796 0.2000000030
37965  59.278  -48.342  6.768 0.2000000030
37964  60.278  -48.530  6.369 0.2000000030
35580  60.648  -49.644  6.201 0.2000000030
36773  59.672  -49.154  5.134 0.2000000030
36774  58.861  -49.163  4.832 0.2000000030
36856  57.863  -48.984  -0.161 0.1000000015
35627  57.634  -49.662  0.336 0.1000000015
36839  57.528  -49.398  1.320 0.1000000015
36792  57.888  -48.854  4.275 0.1000000015
36793  56.520  -48.881  4.132 0.2000000030
36824  57.261  -48.888  2.270 0.1000000015
36808  55.648  -48.627  3.361 0.2000000030
36794  55.383  -49.039  4.017 0.2000000030
34442  51.000  -50.511  5.719 0.1000000015
35569  49.597  -49.600  5.672 0.1000000015
35567  51.733  -49.650  5.792 0.1000000015
36758  51.196  -49.112  5.653 0.1000000015
35586  51.869  -48.893  5.678 0.1000000015
35584  53.391  -49.146  6.031 0.1000000015
36757  54.089  -48.885  6.145 0.1000000015
36777  54.732  -48.346  5.906 0.1000000015
36776  55.828  -48.388  6.235 0.1000000015
37978  55.621  -47.633  5.730 0.1000000015
37977  57.034  -47.788  6.243 0.1000000015
37975  59.642  -47.546  6.048 0.2000000030
36772  60.549  -48.994  5.550 0.2000000030
37974  60.387  -48.061  5.589 0.2000000030
37992  60.342  -48.141  4.719 0.2000000030
36790  59.926  -48.556  4.420 0.1000000015
38047  57.059  -47.828  -0.573 0.1000000015
38037  57.490  -48.051  0.234 0.1000000015
38029  58.014  -47.856  1.119 0.1000000015
36791  59.010  -48.734  4.216 0.2000000030
36837  58.389  -48.162  1.503 0.1000000015
36807  56.926  -48.570  3.303 0.1000000015
36782  49.366  -47.809  5.402 0.1000000015
36781  50.295  -48.102  5.399 0.1000000015
36780  51.355  -48.354  5.483 0.1000000015
36778  53.551  -48.422  5.759 0.1000000015
37979  54.388  -47.634  5.469 0.1000000015
39121  56.558  -46.798  5.475 0.1000000015
39120  57.945  -47.013  5.690 0.1000000015
39133  58.964  -46.871  5.288 0.2000000030
39119  58.819  -47.213  5.886 0.2000000030
39150  59.109  -46.748  4.162 0.1000000015
39169  56.763  -46.469  1.108 0.1000000015
40267  57.213  -46.274  1.438 0.1000000015
40257  57.435  -46.016  1.858 0.1000000015
39161  58.253  -46.345  2.355 0.1000000015
39160  59.186  -46.776  2.968 0.1000000015
38007  59.937  -47.631  3.730 0.1000000015
38038  56.913  -47.650  -0.077 0.1000000015
39177  56.777  -47.206  0.468 0.1000000015
39168  57.760  -46.892  1.407 0.1000000015
39167  58.752  -47.012  2.120 0.1000000015
38021  59.205  -47.643  2.595 0.1000000015
36805  59.292  -48.408  3.230 0.1000000015
36804  59.961  -48.221  3.842 0.1000000015
38028  58.553  -47.649  1.771 0.1000000015
36822  58.708  -48.274  2.048 0.1000000015
36823  58.312  -48.874  2.175 0.1000000015
36806  58.153  -48.633  3.237 0.1000000015
37983  50.128  -47.312  5.079 0.1000000015
37982  51.106  -47.507  5.114 0.1000000015
37981  52.155  -47.616  5.180 0.1000000015
37980  53.238  -47.629  5.328 0.1000000015
39122  55.201  -46.866  5.164 0.1000000015
40270  54.853  -45.353  1.682 0.1000000015
40259  55.697  -45.362  2.327 0.1000000015
40244  55.521  -45.365  3.185 0.1000000015
40225  56.389  -45.655  3.857 0.1000000015
39135  55.954  -46.132  4.672 0.1000000015
40277  54.921  -45.553  0.911 0.1000000015
40224  57.316  -45.722  3.524 0.1000000015
39134  57.639  -46.175  4.605 0.1000000015
40276  55.513  -45.999  0.878 0.1000000015
39170  56.134  -46.123  1.149 0.1000000015
40258  56.660  -45.574  2.115 0.1000000015
40243  56.548  -45.452  2.964 0.1000000015
39151  58.290  -46.098  3.387 0.1000000015
39137  53.562  -46.323  4.452 0.1000000015
40228  53.092  -45.764  3.987 0.1000000015
39136  54.687  -46.300  4.510 0.1000000015
40227  54.105  -45.777  3.968 0.1000000015
41381  53.965  -45.159  1.894 0.1000000015
40260  54.651  -45.342  2.518 0.1000000015
40261  53.962  -45.411  2.807 0.1000000015
41390  54.157  -44.746  0.928 0.1000000015
30788  54.579  -54.032  -0.543 0.4000000060
30792  50.507  -53.292  -0.361 0.5000000000
28245  58.286  -55.747  3.668 0.1000000015
30735  59.225  -52.879  5.554 0.1000000015
29548  56.284  -54.635  2.414 0.2000000030
32023  54.711  -52.517  3.718 0.4000000060
25541  57.457  -57.822  4.853 0.1000000015
28205  59.067  -54.851  6.031 0.1000000015
32012  58.021  -52.266  5.210 0.2000000030
32013  56.256  -52.276  4.552 0.2000000030
33340  47.298  -51.471  -3.081 0.5000000000
26831  57.004  -56.784  5.517 0.1000000015
28223  56.617  -55.810  5.762 0.1000000015
29499  56.615  -54.074  6.487 0.1000000015
28206  58.604  -54.903  6.339 0.1000000015
30718  58.260  -53.465  6.988 0.1000000015
31996  59.614  -52.367  6.034 0.1000000015
34436  58.508  -50.782  7.172 0.1000000015
35603  54.397  -49.665  3.899 0.4000000060
33313  45.932  -51.942  -1.056 0.5000000000
33312  46.758  -52.090  -0.719 0.5000000000
34498  47.007  -50.554  1.157 0.5000000000
31978  57.963  -52.532  7.159 0.1000000015
33224  56.152  -51.540  6.796 0.1000000015
36753  58.740  -49.161  7.011 0.2000000030
36879  53.098  -48.709  0.199 0.2000000030
35665  51.455  -48.604  -0.580 0.2000000030
36861  51.830  -48.110  0.987 0.3000000119
36810  53.791  -48.943  3.289 0.4000000060
36863  49.579  -48.219  0.870 0.5000000000
35666  50.675  -48.533  -0.661 0.2000000030
36845  50.405  -48.649  1.873 0.4000000060
36829  51.375  -48.841  2.468 0.5000000000
35605  52.559  -49.751  3.326 0.5000000000
36809  54.449  -48.951  3.448 0.3000000119
36884  47.876  -48.702  0.013 0.5000000000
36864  48.519  -48.491  0.852 0.5000000000
35631  49.201  -49.577  2.060 0.5000000000
35563  56.538  -49.842  6.943 0.2000000030
36775  56.677  -48.518  6.556 0.2000000030
36857  55.919  -49.482  0.747 0.1000000015
35628  56.777  -49.820  0.646 0.1000000015
33242  51.655  -51.950  5.744 0.1000000015
33228  51.382  -51.307  5.730 0.1000000015
36756  54.957  -49.011  6.340 0.1000000015
37967  57.253  -48.410  6.627 0.2000000030
37976  58.492  -47.651  6.313 0.2000000030
38046  57.442  -48.420  -0.701 0.1000000015
35568  50.631  -49.720  5.685 0.1000000015
34443  49.892  -50.525  5.639 0.1000000015
36760  49.420  -48.668  5.609 0.1000000015
36759  50.411  -48.928  5.609 0.1000000015
35585  52.628  -49.032  5.811 0.1000000015
36779  52.463  -48.324  5.553 0.1000000015
38006  60.171  -48.172  4.160 0.1000000015
39176  57.512  -47.521  0.813 0.1000000015
36838  58.095  -48.731  1.051 0.1000000015
40268  56.706  -45.943  1.494 0.1000000015
40242  57.479  -45.768  2.690 0.1000000015
39126  50.835  -46.746  4.702 0.1000000015
39125  51.847  -46.899  4.717 0.1000000015
39124  52.897  -46.954  4.829 0.1000000015
39123  53.998  -46.926  4.983 0.1000000015
40226  55.210  -45.748  3.932 0.1000000015
40245  54.505  -45.478  3.306 0.1000000015
40269  55.795  -45.675  1.511 0.1000000015
39138  52.525  -46.252  4.428 0.1000000015
40246  53.491  -45.458  3.325 0.1000000015
41382  53.227  -44.383  1.615 0.1000000015
41371  53.942  -45.329  2.414 0.1000000015
30843  57.806  -54.008  -5.102 0.1000000015
30859  57.525  -53.903  -5.467 0.1000000015
30844  57.309  -53.778  -4.793 0.1000000015
29600  56.153  -53.706  -3.393 0.1000000015
29588  55.508  -53.769  -2.716 0.1000000015
29586  57.522  -54.303  -2.520 0.1000000015
29576  56.564  -54.236  -1.738 0.1000000015
28370  57.450  -55.172  -5.790 0.2000000030
29641  56.743  -54.314  -6.806 0.2000000030
30860  56.811  -53.718  -5.721 0.1000000015
30845  56.258  -53.583  -4.837 0.1000000015
30803  54.869  -53.850  -1.987 0.1000000015
28385  56.585  -55.537  -7.752 0.2000000030
30877  56.179  -53.738  -6.256 0.2000000030
30828  55.661  -53.604  -4.017 0.2000000030
30861  55.791  -53.594  -5.574 0.2000000030
30846  55.183  -53.533  -4.751 0.2000000030
29589  54.824  -53.685  -2.754 0.3000000119
30804  54.306  -53.768  -2.209 0.3000000119
30829  54.520  -53.605  -3.724 0.3000000119
30815  53.727  -53.710  -2.978 0.3000000119
30878  55.430  -53.691  -6.205 0.2000000030
30862  54.810  -53.559  -5.540 0.2000000030
28406  55.971  -55.371  -8.536 0.2000000030
30847  54.093  -53.485  -4.754 0.2000000030
29687  55.808  -54.745  -8.043 0.2000000030
20925  55.064  -60.870  -10.218 0.1000000015
27062  56.458  -56.490  -8.332 0.2000000030
29661  55.652  -54.250  -7.419 0.2000000030
28386  56.183  -54.817  -7.949 0.2000000030
30830  53.349  -53.519  -3.910 0.3000000119
23313  55.812  -59.220  -9.363 0.1000000015
25762  56.157  -57.019  -9.180 0.1000000015
30879  54.578  -53.696  -6.201 0.2000000030
30863  53.816  -53.463  -5.576 0.2000000030
22128  55.580  -60.334  -9.028 0.1000000015
25782  55.829  -57.513  -9.404 0.2000000030
27084  55.902  -56.802  -9.295 0.2000000030
22139  54.900  -60.511  -10.578 0.1000000015
23335  54.440  -60.164  -10.868 0.2000000030
23322  55.368  -59.362  -10.036 0.1000000015
23323  54.887  -59.757  -10.543 0.1000000015
27064  55.515  -56.214  -9.123 0.2000000030
29662  54.409  -54.294  -7.447 0.2000000030
30880  53.643  -53.607  -6.229 0.2000000030
30864  52.894  -53.293  -5.653 0.4000000060
24515  55.349  -58.304  -9.792 0.1000000015
30881  52.577  -53.422  -6.254 0.4000000060
30831  52.203  -53.302  -4.023 0.4000000060
27085  55.306  -56.983  -9.411 0.3000000119
28407  54.834  -55.516  -8.651 0.3000000119
25783  55.036  -57.689  -9.705 0.2000000030
27086  54.752  -57.215  -9.478 0.4000000060
32110  52.346  -53.100  -5.235 0.4000000060
30832  51.304  -53.085  -3.787 0.4000000060
29689  54.093  -54.912  -8.001 0.3000000119
27066  53.079  -56.505  -8.686 0.4000000060
27065  54.360  -56.585  -9.121 0.3000000119
35680  56.851  -49.381  -1.904 0.1000000015
30849  52.139  -53.044  -4.791 0.4000000060
30906  52.482  -53.811  -6.983 0.4000000060
32111  51.729  -52.934  -5.112 0.5000000000
28409  52.519  -55.789  -8.242 0.4000000060
28408  53.667  -55.711  -8.430 0.3000000119
29663  53.304  -54.357  -7.437 0.4000000060
29664  52.258  -54.412  -7.520 0.4000000060
35681  56.000  -49.603  -1.800 0.1000000015
35699  56.272  -49.244  -2.528 0.1000000015
35682  54.927  -49.519  -1.656 0.1000000015
32092  51.495  -52.938  -4.507 0.4000000060
32131  51.331  -52.995  -5.455 0.5000000000
30882  51.646  -53.445  -6.496 0.5000000000
35683  53.762  -49.307  -1.485 0.1000000015
35702  52.861  -48.949  -2.193 0.1000000015
35701  54.071  -49.122  -2.404 0.1000000015
35685  51.716  -48.788  -1.240 0.1000000015
28355  57.734  -55.243  -5.035 0.1000000015
29599  57.359  -53.882  -3.620 0.1000000015
29577  55.515  -53.969  -1.991 0.1000000015
29587  56.458  -53.937  -2.652 0.1000000015
29598  58.315  -54.619  -3.357 0.1000000015
29575  57.586  -54.666  -1.499 0.1000000015
29566  56.598  -54.522  -0.714 0.1000000015
30817  51.651  -53.444  -3.005 0.4000000060
35684  52.656  -49.007  -1.325 0.1000000015
29688  55.177  -54.749  -8.101 0.2000000030
30848  52.970  -53.246  -4.880 0.4000000060
30905  53.501  -53.904  -6.827 0.3000000119
35700  55.248  -49.211  -2.458 0.1000000015
29585  58.324  -54.941  -2.292 0.1000000015
20978  44.971  -62.388  -12.409 0.1000000015
18597  44.702  -63.608  -12.855 0.1000000015
16176  47.364  -65.931  -13.354 0.1000000015
18598  43.806  -63.399  -12.471 0.1000000015
17360  47.338  -64.344  -12.891 0.1000000015
20980  44.057  -61.852  -12.071 0.1000000015
19785  43.139  -62.802  -12.031 0.1000000015
18583  42.170  -62.762  -10.994 0.1000000015
14971  50.072  -66.722  -7.194 0.1000000015
20882  40.259  -61.477  -7.754 0.1000000015
20901  39.587  -61.983  -8.442 0.1000000015
19784  46.009  -62.524  -12.358 0.1000000015
20919  39.784  -61.954  -9.207 0.1000000015
19801  45.358  -62.820  -12.685 0.1000000015
20931  41.349  -61.512  -10.632 0.1000000015
18580  47.295  -63.394  -12.274 0.1000000015
19764  41.495  -62.593  -10.658 0.1000000015
17375  47.519  -65.323  -13.088 0.1000000015
14936  50.323  -66.465  -6.273 0.1000000015
16082  49.648  -65.901  -7.299 0.1000000015
16083  48.681  -65.814  -7.548 0.1000000015
16058  50.215  -65.512  -5.337 0.1000000015
14920  50.318  -66.063  -5.773 0.1000000015
14953  50.436  -66.628  -6.831 0.1000000015
16081  50.362  -65.991  -6.991 0.1000000015
17280  46.952  -64.902  -7.406 0.1000000015
18492  43.495  -63.434  -6.573 0.1000000015
19701  41.572  -62.383  -6.663 0.1000000015
20953  45.483  -62.020  -11.993 0.1000000015
20954  44.494  -61.452  -11.612 0.1000000015
20955  43.368  -61.683  -11.832 0.1000000015
19763  47.097  -62.598  -11.570 0.1000000015
17359  47.867  -64.926  -12.725 0.1000000015
16175  47.969  -66.310  -13.080 0.1000000015
17277  50.014  -65.164  -7.006 0.1000000015
17278  49.106  -64.897  -7.252 0.1000000015
17243  51.313  -64.820  -4.757 0.1000000015
16057  50.822  -65.583  -5.735 0.1000000015
16066  51.025  -65.706  -6.159 0.1000000015
17258  50.525  -64.969  -6.675 0.1000000015
18487  49.018  -63.843  -6.755 0.1000000015
17260  48.371  -64.261  -7.012 0.1000000015
18489  46.703  -63.578  -6.534 0.1000000015
18490  45.656  -63.618  -6.466 0.1000000015
18491  44.546  -63.446  -6.368 0.1000000015
18480  45.104  -63.076  -5.962 0.1000000015
19700  42.663  -62.366  -6.258 0.1000000015
20867  41.635  -61.281  -6.433 0.1000000015
20881  40.980  -61.101  -7.247 0.1000000015
22148  41.474  -60.285  -10.186 0.1000000015
20952  46.232  -62.297  -11.948 0.1000000015
20930  44.725  -61.132  -11.076 0.1000000015
22159  43.898  -60.949  -11.231 0.1000000015
22147  42.565  -60.206  -10.630 0.1000000015
22161  42.007  -60.870  -11.026 0.1000000015
19782  47.408  -63.035  -11.745 0.1000000015
18594  47.580  -64.009  -12.524 0.1000000015
18477  48.613  -63.141  -6.111 0.1000000015
17253  51.349  -65.005  -5.803 0.1000000015
17257  50.949  -65.151  -6.390 0.1000000015
18476  49.816  -63.443  -6.288 0.1000000015
18488  47.835  -63.468  -6.482 0.1000000015
19685  46.528  -62.452  -5.501 0.1000000015
19686  45.481  -62.477  -5.502 0.1000000015
20855  43.872  -61.437  -5.157 0.1000000015
18467  52.097  -64.042  -4.637 0.1000000015
18468  51.650  -64.187  -5.371 0.1000000015
18475  50.968  -64.168  -6.153 0.1000000015
19682  50.549  -63.125  -5.599 0.1000000015
19698  44.303  -62.976  -6.039 0.1000000015
19688  43.372  -62.093  -5.728 0.1000000015
20866  42.376  -61.632  -5.902 0.1000000015
22077  41.515  -60.317  -6.450 0.1000000015
23251  41.646  -59.735  -6.827 0.1000000015
22097  41.277  -60.409  -7.171 0.1000000015
22135  41.204  -59.891  -8.977 0.1000000015
22120  41.125  -60.099  -8.006 0.1000000015
23318  43.589  -59.701  -9.556 0.1000000015
23332  41.871  -59.551  -9.501 0.1000000015
22121  40.636  -60.654  -8.467 0.1000000015
22144  45.303  -60.874  -10.219 0.1000000015
22146  43.566  -60.306  -10.545 0.1000000015
23330  43.059  -59.895  -10.230 0.1000000015
20928  46.664  -62.060  -11.227 0.1000000015
19762  47.577  -62.609  -11.211 0.1000000015
17358  48.970  -65.093  -12.129 0.1000000015
18593  48.203  -64.281  -12.213 0.1000000015
17346  49.384  -64.593  -11.741 0.1000000015
18578  48.755  -63.884  -11.690 0.1000000015
19675  48.630  -62.012  -4.890 0.1000000015
19684  47.798  -62.504  -5.464 0.1000000015
17230  51.798  -64.726  -3.591 0.1000000015
17229  52.394  -64.379  -3.388 0.1000000015
19672  52.046  -63.525  -4.338 0.1000000015
19683  49.242  -62.680  -5.548 0.1000000015
20847  44.577  -61.026  -4.727 0.1000000015
17242  52.102  -64.370  -4.054 0.1000000015
22053  43.852  -60.443  -4.554 0.1000000015
22063  43.196  -60.807  -4.961 0.1000000015
20857  42.154  -61.075  -5.686 0.1000000015
22064  42.501  -60.452  -5.230 0.1000000015
22065  41.816  -60.428  -5.820 0.1000000015
23230  42.192  -59.618  -5.565 0.1000000015
23231  41.733  -59.800  -6.148 0.1000000015
23296  42.542  -59.130  -8.257 0.1000000015
23271  42.124  -59.237  -7.376 0.1000000015
20917  45.731  -61.035  -10.239 0.1000000015
22132  45.859  -60.699  -9.606 0.1000000015
23316  45.312  -60.309  -9.329 0.1000000015
23317  44.716  -60.026  -9.282 0.1000000015
23295  43.413  -59.186  -8.606 0.1000000015
23319  42.636  -59.364  -9.154 0.1000000015
22131  46.980  -60.953  -9.548 0.1000000015
22134  44.291  -60.233  -9.978 0.1000000015
20916  46.370  -61.287  -10.275 0.1000000015
20915  47.601  -61.749  -10.193 0.1000000015
19761  48.503  -62.973  -11.016 0.1000000015
18576  50.579  -64.577  -11.091 0.1000000015
16039  52.310  -65.205  -2.049 0.1000000015
17210  52.217  -64.763  -2.693 0.1000000015
17211  51.337  -64.984  -2.845 0.1000000015
18432  52.740  -64.026  -2.587 0.1000000015
19660  51.793  -63.125  -3.926 0.1000000015
19676  47.969  -61.935  -4.885 0.1000000015
18456  52.393  -63.762  -3.771 0.1000000015
19673  51.399  -63.215  -4.783 0.1000000015
19674  49.918  -62.235  -4.618 0.1000000015
20852  46.868  -61.860  -4.982 0.1000000015
20845  46.334  -61.243  -4.557 0.1000000015
20846  45.409  -61.126  -4.623 0.1000000015
22049  47.401  -61.011  -4.202 0.1000000015
22052  44.841  -60.393  -4.177 0.1000000015
22054  43.080  -60.160  -4.748 0.1000000015
23215  42.675  -59.575  -4.909 0.1000000015
23214  43.311  -59.481  -4.229 0.1000000015
24423  42.538  -59.162  -5.220 0.1000000015
24444  42.560  -58.928  -5.655 0.1000000015
24487  42.663  -58.716  -6.890 0.1000000015
24495  43.352  -58.771  -7.954 0.1000000015
24486  43.337  -58.506  -7.232 0.1000000015
23293  45.750  -59.912  -8.722 0.1000000015
24494  43.878  -58.933  -8.183 0.1000000015
22119  46.610  -60.411  -9.029 0.1000000015
22118  47.515  -60.462  -8.955 0.1000000015
19748  47.939  -62.370  -10.683 0.1000000015
19760  49.396  -63.015  -10.624 0.1000000015
18557  49.281  -63.527  -11.144 0.1000000015
20810  49.767  -61.377  -2.543 0.1000000015
20811  49.136  -61.122  -2.752 0.1000000015
16013  52.495  -65.206  -1.579 0.1000000015
17209  52.721  -64.802  -2.149 0.1000000015
19614  52.114  -63.328  -1.976 0.1000000015
19661  50.790  -62.318  -3.633 0.1000000015
20829  49.775  -61.599  -3.319 0.1000000015
22033  48.322  -60.928  -3.538 0.1000000015
22034  47.665  -60.703  -3.654 0.1000000015
20841  49.498  -61.677  -3.938 0.1000000015
22050  46.826  -60.763  -4.104 0.1000000015
22036  45.347  -59.883  -3.652 0.1000000015
23203  44.565  -59.252  -3.355 0.1000000015
22051  45.879  -60.537  -4.114 0.1000000015
24422  42.892  -58.583  -4.831 0.1000000015
24443  43.062  -58.404  -5.777 0.1000000015
24469  43.198  -58.406  -6.496 0.1000000015
24467  44.803  -58.117  -6.778 0.1000000015
24468  43.905  -58.209  -6.728 0.1000000015
23268  46.590  -59.280  -7.931 0.1000000015
23269  45.536  -59.076  -7.972 0.1000000015
23270  44.890  -58.842  -7.897 0.1000000015
23292  47.037  -59.887  -8.492 0.1000000015
22130  48.011  -61.064  -9.369 0.1000000015
20776  50.662  -62.073  -1.051 0.1000000015
17175  52.440  -64.813  -0.957 0.1000000015
19604  51.035  -62.804  -0.781 0.1000000015
20793  50.477  -61.787  -1.718 0.1000000015
20809  50.255  -61.618  -2.301 0.1000000015
22008  48.726  -60.710  -1.947 0.1000000015
16014  52.037  -65.915  -1.590 0.1000000015
16003  52.542  -65.179  -1.213 0.1000000015
18411  52.358  -64.115  -1.436 0.1000000015
18412  51.694  -63.300  -1.251 0.1000000015
19635  50.875  -62.116  -2.538 0.1000000015
20828  50.322  -61.743  -2.880 0.1000000015
22020  48.392  -60.740  -3.001 0.1000000015
22021  47.494  -60.100  -2.434 0.1000000015
22022  46.744  -59.660  -2.665 0.1000000015
22035  46.496  -59.986  -3.354 0.1000000015
24409  43.910  -58.821  -3.292 0.1000000015
24410  43.376  -58.409  -3.593 0.1000000015
25697  43.436  -57.363  -4.317 0.1000000015
25721  43.558  -57.782  -5.399 0.1000000015
25742  43.614  -58.131  -6.083 0.1000000015
25740  45.302  -57.551  -6.070 0.1000000015
24482  47.319  -58.714  -7.299 0.1000000015
24484  45.255  -58.564  -7.392 0.1000000015
23291  48.090  -59.961  -8.423 0.1000000015
23290  49.031  -60.210  -8.327 0.1000000015
18401  51.380  -63.865  -0.445 0.1000000015
20777  49.826  -61.412  -0.876 0.1000000015
21987  49.308  -60.973  -1.432 0.1000000015
18400  52.051  -64.329  -0.822 0.1000000015
20794  49.789  -61.236  -1.838 0.1000000015
23187  47.281  -59.632  -1.471 0.1000000015
23188  46.652  -59.287  -2.048 0.1000000015
23189  45.702  -58.858  -2.294 0.1000000015
24393  44.952  -58.424  -2.288 0.1000000015
24394  44.108  -58.362  -2.735 0.1000000015
26981  43.541  -56.979  -3.705 0.1000000015
27022  44.982  -56.431  -4.574 0.1000000015
25738  47.499  -57.508  -6.202 0.1000000015
24466  45.817  -58.096  -6.741 0.1000000015
24464  48.022  -58.113  -6.677 0.1000000015
24465  46.884  -58.104  -6.738 0.1000000015
24483  46.232  -58.643  -7.344 0.1000000015
24481  48.501  -58.745  -7.269 0.1000000015
23265  50.053  -59.792  -7.916 0.1000000015
22114  50.916  -60.906  -8.632 0.1000000015
18402  50.625  -63.049  -0.078 0.1000000015
19605  50.296  -62.242  -0.347 0.1000000015
21988  48.820  -60.746  -0.687 0.1000000015
22009  47.942  -60.218  -1.230 0.1000000015
18392  50.283  -63.903  0.472 0.1000000015
23182  46.088  -58.757  -1.560 0.1000000015
24389  44.648  -58.001  -2.071 0.1000000015
25641  44.230  -57.548  -2.253 0.1000000015
26965  44.009  -56.948  -2.517 0.1000000015
26980  43.936  -56.597  -3.260 0.1000000015
25718  47.054  -56.943  -5.636 0.1000000015
25719  45.937  -56.944  -5.485 0.1000000015
25739  46.418  -57.532  -6.148 0.1000000015
24480  49.714  -58.938  -7.276 0.1000000015
22094  52.113  -60.099  -7.989 0.1000000015
20894  54.103  -61.485  -7.983 0.1000000015
18393  49.444  -63.144  0.882 0.1000000015
19587  49.889  -62.676  0.377 0.1000000015
20758  49.540  -61.754  0.084 0.1000000015
21972  48.390  -60.658  0.021 0.1000000015
23166  47.549  -59.906  0.276 0.1000000015
23167  46.983  -59.257  0.082 0.1000000015
20778  49.248  -61.221  -0.261 0.1000000015
21989  48.025  -60.276  -0.260 0.1000000015
24387  45.986  -58.539  -0.923 0.1000000015
24388  45.329  -58.199  -1.494 0.1000000015
26964  44.723  -56.291  -2.372 0.1000000015
26978  45.922  -55.858  -3.489 0.1000000015
27021  45.630  -56.439  -4.785 0.1000000015
25670  53.075  -57.347  -3.775 0.1000000015
24407  52.243  -57.867  -4.201 0.1000000015
24420  51.566  -57.848  -4.526 0.1000000015
25694  50.392  -57.445  -4.534 0.1000000015
27017  49.235  -57.037  -5.049 0.1000000015
26996  47.372  -56.136  -4.249 0.1000000015
27020  46.672  -56.438  -4.957 0.1000000015
25692  52.676  -57.853  -4.213 0.1000000015
24419  52.600  -58.143  -4.679 0.1000000015
24421  50.877  -57.669  -4.656 0.1000000015
27019  47.710  -56.543  -5.029 0.1000000015
25691  53.443  -57.716  -4.380 0.1000000015
25713  53.867  -58.200  -5.038 0.1000000015
24418  53.407  -58.289  -5.006 0.1000000015
24440  51.872  -58.219  -5.483 0.1000000015
24463  49.419  -58.041  -6.434 0.1000000015
25737  48.530  -57.541  -6.097 0.1000000015
25690  54.121  -57.388  -4.719 0.1000000015
25712  54.559  -57.837  -5.279 0.1000000015
24460  53.384  -59.079  -5.981 0.1000000015
23248  52.974  -59.247  -6.677 0.1000000015
24479  50.512  -59.176  -7.349 0.1000000015
22074  55.512  -59.954  -6.676 0.1000000015
23262  53.422  -59.883  -6.994 0.1000000015
20879  54.880  -61.109  -7.527 0.1000000015
19572  47.724  -62.505  1.458 0.1000000015
19588  48.949  -62.223  0.891 0.1000000015
19589  48.230  -61.643  0.957 0.1000000015
20760  48.148  -61.132  0.815 0.1000000015
21973  47.926  -60.572  0.624 0.1000000015
20759  48.703  -61.180  0.354 0.1000000015
23155  47.533  -60.116  0.737 0.1000000015
24376  46.293  -58.601  -0.153 0.1000000015
24377  45.593  -58.085  -0.452 0.1000000015
25640  44.751  -57.465  -1.629 0.1000000015
26946  45.009  -56.646  -1.329 0.1000000015
28331  45.620  -55.804  -2.832 0.1000000015
26976  48.139  -55.992  -3.250 0.1000000015
26997  46.312  -56.077  -4.217 0.1000000015
25672  51.455  -57.605  -3.758 0.1000000015
25674  49.858  -57.000  -3.988 0.1000000015
26994  49.208  -56.740  -4.510 0.1000000015
26995  48.400  -56.354  -4.339 0.1000000015
25671  52.438  -57.558  -3.715 0.1000000015
28357  55.901  -56.432  -5.575 0.1000000015
27016  54.938  -57.125  -5.400 0.1000000015
20751  47.681  -61.248  1.215 0.1000000015
23156  47.221  -59.708  0.991 0.1000000015
23149  46.626  -59.577  1.763 0.1000000015
21962  47.529  -60.681  1.144 0.1000000015
24366  46.521  -58.791  0.903 0.1000000015
24367  45.864  -58.104  0.431 0.1000000015
25617  45.392  -57.426  0.104 0.1000000015
28309  46.297  -55.587  -1.432 0.1000000015
28310  45.431  -55.910  -1.708 0.1000000015
26963  48.586  -55.971  -2.258 0.1000000015
28318  47.752  -55.672  -2.230 0.1000000015
28319  46.828  -55.524  -2.172 0.1000000015
25650  51.749  -57.340  -3.138 0.1000000015
26961  50.467  -56.876  -2.498 0.1000000015
26962  49.439  -56.456  -2.721 0.1000000015
26977  46.906  -55.858  -3.497 0.1000000015
28328  54.034  -56.288  -3.294 0.1000000015
26959  52.529  -56.872  -2.830 0.1000000015
26975  49.171  -56.461  -3.725 0.1000000015
28327  54.706  -56.229  -3.751 0.1000000015
26973  53.572  -56.805  -3.660 0.1000000015
21963  47.060  -60.662  1.615 0.1000000015
24356  46.344  -58.544  1.919 0.1000000015
24357  46.047  -58.106  1.176 0.1000000015
25600  45.731  -57.474  0.895 0.1000000015
26902  45.627  -56.689  0.566 0.1000000015
28293  45.655  -55.923  -0.633 0.1000000015
28308  47.306  -55.518  -1.383 0.1000000015
26945  49.160  -56.203  -1.625 0.1000000015
28307  48.293  -55.768  -1.435 0.1000000015
26974  52.889  -57.172  -3.472 0.1000000015
28343  54.785  -56.435  -4.410 0.1000000015
28356  56.814  -55.889  -5.496 0.1000000015
21947  46.524  -60.427  2.621 0.1000000015
24342  46.553  -58.725  2.756 0.1000000015
23137  46.499  -59.359  2.457 0.1000000015
25573  46.688  -58.332  3.045 0.1000000015
25599  46.140  -57.567  1.614 0.1000000015
26886  45.942  -56.945  1.221 0.1000000015
28264  46.456  -56.261  1.103 0.1000000015
28274  46.233  -55.955  0.466 0.1000000015
28292  46.751  -55.534  -0.496 0.1000000015
28290  48.996  -55.894  -0.591 0.1000000015
26944  49.995  -56.596  -1.753 0.1000000015
26960  51.397  -57.007  -2.490 0.1000000015
28341  57.115  -55.974  -4.454 0.1000000015
25586  46.602  -57.718  2.577 0.1000000015
26873  47.184  -56.890  2.423 0.1000000015
26884  47.498  -56.263  1.906 0.1000000015
26885  46.552  -56.705  1.689 0.1000000015
28263  46.959  -55.962  1.198 0.1000000015
28273  47.341  -55.527  0.420 0.1000000015
28291  47.870  -55.516  -0.518 0.1000000015
28326  56.168  -56.299  -3.512 0.1000000015
28317  54.368  -56.182  -3.024 0.1000000015
26943  50.902  -56.725  -1.739 0.1000000015
26883  48.515  -56.173  1.907 0.1000000015
26872  48.050  -56.802  2.471 0.1000000015
28260  50.056  -55.833  1.185 0.1000000015
28261  49.024  -55.686  1.234 0.1000000015
28262  47.942  -55.621  1.283 0.1000000015
28270  50.518  -55.831  0.404 0.1000000015
28272  48.465  -55.481  0.381 0.1000000015
28316  55.091  -56.180  -2.936 0.1000000015
28306  54.439  -56.153  -2.480 0.1000000015
26958  53.651  -56.256  -2.689 0.1000000015
26941  52.835  -56.164  -1.806 0.1000000015
26942  51.846  -56.580  -1.805 0.1000000015
26924  50.465  -56.420  -1.027 0.1000000015
28325  57.522  -56.200  -3.543 0.1000000015
28269  51.595  -55.891  0.465 0.1000000015
28271  49.521  -55.717  0.376 0.1000000015
28288  50.932  -56.053  -0.347 0.1000000015
28289  50.012  -56.070  -0.363 0.1000000015
26921  53.064  -56.050  -0.679 0.1000000015
26922  52.174  -56.166  -1.033 0.1000000015
26923  51.330  -56.350  -1.050 0.1000000015
18494  41.223  -63.264  -6.659 0.1000000015
20868  41.022  -61.712  -7.078 0.1000000015
22098  40.838  -60.728  -7.748 0.1000000015
20900  40.111  -61.324  -8.851 0.1000000015
18596  45.711  -63.880  -13.139 0.1000000015
22136  40.683  -60.749  -9.417 0.1000000015
18595  46.824  -63.741  -12.906 0.1000000015
20956  42.421  -61.516  -11.352 0.1000000015
22149  40.891  -61.134  -10.062 0.1000000015
19786  42.532  -62.361  -11.534 0.1000000015
19787  41.951  -62.027  -11.074 0.1000000015
13797  50.101  -67.109  -6.731 0.1000000015
20883  39.708  -61.991  -7.869 0.1000000015
19702  40.629  -62.359  -7.082 0.1000000015
20932  40.840  -61.630  -10.160 0.1000000015
16070  50.709  -65.929  -6.565 0.1000000015
17261  47.349  -64.212  -7.002 0.1000000015
19699  43.775  -62.828  -6.106 0.1000000015
18493  42.387  -63.355  -6.657 0.1000000015
20929  45.417  -61.312  -10.905 0.1000000015
22160  42.941  -60.806  -11.259 0.1000000015
18509  49.648  -64.694  -7.006 0.1000000015
18479  46.082  -63.070  -5.975 0.1000000015
17262  46.301  -64.223  -6.969 0.1000000015
19697  47.087  -62.982  -6.030 0.1000000015
19689  42.799  -61.883  -5.835 0.1000000015
23331  42.507  -59.651  -9.987 0.1000000015
22145  44.576  -60.775  -10.622 0.1000000015
20854  44.935  -61.735  -5.116 0.1000000015
19687  44.403  -62.498  -5.664 0.1000000015
19681  51.296  -63.641  -5.560 0.1000000015
23272  41.526  -59.759  -7.510 0.1000000015
23250  42.191  -59.213  -6.376 0.1000000015
20853  45.918  -61.813  -5.050 0.1000000015
23294  44.496  -59.296  -8.470 0.1000000015
19634  51.895  -62.911  -2.914 0.1000000015
20843  47.949  -61.393  -4.421 0.1000000015
20831  48.341  -61.135  -3.895 0.1000000015
22037  44.724  -59.833  -3.774 0.1000000015
23213  44.165  -59.776  -3.935 0.1000000015
24485  44.242  -58.614  -7.605 0.1000000015
22117  48.419  -60.581  -8.841 0.1000000015
20914  48.898  -61.654  -9.565 0.1000000015
19747  48.638  -62.376  -10.314 0.1000000015
20795  49.333  -61.083  -2.177 0.1000000015
20830  48.901  -61.230  -3.537 0.1000000015
17184  52.672  -64.772  -1.715 0.1000000015
19615  51.284  -62.587  -1.744 0.1000000015
23202  45.564  -59.347  -3.043 0.1000000015
23267  47.719  -59.364  -7.856 0.1000000015
22129  48.723  -61.030  -9.172 0.1000000015
23190  44.968  -58.848  -2.744 0.1000000015
25655  43.420  -57.607  -2.976 0.1000000015
25741  44.283  -57.762  -6.049 0.1000000015
25720  44.559  -56.936  -5.115 0.1000000015
23266  48.839  -59.500  -7.842 0.1000000015
22115  50.040  -60.871  -8.753 0.1000000015
23181  46.693  -59.078  -0.961 0.1000000015
26999  44.445  -56.400  -4.156 0.1000000015
26998  45.356  -56.110  -4.126 0.1000000015
25717  48.072  -56.983  -5.683 0.1000000015
22096  50.340  -60.435  -8.387 0.1000000015
22095  51.092  -60.224  -8.185 0.1000000015
22113  51.889  -60.840  -8.410 0.1000000015
23180  47.433  -59.704  -0.595 0.1000000015
26947  44.469  -56.954  -1.973 0.1000000015
28332  45.133  -55.925  -2.715 0.1000000015
22111  53.392  -60.894  -7.936 0.1000000015
23264  51.328  -59.466  -7.512 0.1000000015
23263  52.521  -59.598  -7.355 0.1000000015
22092  54.008  -60.604  -7.265 0.1000000015
25633  45.113  -57.428  -0.812 0.1000000015
28321  45.360  -55.886  -2.371 0.1000000015
25693  50.976  -57.638  -4.227 0.1000000015
24441  50.536  -57.742  -5.400 0.1000000015
25736  49.239  -57.571  -5.840 0.1000000015
25716  48.889  -57.217  -5.518 0.1000000015
27018  48.605  -56.772  -5.051 0.1000000015
26993  53.978  -57.082  -4.366 0.1000000015
24438  54.115  -58.921  -5.442 0.1000000015
24462  51.006  -58.545  -6.659 0.1000000015
23249  52.073  -59.024  -6.947 0.1000000015
24461  52.429  -58.679  -6.237 0.1000000015
26992  54.619  -56.864  -4.868 0.1000000015
24459  53.935  -59.417  -5.896 0.1000000015
23261  54.035  -60.098  -6.616 0.1000000015
22090  55.449  -60.373  -7.215 0.1000000015
22075  55.074  -60.216  -6.580 0.1000000015
28329  47.219  -55.705  -2.812 0.1000000015
25651  50.958  -57.277  -3.117 0.1000000015
25652  50.173  -56.970  -3.246 0.1000000015
25653  49.677  -56.716  -3.419 0.1000000015
28342  55.646  -56.219  -4.709 0.1000000015
26926  45.236  -56.675  -0.291 0.1000000015
26925  49.704  -56.314  -1.049 0.1000000015
25785  52.932  -57.793  -9.347 0.3000000119
27067  51.981  -56.506  -8.550 0.3000000119
28388  51.917  -55.101  -7.932 0.3000000119
29665  51.334  -54.562  -7.567 0.4000000060
30907  51.514  -53.945  -7.114 0.4000000060
28410  51.468  -55.810  -8.271 0.3000000119
29666  50.521  -54.692  -7.570 0.4000000060
22238  51.730  -60.660  -19.224 0.1000000015
22219  51.536  -60.625  -18.681 0.1000000015
23382  51.144  -60.093  -17.110 0.2000000030
23367  49.769  -59.622  -14.830 0.3000000119
29669  47.321  -54.506  -7.601 0.4000000060
25763  53.391  -57.132  -9.143 0.3000000119
24546  48.254  -59.301  -12.592 0.4000000060
24538  48.242  -58.536  -11.193 0.4000000060
23377  49.921  -60.078  -15.428 0.2000000030
23368  49.039  -59.681  -14.106 0.3000000119
24542  47.858  -58.520  -11.949 0.4000000060
25789  48.143  -57.639  -10.040 0.4000000060
28392  48.070  -55.180  -8.166 0.4000000060
22252  51.175  -60.821  -19.921 0.1000000015
23376  50.802  -59.638  -15.893 0.3000000119
25804  47.719  -57.774  -11.066 0.4000000060
27090  47.622  -56.747  -9.826 0.4000000060
28414  47.271  -55.694  -9.056 0.4000000060
23433  51.876  -59.988  -19.637 0.1000000015
30909  47.116  -53.743  -6.749 0.5000000000
23381  51.940  -59.468  -16.754 0.2000000030
23366  50.525  -59.170  -15.053 0.3000000119
24556  48.843  -58.664  -13.730 0.3000000119
25790  47.639  -57.314  -10.376 0.4000000060
30887  46.647  -53.225  -6.268 0.4000000060
33375  47.191  -51.463  -4.386 0.4000000060
24547  47.880  -58.330  -12.943 0.4000000060
25811  47.519  -57.643  -12.253 0.4000000060
28425  47.040  -56.232  -9.866 0.4000000060
29690  47.115  -55.067  -8.395 0.5000000000
24644  52.283  -59.426  -19.449 0.2000000030
23432  52.431  -59.621  -19.261 0.2000000030
23413  52.561  -59.525  -18.502 0.2000000030
24582  51.571  -59.185  -15.793 0.2000000030
23397  51.947  -60.045  -17.944 0.2000000030
24571  49.379  -59.139  -14.297 0.3000000119
24646  51.400  -59.123  -19.605 0.1000000015
27116  47.191  -56.955  -11.630 0.4000000060
24557  48.245  -57.904  -13.353 0.4000000060
27107  46.756  -56.419  -11.062 0.4000000060
30910  46.266  -53.869  -6.949 0.5000000000
32136  46.658  -51.860  -4.885 0.4000000060
25816  47.787  -57.448  -13.084 0.4000000060
28426  46.333  -55.969  -10.280 0.4000000060
29691  46.396  -55.048  -8.536 0.5000000000
29670  45.778  -54.502  -7.806 0.5000000000
32158  45.634  -52.786  -5.771 0.4000000060
24622  52.710  -58.738  -18.967 0.2000000030
23380  52.523  -59.257  -16.888 0.2000000030
24581  52.328  -59.006  -16.033 0.2000000030
24569  51.439  -58.758  -15.231 0.4000000060
25837  52.241  -57.956  -14.922 0.2000000030
24570  50.102  -58.628  -14.367 0.3000000119
25838  51.208  -58.054  -14.438 0.4000000060
25824  49.863  -57.823  -13.750 0.3000000119
28415  45.919  -55.460  -9.423 0.5000000000
30888  45.588  -53.202  -6.248 0.5000000000
32115  45.578  -51.903  -4.213 0.4000000060
33359  46.062  -51.594  -3.697 0.4000000060
25823  50.986  -57.484  -13.938 0.4000000060
27132  48.423  -56.664  -13.157 0.4000000060
27117  46.807  -56.166  -11.955 0.4000000060
24604  53.086  -58.894  -17.829 0.2000000030
24621  53.031  -58.126  -18.447 0.2000000030
24580  53.433  -58.345  -15.909 0.2000000030
33342  45.351  -51.791  -3.133 0.4000000060
24567  53.188  -58.190  -15.559 0.2000000030
25825  48.821  -57.562  -13.453 0.3000000119
27120  47.395  -56.629  -12.628 0.4000000060
28438  46.328  -55.724  -11.397 0.4000000060
24623  51.765  -58.554  -19.385 0.2000000030
24588  53.691  -58.181  -16.867 0.2000000030
25822  51.974  -57.360  -14.317 0.4000000060
33325  45.694  -51.794  -2.079 0.4000000060
27131  49.541  -56.833  -13.325 0.3000000119
28427  45.456  -55.364  -10.218 0.5000000000
30911  45.143  -53.929  -7.057 0.5000000000
34508  46.198  -50.522  0.709 0.4000000060
27195  52.550  -57.466  -18.513 0.2000000030
24603  53.282  -58.204  -18.031 0.2000000030
28460  48.009  -55.547  -12.866 0.4000000060
28449  46.608  -55.265  -12.188 0.4000000060
30889  44.579  -53.390  -6.465 0.5000000000
32096  44.752  -51.998  -3.732 0.4000000060
36883  48.818  -48.442  -0.075 0.4000000060
27197  51.299  -56.906  -18.349 0.2000000030
25864  54.180  -57.205  -16.618 0.2000000030
25851  53.753  -57.859  -15.579 0.2000000030
27140  53.604  -57.081  -14.711 0.2000000030
28469  50.338  -56.055  -13.106 0.4000000060
29702  44.743  -55.034  -10.008 0.5000000000
29671  44.581  -54.423  -7.865 0.5000000000
25877  50.735  -57.085  -18.276 0.2000000030
27130  50.634  -56.826  -13.514 0.4000000060
28439  45.739  -55.276  -11.054 0.5000000000
29692  44.992  -55.037  -8.892 0.5000000000
30866  44.905  -52.954  -5.834 0.5000000000
27181  50.696  -56.445  -17.827 0.2000000030
36866  46.521  -48.997  0.655 0.4000000060
33308  45.305  -51.451  -0.319 0.4000000060
33326  44.640  -51.733  -2.168 0.4000000060
25876  53.216  -57.420  -18.037 0.2000000030
27128  52.939  -56.664  -14.106 0.4000000060
32138  44.351  -52.739  -5.264 0.4000000060
33343  44.271  -51.769  -3.064 0.4000000060
27179  52.849  -56.944  -18.125 0.2000000030
25849  54.398  -57.070  -15.920 0.2000000030
27139  54.242  -56.736  -14.746 0.2000000030
27164  53.576  -56.555  -17.253 0.2000000030
35650  44.943  -50.021  0.392 0.4000000060
33315  43.970  -51.352  -1.236 0.4000000060
33327  43.679  -51.427  -2.317 0.4000000060
28461  47.272  -55.117  -12.570 0.3000000119
29693  43.891  -54.532  -8.610 0.5000000000
30912  44.132  -53.839  -7.186 0.5000000000
32097  43.906  -52.144  -3.811 0.4000000060
28468  51.443  -56.035  -13.236 0.4000000060
28459  49.077  -55.325  -12.780 0.4000000060
29739  47.825  -54.548  -12.555 0.3000000119
29727  45.792  -54.437  -11.507 0.4000000060
29703  43.926  -54.513  -9.692 0.5000000000
27163  54.181  -56.362  -16.299 0.2000000030
34517  44.263  -50.549  -0.243 0.4000000060
32139  43.406  -52.737  -5.616 0.5000000000
32159  42.956  -52.837  -6.308 0.5000000000
30987  46.894  -53.855  -12.106 0.4000000060
29715  45.163  -54.563  -10.841 0.5000000000
29673  43.307  -53.815  -7.972 0.5000000000
30954  44.925  -53.426  -10.908 0.5000000000
30972  45.548  -53.799  -11.278 0.5000000000
28389  50.967  -55.179  -7.965 0.4000000060
27071  48.242  -56.341  -9.148 0.4000000060
36867  45.996  -49.252  0.661 0.4000000060
33309  44.587  -51.327  -0.562 0.4000000060
30938  42.918  -53.515  -8.872 0.5000000000
22141  52.359  -60.169  -10.948 0.3000000119
24534  51.986  -58.992  -10.009 0.3000000119
24519  51.358  -58.359  -9.681 0.2000000030
25766  50.867  -57.012  -8.949 0.2000000030
20948  52.565  -61.487  -11.895 0.2000000030
22142  51.321  -60.224  -11.006 0.3000000119
23336  50.446  -60.242  -11.138 0.3000000119
23327  50.511  -59.732  -10.827 0.3000000119
20975  50.424  -62.067  -12.684 0.2000000030
20976  49.607  -61.738  -12.948 0.2000000030
22156  49.535  -61.008  -12.101 0.2000000030
22194  49.842  -60.617  -15.982 0.2000000030
27168  49.365  -56.315  -16.836 0.1000000015
27150  48.397  -56.022  -16.073 0.1000000015
32256  54.241  -52.551  -13.988 0.1000000015
23324  54.084  -59.659  -10.579 0.1000000015
24517  53.377  -58.542  -9.748 0.2000000030
24518  52.376  -58.412  -9.628 0.2000000030
22140  53.283  -60.130  -10.945 0.2000000030
23325  52.886  -59.482  -10.363 0.2000000030
20946  54.349  -61.425  -11.467 0.1000000015
20972  53.009  -62.039  -12.387 0.1000000015
22153  52.967  -60.784  -11.411 0.2000000030
19780  54.149  -62.106  -11.926 0.1000000015
19795  53.652  -62.550  -12.388 0.1000000015
25895  51.146  -57.715  -18.755 0.1000000015
27182  49.874  -56.618  -17.397 0.1000000015
28482  53.572  -55.358  -15.907 0.1000000015
29755  54.376  -55.008  -15.154 0.1000000015
29743  54.927  -54.612  -13.643 0.1000000015
29732  54.922  -54.311  -13.062 0.1000000015
29752  52.459  -54.540  -15.389 0.1000000015
29749  54.695  -54.585  -14.452 0.1000000015
30991  55.117  -53.676  -13.201 0.1000000015
30980  53.777  -53.645  -12.309 0.1000000015
30998  54.116  -53.554  -14.258 0.1000000015
34637  54.320  -51.891  -12.671 0.1000000015
33459  52.817  -52.000  -11.637 0.1000000015
33468  53.098  -51.568  -12.048 0.1000000015
34633  51.877  -50.831  -11.106 0.1000000015
22152  53.948  -60.567  -11.306 0.1000000015
28467  52.592  -56.002  -13.406 0.1000000015
29738  48.755  -54.602  -12.549 0.3000000119
28501  52.929  -55.797  -16.853 0.1000000015
28500  53.739  -55.839  -16.407 0.1000000015
27149  54.460  -56.426  -15.607 0.1000000015
28466  53.680  -55.958  -13.506 0.1000000015
29735  51.941  -54.580  -12.430 0.2000000030
30984  49.482  -53.870  -12.091 0.3000000119
32237  47.904  -52.783  -11.409 0.3000000119
32222  47.030  -52.321  -10.519 0.3000000119
28505  49.077  -55.824  -16.496 0.1000000015
28502  51.983  -55.503  -17.037 0.1000000015
29744  54.660  -54.913  -13.257 0.1000000015
30981  52.675  -53.831  -12.131 0.1000000015
30983  50.547  -53.853  -12.026 0.2000000030
32236  48.755  -52.656  -11.207 0.3000000119
29758  51.986  -54.871  -15.975 0.1000000015
30964  53.137  -53.193  -11.988 0.1000000015
32219  50.417  -51.991  -10.374 0.2000000030
33449  48.792  -51.601  -9.937 0.3000000119
33446  51.423  -51.542  -10.433 0.1000000015
33448  49.948  -51.271  -9.868 0.2000000030
33432  48.359  -51.254  -9.274 0.4000000060
34639  52.726  -50.763  -12.276 0.1000000015
34624  50.995  -50.691  -10.228 0.1000000015
34625  50.071  -50.399  -9.870 0.3000000119
28371  56.902  -55.506  -6.519 0.1000000015
27051  56.526  -56.481  -7.838 0.1000000015
30914  42.734  -53.067  -7.526 0.4000000060
30937  43.369  -53.424  -9.728 0.4000000060
30971  46.364  -53.506  -11.602 0.3000000119
30953  45.782  -53.132  -11.104 0.4000000060
32224  44.511  -52.665  -10.364 0.4000000060
33434  46.276  -51.546  -9.439 0.4000000060
33435  45.366  -51.475  -9.394 0.4000000060
33433  47.399  -51.459  -9.201 0.4000000060
33414  47.944  -50.842  -8.619 0.5000000000
34611  49.447  -50.652  -9.591 0.3000000119
34596  48.197  -50.374  -8.450 0.5000000000
34640  51.681  -50.333  -11.988 0.2000000030
34634  51.122  -50.223  -11.088 0.1000000015
35788  48.734  -49.696  -9.308 0.4000000060
34647  52.912  -49.956  -13.040 0.1000000015
35812  51.415  -49.800  -12.664 0.1000000015
35802  50.410  -49.778  -11.171 0.2000000030
35796  50.492  -50.134  -10.478 0.2000000030
35842  53.198  -49.481  -14.948 0.1000000015
35826  53.176  -49.670  -13.905 0.1000000015
35813  50.378  -49.606  -12.310 0.2000000030
35860  53.205  -49.094  -16.104 0.1000000015
35861  53.059  -48.885  -15.417 0.1000000015
32118  42.744  -52.259  -4.912 0.4000000060
32117  43.640  -52.474  -4.647 0.3000000119
32140  42.555  -52.278  -5.822 0.4000000060
32189  43.084  -52.053  -9.069 0.4000000060
32190  42.578  -52.404  -8.567 0.4000000060
33436  44.599  -51.601  -9.400 0.4000000060
33403  42.513  -51.797  -8.032 0.4000000060
33415  46.933  -50.974  -8.563 0.4000000060
34598  46.324  -50.536  -7.897 0.4000000060
34599  45.237  -50.758  -8.071 0.4000000060
34597  47.483  -50.191  -7.975 0.5000000000
35775  47.702  -49.501  -8.464 0.4000000060
35803  49.548  -49.458  -11.306 0.3000000119
35797  49.664  -49.813  -10.264 0.4000000060
35789  47.925  -49.043  -9.565 0.4000000060
37060  51.197  -48.876  -14.994 0.2000000030
35844  51.583  -49.000  -14.419 0.2000000030
37058  52.261  -48.606  -15.455 0.1000000015
34726  52.081  -50.551  -19.817 0.1000000015
32099  42.417  -51.828  -4.435 0.4000000060
32098  42.932  -52.129  -4.023 0.4000000060
34554  41.978  -51.018  -6.429 0.4000000060
34584  44.237  -50.411  -7.716 0.4000000060
34585  43.098  -50.698  -7.744 0.4000000060
34583  45.469  -50.104  -7.283 0.4000000060
34582  46.586  -49.816  -7.425 0.4000000060
34565  45.891  -49.618  -6.967 0.4000000060
36990  47.017  -49.146  -7.890 0.3000000119
37018  47.108  -48.588  -10.057 0.4000000060
37005  46.888  -48.820  -8.786 0.4000000060
35815  48.267  -49.558  -12.491 0.3000000119
35804  48.606  -49.193  -11.490 0.3000000119
35798  48.779  -49.273  -10.405 0.4000000060
37075  51.815  -48.392  -15.933 0.2000000030
35862  50.164  -48.889  -15.417 0.2000000030
35829  49.919  -49.478  -13.431 0.2000000030
35814  49.281  -49.467  -12.384 0.2000000030
37091  52.027  -48.192  -16.690 0.2000000030
33566  51.572  -51.139  -21.513 0.1000000015
34740  51.466  -51.012  -20.514 0.1000000015
34725  52.505  -49.928  -20.157 0.1000000015
34519  43.399  -50.392  -1.038 0.3000000119
33345  42.238  -51.231  -3.788 0.4000000060
33328  42.730  -50.941  -2.563 0.3000000119
34542  41.586  -50.662  -5.456 0.4000000060
35735  42.074  -48.869  -5.946 0.4000000060
35736  41.702  -50.035  -6.033 0.4000000060
34567  44.375  -49.628  -7.039 0.4000000060
34568  43.265  -49.986  -7.163 0.4000000060
36979  46.116  -49.028  -6.982 0.4000000060
34566  45.211  -49.481  -6.901 0.4000000060
36991  46.189  -48.807  -7.664 0.3000000119
35833  46.113  -49.480  -13.443 0.3000000119
35807  46.034  -49.499  -12.055 0.3000000119
37033  46.488  -49.134  -11.443 0.3000000119
37027  46.300  -48.737  -10.693 0.3000000119
37019  46.118  -48.429  -9.672 0.3000000119
38239  49.529  -47.689  -17.316 0.2000000030
37094  49.295  -48.267  -16.436 0.2000000030
35865  48.095  -49.229  -14.801 0.3000000119
35831  47.847  -49.739  -13.504 0.2000000030
35805  47.601  -49.173  -11.705 0.3000000119
37026  47.100  -48.771  -11.061 0.3000000119
37093  49.961  -48.204  -16.852 0.2000000030
35846  49.334  -49.486  -14.402 0.2000000030
38238  51.628  -48.054  -17.146 0.2000000030
35691  43.820  -49.462  -0.541 0.3000000119
36905  44.717  -48.533  -0.489 0.3000000119
34520  42.828  -50.211  -1.811 0.4000000060
33316  43.253  -50.941  -1.747 0.3000000119
36944  41.782  -48.276  -3.305 0.3000000119
36952  42.251  -48.020  -5.461 0.4000000060
36953  41.825  -48.162  -4.903 0.4000000060
35722  41.557  -49.378  -4.700 0.4000000060
38129  43.644  -48.139  -6.129 0.4000000060
35734  43.445  -48.725  -6.190 0.4000000060
38152  44.559  -48.064  -7.188 0.3000000119
36980  45.264  -48.794  -6.983 0.4000000060
35733  43.895  -48.735  -6.364 0.4000000060
37040  44.283  -48.345  -12.833 0.3000000119
37035  44.433  -48.909  -11.629 0.2000000030
37029  44.247  -48.322  -10.335 0.2000000030
37007  44.834  -48.027  -8.424 0.2000000030
37006  45.758  -48.413  -8.563 0.3000000119
36992  45.189  -48.335  -7.584 0.3000000119
37063  45.902  -48.775  -14.065 0.3000000119
35808  45.274  -49.356  -12.118 0.3000000119
37028  45.291  -48.665  -10.509 0.2000000030
39390  48.350  -46.621  -16.875 0.2000000030
38224  47.786  -47.617  -15.731 0.3000000119
37061  47.385  -48.286  -14.964 0.3000000119
35849  46.436  -49.224  -14.074 0.3000000119
36904  46.017  -48.188  -0.616 0.3000000119
36886  45.680  -48.808  0.243 0.3000000119
36887  44.961  -48.922  0.184 0.3000000119
38130  42.964  -47.447  -5.847 0.3000000119
38176  42.335  -46.961  -9.233 0.2000000030
38169  42.594  -46.927  -8.348 0.2000000030
38154  43.361  -47.205  -7.365 0.2000000030
38144  43.502  -47.333  -6.644 0.2000000030
39335  42.745  -46.306  -11.443 0.2000000030
37030  43.411  -47.815  -10.135 0.2000000030
38175  43.069  -47.483  -8.936 0.2000000030
38174  43.623  -47.581  -8.454 0.2000000030
35669  47.512  -48.800  -0.716 0.2000000030
35876  53.258  -49.120  -17.045 0.1000000015
39391  47.899  -46.321  -16.230 0.3000000119
37112  50.745  -47.909  -17.420 0.2000000030
28411  50.511  -55.811  -8.347 0.3000000119
24520  50.415  -58.322  -9.899 0.3000000119
24535  50.941  -58.973  -10.220 0.3000000119
20977  49.150  -61.226  -13.135 0.2000000030
24516  54.481  -58.680  -9.993 0.2000000030
25786  51.862  -57.763  -9.248 0.2000000030
27127  54.028  -56.446  -14.103 0.1000000015
28458  50.066  -55.306  -12.768 0.3000000119
35670  47.205  -48.739  -0.864 0.3000000119
27126  54.571  -56.145  -14.331 0.1000000015
33344  43.251  -51.700  -3.194 0.3000000119
28456  52.266  -55.299  -12.893 0.3000000119
30986  47.598  -53.825  -12.249 0.2000000030
29736  50.842  -54.573  -12.417 0.2000000030
28481  54.208  -55.681  -15.784 0.1000000015
22154  51.930  -60.884  -11.334 0.2000000030
20949  51.547  -61.563  -11.863 0.1000000015
20950  50.545  -61.607  -12.064 0.2000000030
32254  55.048  -52.572  -13.207 0.1000000015
23314  53.647  -59.128  -10.093 0.2000000030
28483  52.968  -55.386  -16.215 0.1000000015
29750  53.907  -54.375  -14.807 0.1000000015
28464  54.768  -55.577  -14.328 0.1000000015
29733  54.195  -54.539  -12.836 0.1000000015
30978  55.250  -53.137  -12.965 0.1000000015
32248  53.672  -52.880  -12.063 0.1000000015
32233  52.105  -52.475  -11.398 0.1000000015
28455  53.369  -55.286  -13.057 0.2000000030
30969  48.193  -53.238  -11.806 0.3000000119
30966  51.333  -53.154  -11.578 0.2000000030
30967  50.234  -53.197  -11.517 0.3000000119
32201  45.589  -51.772  -9.847 0.4000000060
32235  49.830  -52.599  -10.999 0.3000000119
33388  42.376  -51.720  -7.233 0.4000000060
34600  44.429  -50.961  -8.372 0.4000000060
35827  52.185  -49.446  -13.550 0.2000000030
35828  51.022  -49.373  -13.492 0.2000000030
33377  41.857  -51.267  -5.741 0.4000000060
33401  43.665  -51.045  -8.305 0.4000000060
35845  50.486  -49.170  -14.664 0.2000000030
34541  41.584  -50.496  -4.647 0.4000000060
35816  47.319  -49.609  -12.648 0.3000000119
35830  48.857  -49.617  -13.418 0.2000000030
35864  48.668  -49.189  -15.060 0.2000000030
34523  41.960  -49.789  -3.143 0.4000000060
34522  42.318  -50.013  -2.510 0.4000000060
35713  41.738  -49.136  -3.733 0.4000000060
35819  44.851  -49.189  -12.766 0.3000000119
38223  48.338  -47.754  -16.279 0.2000000030
37079  47.979  -48.728  -15.218 0.2000000030
36929  43.079  -48.595  -1.728 0.4000000060
36981  44.302  -48.514  -6.601 0.4000000060
36993  44.588  -47.963  -7.704 0.2000000030
38190  43.875  -47.524  -12.565 0.2000000030
38191  43.281  -47.214  -11.883 0.2000000030
37036  43.463  -48.125  -11.157 0.2000000030
37020  45.075  -48.187  -9.461 0.2000000030
36930  42.304  -48.402  -2.263 0.3000000119
36906  43.720  -48.632  -1.203 0.2000000030
38085  43.078  -47.632  -1.908 0.3000000119
38061  45.209  -47.544  -1.022 0.2000000030
19799  50.294  -62.342  -13.322 0.1000000015
19811  50.762  -62.817  -14.048 0.1000000015
19818  49.569  -61.875  -14.674 0.1000000015
20983  49.322  -61.328  -13.820 0.1000000015
21009  49.609  -61.655  -16.392 0.1000000015
20987  49.339  -61.198  -14.619 0.1000000015
20994  49.461  -61.379  -15.375 0.1000000015
36901  48.945  -48.595  -1.140 0.1000000015
35688  48.219  -48.890  -1.261 0.1000000015
38079  50.115  -47.473  -1.831 0.1000000015
36926  48.582  -48.166  -1.728 0.1000000015
36903  47.176  -48.414  -1.264 0.1000000015
38081  48.224  -47.578  -1.884 0.1000000015
38082  47.572  -47.641  -1.737 0.1000000015
38059  47.160  -47.073  -1.315 0.1000000015
38062  44.060  -47.722  -1.501 0.2000000030
39205  46.479  -46.335  -0.939 0.1000000015
38086  42.102  -47.484  -2.697 0.2000000030
40306  45.667  -45.539  -0.953 0.2000000030
39207  44.545  -46.762  -1.351 0.2000000030
39234  43.616  -46.851  -1.813 0.2000000030
41416  45.830  -44.564  -1.403 0.2000000030
41418  44.423  -45.468  -1.541 0.2000000030
39235  42.650  -46.575  -2.596 0.2000000030
38102  41.833  -47.361  -3.762 0.2000000030
38116  42.142  -47.161  -4.879 0.2000000030
38131  42.479  -46.877  -5.311 0.2000000030
39280  43.009  -46.968  -6.290 0.1000000015
40305  46.658  -45.229  -1.001 0.2000000030
39252  42.548  -46.098  -3.153 0.2000000030
39253  42.200  -46.428  -3.729 0.2000000030
39267  42.256  -46.349  -4.836 0.1000000015
41505  42.409  -45.030  -4.689 0.1000000015
36902  48.054  -48.701  -1.610 0.1000000015
36900  50.171  -48.520  -1.224 0.1000000015
36925  49.592  -48.093  -1.555 0.1000000015
38080  49.080  -47.515  -1.757 0.1000000015
39232  48.624  -46.816  -1.663 0.1000000015
39206  45.504  -46.586  -0.986 0.2000000030
41449  44.025  -45.121  -2.137 0.2000000030
39375  47.505  -46.435  -15.307 0.2000000030
38214  45.953  -48.015  -14.126 0.2000000030
38212  47.150  -47.407  -14.867 0.2000000030
40503  47.879  -45.468  -15.668 0.2000000030
40487  47.489  -45.394  -14.768 0.2000000030
38201  45.647  -47.309  -13.656 0.2000000030
39364  46.649  -46.388  -13.983 0.2000000030
38200  46.236  -46.830  -13.854 0.2000000030
41673  48.019  -44.377  -15.378 0.2000000030
37050  44.893  -47.992  -13.429 0.2000000030
40480  45.929  -45.380  -13.368 0.1000000015
40479  46.646  -45.566  -13.802 0.2000000030
39354  45.412  -46.369  -13.251 0.2000000030
38202  44.644  -47.186  -13.096 0.2000000030
41644  46.836  -44.415  -13.692 0.1000000015
41645  45.900  -44.260  -13.100 0.1000000015
40467  45.381  -45.049  -12.959 0.1000000015
43939  46.848  -42.344  -13.555 0.1000000015
45103  47.013  -41.714  -14.746 0.1000000015
40304  47.649  -45.046  -1.154 0.1000000015
39343  44.051  -46.470  -12.482 0.1000000015
42766  45.451  -43.553  -12.486 0.1000000015
40468  44.701  -45.395  -12.590 0.1000000015
42775  46.633  -43.491  -13.251 0.1000000015
42776  46.084  -43.552  -12.916 0.1000000015
45089  46.649  -41.361  -13.808 0.1000000015
45075  46.589  -41.458  -13.079 0.1000000015
47408  46.501  -39.752  -14.254 0.1000000015
41415  46.935  -44.257  -1.553 0.1000000015
42584  49.169  -43.729  -1.840 0.1000000015
41414  48.192  -43.970  -1.647 0.1000000015
38181  42.298  -46.791  -10.109 0.1000000015
39344  43.403  -46.188  -11.969 0.1000000015
41633  45.142  -44.505  -12.660 0.1000000015
40469  43.908  -45.458  -12.078 0.1000000015
42765  46.326  -42.950  -12.774 0.1000000015
46237  46.423  -40.509  -13.448 0.1000000015
46221  46.373  -40.947  -12.764 0.1000000015
42604  48.780  -43.495  -2.586 0.1000000015
41448  44.950  -44.328  -2.151 0.1000000015
41610  42.614  -43.836  -10.791 0.1000000015
39336  42.214  -45.929  -11.044 0.1000000015
42752  43.717  -43.337  -11.117 0.1000000015
41620  43.932  -43.818  -11.489 0.1000000015
40457  43.209  -45.424  -11.700 0.1000000015
40458  42.551  -45.356  -11.330 0.1000000015
43917  44.206  -42.421  -10.779 0.1000000015
42751  44.489  -43.257  -11.557 0.1000000015
45067  45.172  -41.535  -10.965 0.1000000015
43916  45.223  -42.441  -11.397 0.1000000015
43930  45.942  -42.496  -12.087 0.1000000015
42767  44.842  -43.512  -12.045 0.1000000015
47368  44.149  -39.064  -10.720 0.1000000015
46211  44.932  -40.342  -11.200 0.1000000015
45066  45.830  -41.558  -11.636 0.1000000015
46223  45.247  -39.846  -11.965 0.1000000015
42605  48.073  -43.593  -2.912 0.1000000015
41447  46.067  -43.969  -2.339 0.1000000015
39329  41.635  -45.813  -9.783 0.1000000015
46199  44.234  -40.263  -10.010 0.1000000015
45053  44.414  -41.368  -10.283 0.1000000015
39318  41.918  -46.251  -8.650 0.1000000015
41654  47.462  -44.160  -14.405 0.1000000015
42774  47.254  -43.350  -13.960 0.1000000015
45076  46.326  -41.491  -12.342 0.1000000015
47392  45.497  -39.318  -12.353 0.1000000015
41611  41.940  -44.371  -10.520 0.1000000015
35936  48.964  -49.142  -22.025 0.1000000015
35922  48.577  -48.674  -21.251 0.1000000015
34755  48.667  -50.090  -22.146 0.1000000015
34770  48.962  -50.530  -22.932 0.1000000015
32372  48.342  -51.917  -23.668 0.1000000015
32373  47.953  -52.491  -23.973 0.1000000015
29870  46.103  -54.709  -24.257 0.1000000015
35935  49.606  -48.693  -22.688 0.1000000015
37157  49.205  -48.076  -21.955 0.1000000015
33583  48.311  -50.961  -22.302 0.1000000015
33616  48.988  -51.525  -24.046 0.1000000015
37145  48.682  -47.814  -21.253 0.1000000015
38304  49.015  -47.227  -21.646 0.1000000015
38302  50.672  -46.788  -22.426 0.1000000015
38315  50.336  -47.479  -22.713 0.1000000015
35947  50.123  -49.312  -23.321 0.1000000015
34741  48.367  -49.660  -21.337 0.1000000015
40575  50.462  -45.173  -21.528 0.1000000015
39455  51.067  -46.090  -21.792 0.1000000015
35923  47.933  -49.163  -20.639 0.1000000015
38291  48.477  -46.967  -20.960 0.1000000015
38292  47.808  -47.229  -20.367 0.1000000015
35912  47.419  -48.677  -20.028 0.1000000015
37146  48.091  -48.067  -20.587 0.1000000015
37135  47.474  -47.820  -20.040 0.1000000015
38303  49.691  -47.062  -22.285 0.1000000015
29871  45.296  -55.095  -23.609 0.1000000015
13818  50.186  -67.212  -7.020 0.1000000015
13837  50.013  -67.187  -7.174 0.1000000015
13847  49.956  -67.121  -7.248 0.1000000015
13848  49.793  -67.063  -7.360 0.1000000015
14990  50.023  -66.942  -7.266 0.1000000015
14991  49.850  -66.872  -7.339 0.1000000015
16004  52.310  -65.701  -0.891 0.1000000015
16162  47.834  -65.680  -12.982 0.1000000015
17174  52.657  -64.942  -1.389 0.1000000015
17185  52.582  -64.650  -1.455 0.1000000015
17259  48.964  -64.321  -7.035 0.1000000015
17276  50.582  -65.462  -6.706 0.1000000015
17376  47.018  -64.865  -13.231 0.1000000015
18410  52.636  -64.512  -1.655 0.1000000015
18431  52.729  -64.450  -1.922 0.1000000015
18478  47.965  -63.028  -6.015 0.1000000015
18481  44.571  -63.023  -6.011 0.1000000015
18485  50.697  -64.675  -6.493 0.1000000015
18486  50.052  -64.393  -6.713 0.1000000015
18510  49.363  -64.405  -6.973 0.1000000015
18556  50.080  -63.711  -10.927 0.1000000015
18577  49.706  -64.224  -11.413 0.1000000015
18579  47.852  -63.632  -11.962 0.1000000015
19662  49.999  -61.934  -3.888 0.1000000015
19696  47.657  -62.995  -6.001 0.1000000015
19781  47.994  -63.229  -11.486 0.1000000015
19783  46.732  -62.784  -12.127 0.1000000015
19800  46.153  -63.065  -12.747 0.1000000015
19802  44.520  -62.751  -12.567 0.1000000015
19803  43.872  -62.395  -12.295 0.1000000015
19812  49.837  -62.226  -13.907 0.1000000015
19817  50.145  -62.618  -14.821 0.1000000015
20842  48.885  -61.553  -4.251 0.1000000015
20844  47.146  -61.344  -4.508 0.1000000015
20851  47.536  -61.808  -4.840 0.1000000015
20856  42.854  -61.381  -5.438 0.1000000015
20880  54.497  -60.977  -7.444 0.1000000015
20899  49.103  -61.179  -9.182 0.1000000015
20918  40.390  -61.648  -9.693 0.1000000015
20927  47.448  -62.171  -10.821 0.1000000015
20947  53.558  -61.531  -11.905 0.1000000015
20951  49.988  -61.640  -12.400 0.2000000030
20957  41.902  -61.468  -11.065 0.1000000015
20979  44.557  -62.104  -12.212 0.1000000015
20984  49.055  -60.959  -13.383 0.2000000030
21974  47.468  -60.319  1.048 0.1000000015
22007  49.279  -61.006  -1.839 0.1000000015
22076  54.514  -60.305  -6.690 0.1000000015
22091  54.782  -60.703  -7.015 0.1000000015
22093  53.062  -60.256  -7.662 0.1000000015
22112  52.687  -60.688  -8.151 0.1000000015
22116  49.218  -60.802  -8.821 0.1000000015
22133  44.990  -60.511  -9.814 0.1000000015
22138  55.357  -60.189  -10.002 0.1000000015
22143  50.743  -60.235  -11.076 0.3000000119
22151  54.571  -60.701  -11.015 0.1000000015
22155  50.716  -60.797  -11.396 0.3000000119
22158  44.418  -61.062  -11.142 0.1000000015
22173  49.238  -61.198  -12.733 0.2000000030
22174  48.859  -60.735  -12.887 0.2000000030
22185  49.021  -60.516  -13.739 0.4000000060
22189  49.478  -60.546  -14.991 0.1000000015
22190  49.236  -60.227  -14.410 0.4000000060
22193  50.448  -60.388  -16.671 0.2000000030
22251  51.702  -60.580  -19.506 0.1000000015
23201  46.240  -59.415  -2.696 0.1000000015
23204  43.811  -59.175  -3.634 0.1000000015
23244  55.943  -59.310  -6.853 0.1000000015
23247  53.716  -59.615  -6.340 0.1000000015
23289  49.716  -60.422  -8.432 0.1000000015
23297  41.708  -59.539  -8.168 0.1000000015
23315  53.179  -59.055  -9.979 0.2000000030
23320  41.946  -59.407  -8.833 0.1000000015
23326  51.665  -59.582  -10.569 0.3000000119
23329  48.862  -59.407  -11.297 0.4000000060
23334  54.679  -60.262  -10.757 0.1000000015
23345  48.630  -60.085  -12.570 0.5000000000
23375  51.676  -59.329  -16.091 0.2000000030
23396  52.556  -59.382  -17.472 0.2000000030
23414  52.130  -60.248  -19.070 0.2000000030
23434  50.943  -59.750  -19.775 0.1000000015
24395  43.465  -57.899  -3.005 0.1000000015
24408  51.922  -57.801  -4.005 0.1000000015
24439  52.988  -58.554  -5.446 0.1000000015
24442  49.721  -57.654  -5.778 0.1000000015
24470  42.708  -58.704  -6.234 0.1000000015
24496  42.765  -58.787  -7.569 0.1000000015
24514  55.854  -58.305  -9.387 0.2000000030
24530  55.519  -58.807  -9.790 0.1000000015
24531  55.097  -58.994  -10.184 0.1000000015
24532  54.678  -59.283  -10.337 0.1000000015
24533  52.761  -58.926  -9.901 0.2000000030
24537  48.857  -58.929  -10.868 0.4000000060
24541  48.446  -59.124  -11.608 0.4000000060
24555  49.560  -58.375  -13.955 0.3000000119
24568  52.696  -58.353  -15.494 0.2000000030
24579  53.841  -58.140  -16.211 0.2000000030
24589  52.965  -58.965  -16.779 0.2000000030
24590  52.481  -59.193  -16.588 0.2000000030
24645  51.920  -59.275  -19.639 0.2000000030
25568  58.075  -57.079  3.778 0.1000000015
25654  43.660  -57.548  -2.742 0.1000000015
25673  50.620  -57.384  -3.788 0.1000000015
25675  43.611  -57.062  -2.897 0.1000000015
25676  43.421  -57.407  -3.290 0.1000000015
25695  49.749  -57.170  -4.741 0.1000000015
25696  43.982  -56.795  -4.433 0.1000000015
25714  50.092  -57.425  -5.007 0.1000000015
25715  49.640  -57.405  -5.335 0.1000000015
25755  56.375  -57.279  -7.894 0.1000000015
25761  56.327  -57.427  -8.794 0.1000000015
25764  52.449  -57.153  -8.945 0.3000000119
25765  51.451  -57.097  -8.910 0.2000000030
25784  54.093  -57.681  -9.479 0.3000000119
25787  50.670  -57.558  -9.314 0.3000000119
25803  48.513  -58.273  -10.507 0.4000000060
25826  48.257  -57.405  -13.314 0.4000000060
25834  54.325  -56.966  -15.363 0.2000000030
25835  53.951  -57.417  -15.252 0.2000000030
25836  53.275  -57.840  -15.288 0.2000000030
25839  50.541  -58.030  -14.060 0.3000000119
25850  54.079  -57.732  -15.926 0.2000000030
25863  54.381  -56.802  -16.111 0.2000000030
25865  49.418  -56.885  -17.213 0.1000000015
25875  53.611  -57.488  -17.594 0.2000000030
25892  53.224  -57.791  -18.149 0.2000000030
25893  52.880  -57.772  -18.487 0.2000000030
25894  52.255  -57.885  -18.881 0.2000000030
26859  58.273  -56.546  3.762 0.1000000015
26866  58.256  -56.378  3.238 0.1000000015
26901  46.133  -56.487  1.025 0.1000000015
26972  54.302  -56.656  -4.215 0.1000000015
26979  44.955  -55.985  -3.297 0.1000000015
26991  55.261  -56.683  -5.361 0.1000000015
27000  43.771  -56.739  -3.993 0.1000000015
27063  56.228  -56.422  -8.920 0.1000000015
27068  50.958  -56.500  -8.666 0.3000000119
27069  50.054  -56.390  -8.765 0.5000000000
27088  49.715  -57.031  -9.197 0.4000000060
27091  47.024  -56.439  -10.360 0.4000000060
27106  47.302  -56.951  -10.714 0.4000000060
27121  47.141  -55.758  -12.522 0.4000000060
27125  54.744  -56.026  -14.467 0.1000000015
27129  51.751  -56.724  -13.750 0.4000000060
27138  54.641  -56.252  -14.814 0.1000000015
27141  52.825  -57.361  -14.704 0.3000000119
27151  47.969  -56.009  -15.811 0.1000000015
27165  52.586  -56.127  -17.540 0.1000000015
27166  52.020  -55.900  -17.584 0.3000000119
27169  48.723  -56.206  -16.377 0.1000000015
27178  53.388  -57.092  -17.802 0.2000000030
27180  51.821  -56.321  -18.027 0.3000000119
27196  52.038  -57.174  -18.525 0.2000000030
28275  45.568  -56.222  0.081 0.1000000015
28305  55.067  -56.228  -2.176 0.1000000015
28315  55.798  -56.422  -2.673 0.1000000015
28320  45.970  -55.653  -2.232 0.1000000015
28330  46.413  -55.705  -2.848 0.1000000015
28387  52.969  -55.015  -7.933 0.4000000060
28393  47.449  -55.101  -8.313 0.5000000000
28405  56.411  -55.918  -8.458 0.2000000030
28416  45.244  -55.288  -9.630 0.5000000000
28450  46.096  -55.047  -11.688 0.4000000060
28454  54.167  -55.300  -13.228 0.1000000015
28457  51.140  -55.311  -12.791 0.4000000060
28465  54.530  -55.628  -13.700 0.1000000015
28470  49.326  -56.018  -13.017 0.4000000060
28471  48.675  -55.895  -12.961 0.4000000060
28475  54.686  -55.603  -15.038 0.1000000015
28484  52.476  -55.401  -16.521 0.1000000015
28486  48.557  -55.396  -16.182 0.1000000015
28499  54.128  -55.953  -16.189 0.1000000015
28504  49.681  -55.360  -16.654 0.2000000030
28522  51.234  -55.974  -17.728 0.3000000119
29495  59.446  -53.741  6.214 0.1000000015
29497  58.506  -54.227  6.694 0.1000000015
29530  58.452  -54.216  4.577 0.1000000015
29578  54.982  -53.787  -2.313 0.1000000015
29601  55.210  -53.633  -3.280 0.2000000030
29602  54.709  -53.625  -3.163 0.3000000119
29611  58.083  -54.278  -4.530 0.1000000015
29612  57.575  -53.871  -4.294 0.1000000015
29625  57.776  -54.464  -5.498 0.2000000030
29626  57.384  -54.109  -6.018 0.1000000015
29642  55.899  -53.857  -6.744 0.2000000030
29643  50.222  -54.291  -7.176 0.5000000000
29644  49.508  -54.176  -6.972 0.5000000000
29645  48.513  -54.025  -6.879 0.5000000000
29660  56.390  -54.638  -7.560 0.2000000030
29672  43.714  -54.107  -7.889 0.5000000000
29694  43.312  -53.982  -8.424 0.5000000000
29704  43.317  -54.144  -9.101 0.5000000000
29716  44.492  -54.276  -10.432 0.5000000000
29726  46.393  -54.415  -12.002 0.4000000060
29734  53.071  -54.548  -12.557 0.1000000015
29737  49.781  -54.576  -12.461 0.3000000119
29740  47.037  -54.480  -12.392 0.4000000060
29751  53.025  -54.418  -15.084 0.1000000015
29756  53.736  -54.947  -15.422 0.1000000015
29757  52.969  -54.946  -15.640 0.1000000015
29759  50.868  -54.465  -16.167 0.2000000030
29761  48.755  -54.390  -16.232 0.2000000030
29770  50.383  -54.906  -16.658 0.2000000030
30716  59.358  -53.394  6.554 0.1000000015
30717  59.066  -53.467  6.864 0.1000000015
30733  59.516  -53.340  6.256 0.1000000015
30734  59.426  -53.308  5.761 0.1000000015
30814  54.392  -53.683  -2.954 0.3000000119
30826  57.276  -53.759  -4.212 0.1000000015
30827  56.694  -53.664  -4.141 0.1000000015
30865  45.378  -52.847  -5.795 0.5000000000
30867  44.160  -53.020  -5.948 0.5000000000
30890  43.613  -53.256  -6.539 0.5000000000
30891  42.925  -53.149  -6.882 0.5000000000
30903  55.240  -53.843  -6.710 0.2000000030
30904  54.524  -53.916  -6.812 0.2000000030
30908  50.827  -54.214  -7.214 0.4000000060
30913  43.286  -53.606  -7.425 0.5000000000
30927  42.937  -53.508  -8.131 0.5000000000
30928  42.598  -52.989  -8.202 0.4000000060
30939  42.743  -53.278  -8.493 0.5000000000
30955  44.093  -53.559  -10.328 0.5000000000
30965  52.346  -53.160  -11.781 0.1000000015
30968  49.154  -53.232  -11.641 0.3000000119
30970  47.330  -53.281  -11.802 0.2000000030
30979  54.811  -53.579  -12.721 0.1000000015
30982  51.622  -53.853  -12.034 0.2000000030
30985  48.486  -53.849  -12.219 0.2000000030
30990  55.217  -53.031  -13.224 0.1000000015
30996  55.060  -52.867  -13.391 0.1000000015
30997  54.896  -53.409  -13.702 0.1000000015
31115  47.445  -53.204  -24.044 0.1000000015
31127  46.787  -54.368  -24.845 0.1000000015
31975  59.344  -53.179  6.756 0.1000000015
31994  59.457  -53.126  6.546 0.1000000015
31998  52.279  -52.732  5.879 0.1000000015
32038  51.336  -51.936  2.249 0.5000000000
32058  52.169  -53.155  0.889 0.5000000000
32062  47.842  -52.021  0.383 0.6000000238
32069  47.391  -52.185  -0.214 0.5000000000
32073  49.228  -52.954  -1.623 0.5000000000
32082  50.547  -53.092  -3.094 0.5000000000
32085  47.785  -52.272  -1.864 0.6000000238
32112  50.967  -52.750  -4.909 0.4000000060
32114  46.260  -51.606  -4.204 0.4000000060
32116  44.615  -52.354  -4.457 0.4000000060
32130  52.093  -53.136  -5.608 0.5000000000
32134  48.652  -52.256  -5.368 0.5000000000
32135  47.802  -52.094  -5.241 0.5000000000
32137  45.416  -52.531  -5.233 0.5000000000
32151  51.733  -53.186  -5.940 0.5000000000
32157  46.184  -52.674  -5.709 0.4000000060
32160  42.585  -52.441  -6.818 0.4000000060
32173  42.505  -52.425  -7.733 0.4000000060
32188  43.545  -51.808  -9.130 0.4000000060
32202  44.911  -51.903  -9.964 0.4000000060
32203  43.822  -52.245  -9.631 0.4000000060
32204  42.936  -52.776  -9.212 0.4000000060
32205  42.641  -53.026  -8.717 0.4000000060
32218  51.206  -51.855  -10.438 0.1000000015
32220  49.326  -52.080  -10.470 0.3000000119
32221  48.114  -52.272  -10.679 0.3000000119
32223  45.799  -52.316  -10.419 0.4000000060
32225  43.858  -52.936  -10.142 0.4000000060
32232  53.024  -52.557  -11.841 0.1000000015
32234  51.045  -52.467  -10.915 0.1000000015
32238  47.179  -52.782  -11.218 0.3000000119
32239  46.421  -52.795  -11.001 0.3000000119
32246  55.033  -52.778  -12.781 0.1000000015
32247  54.405  -52.897  -12.343 0.1000000015
32251  55.236  -52.688  -13.020 0.1000000015
32255  54.762  -52.475  -13.552 0.1000000015
32259  51.495  -52.668  -14.692 0.1000000015
32358  48.131  -51.837  -23.172 0.1000000015
33288  50.927  -51.741  2.264 0.5000000000
33290  49.296  -51.334  1.809 0.5000000000
33299  48.758  -51.671  1.314 0.5000000000
33301  47.249  -51.427  0.700 0.5000000000
33303  45.826  -51.174  0.251 0.4000000060
33306  46.885  -51.811  0.069 0.5000000000
33314  44.963  -51.784  -1.200 0.4000000060
33329  42.159  -50.453  -3.112 0.4000000060
33339  48.247  -51.708  -3.313 0.5000000000
33355  49.147  -52.011  -4.575 0.5000000000
33357  47.620  -51.413  -3.945 0.5000000000
33358  46.768  -51.384  -3.910 0.4000000060
33360  41.931  -51.512  -5.141 0.4000000060
33361  41.729  -51.103  -5.584 0.4000000060
33372  48.949  -52.047  -5.057 0.5000000000
33376  42.100  -51.523  -6.264 0.4000000060
33402  42.935  -51.308  -8.222 0.4000000060
33416  45.868  -51.094  -8.673 0.4000000060
33417  44.927  -51.174  -8.837 0.4000000060
33418  44.037  -51.463  -8.939 0.4000000060
33419  43.317  -51.554  -8.742 0.4000000060
33420  42.798  -51.782  -8.590 0.4000000060
33431  49.092  -51.033  -9.508 0.3000000119
33447  50.965  -51.433  -10.184 0.1000000015
33450  47.784  -51.831  -9.885 0.4000000060
33451  46.868  -51.908  -9.882 0.4000000060
33458  53.169  -52.218  -11.940 0.1000000015
33460  51.912  -51.724  -10.843 0.1000000015
33465  55.016  -52.516  -12.824 0.1000000015
33466  54.705  -52.383  -12.669 0.1000000015
33467  53.714  -52.188  -12.163 0.1000000015
33471  55.155  -52.382  -12.930 0.1000000015
33476  55.000  -52.372  -13.046 0.1000000015
33512  49.028  -51.592  -16.856 0.1000000015
33529  49.466  -51.048  -17.263 0.1000000015
33600  48.460  -51.426  -23.123 0.1000000015
34472  51.581  -50.132  3.158 0.5000000000
34497  47.838  -50.428  1.561 0.5000000000
34499  46.576  -50.190  1.070 0.4000000060
34507  46.717  -50.972  0.794 0.5000000000
34509  45.144  -50.619  0.257 0.4000000060
34510  44.687  -50.201  0.222 0.4000000060
34516  44.772  -51.046  -0.140 0.4000000060
34531  41.755  -50.105  -3.788 0.4000000060
34555  41.786  -50.864  -6.048 0.4000000060
34569  42.334  -50.786  -6.911 0.4000000060
34570  41.977  -50.775  -6.446 0.4000000060
34581  47.100  -49.857  -7.675 0.5000000000
34586  42.603  -51.252  -7.639 0.4000000060
34612  48.759  -50.494  -9.015 0.5000000000
34623  51.483  -51.225  -10.487 0.1000000015
34632  52.476  -51.395  -11.575 0.1000000015
34641  51.003  -49.933  -11.832 0.2000000030
34683  50.564  -50.802  -16.875 0.1000000015
34684  49.959  -50.833  -16.963 0.1000000015
34700  52.492  -50.434  -18.126 0.1000000015
34702  51.011  -50.684  -17.666 0.1000000015
34711  53.021  -49.813  -18.612 0.2000000030
34728  50.473  -50.945  -19.114 0.1000000015
34739  52.106  -50.526  -20.860 0.1000000015
34781  49.291  -50.942  -23.630 0.1000000015
35559  60.614  -49.648  6.498 0.2000000030
35581  60.198  -49.863  5.838 0.2000000030
35619  52.005  -49.214  2.999 0.5000000000
35621  50.298  -49.588  2.476 0.5000000000
35633  47.249  -49.658  1.363 0.5000000000
35634  46.779  -50.012  1.229 0.5000000000
35648  46.407  -49.657  1.010 0.5000000000
35649  45.477  -49.690  0.574 0.4000000060
35668  48.175  -48.829  -0.756 0.2000000030
35671  45.152  -49.201  0.383 0.3000000119
35672  44.645  -49.536  0.178 0.3000000119
35689  47.715  -48.897  -1.199 0.1000000015
35690  47.378  -48.789  -1.069 0.1000000015
35692  43.181  -49.429  -1.348 0.4000000060
35705  42.582  -49.312  -2.020 0.4000000060
35706  42.012  -49.171  -2.763 0.3000000119
35723  41.473  -49.837  -5.357 0.4000000060
35746  46.200  -49.394  -7.076 0.4000000060
35747  45.576  -49.221  -6.855 0.4000000060
35748  44.418  -48.981  -6.566 0.4000000060
35749  43.365  -49.280  -6.539 0.4000000060
35750  42.393  -49.829  -6.552 0.4000000060
35751  41.975  -50.443  -6.411 0.4000000060
35762  47.118  -49.631  -7.754 0.4000000060
35763  46.586  -49.305  -7.407 0.4000000060
35774  48.356  -49.999  -8.442 0.5000000000
35787  49.381  -50.183  -9.557 0.3000000119
35799  47.953  -48.747  -10.714 0.3000000119
35806  46.821  -49.395  -12.017 0.3000000119
35817  46.462  -49.609  -12.750 0.3000000119
35818  45.655  -49.511  -12.792 0.3000000119
35832  46.914  -49.565  -13.507 0.3000000119
35834  45.465  -49.129  -13.493 0.3000000119
35835  44.920  -48.655  -13.305 0.2000000030
35843  52.583  -48.918  -14.810 0.1000000015
35847  48.364  -49.544  -14.323 0.2000000030
35848  47.403  -49.221  -14.467 0.3000000119
35850  45.935  -49.235  -13.829 0.3000000119
35863  49.540  -49.075  -15.299 0.2000000030
35900  53.202  -49.397  -18.566 0.2000000030
35901  52.976  -49.661  -18.891 0.2000000030
35948  49.324  -49.638  -22.803 0.1000000015
36751  60.536  -49.312  6.440 0.2000000030
36848  47.782  -49.229  1.432 0.5000000000
36878  53.662  -48.803  0.131 0.2000000030
36885  46.902  -48.667  -0.209 0.3000000119
36927  47.780  -48.190  -1.897 0.1000000015
36928  47.397  -48.056  -1.709 0.1000000015
36964  43.764  -48.553  -6.279 0.4000000060
36965  42.765  -48.197  -5.757 0.4000000060
36966  42.209  -48.310  -5.541 0.4000000060
37008  44.144  -47.756  -8.153 0.2000000030
37021  43.982  -47.824  -9.187 0.2000000030
37022  43.309  -47.661  -9.521 0.2000000030
37032  47.014  -49.087  -11.564 0.3000000119
37034  45.614  -49.165  -11.367 0.3000000119
37041  43.676  -48.173  -12.095 0.2000000030
37049  45.406  -48.345  -13.748 0.3000000119
37059  51.753  -48.691  -15.196 0.2000000030
37062  46.627  -48.346  -14.483 0.2000000030
37073  52.955  -48.631  -16.537 0.1000000015
37074  52.640  -48.593  -15.981 0.1000000015
37076  50.796  -48.583  -15.703 0.2000000030
37077  49.751  -48.587  -15.939 0.2000000030
37078  48.747  -48.414  -15.902 0.2000000030
37090  52.616  -48.295  -17.120 0.3000000119
37092  51.106  -48.156  -16.833 0.2000000030
37110  53.263  -48.791  -17.684 0.2000000030
37111  52.969  -48.272  -17.836 0.3000000119
37113  50.482  -48.013  -17.253 0.2000000030
37122  53.339  -48.975  -18.202 0.2000000030
37133  53.236  -48.861  -18.664 0.2000000030
37156  49.816  -47.892  -22.611 0.1000000015
37168  50.476  -48.306  -22.934 0.1000000015
37993  59.995  -47.332  4.952 0.2000000030
38060  46.413  -47.432  -1.059 0.1000000015
38063  43.517  -48.155  -1.620 0.2000000030
38083  47.167  -47.769  -1.473 0.1000000015
38084  43.613  -47.413  -1.780 0.3000000119
38115  42.353  -47.753  -5.431 0.4000000060
38142  44.728  -48.359  -6.944 0.3000000119
38143  44.025  -47.942  -6.601 0.4000000060
38153  44.027  -47.668  -7.328 0.2000000030
38167  43.690  -47.496  -7.877 0.2000000030
38168  43.209  -47.275  -8.116 0.2000000030
38180  42.804  -47.423  -9.797 0.2000000030
38184  42.827  -47.243  -10.786 0.1000000015
38185  42.363  -46.487  -10.771 0.1000000015
38213  46.467  -47.253  -14.233 0.2000000030
38237  52.019  -47.986  -17.364 0.3000000119
38240  48.844  -47.628  -16.911 0.2000000030
38241  48.148  -47.220  -16.468 0.3000000119
38254  52.504  -47.919  -18.042 0.3000000119
38256  51.253  -47.745  -17.719 0.2000000030
38257  50.146  -47.534  -17.786 0.2000000030
38270  52.189  -47.365  -18.710 0.2000000030
38271  51.524  -47.202  -18.594 0.2000000030
38281  52.695  -47.640  -19.854 0.1000000015
38314  51.098  -47.583  -22.663 0.1000000015
39236  42.086  -46.915  -3.142 0.2000000030
39281  42.559  -46.496  -5.755 0.1000000015
39319  41.668  -45.888  -9.295 0.1000000015
39328  41.879  -46.338  -9.584 0.1000000015
39332  41.848  -45.999  -10.386 0.1000000015
39333  41.616  -45.607  -10.106 0.1000000015
39353  46.118  -46.323  -13.608 0.1000000015
39355  44.802  -46.230  -12.904 0.1000000015
39363  47.099  -46.457  -14.517 0.2000000030
39401  49.562  -46.620  -17.922 0.3000000119
39413  52.300  -46.977  -19.323 0.2000000030
39428  51.597  -46.127  -19.632 0.2000000030
39442  52.198  -46.266  -20.391 0.1000000015
39443  48.471  -45.952  -21.112 0.2000000030
39444  47.785  -46.246  -20.538 0.1000000015
39454  52.047  -46.416  -21.215 0.1000000015
40307  44.781  -45.863  -1.143 0.2000000030
40332  44.079  -45.971  -1.620 0.2000000030
40333  43.423  -45.914  -2.229 0.2000000030
40451  41.943  -45.295  -10.928 0.1000000015
40481  45.247  -45.692  -13.017 0.1000000015
40488  47.067  -45.789  -14.180 0.2000000030
40518  48.132  -45.515  -16.223 0.3000000119
40527  49.568  -45.581  -17.875 0.3000000119
40550  51.717  -45.860  -19.897 0.1000000015
40552  47.440  -45.294  -20.431 0.2000000030
40553  46.884  -45.309  -19.843 0.2000000030
40563  51.768  -45.746  -20.239 0.1000000015
40564  51.272  -45.165  -20.592 0.2000000030
40565  50.845  -44.877  -21.016 0.2000000030
40566  48.791  -45.174  -21.540 0.2000000030
41417  44.869  -45.024  -1.395 0.2000000030
41445  48.078  -43.607  -2.399 0.1000000015
41446  47.324  -43.689  -2.638 0.1000000015
41621  43.115  -44.337  -11.308 0.1000000015
41622  42.315  -44.812  -11.131 0.1000000015
41634  44.353  -44.300  -12.017 0.1000000015
41635  43.657  -44.889  -11.771 0.1000000015
41643  47.266  -43.982  -13.959 0.1000000015
41655  47.133  -45.067  -14.139 0.2000000030
41692  49.264  -44.686  -17.417 0.3000000119
41701  50.597  -44.707  -19.661 0.2000000030
41714  47.434  -44.460  -19.967 0.2000000030
41724  50.747  -44.732  -20.685 0.2000000030
41734  49.905  -44.771  -21.461 0.2000000030
41735  49.418  -44.630  -21.442 0.2000000030
42750  45.186  -43.039  -11.931 0.1000000015
42785  47.495  -43.352  -14.534 0.2000000030
42811  44.518  -42.963  -16.900 0.1000000015
42821  49.485  -44.066  -17.848 0.3000000119
42823  46.609  -43.014  -18.262 0.1000000015
42837  46.264  -43.997  -18.568 0.1000000015
42846  48.804  -43.501  -19.901 0.2000000030
42848  47.284  -44.037  -19.444 0.2000000030
42858  49.724  -43.662  -20.153 0.2000000030
43929  46.557  -42.158  -12.681 0.1000000015
43938  47.164  -42.599  -14.127 0.1000000015
43953  47.036  -42.178  -14.299 0.1000000015
43979  44.556  -42.367  -16.636 0.1000000015
43988  46.526  -42.556  -17.716 0.1000000015
43997  48.297  -42.879  -18.587 0.1000000015
45104  46.824  -41.678  -14.238 0.1000000015
45117  47.208  -41.772  -15.333 0.2000000030
46210  45.514  -40.949  -11.478 0.1000000015
46222  45.847  -40.421  -12.323 0.1000000015
46238  46.174  -39.932  -13.088 0.1000000015
46266  46.574  -40.648  -15.602 0.1000000015
46280  46.162  -40.957  -16.149 0.1000000015
47409  46.324  -39.518  -13.594 0.1000000015
47424  46.120  -39.127  -15.108 0.1000000015
48543  46.380  -39.101  -14.147 0.1000000015
48571  45.917  -38.983  -15.109 0.1000000015
48572  45.569  -38.902  -15.081 0.1000000015
