#!ascii label  , from subject 3788 vox2ras=TkReg
2104
66530  -37.772  -25.623  78.724 0.0000000000
89421  -50.897  -8.368  61.359 0.0000000000
80665  -39.289  -14.784  72.753 0.0000000000
51733  -7.898  -37.293  81.288 0.0000000000
66421  -20.911  -24.750  85.056 0.0000000000
67816  -8.434  -25.717  81.201 0.0000000000
63619  -3.314  -28.975  86.021 0.0000000000
82050  -45.510  -14.000  67.138 0.0000000000
70385  -4.632  -23.196  75.998 0.0000000000
48142  -4.229  -40.559  88.746 0.0000000000
71650  -37.500  -22.454  73.169 0.0000000000
65134  -31.976  -25.644  78.649 0.0000000000
66481  -28.949  -25.755  81.937 0.0000000000
93038  -53.003  -5.838  58.248 0.0000000000
78150  -42.285  -15.565  69.810 0.0000000000
60889  -16.723  -29.735  82.317 0.0000000000
78023  -7.415  -17.999  78.432 0.0000000000
58513  -7.636  -31.890  81.145 0.0000000000
60978  -8.374  -30.639  77.447 0.0000000000
53009  -6.808  -36.706  76.758 0.0000000000
56991  -9.212  -33.149  93.328 0.0000000000
58360  -5.695  -34.064  91.607 0.0000000000
81917  -36.217  -14.603  76.500 0.0000000000
69058  -26.994  -23.591  86.216 0.0000000000
67820  -23.991  -23.582  80.971 0.0000000000
66456  -5.726  -27.149  83.001 0.0000000000
57219  -4.606  -32.812  82.973 0.0000000000
87222  -48.554  -10.396  64.941 0.0000000000
57035  -11.668  -32.376  90.080 0.0000000000
58431  -13.758  -30.656  86.950 0.0000000000
70381  -9.205  -23.482  77.654 0.0000000000
62441  -5.111  -29.068  75.649 0.0000000000
60798  -6.233  -31.222  87.673 0.0000000000
54181  -3.940  -34.888  87.199 0.0000000000
49392  -5.092  -38.959  85.268 0.0000000000
69142  -39.842  -24.125  77.446 0.0000000000
65176  -37.121  -25.906  76.577 0.0000000000
70397  -38.894  -23.569  75.781 0.0000000000
63720  -34.326  -26.416  79.022 0.0000000000
63781  -34.292  -26.644  76.413 0.0000000000
65087  -32.814  -26.045  80.493 0.0000000000
90567  -51.972  -6.822  59.923 0.0000000000
88352  -47.252  -9.490  60.808 0.0000000000
89447  -48.658  -8.048  58.110 0.0000000000
89464  -50.090  -7.976  56.674 0.0000000000
78113  -40.408  -15.525  71.786 0.0000000000
80680  -36.192  -14.489  72.510 0.0000000000
80717  -37.767  -14.770  70.063 0.0000000000
79429  -39.291  -15.489  68.963 0.0000000000
54252  -7.261  -35.518  80.856 0.0000000000
55726  -8.102  -34.951  79.326 0.0000000000
51760  -8.521  -37.229  79.136 0.0000000000
49486  -6.441  -39.283  77.677 0.0000000000
48265  -7.744  -40.102  79.513 0.0000000000
52834  -8.635  -35.245  90.984 0.0000000000
52810  -7.585  -36.464  91.921 0.0000000000
79324  -35.901  -16.253  77.709 0.0000000000
75641  -37.742  -19.704  75.027 0.0000000000
74376  -35.952  -20.892  73.014 0.0000000000
76835  -35.960  -18.488  75.003 0.0000000000
79343  -34.137  -16.934  75.297 0.0000000000
69061  -29.640  -23.666  86.425 0.0000000000
66508  -28.110  -24.851  79.630 0.0000000000
66478  -26.250  -24.491  81.087 0.0000000000
94248  -52.113  -4.363  54.820 0.0000000000
97348  -50.918  -1.465  55.379 0.0000000000
63643  -4.642  -28.603  84.577 0.0000000000
60870  -4.377  -30.354  82.884 0.0000000000
59639  -3.833  -30.926  84.054 0.0000000000
84558  -46.158  -12.044  65.968 0.0000000000
79493  -42.735  -15.073  65.729 0.0000000000
83295  -43.655  -13.932  65.065 0.0000000000
86000  -44.843  -11.628  63.495 0.0000000000
60727  -11.811  -29.858  92.907 0.0000000000
60741  -13.519  -29.682  91.448 0.0000000000
70351  -7.730  -22.792  81.983 0.0000000000
72921  -8.646  -21.496  80.661 0.0000000000
69128  -9.535  -24.543  79.640 0.0000000000
58574  -5.713  -32.466  76.449 0.0000000000
62425  -6.313  -29.408  76.924 0.0000000000
59726  -4.452  -31.748  75.238 0.0000000000
60769  -7.330  -30.990  89.468 0.0000000000
51629  -5.092  -36.848  90.553 0.0000000000
55600  -4.455  -34.409  89.282 0.0000000000
51657  -4.315  -37.367  88.093 0.0000000000
51677  -4.207  -36.710  86.066 0.0000000000
49355  -4.363  -39.696  87.135 0.0000000000
72984  -39.026  -21.968  75.243 0.0000000000
66425  -30.727  -25.171  84.338 0.0000000000
65058  -31.423  -25.398  82.540 0.0000000000
65120  -30.239  -25.654  80.118 0.0000000000
95257  -55.146  -3.263  57.339 0.0000000000
91795  -51.329  -6.788  54.970 0.0000000000
80772  -43.451  -15.443  67.758 0.0000000000
79455  -40.727  -15.289  67.647 0.0000000000
66458  -19.682  -25.737  82.469 0.0000000000
65054  -18.022  -26.937  83.585 0.0000000000
72970  -6.107  -21.076  76.631 0.0000000000
63691  -7.794  -28.386  80.388 0.0000000000
65117  -8.786  -27.781  79.387 0.0000000000
59677  -9.174  -31.299  79.265 0.0000000000
55770  -6.910  -34.101  76.989 0.0000000000
54323  -5.155  -34.993  75.792 0.0000000000
62151  -8.867  -29.712  93.817 0.0000000000
60729  -7.261  -31.694  92.180 0.0000000000
56984  -6.986  -33.646  93.485 0.0000000000
51601  -5.402  -36.861  92.886 0.0000000000
81957  -37.991  -13.891  74.181 0.0000000000
80661  -34.871  -15.223  73.686 0.0000000000
67747  -23.697  -23.633  85.938 0.0000000000
66434  -28.372  -24.340  84.388 0.0000000000
67790  -25.544  -24.186  83.573 0.0000000000
69097  -22.264  -23.975  83.280 0.0000000000
70343  -6.678  -23.344  83.000 0.0000000000
69081  -5.285  -23.945  84.286 0.0000000000
67814  -6.516  -26.304  81.980 0.0000000000
62336  -5.477  -29.423  81.971 0.0000000000
58511  -5.711  -32.351  81.728 0.0000000000
54250  -5.859  -35.405  82.463 0.0000000000
88339  -49.374  -9.381  62.797 0.0000000000
87236  -46.700  -10.261  62.080 0.0000000000
60716  -10.465  -30.116  94.371 0.0000000000
57011  -10.312  -32.508  91.761 0.0000000000
54174  -9.579  -34.680  88.847 0.0000000000
65039  -16.944  -27.147  85.373 0.0000000000
62201  -16.378  -28.141  87.937 0.0000000000
60761  -14.739  -28.903  89.654 0.0000000000
58414  -12.697  -31.340  88.551 0.0000000000
55622  -11.135  -33.594  87.332 0.0000000000
76741  -7.106  -18.661  80.984 0.0000000000
74308  -8.376  -20.520  78.106 0.0000000000
70378  -6.316  -23.022  76.783 0.0000000000
65167  -9.239  -27.214  76.884 0.0000000000
66561  -6.811  -26.682  76.159 0.0000000000
66537  -4.902  -26.494  76.110 0.0000000000
62230  -4.680  -29.359  86.512 0.0000000000
59565  -5.944  -32.480  90.194 0.0000000000
58427  -4.569  -32.676  87.839 0.0000000000
58461  -4.023  -32.218  86.070 0.0000000000
55647  -3.315  -34.265  84.639 0.0000000000
52909  -4.671  -35.855  84.059 0.0000000000
50564  -6.802  -38.586  83.302 0.0000000000
45946  -4.474  -42.605  87.296 0.0000000000
45955  -5.191  -42.514  86.414 0.0000000000
47027  -7.788  -41.468  82.379 0.0000000000
67871  -38.610  -25.279  77.617 0.0000000000
67847  -38.060  -24.740  79.064 0.0000000000
65156  -37.237  -25.862  77.332 0.0000000000
67889  -38.636  -24.896  76.931 0.0000000000
63741  -36.261  -26.153  78.595 0.0000000000
63762  -35.483  -26.434  77.368 0.0000000000
65110  -36.507  -26.106  79.716 0.0000000000
63702  -35.312  -26.667  79.709 0.0000000000
89433  -51.500  -7.401  60.559 0.0000000000
88354  -49.363  -8.577  60.868 0.0000000000
88363  -48.344  -8.528  59.729 0.0000000000
89431  -49.894  -8.006  60.436 0.0000000000
90564  -50.074  -7.172  58.996 0.0000000000
79376  -40.196  -14.952  72.282 0.0000000000
79378  -41.695  -14.833  73.101 0.0000000000
80666  -40.329  -14.680  73.197 0.0000000000
80697  -36.434  -14.915  71.402 0.0000000000
80682  -38.515  -15.111  72.057 0.0000000000
79405  -39.103  -15.123  71.073 0.0000000000
52953  -7.617  -36.366  80.547 0.0000000000
52969  -7.859  -36.189  79.921 0.0000000000
51747  -8.530  -37.325  80.125 0.0000000000
49479  -8.236  -39.021  78.780 0.0000000000
49455  -8.549  -39.445  80.552 0.0000000000
52858  -8.807  -36.372  88.741 0.0000000000
52843  -8.025  -36.559  89.864 0.0000000000
76814  -37.786  -18.654  76.815 0.0000000000
75640  -36.638  -19.263  75.156 0.0000000000
76813  -36.980  -18.349  76.728 0.0000000000
78055  -35.541  -17.370  76.246 0.0000000000
96268  -53.408  -2.786  55.007 0.0000000000
96256  -51.606  -2.431  55.166 0.0000000000
98409  -52.390  -0.463  55.909 0.0000000000
63634  -3.997  -28.646  85.758 0.0000000000
62271  -4.554  -29.325  84.448 0.0000000000
62251  -4.165  -29.500  85.406 0.0000000000
83285  -45.732  -13.095  66.806 0.0000000000
84533  -47.226  -12.711  67.581 0.0000000000
80792  -43.767  -15.336  66.750 0.0000000000
80806  -43.071  -14.929  65.290 0.0000000000
83284  -44.883  -13.751  66.491 0.0000000000
84556  -45.070  -12.613  65.170 0.0000000000
63572  -13.769  -28.219  92.207 0.0000000000
63578  -14.758  -28.102  91.730 0.0000000000
66397  -21.675  -24.383  86.306 0.0000000000
66420  -20.219  -25.506  85.886 0.0000000000
71632  -4.565  -22.296  76.751 0.0000000000
69103  -8.193  -24.004  82.068 0.0000000000
70360  -9.155  -23.352  80.969 0.0000000000
69118  -8.837  -25.150  81.043 0.0000000000
57291  -4.506  -33.625  76.089 0.0000000000
58573  -4.946  -32.684  76.074 0.0000000000
57308  -4.286  -33.187  75.562 0.0000000000
62189  -9.180  -30.149  89.193 0.0000000000
62185  -8.702  -30.305  90.374 0.0000000000
49284  -4.657  -39.288  89.669 0.0000000000
51648  -4.373  -37.233  89.351 0.0000000000
50500  -4.456  -39.037  88.599 0.0000000000
50526  -4.163  -38.290  87.603 0.0000000000
49316  -4.317  -39.789  88.205 0.0000000000
71638  -40.571  -23.022  76.011 0.0000000000
71643  -39.234  -22.972  75.417 0.0000000000
74354  -39.931  -21.515  76.186 0.0000000000
75631  -39.329  -20.289  75.922 0.0000000000
63698  -32.354  -26.179  79.471 0.0000000000
65104  -31.047  -25.627  80.442 0.0000000000
65121  -31.190  -25.873  79.743 0.0000000000
66528  -29.749  -25.444  79.081 0.0000000000
94236  -53.919  -4.158  57.436 0.0000000000
91779  -51.748  -6.689  57.079 0.0000000000
90595  -51.025  -7.552  55.589 0.0000000000
91780  -52.244  -6.144  56.624 0.0000000000
93048  -53.213  -4.601  56.215 0.0000000000
79433  -42.825  -15.361  69.323 0.0000000000
80740  -44.804  -15.092  69.647 0.0000000000
79424  -42.937  -15.238  70.607 0.0000000000
79431  -40.598  -15.453  69.839 0.0000000000
79440  -39.843  -15.608  68.508 0.0000000000
78157  -41.375  -15.385  68.629 0.0000000000
78167  -42.087  -14.762  67.912 0.0000000000
78036  -7.002  -18.005  77.724 0.0000000000
75618  -6.355  -19.011  75.841 0.0000000000
75586  -7.194  -19.706  77.133 0.0000000000
60908  -7.729  -30.201  80.761 0.0000000000
62376  -8.917  -29.784  80.129 0.0000000000
59671  -8.384  -31.271  79.925 0.0000000000
55772  -8.292  -35.428  77.801 0.0000000000
57254  -7.947  -33.938  78.546 0.0000000000
55794  -7.144  -35.225  76.619 0.0000000000
55793  -6.337  -34.351  76.553 0.0000000000
53008  -5.771  -36.435  76.524 0.0000000000
51792  -5.269  -37.470  76.397 0.0000000000
58349  -9.073  -32.012  94.152 0.0000000000
59520  -8.326  -31.707  93.342 0.0000000000
55541  -7.890  -34.034  93.308 0.0000000000
50468  -6.924  -38.006  91.055 0.0000000000
51603  -6.495  -37.040  92.726 0.0000000000
49267  -6.166  -39.071  92.443 0.0000000000
50467  -5.470  -38.671  91.911 0.0000000000
81936  -37.454  -13.876  75.109 0.0000000000
80631  -35.578  -15.506  75.872 0.0000000000
79358  -34.509  -15.973  74.418 0.0000000000
81934  -35.682  -14.691  75.213 0.0000000000
81955  -36.046  -14.315  74.476 0.0000000000
69047  -26.107  -23.712  87.105 0.0000000000
67725  -24.677  -23.384  87.482 0.0000000000
67749  -25.851  -23.958  86.036 0.0000000000
66448  -30.293  -25.482  83.023 0.0000000000
66435  -29.058  -24.697  84.397 0.0000000000
66462  -28.589  -24.739  82.625 0.0000000000
67833  -25.514  -24.001  81.050 0.0000000000
67806  -25.429  -24.399  82.659 0.0000000000
67805  -24.462  -24.205  82.497 0.0000000000
67788  -23.807  -24.061  83.112 0.0000000000
70355  -22.847  -23.628  82.179 0.0000000000
69104  -21.664  -24.468  82.015 0.0000000000
66428  -4.703  -26.619  84.148 0.0000000000
69094  -5.188  -25.137  83.708 0.0000000000
67784  -6.233  -25.188  83.199 0.0000000000
67798  -5.562  -27.112  82.701 0.0000000000
65079  -5.366  -27.831  81.758 0.0000000000
63688  -4.617  -27.972  81.960 0.0000000000
59656  -4.274  -31.817  82.919 0.0000000000
59658  -5.328  -31.407  81.927 0.0000000000
58527  -5.268  -32.584  82.045 0.0000000000
55691  -5.544  -33.753  82.335 0.0000000000
54249  -5.168  -34.428  83.070 0.0000000000
88330  -48.758  -9.959  64.213 0.0000000000
88321  -50.418  -9.766  64.871 0.0000000000
87223  -49.534  -10.307  65.096 0.0000000000
86003  -46.814  -11.172  64.121 0.0000000000
86017  -45.814  -11.176  62.462 0.0000000000
87231  -46.997  -10.801  63.115 0.0000000000
88338  -48.214  -9.751  63.098 0.0000000000
64948  -11.283  -28.301  94.242 0.0000000000
59542  -12.081  -30.808  91.850 0.0000000000
58364  -11.341  -31.462  92.338 0.0000000000
57023  -10.642  -32.561  90.928 0.0000000000
57033  -10.254  -33.348  90.386 0.0000000000
55603  -10.692  -33.030  89.458 0.0000000000
62296  -17.504  -28.422  82.766 0.0000000000
65046  -17.414  -27.155  84.714 0.0000000000
63651  -17.032  -28.525  83.946 0.0000000000
58449  -14.927  -30.768  85.857 0.0000000000
60816  -15.704  -29.775  86.353 0.0000000000
60802  -15.411  -29.790  87.336 0.0000000000
62191  -15.382  -28.139  88.819 0.0000000000
59580  -14.747  -29.907  88.505 0.0000000000
59592  -13.497  -30.607  88.886 0.0000000000
58429  -13.105  -31.416  87.707 0.0000000000
57084  -11.588  -33.328  85.983 0.0000000000
75537  -6.768  -19.403  81.435 0.0000000000
71612  -9.074  -22.150  79.142 0.0000000000
74299  -8.527  -20.565  79.135 0.0000000000
71626  -8.885  -22.526  78.107 0.0000000000
71625  -7.830  -22.392  77.456 0.0000000000
70389  -7.987  -23.901  76.772 0.0000000000
62391  -9.356  -29.638  78.530 0.0000000000
65147  -9.340  -27.774  77.648 0.0000000000
63750  -9.031  -28.617  77.339 0.0000000000
62407  -5.475  -29.180  76.886 0.0000000000
65186  -6.860  -28.174  75.846 0.0000000000
65164  -6.309  -27.619  75.930 0.0000000000
67863  -6.088  -26.128  76.645 0.0000000000
65185  -4.876  -27.955  75.586 0.0000000000
65183  -3.999  -27.599  74.919 0.0000000000
62211  -4.858  -30.191  86.988 0.0000000000
59529  -6.492  -32.887  92.031 0.0000000000
60743  -6.335  -32.171  90.889 0.0000000000
59551  -5.456  -32.903  90.879 0.0000000000
55609  -4.201  -34.743  88.263 0.0000000000
57053  -4.543  -33.376  88.337 0.0000000000
57064  -4.423  -33.442  87.637 0.0000000000
58445  -4.257  -32.405  86.949 0.0000000000
57082  -4.538  -33.064  86.202 0.0000000000
57104  -4.186  -33.004  85.507 0.0000000000
54199  -4.186  -34.236  85.947 0.0000000000
50551  -4.361  -38.114  85.558 0.0000000000
51696  -4.366  -37.289  84.894 0.0000000000
51697  -4.687  -37.603  84.451 0.0000000000
51706  -5.529  -37.558  83.598 0.0000000000
50554  -5.749  -38.663  84.373 0.0000000000
43750  -4.842  -44.437  86.997 0.0000000000
45947  -4.801  -42.905  86.971 0.0000000000
71631  -39.811  -22.702  77.229 0.0000000000
65195  -36.599  -25.925  75.788 0.0000000000
67906  -37.183  -25.180  74.912 0.0000000000
66595  -37.925  -25.152  76.129 0.0000000000
69151  -39.295  -24.072  76.629 0.0000000000
63718  -32.846  -26.050  78.965 0.0000000000
63761  -34.662  -26.548  77.313 0.0000000000
63782  -35.086  -26.621  76.396 0.0000000000
63700  -33.667  -26.433  79.640 0.0000000000
91769  -52.984  -6.237  59.271 0.0000000000
88377  -47.371  -9.063  58.184 0.0000000000
89453  -48.133  -8.920  57.101 0.0000000000
88395  -49.184  -8.801  56.063 0.0000000000
89455  -49.462  -7.834  57.410 0.0000000000
90577  -51.346  -6.896  58.547 0.0000000000
78128  -41.514  -15.407  71.009 0.0000000000
79410  -42.941  -15.030  71.435 0.0000000000
78115  -41.702  -15.561  72.008 0.0000000000
79379  -42.512  -15.021  73.571 0.0000000000
80695  -34.148  -15.129  71.794 0.0000000000
80715  -35.548  -14.883  70.486 0.0000000000
80732  -35.816  -14.666  69.477 0.0000000000
80733  -36.897  -14.582  69.291 0.0000000000
80748  -38.099  -15.296  68.294 0.0000000000
80718  -38.355  -14.863  69.649 0.0000000000
79421  -39.829  -15.277  70.641 0.0000000000
57223  -7.385  -33.665  80.828 0.0000000000
57239  -7.905  -33.738  79.770 0.0000000000
55711  -7.506  -34.699  80.327 0.0000000000
54283  -8.349  -36.046  78.961 0.0000000000
51773  -7.921  -37.366  77.837 0.0000000000
51781  -6.610  -37.737  77.048 0.0000000000
50609  -7.443  -38.853  77.928 0.0000000000
49478  -7.203  -39.524  78.539 0.0000000000
54135  -8.656  -34.355  92.098 0.0000000000
52800  -8.592  -35.290  92.945 0.0000000000
52823  -8.347  -35.713  91.522 0.0000000000
81916  -35.863  -14.996  76.704 0.0000000000
74369  -37.835  -21.285  74.245 0.0000000000
73001  -36.793  -22.148  72.984 0.0000000000
74361  -36.964  -20.161  74.479 0.0000000000
75650  -36.282  -19.690  74.011 0.0000000000
75649  -35.448  -19.322  73.594 0.0000000000
78067  -35.439  -17.735  75.442 0.0000000000
79333  -35.465  -16.408  76.602 0.0000000000
69060  -28.628  -23.840  86.491 0.0000000000
66495  -28.247  -24.825  80.629 0.0000000000
66480  -28.365  -24.796  81.581 0.0000000000
66494  -27.181  -24.572  80.340 0.0000000000
66493  -25.990  -24.438  80.155 0.0000000000
94246  -50.053  -4.228  54.264 0.0000000000
95270  -49.440  -3.658  54.421 0.0000000000
97365  -50.021  -1.453  54.807 0.0000000000
98420  -48.725  -0.803  53.925 0.0000000000
65051  -4.971  -28.200  83.739 0.0000000000
63672  -4.750  -28.791  82.638 0.0000000000
62313  -4.570  -29.251  83.299 0.0000000000
59646  -4.058  -31.251  83.374 0.0000000000
58496  -4.012  -32.279  83.385 0.0000000000
85997  -47.191  -11.259  65.082 0.0000000000
85980  -47.805  -11.781  66.951 0.0000000000
82067  -42.342  -14.714  64.287 0.0000000000
82082  -42.879  -13.924  63.836 0.0000000000
84572  -43.580  -12.660  62.854 0.0000000000
83314  -43.868  -12.875  64.070 0.0000000000
84564  -45.512  -12.207  64.991 0.0000000000
64954  -12.651  -27.641  93.638 0.0000000000
63566  -13.213  -28.381  93.153 0.0000000000
60733  -12.884  -29.930  92.120 0.0000000000
58383  -12.463  -31.197  90.830 0.0000000000
57130  -14.695  -31.320  84.024 0.0000000000
57087  -13.301  -31.598  86.239 0.0000000000
72910  -6.832  -21.033  82.376 0.0000000000
74278  -7.426  -20.441  81.269 0.0000000000
71590  -8.507  -22.236  81.316 0.0000000000
71601  -9.255  -22.531  79.948 0.0000000000
70382  -9.666  -24.032  78.155 0.0000000000
59711  -6.767  -31.363  76.717 0.0000000000
60999  -7.339  -30.595  76.689 0.0000000000
59710  -5.859  -31.393  76.639 0.0000000000
60997  -5.286  -30.553  76.638 0.0000000000
61020  -4.439  -30.803  75.410 0.0000000000
62235  -9.494  -29.342  87.085 0.0000000000
62215  -8.503  -30.346  87.348 0.0000000000
59607  -6.961  -31.358  88.196 0.0000000000
54143  -5.163  -35.584  91.025 0.0000000000
57020  -5.128  -34.124  90.754 0.0000000000
54151  -4.629  -35.489  90.437 0.0000000000
54171  -4.566  -35.691  88.857 0.0000000000
54180  -4.158  -35.399  87.608 0.0000000000
54189  -4.176  -35.378  86.664 0.0000000000
51667  -4.343  -37.292  87.282 0.0000000000
49353  -3.625  -38.828  86.345 0.0000000000
48168  -4.830  -39.334  85.903 0.0000000000
70409  -38.276  -23.574  73.123 0.0000000000
67923  -38.326  -24.704  74.579 0.0000000000
70401  -38.712  -23.424  74.761 0.0000000000
71641  -38.318  -22.469  74.239 0.0000000000
74352  -38.884  -20.541  75.403 0.0000000000
75614  -38.542  -19.114  76.927 0.0000000000
65068  -30.414  -25.710  82.409 0.0000000000
65071  -32.376  -25.360  81.314 0.0000000000
65085  -30.898  -25.467  81.324 0.0000000000
65102  -29.528  -26.045  81.425 0.0000000000
66509  -29.323  -25.071  79.996 0.0000000000
89486  -50.142  -8.198  54.276 0.0000000000
93053  -51.874  -5.475  54.943 0.0000000000
95266  -53.598  -3.502  55.606 0.0000000000
80773  -44.759  -15.163  67.830 0.0000000000
82040  -45.721  -14.462  68.042 0.0000000000
80753  -45.083  -15.022  68.757 0.0000000000
80749  -39.023  -15.402  68.298 0.0000000000
78182  -41.675  -14.622  66.831 0.0000000000
80791  -43.179  -15.673  66.926 0.0000000000
66433  -20.747  -25.302  84.026 0.0000000000
66432  -19.669  -25.505  84.830 0.0000000000
66457  -19.202  -26.246  83.015 0.0000000000
63663  -17.908  -27.139  82.000 0.0000000000
74335  -5.277  -20.640  76.484 0.0000000000
71622  -4.859  -22.399  77.236 0.0000000000
66473  -7.744  -26.593  80.906 0.0000000000
66489  -8.566  -26.634  80.322 0.0000000000
63711  -8.379  -28.121  79.701 0.0000000000
62377  -9.334  -29.392  79.557 0.0000000000
59686  -8.903  -31.461  78.286 0.0000000000
57240  -8.262  -33.290  79.090 0.0000000000
57277  -8.275  -32.861  77.890 0.0000000000
59697  -8.177  -31.711  77.407 0.0000000000
57293  -6.170  -33.306  76.432 0.0000000000
60738  -8.073  -30.570  91.883 0.0000000000
62155  -7.766  -30.494  93.002 0.0000000000
59524  -6.988  -32.534  92.710 0.0000000000
56989  -5.878  -34.269  92.690 0.0000000000
52787  -7.453  -35.216  92.500 0.0000000000
54109  -6.499  -35.074  92.211 0.0000000000
54121  -5.206  -35.792  92.121 0.0000000000
51614  -5.439  -37.200  91.810 0.0000000000
50465  -5.311  -38.237  90.890 0.0000000000
48125  -4.520  -39.925  90.089 0.0000000000
81977  -38.609  -14.336  73.450 0.0000000000
81959  -39.998  -14.319  74.645 0.0000000000
81938  -39.416  -13.820  75.312 0.0000000000
71659  -36.463  -22.484  72.205 0.0000000000
80678  -34.152  -15.434  72.726 0.0000000000
81989  -36.717  -14.559  73.027 0.0000000000
67735  -22.602  -24.291  86.921 0.0000000000
67746  -22.454  -23.836  85.861 0.0000000000
67764  -29.822  -24.501  85.157 0.0000000000
67763  -28.988  -24.060  85.074 0.0000000000
67762  -28.027  -23.679  85.178 0.0000000000
67808  -27.418  -24.395  83.249 0.0000000000
67791  -26.457  -24.416  83.862 0.0000000000
67760  -25.685  -23.740  85.209 0.0000000000
67759  -24.793  -23.714  85.152 0.0000000000
69087  -22.812  -23.381  84.284 0.0000000000
67771  -21.544  -24.584  84.070 0.0000000000
67802  -21.171  -24.638  82.680 0.0000000000
99489  -49.574  0.316  53.367 0.0000000000
99502  -49.916  0.788  52.622 0.0000000000
99507  -50.106  0.527  51.537 0.0000000000
71583  -6.799  -22.412  82.597 0.0000000000
69101  -6.978  -24.240  82.786 0.0000000000
70336  -5.555  -23.359  84.080 0.0000000000
67785  -6.630  -24.762  82.986 0.0000000000
67815  -7.490  -25.658  81.761 0.0000000000
66472  -6.920  -26.970  81.716 0.0000000000
62357  -7.027  -29.395  81.256 0.0000000000
60888  -6.645  -30.211  81.463 0.0000000000
62335  -4.949  -29.319  82.392 0.0000000000
60887  -5.863  -30.371  81.922 0.0000000000
58512  -6.980  -32.395  81.408 0.0000000000
57198  -6.770  -33.864  81.380 0.0000000000
54251  -6.660  -35.448  81.586 0.0000000000
51732  -7.223  -36.832  81.830 0.0000000000
88340  -50.264  -8.992  62.607 0.0000000000
84581  -44.034  -12.278  62.346 0.0000000000
86016  -45.340  -11.120  61.991 0.0000000000
86031  -45.575  -10.626  60.427 0.0000000000
87248  -46.687  -9.935  61.305 0.0000000000
88343  -48.351  -9.380  61.843 0.0000000000
62146  -9.660  -29.774  94.336 0.0000000000
58358  -10.054  -32.066  94.104 0.0000000000
62159  -11.621  -29.989  93.853 0.0000000000
58362  -10.338  -31.664  93.078 0.0000000000
55561  -9.556  -32.767  92.420 0.0000000000
54163  -9.436  -34.600  89.720 0.0000000000
65048  -18.990  -25.981  85.581 0.0000000000
65040  -18.446  -26.176  86.401 0.0000000000
65017  -17.828  -26.066  87.388 0.0000000000
62253  -16.390  -28.909  85.241 0.0000000000
63629  -16.313  -27.814  86.797 0.0000000000
63608  -17.425  -26.711  88.543 0.0000000000
63597  -15.925  -27.217  89.188 0.0000000000
62188  -15.584  -27.642  89.971 0.0000000000
63579  -15.193  -27.961  91.383 0.0000000000
60748  -14.310  -29.423  90.585 0.0000000000
58396  -12.874  -30.768  90.160 0.0000000000
57047  -12.428  -31.711  89.775 0.0000000000
57085  -12.169  -32.889  86.212 0.0000000000
57055  -11.580  -32.853  87.682 0.0000000000
55614  -10.978  -33.179  88.440 0.0000000000
54184  -10.484  -34.243  87.619 0.0000000000
76764  -7.424  -18.560  79.994 0.0000000000
74290  -7.733  -20.226  80.594 0.0000000000
75555  -8.273  -19.870  79.543 0.0000000000
76772  -8.076  -19.171  78.493 0.0000000000
74319  -7.237  -20.790  77.136 0.0000000000
71623  -5.748  -22.350  77.146 0.0000000000
70386  -5.298  -23.555  76.293 0.0000000000
66500  -9.110  -26.604  79.442 0.0000000000
67850  -9.476  -25.558  78.495 0.0000000000
69149  -9.382  -24.771  77.052 0.0000000000
63771  -7.559  -28.650  76.370 0.0000000000
66562  -7.854  -26.679  76.211 0.0000000000
69148  -8.616  -24.749  76.638 0.0000000000
69146  -6.615  -24.726  76.318 0.0000000000
69145  -5.833  -24.582  76.041 0.0000000000
67878  -4.744  -25.251  75.447 0.0000000000
66582  -4.264  -26.497  74.910 0.0000000000
62183  -7.298  -31.275  90.490 0.0000000000
60767  -6.640  -31.723  89.748 0.0000000000
59588  -6.265  -31.717  88.458 0.0000000000
58392  -5.163  -33.207  90.157 0.0000000000
59586  -5.110  -32.479  88.585 0.0000000000
59605  -5.115  -31.849  87.718 0.0000000000
60796  -4.248  -30.904  87.335 0.0000000000
60795  -3.619  -30.657  87.117 0.0000000000
60829  -3.610  -30.341  85.789 0.0000000000
59632  -3.673  -31.492  85.201 0.0000000000
57127  -3.573  -32.460  84.356 0.0000000000
57170  -3.353  -33.887  83.477 0.0000000000
52887  -4.183  -35.879  85.423 0.0000000000
54215  -3.565  -35.101  83.946 0.0000000000
54232  -4.467  -34.685  83.432 0.0000000000
54233  -5.114  -35.506  83.389 0.0000000000
51718  -6.484  -37.118  82.637 0.0000000000
50573  -7.112  -38.300  82.748 0.0000000000
46972  -4.250  -40.924  89.131 0.0000000000
44833  -5.341  -43.771  87.948 0.0000000000
46978  -4.100  -41.590  87.921 0.0000000000
46985  -4.349  -41.460  87.107 0.0000000000
46991  -4.816  -41.314  86.435 0.0000000000
46998  -5.369  -40.807  86.025 0.0000000000
45965  -6.144  -42.451  85.241 0.0000000000
48182  -6.147  -40.300  85.004 0.0000000000
49411  -6.672  -39.428  84.035 0.0000000000
49412  -7.391  -39.492  83.466 0.0000000000
49428  -8.341  -39.394  82.110 0.0000000000
47040  -8.212  -41.169  80.855 0.0000000000
47050  -7.388  -41.432  80.140 0.0000000000
67856  -38.244  -25.684  78.181 0.0000000000
67857  -38.453  -25.092  78.545 0.0000000000
66551  -37.770  -26.109  78.023 0.0000000000
67870  -38.174  -25.738  77.818 0.0000000000
66529  -37.227  -25.872  78.546 0.0000000000
65136  -36.871  -26.084  78.262 0.0000000000
66511  -36.927  -25.572  79.205 0.0000000000
65123  -36.639  -25.919  78.931 0.0000000000
66512  -37.329  -25.203  79.385 0.0000000000
89422  -51.531  -7.623  61.258 0.0000000000
90528  -52.209  -7.232  61.813 0.0000000000
89420  -50.003  -8.556  61.247 0.0000000000
89432  -50.956  -7.738  60.550 0.0000000000
80664  -38.149  -14.714  72.744 0.0000000000
80683  -39.495  -14.949  72.014 0.0000000000
51746  -8.103  -36.831  80.563 0.0000000000
51734  -8.451  -37.870  80.720 0.0000000000
50591  -8.674  -38.473  80.199 0.0000000000
50584  -8.391  -38.461  81.130 0.0000000000
51650  -8.223  -37.187  88.949 0.0000000000
76827  -37.285  -18.606  76.284 0.0000000000
63633  -3.436  -29.097  85.708 0.0000000000
83286  -46.418  -13.081  67.307 0.0000000000
83275  -46.195  -13.667  67.512 0.0000000000
82049  -44.780  -14.590  67.134 0.0000000000
82059  -43.987  -14.544  65.878 0.0000000000
64966  -15.536  -27.063  92.572 0.0000000000
64973  -14.912  -27.678  92.250 0.0000000000
64974  -15.882  -27.241  92.085 0.0000000000
66410  -20.956  -24.907  86.080 0.0000000000
71637  -4.341  -22.079  75.667 0.0000000000
69111  -8.508  -24.598  81.681 0.0000000000
57307  -4.133  -33.626  75.416 0.0000000000
62186  -9.254  -29.820  90.916 0.0000000000
50499  -4.391  -38.331  89.203 0.0000000000
49299  -4.482  -39.624  88.850 0.0000000000
50516  -4.416  -39.206  88.210 0.0000000000
49315  -4.330  -40.143  88.530 0.0000000000
72974  -40.005  -22.068  76.677 0.0000000000
72979  -40.232  -22.403  75.891 0.0000000000
74345  -39.968  -21.290  77.017 0.0000000000
74331  -39.760  -20.489  77.398 0.0000000000
65122  -31.939  -25.896  79.440 0.0000000000
65133  -31.294  -25.576  79.022 0.0000000000
93039  -53.826  -5.141  57.934 0.0000000000
91774  -52.328  -6.219  57.640 0.0000000000
93043  -52.892  -5.609  57.199 0.0000000000
80739  -43.603  -15.375  69.812 0.0000000000
79434  -42.813  -15.445  69.981 0.0000000000
79432  -41.295  -15.544  69.791 0.0000000000
79442  -41.102  -15.553  69.314 0.0000000000
78149  -41.682  -15.557  69.440 0.0000000000
78158  -42.133  -15.411  68.932 0.0000000000
78022  -6.756  -17.084  78.383 0.0000000000
76790  -7.027  -18.692  77.133 0.0000000000
76780  -7.481  -18.877  77.950 0.0000000000
59670  -7.738  -31.210  80.659 0.0000000000
53010  -7.349  -36.321  77.008 0.0000000000
54312  -7.626  -35.748  77.226 0.0000000000
54326  -7.096  -35.939  76.767 0.0000000000
54325  -6.412  -35.653  76.612 0.0000000000
51793  -6.022  -37.264  76.699 0.0000000000
56987  -8.950  -33.080  93.586 0.0000000000
56986  -8.393  -33.138  93.636 0.0000000000
55542  -8.446  -33.826  93.243 0.0000000000
50453  -6.547  -37.950  91.875 0.0000000000
81935  -36.545  -14.256  75.474 0.0000000000
83203  -37.179  -13.936  75.753 0.0000000000
83182  -36.982  -13.887  76.539 0.0000000000
71661  -37.799  -23.166  72.501 0.0000000000
69059  -27.675  -23.614  86.387 0.0000000000
69048  -26.809  -23.817  86.933 0.0000000000
67738  -26.095  -23.800  86.638 0.0000000000
67750  -26.560  -23.702  86.121 0.0000000000
66463  -29.606  -25.502  82.524 0.0000000000
66447  -29.300  -25.080  83.400 0.0000000000
67821  -24.580  -23.841  81.549 0.0000000000
69116  -24.042  -23.724  82.252 0.0000000000
69115  -23.524  -23.549  81.752 0.0000000000
69114  -22.502  -23.957  81.677 0.0000000000
69122  -22.459  -24.030  80.592 0.0000000000
65053  -5.285  -27.156  83.338 0.0000000000
67768  -4.939  -25.703  83.826 0.0000000000
66455  -5.430  -26.883  83.151 0.0000000000
67783  -5.431  -25.862  83.102 0.0000000000
66454  -4.875  -27.038  82.306 0.0000000000
66469  -4.564  -27.010  81.822 0.0000000000
65077  -4.886  -27.951  82.273 0.0000000000
58509  -4.503  -32.511  82.793 0.0000000000
58526  -5.015  -32.548  82.400 0.0000000000
57220  -4.983  -32.829  82.791 0.0000000000
55710  -5.329  -33.271  82.606 0.0000000000
55690  -5.122  -33.455  83.098 0.0000000000
88320  -49.527  -9.963  64.661 0.0000000000
87227  -47.511  -10.711  64.414 0.0000000000
86008  -46.585  -11.155  63.495 0.0000000000
87228  -47.901  -10.254  63.828 0.0000000000
57025  -11.942  -31.723  90.776 0.0000000000
57013  -11.646  -31.623  91.309 0.0000000000
57024  -11.341  -32.149  90.814 0.0000000000
57034  -10.880  -32.787  90.073 0.0000000000
55593  -11.090  -32.647  89.685 0.0000000000
62316  -17.349  -29.142  82.520 0.0000000000
62295  -17.090  -29.043  83.351 0.0000000000
58432  -14.461  -30.350  86.564 0.0000000000
59617  -15.229  -30.183  86.434 0.0000000000
59594  -14.795  -30.154  87.778 0.0000000000
58417  -14.362  -30.246  87.202 0.0000000000
58416  -13.986  -30.549  87.698 0.0000000000
57070  -13.470  -31.047  87.058 0.0000000000
75536  -5.842  -19.346  81.802 0.0000000000
71627  -9.417  -23.353  78.380 0.0000000000
70380  -8.364  -23.202  77.335 0.0000000000
62390  -9.131  -29.735  78.008 0.0000000000
62410  -9.211  -29.286  77.841 0.0000000000
62409  -8.760  -29.631  77.451 0.0000000000
62424  -5.370  -29.066  76.166 0.0000000000
63769  -5.806  -28.516  76.235 0.0000000000
63794  -5.239  -28.449  75.749 0.0000000000
65163  -5.374  -27.584  75.827 0.0000000000
63793  -4.612  -28.388  75.255 0.0000000000
62213  -6.830  -30.391  87.310 0.0000000000
62212  -5.830  -30.298  87.231 0.0000000000
58361  -6.174  -33.667  91.909 0.0000000000
59539  -6.064  -32.745  91.398 0.0000000000
58370  -5.525  -33.729  91.300 0.0000000000
55619  -3.961  -34.817  87.642 0.0000000000
55621  -4.467  -33.864  87.800 0.0000000000
55620  -4.124  -34.196  87.421 0.0000000000
57083  -4.276  -33.326  86.962 0.0000000000
55626  -4.106  -33.836  86.403 0.0000000000
55634  -4.155  -33.902  85.890 0.0000000000
54190  -4.074  -34.593  86.546 0.0000000000
49391  -4.379  -38.952  85.487 0.0000000000
50552  -4.749  -38.191  85.123 0.0000000000
50553  -5.271  -38.325  84.656 0.0000000000
49393  -5.688  -39.311  84.803 0.0000000000
42651  -5.282  -45.427  87.111 0.0000000000
42650  -5.044  -45.015  87.428 0.0000000000
70384  -39.746  -23.448  77.108 0.0000000000
66594  -37.367  -25.567  75.674 0.0000000000
66571  -37.644  -25.760  76.273 0.0000000000
69141  -39.189  -24.617  77.239 0.0000000000
69150  -38.944  -24.566  76.814 0.0000000000
70383  -39.571  -22.957  76.963 0.0000000000
63719  -33.550  -26.209  78.968 0.0000000000
63737  -33.411  -26.160  78.168 0.0000000000
63738  -34.137  -26.417  78.180 0.0000000000
63784  -36.649  -26.129  76.787 0.0000000000
63783  -35.997  -26.202  76.398 0.0000000000
63721  -35.074  -26.574  79.076 0.0000000000
63701  -34.472  -26.706  79.851 0.0000000000
91756  -52.444  -6.619  59.677 0.0000000000
91757  -53.382  -6.222  59.986 0.0000000000
88361  -46.297  -9.576  59.773 0.0000000000
88362  -47.361  -8.905  59.543 0.0000000000
89438  -49.036  -8.146  59.346 0.0000000000
89437  -48.039  -8.431  58.777 0.0000000000
89446  -48.044  -8.676  57.687 0.0000000000
89454  -48.660  -8.529  56.912 0.0000000000
89448  -49.369  -7.606  58.638 0.0000000000
90558  -51.283  -7.380  59.923 0.0000000000
90565  -50.926  -7.106  59.170 0.0000000000
90566  -51.722  -6.984  59.408 0.0000000000
91767  -51.890  -6.813  58.762 0.0000000000
78127  -40.694  -15.495  71.200 0.0000000000
78114  -41.013  -15.786  71.820 0.0000000000
80668  -41.959  -14.927  73.773 0.0000000000
79359  -42.795  -15.092  74.101 0.0000000000
80696  -35.222  -14.725  71.543 0.0000000000
80698  -37.663  -15.041  71.200 0.0000000000
80716  -36.678  -14.657  70.350 0.0000000000
80734  -37.925  -14.493  69.042 0.0000000000
79419  -38.399  -14.956  70.137 0.0000000000
79406  -39.807  -15.109  71.561 0.0000000000
78126  -40.145  -15.278  71.308 0.0000000000
79422  -40.446  -15.388  70.652 0.0000000000
52970  -8.276  -36.532  79.494 0.0000000000
54282  -8.067  -35.835  79.492 0.0000000000
52984  -8.160  -36.730  78.541 0.0000000000
51774  -8.304  -37.555  78.377 0.0000000000
51783  -8.161  -37.915  77.725 0.0000000000
49469  -8.299  -39.457  79.442 0.0000000000
49468  -7.588  -39.813  79.211 0.0000000000
48278  -6.737  -40.168  78.851 0.0000000000
48264  -7.170  -40.257  79.164 0.0000000000
52824  -8.526  -35.142  91.496 0.0000000000
54144  -8.482  -34.946  91.895 0.0000000000
52833  -8.337  -35.908  90.486 0.0000000000
80618  -35.672  -15.497  76.870 0.0000000000
74362  -37.799  -20.459  74.507 0.0000000000
74368  -37.136  -20.929  74.033 0.0000000000
76836  -36.439  -18.746  75.287 0.0000000000
75639  -35.816  -19.168  74.428 0.0000000000
76846  -35.062  -18.742  74.209 0.0000000000
78043  -35.863  -17.189  77.185 0.0000000000
69050  -28.773  -23.419  87.031 0.0000000000
94247  -50.949  -4.639  54.512 0.0000000000
94255  -50.266  -4.776  54.174 0.0000000000
95263  -50.637  -2.910  55.006 0.0000000000
96255  -50.613  -2.419  55.015 0.0000000000
96265  -49.797  -2.292  54.684 0.0000000000
65044  -4.814  -28.429  84.158 0.0000000000
65050  -4.990  -28.649  83.759 0.0000000000
63642  -4.876  -28.757  84.260 0.0000000000
60841  -4.076  -30.253  84.574 0.0000000000
60854  -4.211  -30.185  83.710 0.0000000000
58484  -3.842  -31.874  84.095 0.0000000000
85989  -46.907  -11.713  65.890 0.0000000000
85990  -47.761  -11.428  65.920 0.0000000000
85979  -47.332  -11.832  66.412 0.0000000000
78220  -42.161  -15.045  65.347 0.0000000000
82058  -43.398  -14.550  65.200 0.0000000000
80821  -42.770  -14.857  64.862 0.0000000000
82068  -42.842  -14.487  64.582 0.0000000000
83303  -43.447  -13.626  64.283 0.0000000000
83304  -43.994  -13.164  64.706 0.0000000000
84557  -45.450  -12.570  65.842 0.0000000000
84565  -45.828  -12.086  65.441 0.0000000000
85996  -46.271  -11.666  64.949 0.0000000000
64957  -13.584  -27.523  93.258 0.0000000000
62166  -13.114  -28.986  91.906 0.0000000000
63571  -13.249  -28.712  92.675 0.0000000000
60734  -13.182  -29.632  91.770 0.0000000000
59543  -12.639  -30.555  91.566 0.0000000000
59544  -13.166  -30.218  91.294 0.0000000000
57109  -14.241  -31.569  84.742 0.0000000000
57128  -13.459  -32.220  83.835 0.0000000000
72911  -7.340  -21.341  81.924 0.0000000000
71587  -7.857  -22.240  81.714 0.0000000000
69119  -9.220  -24.521  80.672 0.0000000000
70364  -9.635  -23.595  79.926 0.0000000000
70373  -9.730  -23.844  78.984 0.0000000000
58575  -6.404  -32.057  76.719 0.0000000000
59708  -4.683  -32.027  75.809 0.0000000000
59709  -5.161  -31.621  76.205 0.0000000000
59727  -4.747  -31.401  75.725 0.0000000000
61021  -5.132  -30.861  75.894 0.0000000000
59725  -4.219  -31.376  74.767 0.0000000000
60770  -8.127  -30.613  89.381 0.0000000000
62197  -8.974  -30.308  88.073 0.0000000000
60784  -8.366  -30.530  88.509 0.0000000000
60800  -7.918  -30.628  87.921 0.0000000000
59590  -7.282  -31.321  89.018 0.0000000000
52819  -4.993  -36.364  90.626 0.0000000000
51647  -4.236  -37.267  88.750 0.0000000000
52841  -4.562  -36.365  89.027 0.0000000000
52840  -4.393  -36.809  88.435 0.0000000000
54170  -4.440  -35.451  88.555 0.0000000000
52854  -4.448  -36.396  87.912 0.0000000000
52867  -4.410  -36.287  86.972 0.0000000000
49334  -4.102  -39.094  87.263 0.0000000000
49333  -3.764  -38.758  86.913 0.0000000000
49354  -3.920  -39.212  86.677 0.0000000000
49373  -4.022  -39.229  86.046 0.0000000000
49374  -4.475  -39.613  86.676 0.0000000000
67950  -38.141  -25.110  72.369 0.0000000000
69162  -38.309  -24.295  73.361 0.0000000000
67907  -37.957  -24.951  75.343 0.0000000000
69154  -38.396  -24.071  75.485 0.0000000000
72985  -39.528  -22.417  75.490 0.0000000000
71642  -38.703  -22.606  74.946 0.0000000000
70400  -38.644  -23.033  73.988 0.0000000000
72983  -38.385  -21.811  74.732 0.0000000000
72977  -38.984  -21.300  75.259 0.0000000000
75615  -39.308  -19.907  76.700 0.0000000000
63779  -33.101  -26.720  76.535 0.0000000000
66450  -31.359  -25.426  83.114 0.0000000000
66449  -30.950  -25.677  83.171 0.0000000000
65057  -31.004  -25.701  82.765 0.0000000000
65072  -33.245  -25.480  81.114 0.0000000000
65103  -30.220  -25.707  80.981 0.0000000000
65119  -29.578  -25.699  80.733 0.0000000000
66510  -29.935  -25.531  79.637 0.0000000000
66527  -28.822  -25.300  78.869 0.0000000000
95261  -55.099  -2.720  56.642 0.0000000000
89463  -49.515  -8.496  56.286 0.0000000000
88404  -49.428  -8.892  55.608 0.0000000000
89470  -50.326  -8.366  55.681 0.0000000000
91786  -51.561  -6.593  56.047 0.0000000000
90602  -51.156  -7.877  54.914 0.0000000000
91794  -50.898  -6.806  54.353 0.0000000000
93052  -50.924  -5.993  54.478 0.0000000000
94240  -53.608  -4.209  56.638 0.0000000000
94242  -52.967  -4.343  55.687 0.0000000000
95260  -54.537  -3.184  56.378 0.0000000000
95267  -54.246  -2.783  55.790 0.0000000000
80774  -45.323  -14.904  68.316 0.0000000000
80722  -44.684  -15.165  70.754 0.0000000000
80723  -45.591  -14.925  70.450 0.0000000000
79409  -42.776  -15.154  72.245 0.0000000000
80735  -38.657  -14.984  69.008 0.0000000000
79454  -40.493  -15.436  68.119 0.0000000000
79472  -40.443  -15.398  66.532 0.0000000000
78181  -41.029  -15.011  66.560 0.0000000000
80771  -43.003  -15.294  68.212 0.0000000000
78168  -42.495  -15.042  67.459 0.0000000000
66444  -19.743  -25.609  83.545 0.0000000000
65065  -18.828  -26.520  82.315 0.0000000000
76803  -5.468  -18.590  76.395 0.0000000000
75601  -6.194  -19.870  76.459 0.0000000000
72969  -5.597  -21.290  76.672 0.0000000000
72968  -4.800  -21.559  76.737 0.0000000000
72955  -5.282  -21.840  77.155 0.0000000000
63677  -7.441  -27.993  80.866 0.0000000000
65115  -7.914  -27.674  80.025 0.0000000000
60931  -8.904  -30.418  79.695 0.0000000000
60932  -9.438  -30.388  79.194 0.0000000000
60955  -9.469  -30.492  78.762 0.0000000000
59687  -9.444  -30.983  78.727 0.0000000000
58538  -8.179  -33.000  79.586 0.0000000000
55771  -7.615  -34.440  77.259 0.0000000000
57255  -8.397  -33.104  78.370 0.0000000000
57276  -7.801  -33.267  77.677 0.0000000000
58561  -8.059  -32.538  77.592 0.0000000000
58560  -7.297  -32.343  77.058 0.0000000000
57275  -6.905  -33.512  77.008 0.0000000000
54324  -5.645  -35.308  76.179 0.0000000000
55792  -4.954  -34.212  76.356 0.0000000000
50616  -5.992  -38.587  77.308 0.0000000000
49485  -5.258  -39.710  77.274 0.0000000000
62163  -7.783  -29.933  93.020 0.0000000000
62156  -7.954  -30.048  93.473 0.0000000000
58351  -7.293  -32.925  93.456 0.0000000000
59519  -7.718  -32.273  92.943 0.0000000000
59518  -6.957  -32.818  93.176 0.0000000000
58357  -6.379  -33.161  93.060 0.0000000000
56990  -6.000  -33.772  93.258 0.0000000000
52799  -7.978  -35.483  92.588 0.0000000000
51592  -7.433  -35.811  92.456 0.0000000000
51602  -5.975  -36.959  93.284 0.0000000000
51590  -6.450  -36.325  92.481 0.0000000000
51589  -6.029  -36.512  92.702 0.0000000000
54108  -5.954  -35.522  92.017 0.0000000000
52783  -5.717  -36.139  92.342 0.0000000000
52795  -5.204  -36.418  91.916 0.0000000000
51615  -5.468  -37.366  92.413 0.0000000000
49275  -5.618  -39.318  91.229 0.0000000000
50466  -5.471  -38.564  91.334 0.0000000000
49274  -5.284  -39.291  90.557 0.0000000000
48117  -4.903  -39.632  90.279 0.0000000000
81958  -39.101  -13.787  74.286 0.0000000000
81937  -38.413  -13.580  75.089 0.0000000000
72990  -36.615  -21.327  73.371 0.0000000000
73000  -36.208  -21.723  72.641 0.0000000000
79375  -34.278  -15.805  73.842 0.0000000000
80660  -34.065  -15.812  73.361 0.0000000000
81956  -36.969  -14.228  74.340 0.0000000000
81975  -36.344  -14.359  73.512 0.0000000000
81976  -37.414  -14.504  73.239 0.0000000000
67736  -24.085  -23.604  86.759 0.0000000000
66423  -29.434  -24.565  84.813 0.0000000000
67778  -28.465  -24.065  84.706 0.0000000000
67777  -27.716  -24.040  84.588 0.0000000000
66479  -27.306  -24.617  81.285 0.0000000000
66461  -27.448  -24.468  82.245 0.0000000000
66460  -26.328  -24.547  81.981 0.0000000000
67807  -26.419  -24.436  82.927 0.0000000000
67776  -26.591  -24.201  84.665 0.0000000000
67775  -25.653  -23.954  84.481 0.0000000000
69089  -25.407  -23.753  84.942 0.0000000000
67774  -24.734  -23.735  84.267 0.0000000000
69098  -22.966  -23.498  83.494 0.0000000000
67773  -23.745  -23.672  83.886 0.0000000000
69086  -22.013  -23.711  83.958 0.0000000000
69070  -22.258  -23.848  84.530 0.0000000000
67772  -21.806  -24.142  83.687 0.0000000000
67786  -21.286  -24.835  83.439 0.0000000000
67803  -21.767  -24.435  83.110 0.0000000000
67829  -20.755  -24.723  81.021 0.0000000000
67819  -20.554  -24.744  81.826 0.0000000000
98421  -49.525  -0.348  54.254 0.0000000000
98433  -48.899  -0.291  53.248 0.0000000000
99475  -49.865  0.440  54.004 0.0000000000
100549  -50.273  1.131  52.174 0.0000000000
71582  -6.295  -22.319  83.229 0.0000000000
70344  -7.405  -23.328  82.314 0.0000000000
69080  -4.974  -24.589  84.434 0.0000000000
67799  -6.229  -26.152  82.891 0.0000000000
67800  -6.893  -25.245  82.549 0.0000000000
63675  -5.868  -28.572  81.573 0.0000000000
62337  -6.254  -29.409  81.503 0.0000000000
62334  -4.584  -29.361  82.701 0.0000000000
60885  -4.637  -29.855  82.572 0.0000000000
59659  -6.367  -31.307  81.552 0.0000000000
57222  -6.971  -33.249  81.352 0.0000000000
57197  -6.208  -33.296  81.692 0.0000000000
55692  -6.262  -34.414  81.699 0.0000000000
52938  -6.615  -36.359  82.162 0.0000000000
89394  -50.876  -8.722  63.252 0.0000000000
88332  -50.436  -9.227  63.722 0.0000000000
81960  -40.971  -14.381  74.671 0.0000000000
84573  -44.112  -12.323  63.322 0.0000000000
86005  -44.588  -11.569  62.621 0.0000000000
87235  -46.129  -10.889  62.180 0.0000000000
87234  -45.726  -10.934  61.900 0.0000000000
86030  -45.097  -10.787  60.930 0.0000000000
87247  -45.905  -10.332  61.132 0.0000000000
88344  -49.461  -8.958  61.696 0.0000000000
63558  -9.930  -28.880  94.110 0.0000000000
62147  -10.245  -29.527  94.403 0.0000000000
60715  -9.857  -30.330  94.377 0.0000000000
59522  -10.419  -30.939  94.201 0.0000000000
63565  -12.432  -28.943  93.450 0.0000000000
63564  -11.932  -29.297  93.865 0.0000000000
62160  -11.881  -29.580  93.410 0.0000000000
57001  -10.752  -31.874  92.186 0.0000000000
58363  -10.881  -31.623  92.736 0.0000000000
57000  -10.112  -32.126  92.426 0.0000000000
56999  -9.646  -32.282  92.879 0.0000000000
55572  -9.698  -32.733  92.048 0.0000000000
55571  -9.160  -33.500  91.946 0.0000000000
57010  -9.668  -33.118  91.656 0.0000000000
55612  -9.909  -34.300  89.287 0.0000000000
52870  -9.540  -35.775  88.615 0.0000000000
66443  -18.909  -26.253  83.863 0.0000000000
65049  -19.176  -25.761  85.338 0.0000000000
66431  -18.790  -26.057  84.908 0.0000000000
66418  -18.172  -26.370  85.764 0.0000000000
66417  -17.363  -26.534  85.770 0.0000000000
65031  -18.133  -26.053  86.792 0.0000000000
66393  -16.902  -26.491  86.716 0.0000000000
60842  -16.112  -29.552  84.668 0.0000000000
62236  -15.706  -29.585  86.870 0.0000000000
62237  -16.066  -28.980  86.438 0.0000000000
62218  -16.063  -28.415  87.385 0.0000000000
63615  -16.547  -27.607  87.643 0.0000000000
63598  -17.079  -26.882  89.135 0.0000000000
63607  -16.532  -27.409  88.347 0.0000000000
60772  -15.121  -29.349  89.009 0.0000000000
62192  -15.168  -28.090  89.199 0.0000000000
62187  -15.024  -28.083  90.179 0.0000000000
63587  -15.564  -27.613  90.782 0.0000000000
60749  -14.563  -28.903  90.261 0.0000000000
62181  -14.920  -28.816  90.960 0.0000000000
59578  -13.444  -30.424  89.550 0.0000000000
59577  -13.011  -30.720  89.559 0.0000000000
58405  -12.692  -31.122  89.583 0.0000000000
57057  -12.267  -31.695  89.194 0.0000000000
57107  -12.752  -33.058  85.436 0.0000000000
57086  -12.893  -32.381  86.237 0.0000000000
55628  -11.190  -33.766  86.420 0.0000000000
57066  -11.528  -32.974  86.796 0.0000000000
54193  -10.862  -34.360  86.902 0.0000000000
76740  -5.870  -18.319  81.238 0.0000000000
76763  -6.600  -17.994  80.615 0.0000000000
78005  -7.065  -17.564  80.148 0.0000000000
74279  -8.092  -20.789  80.833 0.0000000000
74291  -8.352  -20.539  80.118 0.0000000000
72942  -8.680  -21.469  78.622 0.0000000000
75564  -8.368  -19.570  78.775 0.0000000000
75587  -7.821  -20.279  77.516 0.0000000000
74320  -7.848  -20.941  77.570 0.0000000000
70379  -7.341  -23.113  77.021 0.0000000000
71624  -6.812  -22.327  77.045 0.0000000000
70377  -5.361  -23.036  76.989 0.0000000000
70387  -6.007  -23.776  76.491 0.0000000000
65116  -8.529  -27.424  79.824 0.0000000000
67838  -9.109  -26.134  79.978 0.0000000000
65129  -8.958  -27.289  79.300 0.0000000000
66518  -9.301  -26.595  78.381 0.0000000000
66540  -9.436  -26.571  77.177 0.0000000000
67864  -9.451  -25.648  77.589 0.0000000000
62426  -7.010  -29.615  76.500 0.0000000000
62427  -8.043  -29.875  76.569 0.0000000000
65165  -7.331  -27.750  75.941 0.0000000000
67882  -8.279  -25.662  76.360 0.0000000000
67881  -7.203  -25.706  76.328 0.0000000000
69147  -7.594  -24.765  76.511 0.0000000000
66538  -5.260  -26.368  76.377 0.0000000000
67880  -6.201  -25.747  76.407 0.0000000000
67879  -5.311  -25.474  76.240 0.0000000000
66559  -4.791  -25.994  76.170 0.0000000000
66558  -4.664  -26.281  75.535 0.0000000000
62229  -3.927  -29.291  86.549 0.0000000000
62169  -7.740  -30.958  91.807 0.0000000000
62176  -7.967  -31.231  91.024 0.0000000000
62168  -7.418  -31.658  91.249 0.0000000000
60755  -6.345  -32.178  90.420 0.0000000000
59566  -6.244  -32.283  89.892 0.0000000000
59574  -6.301  -32.114  89.300 0.0000000000
59573  -5.766  -32.418  89.304 0.0000000000
55589  -4.627  -34.627  90.238 0.0000000000
57030  -4.985  -33.831  90.111 0.0000000000
58412  -4.847  -32.924  88.925 0.0000000000
59604  -4.789  -31.925  87.609 0.0000000000
58426  -4.364  -32.122  87.404 0.0000000000
59616  -3.819  -31.415  86.661 0.0000000000
60814  -3.816  -30.436  86.406 0.0000000000
59623  -4.076  -31.229  85.816 0.0000000000
59624  -3.988  -30.862  85.363 0.0000000000
57126  -3.496  -33.068  84.731 0.0000000000
57147  -3.052  -33.669  84.008 0.0000000000
52877  -3.908  -36.201  86.119 0.0000000000
52888  -4.066  -36.394  85.790 0.0000000000
52899  -4.513  -36.755  84.239 0.0000000000
52898  -4.475  -35.854  84.707 0.0000000000
52908  -4.226  -35.276  83.947 0.0000000000
54231  -3.947  -34.812  83.666 0.0000000000
52924  -4.543  -35.336  83.663 0.0000000000
52925  -4.890  -35.742  83.783 0.0000000000
50563  -6.103  -38.432  83.858 0.0000000000
52911  -5.607  -36.787  83.239 0.0000000000
51707  -6.305  -37.557  83.083 0.0000000000
51708  -6.729  -38.023  82.809 0.0000000000
45935  -4.947  -42.548  88.723 0.0000000000
44839  -4.899  -43.686  87.323 0.0000000000
44834  -5.246  -44.403  87.610 0.0000000000
45939  -4.513  -42.684  87.989 0.0000000000
45954  -4.595  -42.189  86.788 0.0000000000
46992  -5.325  -41.622  85.996 0.0000000000
46999  -5.822  -41.237  85.503 0.0000000000
47000  -6.522  -41.402  84.687 0.0000000000
48183  -6.588  -40.394  84.359 0.0000000000
48199  -7.716  -40.455  83.061 0.0000000000
49427  -7.857  -39.512  82.734 0.0000000000
48215  -8.320  -40.480  82.083 0.0000000000
48216  -8.549  -39.904  81.728 0.0000000000
69138  -39.514  -24.489  78.109 0.0000000000
70374  -40.122  -23.986  78.138 0.0000000000
69136  -38.860  -24.343  78.992 0.0000000000
63764  -36.849  -25.932  77.052 0.0000000000
65177  -37.574  -25.618  76.629 0.0000000000
66552  -37.899  -25.640  77.399 0.0000000000
63740  -35.621  -26.237  78.340 0.0000000000
63739  -34.900  -26.485  78.224 0.0000000000
63763  -36.468  -26.141  77.546 0.0000000000
65108  -35.594  -26.496  80.098 0.0000000000
63704  -36.196  -26.312  79.726 0.0000000000
63722  -35.749  -26.468  79.141 0.0000000000
66499  -37.046  -25.275  79.894 0.0000000000
90559  -51.766  -7.093  60.180 0.0000000000
91747  -53.029  -6.555  60.571 0.0000000000
90544  -52.727  -6.767  61.296 0.0000000000
88353  -48.436  -8.891  60.684 0.0000000000
89430  -48.995  -8.401  60.237 0.0000000000
89439  -49.758  -7.642  59.493 0.0000000000
90557  -50.502  -7.490  59.791 0.0000000000
79392  -40.621  -15.552  72.172 0.0000000000
79393  -41.273  -15.441  72.409 0.0000000000
79377  -40.910  -14.983  72.737 0.0000000000
80667  -41.336  -14.555  73.854 0.0000000000
80681  -37.373  -14.808  72.333 0.0000000000
79404  -38.425  -14.981  70.710 0.0000000000
80699  -38.552  -15.152  71.397 0.0000000000
79391  -40.111  -15.182  72.012 0.0000000000
54267  -7.560  -35.648  79.997 0.0000000000
52954  -8.141  -36.571  80.153 0.0000000000
50599  -8.650  -38.251  79.149 0.0000000000
52844  -8.390  -36.267  89.617 0.0000000000
75629  -37.591  -19.038  75.971 0.0000000000
76826  -36.663  -18.504  75.753 0.0000000000
78068  -36.009  -17.935  75.875 0.0000000000
78056  -36.245  -17.914  76.570 0.0000000000
69062  -30.367  -23.582  86.001 0.0000000000
66507  -27.065  -24.534  79.380 0.0000000000
95273  -52.714  -3.504  55.048 0.0000000000
95272  -51.618  -3.454  54.810 0.0000000000
96266  -52.374  -2.889  54.907 0.0000000000
96257  -52.653  -2.267  55.326 0.0000000000
98410  -53.159  -0.502  56.153 0.0000000000
63635  -4.447  -28.432  85.135 0.0000000000
62272  -4.517  -28.872  85.053 0.0000000000
62252  -4.388  -28.990  85.199 0.0000000000
84546  -46.029  -12.514  66.409 0.0000000000
84547  -46.903  -12.446  66.931 0.0000000000
83276  -47.029  -13.174  67.760 0.0000000000
79494  -43.164  -15.395  66.294 0.0000000000
80807  -43.335  -15.103  65.994 0.0000000000
83296  -44.600  -13.274  65.471 0.0000000000
83297  -45.114  -13.151  66.187 0.0000000000
64964  -14.223  -27.147  93.156 0.0000000000
64965  -14.366  -27.496  92.765 0.0000000000
63577  -14.339  -28.004  92.056 0.0000000000
62173  -14.097  -28.955  91.484 0.0000000000
72967  -4.185  -21.262  76.254 0.0000000000
72975  -4.268  -20.812  75.272 0.0000000000
70352  -8.318  -23.281  81.737 0.0000000000
70353  -8.777  -23.825  81.450 0.0000000000
69112  -9.036  -24.083  81.285 0.0000000000
67826  -9.176  -25.035  80.017 0.0000000000
57274  -4.442  -33.733  76.903 0.0000000000
58572  -4.535  -32.704  75.567 0.0000000000
58586  -4.018  -32.679  75.108 0.0000000000
60759  -7.769  -30.696  89.995 0.0000000000
50482  -4.777  -38.258  90.211 0.0000000000
51638  -4.691  -37.222  90.134 0.0000000000
50498  -4.128  -37.700  88.979 0.0000000000
50514  -4.102  -37.935  88.513 0.0000000000
50515  -4.347  -38.631  88.310 0.0000000000
50527  -4.354  -39.018  87.799 0.0000000000
49335  -4.297  -39.580  87.655 0.0000000000
70398  -39.585  -23.642  75.903 0.0000000000
70403  -39.328  -23.479  75.757 0.0000000000
72986  -40.028  -22.915  75.579 0.0000000000
72978  -39.648  -21.725  75.597 0.0000000000
74353  -39.557  -20.943  75.705 0.0000000000
74344  -39.636  -20.752  76.481 0.0000000000
63807  -34.540  -26.733  75.470 0.0000000000
65106  -32.659  -26.380  80.050 0.0000000000
65105  -31.958  -26.405  80.025 0.0000000000
65132  -30.509  -25.570  79.366 0.0000000000
95256  -54.358  -3.636  57.060 0.0000000000
90588  -51.111  -7.184  56.610 0.0000000000
90587  -50.587  -7.710  56.204 0.0000000000
91787  -51.972  -5.967  56.067 0.0000000000
93046  -51.861  -6.024  55.564 0.0000000000
93047  -52.494  -5.286  56.043 0.0000000000
93044  -53.307  -4.828  56.904 0.0000000000
80751  -43.253  -15.260  68.807 0.0000000000
80752  -44.161  -15.194  68.748 0.0000000000
80738  -43.205  -15.305  69.326 0.0000000000
79439  -39.418  -15.514  68.535 0.0000000000
79441  -40.596  -15.642  68.870 0.0000000000
78156  -40.899  -15.424  68.300 0.0000000000
78166  -41.164  -15.011  67.643 0.0000000000
79443  -42.646  -15.220  68.498 0.0000000000
65082  -18.954  -26.458  80.930 0.0000000000
76820  -6.270  -18.571  76.574 0.0000000000
76805  -6.485  -18.605  76.795 0.0000000000
75602  -6.928  -19.019  76.317 0.0000000000
75585  -6.680  -20.054  76.756 0.0000000000
62358  -7.687  -29.368  80.993 0.0000000000
62359  -8.356  -29.417  80.459 0.0000000000
60909  -8.350  -30.398  80.292 0.0000000000
58530  -8.545  -31.890  79.653 0.0000000000
55745  -8.285  -34.779  78.292 0.0000000000
53007  -5.038  -36.322  75.790 0.0000000000
60713  -8.753  -30.960  93.798 0.0000000000
60719  -8.293  -30.870  93.489 0.0000000000
59514  -8.473  -31.948  93.681 0.0000000000
56981  -7.951  -32.945  93.676 0.0000000000
55540  -7.280  -34.123  93.382 0.0000000000
51617  -7.031  -37.099  91.663 0.0000000000
51604  -7.173  -36.438  92.283 0.0000000000
51616  -6.632  -37.238  92.270 0.0000000000
50452  -6.137  -37.798  92.488 0.0000000000
50442  -5.780  -37.437  92.969 0.0000000000
50441  -5.599  -37.524  92.585 0.0000000000
50451  -5.831  -38.197  92.314 0.0000000000
48119  -5.810  -39.589  91.757 0.0000000000
83204  -37.760  -13.648  75.894 0.0000000000
79344  -34.854  -16.575  75.527 0.0000000000
80645  -34.972  -15.299  74.938 0.0000000000
81954  -35.368  -14.683  74.444 0.0000000000
81974  -35.580  -14.466  73.855 0.0000000000
67726  -25.605  -23.559  87.110 0.0000000000
67737  -25.217  -23.453  86.642 0.0000000000
67748  -24.900  -23.450  85.941 0.0000000000
66436  -30.043  -25.135  83.909 0.0000000000
66424  -29.955  -24.772  84.546 0.0000000000
66446  -28.247  -24.512  83.826 0.0000000000
67822  -25.354  -24.485  81.778 0.0000000000
67789  -24.639  -23.996  83.291 0.0000000000
67804  -23.896  -24.110  82.793 0.0000000000
69106  -23.269  -23.674  82.658 0.0000000000
70347  -22.774  -23.718  82.465 0.0000000000
69105  -22.317  -24.126  82.501 0.0000000000
69113  -21.523  -24.353  81.281 0.0000000000
95279  -48.349  -3.914  54.163 0.0000000000
69095  -5.612  -24.480  83.708 0.0000000000
67813  -5.755  -27.202  82.304 0.0000000000
66471  -6.116  -27.620  81.780 0.0000000000
66470  -5.090  -26.943  81.705 0.0000000000
65098  -4.945  -27.408  81.640 0.0000000000
63674  -5.178  -28.507  81.999 0.0000000000
60871  -4.531  -30.904  82.628 0.0000000000
59657  -4.626  -31.544  82.430 0.0000000000
58510  -4.935  -32.109  81.933 0.0000000000
57196  -5.516  -32.975  81.970 0.0000000000
88331  -49.385  -9.517  63.968 0.0000000000
86001  -45.570  -11.469  63.571 0.0000000000
87230  -46.463  -10.966  62.749 0.0000000000
88337  -47.413  -10.237  62.666 0.0000000000
87232  -47.646  -10.310  63.151 0.0000000000
63555  -11.077  -28.631  94.418 0.0000000000
59533  -11.810  -30.771  92.357 0.0000000000
60731  -11.729  -30.410  92.798 0.0000000000
57012  -11.115  -31.898  91.629 0.0000000000
57022  -10.035  -33.229  91.121 0.0000000000
58381  -10.432  -32.994  90.660 0.0000000000
57044  -10.561  -33.240  89.877 0.0000000000
55613  -10.401  -34.005  89.060 0.0000000000
65047  -17.735  -27.073  84.208 0.0000000000
63652  -17.441  -27.922  83.684 0.0000000000
63645  -17.394  -27.579  84.273 0.0000000000
63644  -16.833  -27.999  84.563 0.0000000000
58450  -15.197  -30.416  85.276 0.0000000000
59625  -15.495  -29.945  85.001 0.0000000000
59618  -15.447  -30.138  85.783 0.0000000000
62217  -15.623  -29.152  87.343 0.0000000000
62200  -15.720  -28.481  88.275 0.0000000000
60785  -15.290  -29.538  88.049 0.0000000000
60771  -14.609  -29.450  89.437 0.0000000000
59579  -14.254  -29.968  89.221 0.0000000000
59593  -14.167  -30.398  88.417 0.0000000000
58415  -13.334  -30.735  88.130 0.0000000000
57106  -11.886  -33.277  85.537 0.0000000000
55627  -10.616  -34.455  86.060 0.0000000000
71600  -9.112  -22.037  79.616 0.0000000000
72932  -8.852  -21.506  79.668 0.0000000000
72958  -8.261  -21.554  77.790 0.0000000000
70388  -6.958  -23.846  76.559 0.0000000000
63729  -9.266  -28.621  78.653 0.0000000000
65130  -9.101  -27.634  78.807 0.0000000000
63751  -9.384  -28.789  77.981 0.0000000000
65146  -8.968  -28.049  77.263 0.0000000000
62408  -5.908  -29.260  77.195 0.0000000000
63770  -6.516  -28.703  76.458 0.0000000000
63748  -5.926  -28.728  77.078 0.0000000000
66560  -6.122  -26.628  76.330 0.0000000000
65145  -5.768  -27.042  76.115 0.0000000000
65144  -5.435  -26.845  76.064 0.0000000000
65162  -5.016  -26.914  75.842 0.0000000000
65184  -4.457  -27.366  75.350 0.0000000000
60728  -6.564  -32.309  91.920 0.0000000000
60736  -6.905  -31.888  91.413 0.0000000000
60735  -6.471  -32.204  91.461 0.0000000000
59552  -5.820  -32.401  90.934 0.0000000000
59564  -5.481  -32.808  90.299 0.0000000000
57042  -4.729  -33.472  89.342 0.0000000000
55610  -4.487  -33.979  88.335 0.0000000000
57065  -4.520  -33.637  87.963 0.0000000000
58446  -4.442  -32.961  87.300 0.0000000000
58474  -3.686  -32.184  85.354 0.0000000000
55633  -3.819  -33.870  85.475 0.0000000000
51685  -4.296  -36.924  85.639 0.0000000000
52900  -4.649  -37.196  83.977 0.0000000000
52910  -5.023  -36.549  83.699 0.0000000000
51698  -4.969  -37.662  83.943 0.0000000000
50562  -5.512  -38.146  84.081 0.0000000000
43740  -4.979  -44.689  87.197 0.0000000000
44847  -4.694  -43.661  87.088 0.0000000000
44848  -5.001  -43.590  86.797 0.0000000000
44855  -5.534  -43.547  86.275 0.0000000000
47012  -6.964  -41.082  84.098 0.0000000000
63832  -35.953  -26.231  75.000 0.0000000000
66592  -36.517  -25.743  74.774 0.0000000000
66593  -36.726  -25.484  75.176 0.0000000000
67908  -38.322  -24.384  76.192 0.0000000000
66596  -38.239  -24.869  76.457 0.0000000000
69155  -38.888  -23.783  76.132 0.0000000000
70394  -40.018  -23.725  76.174 0.0000000000
71635  -40.098  -22.826  76.484 0.0000000000
63717  -32.401  -25.838  79.046 0.0000000000
63736  -32.760  -25.839  78.179 0.0000000000
63760  -33.904  -26.458  77.306 0.0000000000
63809  -35.866  -26.124  75.406 0.0000000000
65088  -33.767  -26.196  80.610 0.0000000000
65107  -35.058  -26.687  80.155 0.0000000000
63682  -34.121  -26.477  80.259 0.0000000000
63681  -33.667  -26.436  80.165 0.0000000000
63699  -32.855  -26.330  79.598 0.0000000000
93033  -53.018  -6.066  58.841 0.0000000000
93035  -54.611  -4.759  58.893 0.0000000000
93034  -53.707  -5.643  59.198 0.0000000000
88376  -46.539  -9.424  58.619 0.0000000000
88384  -46.643  -9.495  57.381 0.0000000000
89462  -49.005  -8.695  56.311 0.0000000000
89456  -49.963  -7.642  57.176 0.0000000000
91766  -49.952  -6.713  58.059 0.0000000000
90582  -50.415  -7.323  57.205 0.0000000000
91773  -51.785  -6.636  58.063 0.0000000000
91768  -52.411  -6.413  58.703 0.0000000000
78141  -41.887  -15.692  70.054 0.0000000000
78143  -42.478  -15.218  70.736 0.0000000000
78129  -42.301  -15.305  71.431 0.0000000000
79394  -42.780  -15.134  73.008 0.0000000000
78096  -41.945  -15.150  72.723 0.0000000000
78097  -42.384  -14.983  72.936 0.0000000000
80746  -36.015  -14.723  68.538 0.0000000000
80747  -37.198  -14.799  68.336 0.0000000000
79430  -39.835  -15.585  69.466 0.0000000000
80737  -41.026  -15.505  69.900 0.0000000000
78014  -7.243  -17.796  79.265 0.0000000000
58528  -7.264  -32.948  80.964 0.0000000000
58529  -7.923  -32.468  80.358 0.0000000000
55746  -8.356  -35.464  78.643 0.0000000000
54298  -8.418  -36.073  78.272 0.0000000000
52997  -8.125  -36.467  78.031 0.0000000000
52995  -7.223  -37.257  77.046 0.0000000000
51782  -7.552  -37.734  77.356 0.0000000000
50617  -7.038  -38.614  77.400 0.0000000000
49487  -7.091  -39.160  77.793 0.0000000000
50610  -8.060  -38.529  78.276 0.0000000000
49477  -5.912  -39.795  78.073 0.0000000000
48277  -6.177  -40.221  78.617 0.0000000000
55559  -8.797  -33.974  92.735 0.0000000000
55550  -8.786  -33.815  93.079 0.0000000000
54134  -8.892  -34.852  92.430 0.0000000000
52812  -8.497  -35.359  92.415 0.0000000000
52822  -7.812  -36.461  91.507 0.0000000000
51632  -8.081  -36.252  90.674 0.0000000000
51631  -7.759  -36.741  90.782 0.0000000000
52821  -7.450  -36.749  91.529 0.0000000000
51630  -7.363  -37.078  91.123 0.0000000000
81905  -36.479  -14.374  77.459 0.0000000000
72992  -37.843  -22.108  73.972 0.0000000000
72991  -37.284  -21.701  73.638 0.0000000000
74367  -36.531  -20.454  73.639 0.0000000000
75658  -35.933  -19.948  73.116 0.0000000000
78082  -35.122  -17.888  74.597 0.0000000000
78066  -34.545  -17.411  75.221 0.0000000000
69049  -27.895  -23.557  87.171 0.0000000000
66496  -28.860  -25.628  81.040 0.0000000000
67832  -24.825  -23.878  80.465 0.0000000000
67831  -23.654  -23.757  80.207 0.0000000000
94245  -49.423  -4.287  54.227 0.0000000000
95271  -50.349  -3.263  54.708 0.0000000000
96264  -49.077  -2.684  54.366 0.0000000000
97377  -48.766  -2.095  53.982 0.0000000000
97364  -49.043  -1.578  54.217 0.0000000000
98422  -50.437  -0.593  54.982 0.0000000000
98408  -51.244  -0.319  55.624 0.0000000000
65052  -5.007  -27.474  83.641 0.0000000000
65076  -4.879  -28.550  82.736 0.0000000000
65061  -4.889  -28.615  83.253 0.0000000000
62333  -4.517  -29.188  82.924 0.0000000000
62314  -4.430  -29.647  83.173 0.0000000000
62293  -4.526  -29.539  83.666 0.0000000000
59647  -4.328  -31.206  82.833 0.0000000000
87221  -47.877  -10.882  65.372 0.0000000000
87214  -48.063  -11.134  65.722 0.0000000000
84548  -47.501  -12.235  67.286 0.0000000000
80805  -42.603  -15.044  64.945 0.0000000000
80820  -42.250  -15.040  64.498 0.0000000000
83313  -43.441  -13.233  63.431 0.0000000000
84563  -44.664  -12.277  64.450 0.0000000000
85995  -45.553  -11.724  64.315 0.0000000000
63561  -12.796  -28.246  93.592 0.0000000000
63570  -12.920  -29.039  93.053 0.0000000000
63567  -13.619  -28.126  92.761 0.0000000000
62165  -12.878  -29.406  92.624 0.0000000000
60732  -12.299  -30.059  92.572 0.0000000000
59534  -12.372  -30.444  92.132 0.0000000000
58373  -12.090  -31.196  91.380 0.0000000000
59649  -16.324  -30.336  82.370 0.0000000000
58488  -15.492  -30.719  82.863 0.0000000000
58476  -15.614  -30.776  83.857 0.0000000000
57131  -15.131  -31.023  84.264 0.0000000000
57110  -14.716  -31.113  84.677 0.0000000000
58463  -14.440  -31.173  85.306 0.0000000000
58462  -13.891  -31.503  85.368 0.0000000000
57108  -13.405  -32.074  85.036 0.0000000000
55638  -12.938  -32.980  84.581 0.0000000000
74277  -6.635  -20.343  81.897 0.0000000000
72912  -8.023  -21.405  81.326 0.0000000000
70359  -8.745  -22.809  81.215 0.0000000000
71591  -8.899  -22.395  80.730 0.0000000000
72922  -9.034  -21.951  80.200 0.0000000000
71613  -9.544  -22.917  79.050 0.0000000000
59696  -7.505  -31.407  76.966 0.0000000000
61000  -7.931  -30.538  76.895 0.0000000000
60998  -6.243  -30.317  76.730 0.0000000000
60975  -5.576  -29.811  77.039 0.0000000000
60974  -5.006  -29.787  76.815 0.0000000000
60996  -4.858  -30.196  76.157 0.0000000000
62423  -5.026  -29.548  76.128 0.0000000000
62440  -4.737  -29.627  75.301 0.0000000000
62216  -9.260  -29.766  87.508 0.0000000000
62214  -7.639  -30.481  87.421 0.0000000000
60799  -7.156  -31.082  87.861 0.0000000000
59606  -6.700  -31.412  88.143 0.0000000000
55568  -5.459  -35.050  91.420 0.0000000000
57009  -5.354  -34.324  91.218 0.0000000000
55580  -5.048  -34.808  90.829 0.0000000000
52830  -4.519  -36.385  89.957 0.0000000000
54160  -4.495  -35.404  89.387 0.0000000000
55599  -4.434  -34.996  88.908 0.0000000000
51676  -4.339  -37.129  86.399 0.0000000000
50536  -4.063  -38.172  86.747 0.0000000000
50543  -4.100  -38.228  86.058 0.0000000000
49390  -3.862  -38.800  85.689 0.0000000000
48180  -4.957  -39.197  85.623 0.0000000000
69171  -38.054  -24.354  72.555 0.0000000000
71651  -38.153  -22.746  73.440 0.0000000000
67921  -37.212  -25.751  74.256 0.0000000000
67935  -38.554  -24.485  74.031 0.0000000000
70396  -38.672  -23.680  75.298 0.0000000000
69158  -38.646  -24.109  74.710 0.0000000000
69163  -38.824  -24.071  74.089 0.0000000000
70410  -38.704  -23.689  73.816 0.0000000000
74363  -38.363  -20.916  74.865 0.0000000000
75642  -38.380  -20.173  74.986 0.0000000000
75630  -38.565  -19.792  75.819 0.0000000000
75613  -37.948  -18.966  76.587 0.0000000000
66426  -31.347  -25.389  84.109 0.0000000000
65083  -29.774  -25.944  82.087 0.0000000000
65059  -32.122  -25.268  82.157 0.0000000000
65086  -31.779  -25.508  80.809 0.0000000000
65070  -31.553  -25.393  81.757 0.0000000000
65069  -30.882  -25.585  82.151 0.0000000000
65084  -30.255  -25.800  81.760 0.0000000000
89471  -50.780  -8.047  55.503 0.0000000000
89476  -50.509  -8.540  54.808 0.0000000000
89475  -49.759  -8.654  54.401 0.0000000000
93054  -52.443  -4.747  55.276 0.0000000000
95274  -53.398  -3.066  54.950 0.0000000000
96259  -54.344  -2.266  55.816 0.0000000000
80754  -45.619  -14.773  68.729 0.0000000000
80721  -43.697  -15.130  71.121 0.0000000000
78199  -42.145  -14.594  65.958 0.0000000000
78183  -42.327  -14.982  66.957 0.0000000000
79474  -42.795  -15.412  66.507 0.0000000000
79475  -43.214  -15.543  66.598 0.0000000000
65055  -18.489  -26.801  82.923 0.0000000000
63664  -18.463  -26.699  81.827 0.0000000000
63653  -17.794  -27.522  82.850 0.0000000000
62297  -17.736  -28.035  82.243 0.0000000000
62317  -17.658  -28.751  82.076 0.0000000000
62339  -17.345  -29.317  81.917 0.0000000000
59662  -16.682  -30.034  81.677 0.0000000000
75617  -5.750  -19.217  76.128 0.0000000000
70376  -4.675  -22.954  76.989 0.0000000000
66474  -8.438  -26.167  80.735 0.0000000000
66488  -7.981  -26.968  80.463 0.0000000000
63692  -8.696  -28.689  80.061 0.0000000000
63693  -9.233  -28.852  79.933 0.0000000000
63712  -9.019  -28.418  79.435 0.0000000000
60954  -9.140  -30.392  78.169 0.0000000000
58539  -8.654  -32.442  79.134 0.0000000000
58549  -8.477  -32.377  78.103 0.0000000000
58559  -6.518  -32.735  76.647 0.0000000000
57292  -5.247  -33.490  76.321 0.0000000000
51780  -5.770  -37.900  76.919 0.0000000000
62170  -8.276  -30.175  92.434 0.0000000000
60730  -7.767  -31.005  92.685 0.0000000000
60718  -8.123  -31.593  93.017 0.0000000000
59525  -7.782  -31.955  92.718 0.0000000000
59530  -6.880  -32.218  92.328 0.0000000000
59523  -6.396  -33.195  92.537 0.0000000000
56998  -6.055  -34.185  91.967 0.0000000000
54113  -8.467  -34.433  93.180 0.0000000000
55549  -7.758  -34.370  93.222 0.0000000000
54101  -6.946  -34.435  93.156 0.0000000000
51591  -7.022  -36.008  92.416 0.0000000000
52786  -7.059  -35.016  92.503 0.0000000000
55547  -6.434  -34.447  93.197 0.0000000000
55545  -6.311  -34.805  92.131 0.0000000000
55558  -5.981  -34.939  91.718 0.0000000000
55557  -5.725  -34.844  91.566 0.0000000000
54131  -5.279  -35.711  91.572 0.0000000000
52807  -5.276  -36.310  91.409 0.0000000000
51628  -5.240  -37.190  90.761 0.0000000000
50449  -5.387  -37.987  91.534 0.0000000000
49273  -5.017  -39.150  90.215 0.0000000000
48134  -4.483  -40.188  89.370 0.0000000000
81978  -39.667  -14.364  73.701 0.0000000000
71660  -37.075  -22.789  72.422 0.0000000000
71674  -36.726  -23.023  71.695 0.0000000000
73015  -35.868  -22.174  71.966 0.0000000000
80679  -34.946  -14.772  72.580 0.0000000000
80662  -35.565  -14.561  73.208 0.0000000000
81990  -36.928  -14.645  72.786 0.0000000000
80663  -37.652  -14.671  72.763 0.0000000000
67724  -23.369  -23.648  87.691 0.0000000000
66411  -21.609  -24.382  85.624 0.0000000000
69077  -29.340  -24.254  85.864 0.0000000000
69076  -28.329  -24.043  85.864 0.0000000000
69075  -27.454  -23.552  85.825 0.0000000000
67792  -27.283  -24.270  84.031 0.0000000000
67761  -26.867  -23.849  85.492 0.0000000000
67758  -23.417  -23.614  84.934 0.0000000000
69071  -22.717  -23.656  84.761 0.0000000000
67756  -21.737  -24.289  84.641 0.0000000000
66445  -20.518  -25.214  83.112 0.0000000000
66459  -20.366  -25.086  82.459 0.0000000000
98432  -48.424  -0.917  53.498 0.0000000000
99501  -49.482  0.181  52.469 0.0000000000
99506  -49.510  0.006  51.906 0.0000000000
99513  -51.012  0.430  50.524 0.0000000000
71586  -7.374  -22.300  82.187 0.0000000000
69102  -7.745  -24.432  82.359 0.0000000000
69110  -7.933  -25.025  82.176 0.0000000000
70337  -6.108  -23.419  83.583 0.0000000000
69096  -6.417  -24.271  83.302 0.0000000000
67801  -7.548  -25.125  82.295 0.0000000000
65081  -7.200  -27.578  81.187 0.0000000000
65080  -6.366  -27.839  81.559 0.0000000000
63676  -6.954  -28.505  81.244 0.0000000000
63690  -7.453  -28.878  81.117 0.0000000000
59669  -7.084  -30.747  81.064 0.0000000000
59660  -7.150  -31.509  81.187 0.0000000000
63673  -4.928  -28.412  82.317 0.0000000000
60886  -4.915  -30.410  82.331 0.0000000000
55693  -7.082  -34.607  81.219 0.0000000000
52939  -7.220  -36.295  81.394 0.0000000000
88345  -50.363  -8.778  61.842 0.0000000000
89410  -51.773  -7.925  62.325 0.0000000000
89409  -50.982  -8.552  62.464 0.0000000000
82041  -46.688  -13.865  68.112 0.0000000000
81979  -40.573  -14.337  74.024 0.0000000000
81980  -41.004  -14.341  74.187 0.0000000000
84580  -43.286  -12.505  62.315 0.0000000000
84591  -43.789  -12.212  61.904 0.0000000000
86015  -44.181  -11.491  61.649 0.0000000000
86029  -44.192  -11.147  60.628 0.0000000000
86043  -45.426  -10.863  60.100 0.0000000000
88351  -46.318  -9.908  60.585 0.0000000000
88342  -47.363  -9.741  62.010 0.0000000000
62145  -9.180  -29.940  94.049 0.0000000000
60714  -9.317  -30.606  94.153 0.0000000000
58354  -9.503  -32.267  94.106 0.0000000000
56988  -9.384  -32.687  93.636 0.0000000000
64953  -11.818  -28.103  94.081 0.0000000000
62154  -11.422  -29.093  94.338 0.0000000000
60721  -11.082  -30.060  94.281 0.0000000000
60726  -11.559  -30.333  93.353 0.0000000000
59528  -11.276  -30.960  93.505 0.0000000000
59527  -10.740  -31.189  93.760 0.0000000000
59526  -10.267  -31.562  94.016 0.0000000000
58359  -10.065  -31.931  93.590 0.0000000000
55560  -9.309  -33.285  92.690 0.0000000000
55570  -8.759  -33.953  92.411 0.0000000000
54145  -8.726  -34.499  91.490 0.0000000000
54152  -9.020  -34.567  90.663 0.0000000000
55590  -9.402  -33.630  90.899 0.0000000000
52845  -9.001  -35.485  90.187 0.0000000000
52859  -9.093  -35.525  89.235 0.0000000000
65042  -19.423  -25.769  85.803 0.0000000000
65033  -19.529  -25.741  86.724 0.0000000000
66430  -17.969  -26.382  84.889 0.0000000000
65041  -18.890  -26.065  86.116 0.0000000000
65032  -18.639  -25.897  86.826 0.0000000000
65008  -17.979  -26.130  88.173 0.0000000000
60856  -16.477  -29.770  83.662 0.0000000000
62273  -16.654  -28.981  84.231 0.0000000000
63638  -16.359  -27.973  85.735 0.0000000000
60831  -15.875  -29.560  85.607 0.0000000000
65016  -16.832  -26.732  87.208 0.0000000000
65007  -17.275  -26.870  87.926 0.0000000000
64991  -17.470  -26.558  89.856 0.0000000000
63596  -15.476  -27.641  88.953 0.0000000000
63589  -16.039  -27.347  89.987 0.0000000000
64989  -15.806  -27.401  90.858 0.0000000000
62174  -14.773  -28.494  91.371 0.0000000000
62180  -14.468  -29.294  91.093 0.0000000000
60742  -14.009  -29.559  91.090 0.0000000000
59568  -13.829  -29.828  89.956 0.0000000000
59557  -13.673  -29.860  90.585 0.0000000000
59545  -13.526  -29.934  91.057 0.0000000000
58384  -12.728  -30.860  90.570 0.0000000000
58395  -12.597  -31.314  90.207 0.0000000000
57036  -12.290  -31.851  90.220 0.0000000000
57069  -13.416  -31.465  87.080 0.0000000000
57068  -13.296  -32.115  87.139 0.0000000000
58428  -12.962  -32.025  87.817 0.0000000000
57067  -12.462  -32.515  87.339 0.0000000000
58413  -12.615  -32.124  88.089 0.0000000000
55615  -11.610  -32.520  88.913 0.0000000000
55604  -11.331  -32.567  89.300 0.0000000000
54175  -10.151  -34.206  88.332 0.0000000000
54192  -10.022  -34.942  86.855 0.0000000000
54183  -9.952  -35.334  87.925 0.0000000000
75538  -7.428  -19.542  80.880 0.0000000000
76742  -7.519  -19.040  80.574 0.0000000000
75554  -7.773  -19.596  80.140 0.0000000000
75563  -8.076  -19.194  79.485 0.0000000000
76771  -7.985  -18.631  78.835 0.0000000000
76781  -7.831  -19.062  78.354 0.0000000000
75574  -7.582  -19.336  77.652 0.0000000000
72957  -7.396  -21.595  77.312 0.0000000000
72956  -6.347  -21.533  76.892 0.0000000000
67825  -8.957  -25.640  80.461 0.0000000000
67839  -9.338  -25.537  79.471 0.0000000000
66517  -9.058  -27.007  78.965 0.0000000000
66501  -9.303  -26.063  78.944 0.0000000000
69137  -9.701  -24.727  78.768 0.0000000000
69140  -9.656  -24.811  77.880 0.0000000000
63772  -8.517  -28.955  76.708 0.0000000000
65166  -8.599  -27.819  76.681 0.0000000000
63796  -7.303  -28.243  76.047 0.0000000000
66563  -8.924  -26.594  76.473 0.0000000000
70390  -9.022  -23.890  76.874 0.0000000000
69144  -5.229  -24.317  75.561 0.0000000000
67877  -4.379  -24.860  74.880 0.0000000000
67897  -4.355  -25.424  74.799 0.0000000000
67912  -4.212  -25.776  74.257 0.0000000000
66581  -4.038  -27.156  74.927 0.0000000000
66605  -4.337  -26.939  74.500 0.0000000000
63620  -4.105  -28.533  86.485 0.0000000000
62177  -8.092  -30.251  90.978 0.0000000000
62184  -7.839  -30.791  90.492 0.0000000000
60758  -7.147  -30.914  90.105 0.0000000000
60744  -6.798  -31.987  90.813 0.0000000000
62182  -6.909  -31.564  90.426 0.0000000000
60768  -6.886  -31.317  89.702 0.0000000000
59575  -6.719  -31.738  89.206 0.0000000000
60781  -5.688  -31.687  87.895 0.0000000000
58380  -5.275  -33.496  90.786 0.0000000000
58391  -5.237  -33.230  90.313 0.0000000000
58403  -5.107  -33.116  89.780 0.0000000000
59572  -5.372  -32.727  89.525 0.0000000000
59587  -5.507  -32.051  88.324 0.0000000000
60797  -5.205  -31.240  87.542 0.0000000000
62210  -3.894  -29.967  87.115 0.0000000000
59603  -4.052  -31.549  87.242 0.0000000000
62209  -3.361  -29.885  86.898 0.0000000000
62228  -3.340  -29.476  86.328 0.0000000000
62250  -3.341  -29.475  85.780 0.0000000000
60830  -4.052  -30.237  85.331 0.0000000000
59633  -3.701  -31.098  84.746 0.0000000000
58475  -3.552  -32.043  84.751 0.0000000000
57148  -3.556  -32.779  83.949 0.0000000000
57171  -3.721  -33.136  83.417 0.0000000000
57194  -4.133  -33.377  83.334 0.0000000000
54198  -4.240  -34.931  85.561 0.0000000000
54207  -3.704  -35.073  84.567 0.0000000000
55661  -3.002  -34.551  83.892 0.0000000000
55675  -3.607  -34.358  83.529 0.0000000000
55689  -4.362  -33.884  83.438 0.0000000000
54248  -4.818  -34.048  83.389 0.0000000000
54217  -5.377  -36.361  83.423 0.0000000000
54234  -5.581  -36.095  83.159 0.0000000000
52926  -6.128  -36.539  82.695 0.0000000000
52927  -6.563  -36.869  82.466 0.0000000000
51719  -7.045  -37.459  82.356 0.0000000000
51720  -7.744  -37.805  81.996 0.0000000000
46964  -4.609  -40.392  89.575 0.0000000000
46973  -4.502  -41.616  88.533 0.0000000000
48150  -3.918  -40.854  88.268 0.0000000000
48151  -4.214  -40.483  87.662 0.0000000000
48159  -4.525  -40.437  86.870 0.0000000000
48169  -5.026  -39.965  86.392 0.0000000000
48181  -5.431  -39.870  85.597 0.0000000000
45956  -5.636  -42.835  85.817 0.0000000000
45964  -5.518  -42.150  85.711 0.0000000000
49410  -6.084  -39.122  84.330 0.0000000000
48198  -7.235  -40.371  83.870 0.0000000000
50565  -7.426  -38.841  82.998 0.0000000000
50574  -7.824  -38.469  82.409 0.0000000000
50575  -8.266  -38.742  81.806 0.0000000000
49442  -8.467  -39.376  81.416 0.0000000000
47061  -6.213  -41.249  79.449 0.0000000000
44840  -5.152  -44.218  87.433 0.0000000000
46955  -4.536  -40.206  89.987 0.0000000000
46977  -3.986  -41.168  88.599 0.0000000000
47051  -8.215  -40.945  80.469 0.0000000000
48143  -4.138  -40.391  88.297 0.0000000000
48233  -8.434  -40.356  81.075 0.0000000000
48263  -6.439  -40.598  79.081 0.0000000000
49266  -5.675  -39.263  92.243 0.0000000000
49268  -6.376  -38.495  92.222 0.0000000000
49300  -4.434  -39.417  88.465 0.0000000000
49372  -3.644  -38.866  85.940 0.0000000000
49394  -6.233  -39.722  84.523 0.0000000000
50443  -6.082  -37.353  93.157 0.0000000000
50450  -5.503  -37.929  92.019 0.0000000000
50528  -4.357  -39.394  87.954 0.0000000000
50583  -8.095  -38.111  81.779 0.0000000000
50618  -7.704  -38.352  77.677 0.0000000000
51588  -6.018  -36.636  92.924 0.0000000000
51600  -5.363  -36.638  92.284 0.0000000000
51605  -7.541  -36.132  92.442 0.0000000000
51639  -4.914  -36.851  90.383 0.0000000000
51640  -7.895  -36.679  90.202 0.0000000000
51641  -8.060  -36.258  90.369 0.0000000000
51649  -7.976  -37.113  89.612 0.0000000000
51686  -4.151  -36.619  85.848 0.0000000000
52784  -6.104  -35.912  92.320 0.0000000000
52785  -6.488  -35.591  92.318 0.0000000000
52796  -5.273  -36.190  92.226 0.0000000000
52797  -5.049  -36.000  92.145 0.0000000000
52798  -7.756  -36.119  92.317 0.0000000000
52808  -4.948  -35.989  91.997 0.0000000000
52809  -4.938  -35.827  92.285 0.0000000000
52820  -4.970  -36.645  90.486 0.0000000000
52831  -4.790  -36.649  90.313 0.0000000000
52832  -8.092  -36.296  90.101 0.0000000000
52842  -4.641  -36.087  88.996 0.0000000000
52855  -4.557  -36.136  88.538 0.0000000000
52856  -4.606  -36.060  88.756 0.0000000000
52878  -4.028  -36.485  86.014 0.0000000000
52923  -4.218  -35.041  83.602 0.0000000000
52937  -6.193  -36.095  82.440 0.0000000000
52983  -7.912  -37.081  78.147 0.0000000000
52996  -7.665  -36.773  77.564 0.0000000000
54100  -6.702  -34.467  93.156 0.0000000000
54102  -7.892  -34.354  93.243 0.0000000000
54103  -8.120  -34.274  93.239 0.0000000000
54110  -6.745  -34.618  92.849 0.0000000000
54111  -7.258  -34.644  92.911 0.0000000000
54112  -7.873  -34.660  93.114 0.0000000000
54120  -5.672  -35.602  92.028 0.0000000000
54122  -8.450  -35.040  93.170 0.0000000000
54123  -8.929  -34.808  93.033 0.0000000000
54132  -5.210  -35.535  91.813 0.0000000000
54133  -4.986  -35.603  92.187 0.0000000000
54159  -4.519  -35.211  89.005 0.0000000000
54161  -4.605  -35.855  89.092 0.0000000000
54162  -9.555  -34.488  89.544 0.0000000000
54172  -4.664  -35.903  88.852 0.0000000000
54173  -9.644  -34.491  89.317 0.0000000000
54216  -5.332  -36.092  83.514 0.0000000000
54313  -8.103  -36.110  77.742 0.0000000000
55538  -6.335  -34.203  93.363 0.0000000000
55539  -6.619  -34.268  93.312 0.0000000000
55546  -6.135  -34.441  93.171 0.0000000000
55548  -7.518  -34.388  93.212 0.0000000000
55551  -9.209  -33.432  93.040 0.0000000000
55569  -5.610  -35.258  91.609 0.0000000000
55581  -9.321  -33.604  91.137 0.0000000000
55591  -9.465  -33.801  90.417 0.0000000000
55592  -10.875  -32.781  89.696 0.0000000000
55601  -9.728  -34.326  89.506 0.0000000000
55602  -10.080  -33.847  89.696 0.0000000000
55611  -4.552  -33.873  88.035 0.0000000000
55625  -4.280  -33.558  85.842 0.0000000000
55676  -4.046  -34.427  83.559 0.0000000000
55688  -4.085  -33.868  83.433 0.0000000000
55709  -5.203  -33.163  82.804 0.0000000000
55727  -8.268  -35.574  79.135 0.0000000000
55769  -4.203  -34.060  77.191 0.0000000000
56982  -8.182  -32.884  93.680 0.0000000000
56983  -6.392  -33.955  93.423 0.0000000000
56985  -7.772  -33.201  93.582 0.0000000000
56992  -9.517  -32.715  93.242 0.0000000000
56997  -5.695  -34.535  91.564 0.0000000000
57021  -9.543  -33.517  91.062 0.0000000000
57031  -5.078  -33.319  89.916 0.0000000000
57032  -9.732  -33.508  90.784 0.0000000000
57043  -4.956  -33.317  89.738 0.0000000000
57045  -10.700  -33.003  89.779 0.0000000000
57046  -11.996  -32.183  89.454 0.0000000000
57054  -4.520  -33.696  88.205 0.0000000000
57088  -13.481  -31.118  86.669 0.0000000000
57105  -11.630  -33.493  85.634 0.0000000000
57111  -14.972  -30.831  84.652 0.0000000000
57129  -14.023  -31.641  83.896 0.0000000000
57154  -15.138  -31.013  83.586 0.0000000000
57193  -3.740  -33.880  83.444 0.0000000000
57195  -4.660  -33.172  83.206 0.0000000000
57221  -5.294  -32.918  82.394 0.0000000000
57273  -3.826  -33.668  77.118 0.0000000000
57290  -3.847  -33.864  76.431 0.0000000000
58347  -8.160  -32.643  93.622 0.0000000000
58348  -8.607  -32.376  93.803 0.0000000000
58350  -6.652  -33.385  93.332 0.0000000000
58352  -7.974  -32.473  93.444 0.0000000000
58353  -8.907  -32.539  93.875 0.0000000000
58355  -9.748  -32.356  93.807 0.0000000000
58356  -5.966  -33.672  92.706 0.0000000000
58371  -6.011  -33.279  91.518 0.0000000000
58372  -11.675  -31.277  91.835 0.0000000000
58382  -10.636  -32.810  90.464 0.0000000000
58393  -10.541  -33.007  90.355 0.0000000000
58394  -10.700  -32.859  90.230 0.0000000000
58404  -5.131  -33.182  89.946 0.0000000000
58406  -13.033  -30.645  89.801 0.0000000000
58430  -13.397  -30.920  87.451 0.0000000000
58447  -13.502  -31.469  85.646 0.0000000000
58448  -13.849  -30.969  86.029 0.0000000000
58464  -14.845  -30.727  85.043 0.0000000000
58525  -4.798  -32.605  82.690 0.0000000000
59515  -8.944  -31.522  94.039 0.0000000000
59516  -9.533  -31.290  94.220 0.0000000000
59517  -10.043  -30.829  94.311 0.0000000000
59521  -10.003  -31.532  94.241 0.0000000000
59531  -11.006  -31.370  93.256 0.0000000000
59532  -11.487  -31.096  92.987 0.0000000000
59538  -5.520  -33.110  91.137 0.0000000000
59540  -7.714  -30.928  91.780 0.0000000000
59541  -7.888  -30.724  91.809 0.0000000000
59553  -7.911  -30.769  91.606 0.0000000000
59554  -8.051  -30.589  91.645 0.0000000000
59555  -12.813  -30.645  91.003 0.0000000000
59556  -13.153  -30.373  90.692 0.0000000000
59567  -13.305  -30.292  90.113 0.0000000000
59576  -7.055  -31.432  89.240 0.0000000000
59589  -6.974  -31.478  88.644 0.0000000000
59591  -13.010  -30.788  89.233 0.0000000000
59608  -14.936  -29.923  87.005 0.0000000000
59648  -16.538  -29.985  82.358 0.0000000000
59661  -16.597  -29.943  82.097 0.0000000000
59678  -9.536  -30.849  79.032 0.0000000000
59743  -4.407  -31.818  74.601 0.0000000000
60717  -10.946  -29.810  94.374 0.0000000000
60720  -10.972  -30.366  94.246 0.0000000000
60722  -7.465  -31.950  92.497 0.0000000000
60723  -7.862  -31.104  92.956 0.0000000000
60724  -8.074  -30.477  93.459 0.0000000000
60725  -11.307  -30.535  93.890 0.0000000000
60737  -7.831  -30.949  91.560 0.0000000000
60739  -8.520  -30.270  92.010 0.0000000000
60740  -13.126  -30.024  91.699 0.0000000000
60745  -8.014  -30.665  91.385 0.0000000000
60746  -8.347  -30.335  91.588 0.0000000000
60756  -6.586  -31.887  90.216 0.0000000000
60757  -6.804  -31.392  90.153 0.0000000000
60760  -14.326  -29.402  89.843 0.0000000000
60780  -5.353  -31.785  87.803 0.0000000000
60782  -7.157  -31.253  88.311 0.0000000000
60783  -7.506  -30.957  88.636 0.0000000000
60801  -8.460  -30.489  87.918 0.0000000000
60815  -15.501  -29.909  86.833 0.0000000000
60890  -16.892  -29.674  81.912 0.0000000000
60907  -7.279  -29.997  81.208 0.0000000000
60976  -6.012  -29.699  77.065 0.0000000000
60977  -7.883  -30.982  77.061 0.0000000000
62144  -8.692  -30.285  93.780 0.0000000000
62148  -10.916  -29.255  94.463 0.0000000000
62149  -11.123  -28.888  94.393 0.0000000000
62150  -8.342  -30.136  93.676 0.0000000000
62152  -11.309  -30.128  94.174 0.0000000000
62153  -11.398  -29.514  94.275 0.0000000000
62157  -8.527  -29.782  93.680 0.0000000000
62158  -11.338  -30.231  94.107 0.0000000000
62161  -7.407  -31.441  91.852 0.0000000000
62162  -7.769  -30.825  92.497 0.0000000000
62164  -12.379  -29.468  92.997 0.0000000000
62167  -13.676  -28.585  91.790 0.0000000000
62172  -13.426  -29.320  91.609 0.0000000000
62175  -7.177  -31.665  90.712 0.0000000000
62193  -15.490  -27.599  89.773 0.0000000000
62199  -15.688  -28.172  88.536 0.0000000000
62270  -4.962  -29.063  84.166 0.0000000000
62292  -4.854  -29.197  83.827 0.0000000000
62294  -16.666  -29.588  83.104 0.0000000000
62315  -16.888  -29.472  82.700 0.0000000000
62338  -17.040  -29.476  82.255 0.0000000000
62360  -9.093  -29.190  80.191 0.0000000000
62406  -5.208  -29.414  76.531 0.0000000000
63552  -9.515  -29.399  94.280 0.0000000000
63553  -9.975  -29.042  94.289 0.0000000000
63556  -11.417  -28.565  94.282 0.0000000000
63559  -11.826  -29.485  94.002 0.0000000000
63560  -11.961  -28.722  94.021 0.0000000000
63573  -14.087  -28.341  91.793 0.0000000000
63574  -8.382  -29.598  92.952 0.0000000000
63582  -15.447  -27.726  90.961 0.0000000000
63583  -15.347  -27.872  90.893 0.0000000000
63584  -9.331  -29.854  90.569 0.0000000000
63588  -15.676  -27.515  90.470 0.0000000000
63595  -15.371  -27.909  88.900 0.0000000000
63605  -15.555  -28.042  88.691 0.0000000000
63606  -15.973  -27.835  88.500 0.0000000000
63641  -5.087  -28.805  83.955 0.0000000000
63648  -4.795  -28.944  83.492 0.0000000000
63649  -5.148  -27.533  83.457 0.0000000000
63650  -5.265  -27.394  83.308 0.0000000000
63660  -4.587  -28.951  82.872 0.0000000000
63661  -5.106  -27.752  83.459 0.0000000000
63662  -5.283  -27.605  83.270 0.0000000000
63680  -33.117  -26.380  80.008 0.0000000000
63689  -4.779  -28.127  81.966 0.0000000000
63703  -35.872  -26.449  79.696 0.0000000000
63710  -8.045  -27.906  79.851 0.0000000000
63723  -36.237  -26.290  79.325 0.0000000000
63735  -32.372  -25.731  78.595 0.0000000000
63749  -6.188  -28.972  77.123 0.0000000000
63780  -33.594  -26.682  76.484 0.0000000000
63795  -7.078  -28.422  76.110 0.0000000000
64945  -10.270  -28.677  94.093 0.0000000000
64947  -11.016  -28.242  94.260 0.0000000000
64958  -13.698  -27.894  92.979 0.0000000000
64972  -14.339  -27.847  92.297 0.0000000000
64980  -15.588  -27.562  91.069 0.0000000000
64988  -15.554  -27.448  90.874 0.0000000000
64997  -15.496  -27.843  88.834 0.0000000000
64998  -15.655  -27.670  88.802 0.0000000000
65005  -15.658  -27.930  88.674 0.0000000000
65006  -15.811  -27.768  88.647 0.0000000000
65029  -16.598  -26.725  85.931 0.0000000000
65030  -16.464  -26.859  86.212 0.0000000000
65038  -16.791  -26.733  85.781 0.0000000000
65043  -4.958  -28.465  84.007 0.0000000000
65045  -4.580  -27.756  84.488 0.0000000000
65056  -30.734  -25.671  82.802 0.0000000000
65062  -5.227  -28.014  82.925 0.0000000000
65063  -5.381  -27.449  83.125 0.0000000000
65064  -5.434  -27.212  83.148 0.0000000000
65067  -30.011  -25.774  82.348 0.0000000000
65078  -4.981  -28.030  81.856 0.0000000000
65091  -35.843  -26.180  80.396 0.0000000000
65096  -4.591  -27.731  81.923 0.0000000000
65097  -4.760  -27.651  81.759 0.0000000000
65099  -7.647  -27.471  80.495 0.0000000000
65100  -8.140  -27.247  80.246 0.0000000000
65109  -36.087  -26.316  80.021 0.0000000000
65143  -5.105  -26.754  75.969 0.0000000000
65155  -37.176  -26.181  77.856 0.0000000000
65157  -37.532  -25.578  76.936 0.0000000000
65175  -36.620  -26.109  76.384 0.0000000000
65187  -7.155  -28.161  75.869 0.0000000000
65194  -36.392  -25.789  75.166 0.0000000000
65196  -37.342  -26.160  76.011 0.0000000000
65211  -36.143  -25.968  75.254 0.0000000000
66346  -16.033  -26.531  92.877 0.0000000000
66394  -17.474  -26.264  86.859 0.0000000000
66406  -16.714  -26.608  86.114 0.0000000000
66407  -17.085  -26.428  86.296 0.0000000000
66408  -17.878  -26.340  86.343 0.0000000000
66416  -16.886  -26.561  85.946 0.0000000000
66419  -18.591  -26.175  85.481 0.0000000000
66422  -21.605  -24.370  85.135 0.0000000000
66429  -17.550  -26.636  85.238 0.0000000000
66440  -5.232  -26.661  83.330 0.0000000000
66441  -5.488  -26.940  83.154 0.0000000000
66442  -18.237  -26.464  84.257 0.0000000000
66464  -30.122  -25.667  82.546 0.0000000000
66477  -20.086  -25.320  82.089 0.0000000000
66485  -4.553  -27.335  81.708 0.0000000000
66486  -4.740  -27.168  81.593 0.0000000000
66487  -5.148  -27.273  81.691 0.0000000000
66513  -37.886  -24.889  78.961 0.0000000000
66531  -37.798  -25.069  78.881 0.0000000000
66539  -5.709  -26.529  76.385 0.0000000000
66550  -37.314  -26.158  78.171 0.0000000000
66572  -38.035  -25.287  76.768 0.0000000000
66573  -38.366  -24.912  76.673 0.0000000000
67739  -26.611  -23.804  86.443 0.0000000000
67757  -22.285  -24.062  85.104 0.0000000000
67787  -21.696  -24.409  83.520 0.0000000000
67797  -4.816  -26.624  82.192 0.0000000000
67811  -4.552  -26.632  81.987 0.0000000000
67812  -4.921  -26.671  81.940 0.0000000000
67862  -5.697  -26.074  76.576 0.0000000000
67883  -9.172  -25.636  76.714 0.0000000000
67890  -38.612  -24.608  76.601 0.0000000000
67904  -36.679  -25.818  74.552 0.0000000000
67905  -36.813  -25.558  74.697 0.0000000000
69069  -21.904  -24.003  84.320 0.0000000000
69072  -25.170  -23.740  85.033 0.0000000000
69073  -25.328  -23.692  85.119 0.0000000000
69074  -26.937  -23.497  85.912 0.0000000000
69085  -21.736  -24.167  84.222 0.0000000000
69088  -25.178  -23.759  84.777 0.0000000000
69107  -23.962  -23.994  82.582 0.0000000000
69123  -23.247  -23.869  81.037 0.0000000000
69139  -40.123  -24.117  77.888 0.0000000000
69152  -39.682  -23.729  76.404 0.0000000000
69156  -39.469  -23.758  76.234 0.0000000000
70345  -7.956  -23.744  82.186 0.0000000000
70346  -22.607  -23.849  82.345 0.0000000000
70354  -22.555  -23.882  82.120 0.0000000000
70391  -9.522  -24.144  77.432 0.0000000000
70392  -39.749  -22.964  76.753 0.0000000000
70393  -39.846  -23.403  76.631 0.0000000000
70402  -38.999  -23.332  75.540 0.0000000000
70416  -37.914  -23.856  72.441 0.0000000000
71621  -4.652  -22.559  77.091 0.0000000000
71630  -39.629  -22.759  77.106 0.0000000000
71633  -4.664  -22.101  77.054 0.0000000000
71634  -39.702  -22.759  76.872 0.0000000000
71636  -40.351  -23.358  76.217 0.0000000000
71639  -40.302  -23.401  75.775 0.0000000000
71644  -39.662  -23.321  75.634 0.0000000000
71662  -37.740  -23.653  72.279 0.0000000000
72933  -9.114  -21.987  79.858 0.0000000000
72954  -4.823  -21.972  77.189 0.0000000000
72980  -40.402  -22.927  75.742 0.0000000000
74318  -6.564  -20.573  76.708 0.0000000000
74336  -5.934  -20.723  76.542 0.0000000000
75575  -7.927  -19.529  77.962 0.0000000000
75619  -6.544  -18.654  76.218 0.0000000000
75628  -36.994  -18.911  75.590 0.0000000000
76804  -6.053  -18.498  76.788 0.0000000000
76818  -5.896  -18.803  75.918 0.0000000000
76819  -6.106  -18.668  76.215 0.0000000000
76825  -36.033  -18.175  75.504 0.0000000000
78065  -33.910  -17.296  75.105 0.0000000000
78080  -33.903  -17.078  74.778 0.0000000000
78116  -42.296  -15.274  72.414 0.0000000000
78130  -42.626  -15.103  71.016 0.0000000000
78139  -39.993  -15.267  70.908 0.0000000000
78140  -40.275  -15.370  71.045 0.0000000000
78142  -42.145  -15.359  70.530 0.0000000000
78151  -42.520  -15.395  70.319 0.0000000000
78165  -40.899  -15.298  68.043 0.0000000000
79342  -33.872  -17.037  75.276 0.0000000000
79356  -33.840  -16.911  75.050 0.0000000000
79360  -42.940  -15.230  73.963 0.0000000000
79390  -39.151  -15.142  71.812 0.0000000000
79407  -40.776  -15.481  70.743 0.0000000000
79408  -41.132  -15.490  70.700 0.0000000000
79423  -41.447  -15.520  70.193 0.0000000000
79453  -40.053  -15.423  68.036 0.0000000000
79456  -42.728  -15.173  67.833 0.0000000000
79457  -42.768  -15.513  67.216 0.0000000000
79473  -40.788  -15.259  66.979 0.0000000000
79492  -42.722  -14.989  65.232 0.0000000000
79516  -42.425  -15.031  65.322 0.0000000000
80700  -40.738  -15.715  70.665 0.0000000000
80701  -40.927  -15.534  70.651 0.0000000000
80719  -40.779  -15.479  70.473 0.0000000000
80720  -41.096  -15.502  70.287 0.0000000000
80736  -40.785  -15.445  70.218 0.0000000000
80770  -40.504  -15.368  67.696 0.0000000000
82039  -45.116  -14.815  67.642 0.0000000000
85994  -45.125  -11.675  63.985 0.0000000000
86002  -46.181  -11.355  63.893 0.0000000000
86006  -45.401  -11.325  62.838 0.0000000000
86007  -46.213  -11.237  62.984 0.0000000000
87224  -50.000  -10.169  65.026 0.0000000000
87246  -45.644  -10.797  61.600 0.0000000000
88319  -49.107  -10.157  64.713 0.0000000000
88394  -48.730  -9.074  56.135 0.0000000000
88405  -49.935  -8.754  55.554 0.0000000000
89469  -49.818  -8.660  55.765 0.0000000000
89477  -50.936  -8.202  55.250 0.0000000000
90543  -52.015  -7.213  60.890 0.0000000000
90560  -52.285  -6.847  60.411 0.0000000000
90575  -49.657  -7.049  58.149 0.0000000000
90576  -50.439  -6.822  58.205 0.0000000000
90581  -49.849  -7.305  57.550 0.0000000000
90583  -51.176  -6.969  57.623 0.0000000000
90594  -50.696  -7.937  55.720 0.0000000000
91755  -52.109  -6.776  59.131 0.0000000000
91765  -49.776  -6.824  57.968 0.0000000000
91771  -49.720  -6.994  57.798 0.0000000000
91772  -49.998  -6.856  57.731 0.0000000000
93040  -54.536  -4.434  58.135 0.0000000000
94237  -54.779  -3.869  57.832 0.0000000000
94243  -53.595  -4.205  56.000 0.0000000000
94249  -52.604  -4.158  55.263 0.0000000000
95255  -53.878  -3.859  56.910 0.0000000000
95259  -53.986  -3.809  56.374 0.0000000000
95264  -50.935  -2.968  55.148 0.0000000000
95265  -52.917  -3.853  55.447 0.0000000000
95269  -48.966  -4.018  54.352 0.0000000000
96248  -55.316  -2.471  56.999 0.0000000000
96258  -53.634  -2.504  55.361 0.0000000000
96263  -48.791  -3.428  54.309 0.0000000000
96267  -53.100  -2.831  54.884 0.0000000000
97352  -54.620  -1.960  56.089 0.0000000000
