#!ascii label  , from subject 3788 vox2ras=TkReg
1303
61690  8.976  -30.581  92.170 0.0000000000
55269  3.739  -35.880  74.825 0.0000000000
53843  0.905  -36.489  89.471 0.0000000000
61738  3.258  -30.069  85.956 0.0000000000
68423  2.376  -25.649  79.658 0.0000000000
57584  4.607  -33.785  92.837 0.0000000000
62975  3.668  -29.590  91.696 0.0000000000
59005  12.297  -31.052  93.025 0.0000000000
55059  7.371  -34.658  91.130 0.0000000000
48504  3.498  -38.281  88.973 0.0000000000
71272  2.284  -23.556  87.437 0.0000000000
64613  2.991  -28.447  82.474 0.0000000000
75516  4.367  -20.638  85.325 0.0000000000
51244  1.710  -38.510  83.368 0.0000000000
55168  3.336  -35.499  82.150 0.0000000000
57613  3.084  -33.482  88.077 0.0000000000
67116  1.876  -26.460  90.616 0.0000000000
57696  6.989  -33.336  80.866 0.0000000000
63280  7.528  -29.459  76.583 0.0000000000
67260  4.921  -26.375  72.719 0.0000000000
71444  5.164  -23.242  76.692 0.0000000000
60413  6.705  -31.452  93.388 0.0000000000
62971  5.887  -29.316  93.124 0.0000000000
60409  10.656  -30.856  92.864 0.0000000000
56233  10.052  -33.145  92.422 0.0000000000
57580  8.310  -32.843  92.993 0.0000000000
55048  5.507  -34.626  92.512 0.0000000000
74174  2.440  -21.956  85.876 0.0000000000
53903  1.357  -37.650  86.324 0.0000000000
55137  2.538  -36.080  85.862 0.0000000000
56274  2.289  -35.013  88.335 0.0000000000
68318  3.980  -26.027  92.526 0.0000000000
64480  2.568  -28.147  91.116 0.0000000000
51141  2.451  -38.193  89.451 0.0000000000
47060  1.969  -39.890  87.388 0.0000000000
49882  1.479  -39.253  87.118 0.0000000000
47119  1.429  -41.244  83.825 0.0000000000
57632  5.322  -33.232  85.641 0.0000000000
57681  5.418  -34.477  82.039 0.0000000000
60473  6.316  -31.653  84.076 0.0000000000
65996  2.288  -27.014  81.047 0.0000000000
63216  5.379  -28.705  79.895 0.0000000000
64659  4.170  -27.474  77.584 0.0000000000
66059  6.767  -27.201  74.715 0.0000000000
67242  2.971  -26.530  76.113 0.0000000000
55051  2.812  -35.305  91.170 0.0000000000
57600  2.685  -33.668  90.416 0.0000000000
60424  4.354  -31.661  91.743 0.0000000000
64466  5.018  -27.984  92.461 0.0000000000
60430  13.306  -30.669  91.059 0.0000000000
57610  10.902  -32.479  88.220 0.0000000000
57603  10.256  -32.696  90.275 0.0000000000
55083  8.564  -34.563  89.009 0.0000000000
51136  5.091  -36.107  89.566 0.0000000000
52486  4.074  -35.420  91.996 0.0000000000
67168  2.363  -26.640  86.790 0.0000000000
63093  2.807  -29.528  84.496 0.0000000000
68395  2.588  -25.855  85.202 0.0000000000
69842  2.358  -24.781  83.655 0.0000000000
69856  3.811  -24.309  82.342 0.0000000000
64475  10.881  -28.988  91.017 0.0000000000
61715  15.315  -28.572  88.238 0.0000000000
64470  17.094  -28.079  91.119 0.0000000000
62958  13.940  -29.341  93.199 0.0000000000
64452  12.766  -28.526  92.994 0.0000000000
48627  1.570  -40.633  80.680 0.0000000000
51336  2.169  -38.851  80.310 0.0000000000
53934  2.012  -36.520  82.423 0.0000000000
55146  3.921  -35.249  85.113 0.0000000000
59059  3.559  -31.922  87.431 0.0000000000
60436  1.202  -31.166  90.833 0.0000000000
63010  2.229  -29.551  89.413 0.0000000000
64544  1.806  -28.236  88.060 0.0000000000
69750  2.327  -24.377  88.671 0.0000000000
52674  3.297  -37.600  79.629 0.0000000000
55220  5.069  -36.187  78.949 0.0000000000
56422  6.159  -34.767  77.156 0.0000000000
61774  5.793  -29.468  82.023 0.0000000000
59112  8.092  -31.852  79.405 0.0000000000
59187  5.598  -32.662  75.906 0.0000000000
61863  5.310  -30.901  74.248 0.0000000000
63353  3.644  -29.519  72.310 0.0000000000
75529  5.701  -21.128  83.876 0.0000000000
71370  5.365  -23.675  81.261 0.0000000000
74248  5.462  -21.726  79.886 0.0000000000
71415  3.614  -24.264  78.472 0.0000000000
69945  1.717  -24.160  74.323 0.0000000000
60412  7.707  -31.396  93.248 0.0000000000
62970  7.430  -30.066  92.740 0.0000000000
62983  8.113  -30.198  92.132 0.0000000000
61678  9.368  -30.631  93.003 0.0000000000
60404  9.530  -31.480  93.635 0.0000000000
60411  8.804  -31.208  93.582 0.0000000000
59017  7.078  -32.418  93.463 0.0000000000
54062  2.589  -36.459  74.327 0.0000000000
56435  3.623  -34.671  74.841 0.0000000000
53871  1.799  -37.244  87.685 0.0000000000
55115  2.005  -36.462  87.466 0.0000000000
55089  0.953  -35.926  88.877 0.0000000000
60457  12.505  -30.053  87.950 0.0000000000
52523  1.431  -37.743  89.151 0.0000000000
51159  1.923  -39.128  88.688 0.0000000000
51170  1.599  -38.652  87.863 0.0000000000
51181  1.358  -38.589  86.572 0.0000000000
60464  5.086  -31.525  85.871 0.0000000000
59066  5.945  -32.571  84.758 0.0000000000
60470  4.406  -31.538  85.016 0.0000000000
66002  2.061  -26.518  80.168 0.0000000000
63218  3.346  -27.787  79.456 0.0000000000
63265  2.946  -27.056  78.202 0.0000000000
66060  3.951  -27.051  76.775 0.0000000000
66022  2.296  -26.157  78.146 0.0000000000
55042  3.467  -34.553  92.414 0.0000000000
57594  3.573  -33.613  91.664 0.0000000000
59021  4.471  -33.282  91.828 0.0000000000
62972  5.044  -29.312  92.905 0.0000000000
67104  5.394  -26.575  91.436 0.0000000000
59023  12.641  -30.887  91.812 0.0000000000
59032  10.955  -31.160  91.246 0.0000000000
57587  11.237  -31.860  91.846 0.0000000000
55045  8.420  -34.379  91.658 0.0000000000
55057  8.719  -33.308  90.725 0.0000000000
55058  8.114  -34.353  90.596 0.0000000000
53818  6.278  -34.914  90.731 0.0000000000
56238  5.023  -34.888  93.467 0.0000000000
53806  4.678  -35.512  92.019 0.0000000000
55040  3.902  -35.322  93.108 0.0000000000
53808  3.270  -35.405  91.389 0.0000000000
68371  2.461  -25.576  87.318 0.0000000000
67169  2.048  -26.747  85.829 0.0000000000
71286  2.585  -23.703  86.474 0.0000000000
74173  3.083  -21.320  85.776 0.0000000000
72772  3.110  -22.860  85.464 0.0000000000
72771  3.379  -22.749  84.856 0.0000000000
69841  2.853  -24.510  83.196 0.0000000000
72782  4.446  -22.831  83.990 0.0000000000
61673  14.256  -29.358  92.280 0.0000000000
49960  1.574  -39.447  81.801 0.0000000000
51288  1.739  -38.479  81.460 0.0000000000
52610  1.945  -37.581  82.949 0.0000000000
56303  2.730  -35.386  87.316 0.0000000000
56333  3.146  -35.765  85.358 0.0000000000
56286  3.201  -34.478  87.462 0.0000000000
57625  4.081  -33.277  86.892 0.0000000000
59052  3.624  -32.731  87.584 0.0000000000
60426  3.035  -31.485  91.285 0.0000000000
59035  1.979  -32.719  90.582 0.0000000000
61703  1.873  -30.673  91.173 0.0000000000
65900  2.274  -27.095  90.842 0.0000000000
64493  2.280  -28.863  90.706 0.0000000000
64508  1.869  -28.365  89.559 0.0000000000
63011  1.849  -28.965  88.854 0.0000000000
65932  1.940  -27.482  89.192 0.0000000000
67159  2.100  -27.202  88.276 0.0000000000
67125  1.946  -25.849  89.471 0.0000000000
56271  10.384  -33.352  88.446 0.0000000000
57622  10.643  -32.531  86.444 0.0000000000
48516  4.521  -38.002  88.227 0.0000000000
48553  4.037  -38.848  85.943 0.0000000000
47042  3.405  -39.085  87.196 0.0000000000
47087  2.260  -40.532  85.592 0.0000000000
45646  2.763  -40.627  85.242 0.0000000000
48586  1.384  -40.389  83.305 0.0000000000
48599  1.344  -40.491  82.231 0.0000000000
53960  2.264  -36.606  80.992 0.0000000000
52675  2.618  -37.957  79.901 0.0000000000
53959  2.865  -36.769  80.681 0.0000000000
57680  5.969  -33.790  81.863 0.0000000000
55190  5.411  -35.546  79.800 0.0000000000
56395  6.355  -35.298  79.319 0.0000000000
53996  5.769  -36.046  77.957 0.0000000000
57737  7.218  -34.468  78.787 0.0000000000
63124  2.505  -29.112  83.616 0.0000000000
63122  4.389  -29.703  83.454 0.0000000000
61765  4.327  -29.267  82.481 0.0000000000
63239  6.836  -28.739  78.900 0.0000000000
61800  7.424  -29.697  79.938 0.0000000000
61813  8.083  -30.032  78.075 0.0000000000
59149  7.600  -31.850  77.641 0.0000000000
60563  7.082  -31.369  76.689 0.0000000000
60576  5.508  -31.731  75.466 0.0000000000
63296  6.969  -29.818  75.164 0.0000000000
67259  5.438  -26.651  73.237 0.0000000000
64737  5.300  -28.621  72.491 0.0000000000
66078  4.530  -27.456  71.978 0.0000000000
75561  5.521  -20.332  82.905 0.0000000000
74211  5.170  -21.135  83.179 0.0000000000
75562  5.154  -20.666  82.547 0.0000000000
74257  6.208  -21.785  78.085 0.0000000000
72832  5.629  -22.648  78.858 0.0000000000
71401  5.670  -23.502  79.286 0.0000000000
71429  4.336  -23.713  77.542 0.0000000000
71459  2.687  -23.883  76.366 0.0000000000
71458  3.650  -23.390  75.682 0.0000000000
59018  6.103  -32.546  93.335 0.0000000000
59019  5.395  -32.653  92.802 0.0000000000
61681  6.347  -30.364  93.349 0.0000000000
60408  11.361  -30.774  92.923 0.0000000000
57573  10.740  -32.329  92.567 0.0000000000
59007  10.417  -32.097  93.327 0.0000000000
56234  9.238  -33.382  92.547 0.0000000000
55037  8.064  -33.884  92.463 0.0000000000
55060  6.517  -34.548  91.371 0.0000000000
56237  7.072  -33.788  92.972 0.0000000000
57582  6.472  -33.425  93.216 0.0000000000
75497  2.586  -20.764  87.900 0.0000000000
74161  2.642  -21.827  87.123 0.0000000000
75496  2.719  -20.306  87.349 0.0000000000
76811  3.772  -19.674  86.568 0.0000000000
76810  4.336  -19.399  86.108 0.0000000000
52579  1.300  -37.843  85.119 0.0000000000
52596  1.614  -37.639  84.066 0.0000000000
53902  1.393  -37.169  85.984 0.0000000000
56304  2.359  -35.767  87.323 0.0000000000
57615  2.353  -34.474  87.808 0.0000000000
65872  3.466  -27.839  92.107 0.0000000000
62986  2.984  -28.883  91.438 0.0000000000
67092  3.108  -26.917  91.922 0.0000000000
68320  1.994  -26.038  92.335 0.0000000000
69718  1.845  -25.559  91.649 0.0000000000
68340  2.129  -25.365  90.310 0.0000000000
49834  2.841  -38.466  89.157 0.0000000000
47031  2.907  -39.652  88.224 0.0000000000
48520  2.129  -40.076  89.108 0.0000000000
48545  1.871  -39.668  87.332 0.0000000000
47088  1.959  -40.652  85.480 0.0000000000
47101  1.607  -41.131  84.741 0.0000000000
48564  1.791  -40.006  85.409 0.0000000000
49904  1.475  -39.192  85.333 0.0000000000
57653  4.502  -34.831  83.961 0.0000000000
56367  4.091  -35.284  81.819 0.0000000000
57665  5.393  -34.231  82.806 0.0000000000
57664  6.095  -33.444  82.823 0.0000000000
59074  6.514  -32.486  82.730 0.0000000000
64623  2.019  -28.242  81.572 0.0000000000
63173  3.394  -28.630  81.698 0.0000000000
63195  3.173  -28.244  80.549 0.0000000000
64642  4.745  -28.521  79.364 0.0000000000
66019  6.542  -27.703  78.163 0.0000000000
66047  7.217  -27.999  76.021 0.0000000000
66039  5.888  -27.325  76.506 0.0000000000
68466  5.263  -25.840  75.833 0.0000000000
68480  4.311  -25.771  74.299 0.0000000000
72859  6.363  -22.173  76.577 0.0000000000
72875  4.392  -22.694  75.231 0.0000000000
72894  5.068  -22.220  74.592 0.0000000000
53831  1.625  -36.082  90.801 0.0000000000
55074  1.735  -35.405  90.115 0.0000000000
56252  3.003  -34.641  90.662 0.0000000000
59028  3.433  -32.630  91.287 0.0000000000
60418  3.646  -30.901  91.558 0.0000000000
61683  4.591  -30.296  92.918 0.0000000000
61684  4.102  -30.205  92.329 0.0000000000
64457  4.390  -28.549  91.393 0.0000000000
65861  4.337  -27.481  92.616 0.0000000000
60438  13.322  -30.155  90.459 0.0000000000
60445  12.140  -31.141  88.674 0.0000000000
59039  11.566  -31.176  89.682 0.0000000000
57589  10.060  -32.735  91.317 0.0000000000
56257  9.858  -33.172  89.861 0.0000000000
55097  9.656  -34.301  88.185 0.0000000000
49859  5.160  -37.270  88.570 0.0000000000
51148  4.248  -37.043  89.604 0.0000000000
53804  5.740  -34.951  91.464 0.0000000000
52502  4.129  -35.985  90.211 0.0000000000
51139  3.470  -37.014  89.761 0.0000000000
51126  3.107  -36.532  90.410 0.0000000000
52504  1.898  -36.598  91.253 0.0000000000
64562  2.398  -28.552  86.699 0.0000000000
61744  3.004  -30.211  85.179 0.0000000000
64577  2.551  -28.518  85.362 0.0000000000
65977  2.455  -28.181  84.635 0.0000000000
65985  2.066  -27.002  83.640 0.0000000000
71305  2.637  -23.754  85.488 0.0000000000
69825  2.288  -25.341  84.319 0.0000000000
67186  2.359  -26.665  82.904 0.0000000000
67190  1.860  -26.527  82.219 0.0000000000
69871  2.425  -25.053  81.559 0.0000000000
69883  2.370  -24.800  80.837 0.0000000000
61698  9.852  -30.141  91.763 0.0000000000
61716  14.531  -28.940  88.817 0.0000000000
65894  18.677  -27.204  90.299 0.0000000000
65879  18.862  -27.193  91.155 0.0000000000
64482  18.110  -28.108  90.260 0.0000000000
64501  16.505  -28.248  89.840 0.0000000000
63000  15.532  -28.720  90.003 0.0000000000
61706  14.668  -29.443  90.097 0.0000000000
60420  13.712  -29.983  92.000 0.0000000000
60396  13.739  -30.505  93.867 0.0000000000
62960  12.936  -29.469  93.549 0.0000000000
61671  12.362  -30.088  93.166 0.0000000000
62962  11.906  -29.891  92.885 0.0000000000
62968  10.666  -29.966  92.622 0.0000000000
52640  1.908  -37.736  81.247 0.0000000000
55169  2.822  -35.724  82.380 0.0000000000
53924  1.900  -36.767  83.730 0.0000000000
55159  2.717  -36.236  83.375 0.0000000000
57654  4.020  -35.399  83.649 0.0000000000
56331  4.368  -34.532  85.043 0.0000000000
59057  4.736  -32.327  86.554 0.0000000000
60466  3.668  -31.288  86.978 0.0000000000
56265  2.695  -34.530  89.445 0.0000000000
57609  2.108  -33.337  89.574 0.0000000000
59042  1.963  -32.344  89.380 0.0000000000
62997  2.379  -29.586  91.127 0.0000000000
61714  2.201  -30.963  90.214 0.0000000000
60454  2.695  -31.788  88.969 0.0000000000
60452  3.359  -30.891  88.235 0.0000000000
61726  3.121  -30.354  87.965 0.0000000000
63021  2.430  -29.316  87.475 0.0000000000
65964  2.325  -27.554  87.195 0.0000000000
68359  2.240  -25.401  88.328 0.0000000000
69751  1.920  -23.872  88.176 0.0000000000
71240  2.389  -23.695  89.382 0.0000000000
72725  2.113  -22.661  88.649 0.0000000000
74151  1.918  -21.847  88.299 0.0000000000
47084  4.279  -39.532  84.856 0.0000000000
47073  3.308  -40.092  86.063 0.0000000000
55208  3.940  -36.032  79.746 0.0000000000
55221  4.360  -36.283  79.242 0.0000000000
55267  5.477  -35.478  75.780 0.0000000000
61741  4.667  -30.591  84.277 0.0000000000
61750  5.711  -30.460  83.275 0.0000000000
60499  7.436  -31.458  81.677 0.0000000000
61788  6.054  -29.287  81.182 0.0000000000
60511  7.531  -30.729  81.183 0.0000000000
59092  7.718  -32.274  80.455 0.0000000000
57736  7.033  -33.391  78.400 0.0000000000
57776  5.775  -33.724  76.661 0.0000000000
57796  5.209  -33.650  75.685 0.0000000000
59188  4.549  -32.826  75.476 0.0000000000
63332  5.842  -29.945  73.512 0.0000000000
61879  4.234  -30.475  73.327 0.0000000000
76819  4.813  -19.738  85.447 0.0000000000
78164  5.608  -19.276  84.714 0.0000000000
75531  4.754  -20.984  84.673 0.0000000000
72781  4.969  -22.595  83.678 0.0000000000
71354  5.128  -23.738  82.411 0.0000000000
69881  4.116  -24.761  80.560 0.0000000000
74236  5.787  -21.849  80.953 0.0000000000
69892  4.272  -24.668  79.638 0.0000000000
69904  2.616  -24.817  78.902 0.0000000000
68442  1.652  -25.181  76.992 0.0000000000
68469  2.611  -25.465  75.357 0.0000000000
68495  3.946  -24.760  73.066 0.0000000000
69956  2.321  -23.993  73.364 0.0000000000
61679  8.269  -30.616  92.959 0.0000000000
54046  3.691  -36.833  75.071 0.0000000000
55288  3.197  -36.232  74.534 0.0000000000
55270  3.011  -35.547  74.483 0.0000000000
55249  3.918  -35.043  74.801 0.0000000000
53855  1.428  -37.073  88.220 0.0000000000
53872  1.395  -36.667  88.019 0.0000000000
53856  1.039  -36.784  88.700 0.0000000000
60456  13.452  -29.562  88.279 0.0000000000
61722  13.387  -29.540  87.455 0.0000000000
52524  1.000  -37.119  89.434 0.0000000000
52534  1.112  -37.378  88.964 0.0000000000
52533  1.517  -37.673  88.376 0.0000000000
61731  4.485  -30.876  85.955 0.0000000000
61736  4.420  -31.206  85.543 0.0000000000
61737  3.738  -30.854  85.372 0.0000000000
67203  1.883  -25.915  79.737 0.0000000000
64645  2.498  -26.897  79.700 0.0000000000
66010  2.361  -26.228  79.214 0.0000000000
64671  2.716  -26.760  78.039 0.0000000000
66021  2.293  -26.004  78.626 0.0000000000
56240  3.850  -34.287  93.035 0.0000000000
57585  4.052  -33.801  92.487 0.0000000000
59020  4.844  -33.110  91.888 0.0000000000
59011  12.725  -30.725  92.462 0.0000000000
59024  11.503  -31.173  91.690 0.0000000000
59012  11.661  -31.371  92.207 0.0000000000
53816  7.577  -34.520  89.717 0.0000000000
53817  7.156  -34.653  90.270 0.0000000000
53829  6.471  -34.804  89.800 0.0000000000
56239  4.382  -34.812  93.287 0.0000000000
55041  3.565  -34.932  92.708 0.0000000000
69786  2.497  -24.624  86.849 0.0000000000
74172  3.818  -21.210  85.430 0.0000000000
74194  3.510  -21.878  85.054 0.0000000000
72770  4.053  -22.556  84.517 0.0000000000
74193  4.341  -21.604  84.830 0.0000000000
49944  1.513  -39.458  82.790 0.0000000000
51265  1.709  -38.492  82.345 0.0000000000
57620  2.623  -34.296  87.653 0.0000000000
56302  3.256  -35.138  87.255 0.0000000000
57619  3.294  -33.681  87.635 0.0000000000
59046  3.320  -33.078  88.221 0.0000000000
61695  3.253  -30.385  91.638 0.0000000000
60434  2.297  -31.231  91.214 0.0000000000
61702  2.623  -30.487  91.337 0.0000000000
65913  2.185  -27.268  90.008 0.0000000000
67126  1.875  -26.415  89.664 0.0000000000
68352  1.749  -25.700  89.828 0.0000000000
48517  3.874  -38.117  88.536 0.0000000000
48531  3.272  -38.682  87.716 0.0000000000
45662  2.332  -41.463  84.909 0.0000000000
49929  1.579  -39.364  83.794 0.0000000000
55179  2.129  -35.839  81.577 0.0000000000
55193  2.511  -35.992  81.041 0.0000000000
55178  3.205  -35.601  81.635 0.0000000000
57697  6.237  -33.806  80.718 0.0000000000
57717  6.587  -34.265  79.787 0.0000000000
59114  6.866  -33.494  80.040 0.0000000000
64601  2.599  -28.306  83.119 0.0000000000
63154  3.642  -28.950  82.664 0.0000000000
64654  7.306  -28.440  78.179 0.0000000000
63238  7.464  -29.044  78.424 0.0000000000
63263  7.641  -29.322  77.509 0.0000000000
61826  7.707  -30.260  77.308 0.0000000000
61837  7.388  -30.370  76.351 0.0000000000
61838  6.930  -30.792  75.845 0.0000000000
63295  7.366  -29.539  75.658 0.0000000000
66077  5.606  -27.421  72.820 0.0000000000
76847  6.172  -19.512  82.697 0.0000000000
76862  5.424  -19.887  82.398 0.0000000000
72831  5.972  -22.298  78.208 0.0000000000
74258  5.694  -21.617  78.791 0.0000000000
72845  5.599  -22.984  77.625 0.0000000000
71428  5.015  -23.516  77.320 0.0000000000
71446  3.520  -23.671  76.920 0.0000000000
71445  4.394  -23.386  76.687 0.0000000000
60414  5.761  -31.471  93.374 0.0000000000
62984  7.250  -29.614  92.382 0.0000000000
60402  10.875  -31.296  92.790 0.0000000000
60403  10.202  -31.421  93.416 0.0000000000
59015  9.021  -32.115  93.467 0.0000000000
57579  9.103  -32.804  92.975 0.0000000000
56235  8.504  -33.410  92.613 0.0000000000
55036  8.558  -34.153  92.388 0.0000000000
56236  7.716  -33.556  92.665 0.0000000000
78147  3.783  -18.846  87.253 0.0000000000
78152  4.183  -18.913  86.558 0.0000000000
56275  1.483  -35.471  88.093 0.0000000000
56289  1.743  -35.538  87.755 0.0000000000
56288  2.317  -35.145  87.739 0.0000000000
67080  3.935  -26.960  92.687 0.0000000000
68308  3.566  -26.534  92.430 0.0000000000
68319  2.974  -26.018  92.269 0.0000000000
68321  1.572  -25.988  91.963 0.0000000000
69717  1.930  -25.324  92.111 0.0000000000
71212  2.721  -24.308  91.296 0.0000000000
49835  2.323  -38.602  88.714 0.0000000000
48506  2.390  -39.578  89.015 0.0000000000
49849  1.923  -39.214  88.505 0.0000000000
49874  1.788  -39.356  88.068 0.0000000000
47075  2.104  -40.052  86.391 0.0000000000
48554  1.794  -39.824  86.343 0.0000000000
49893  1.490  -39.268  86.188 0.0000000000
52561  1.288  -37.973  86.430 0.0000000000
49905  1.335  -38.828  85.948 0.0000000000
51210  1.274  -38.428  85.623 0.0000000000
51209  1.369  -38.623  85.010 0.0000000000
57642  4.632  -34.130  84.607 0.0000000000
57666  4.787  -34.811  83.062 0.0000000000
57652  4.850  -33.967  83.751 0.0000000000
59070  6.211  -32.691  84.044 0.0000000000
57651  5.795  -33.428  83.818 0.0000000000
57650  6.218  -32.966  83.507 0.0000000000
59075  6.277  -33.224  82.345 0.0000000000
64624  1.930  -27.806  81.203 0.0000000000
63174  2.439  -28.401  81.199 0.0000000000
63196  2.228  -28.129  80.688 0.0000000000
63217  3.688  -27.946  78.782 0.0000000000
64643  3.948  -28.271  79.501 0.0000000000
64658  4.204  -28.084  78.633 0.0000000000
64657  5.165  -27.854  78.493 0.0000000000
66033  5.417  -27.444  77.439 0.0000000000
66032  6.210  -27.565  77.446 0.0000000000
64670  4.728  -27.471  77.380 0.0000000000
67241  3.662  -26.656  76.181 0.0000000000
68459  4.625  -26.252  76.094 0.0000000000
68460  4.117  -26.381  75.767 0.0000000000
68467  4.661  -25.754  75.286 0.0000000000
68468  3.619  -25.973  75.288 0.0000000000
74271  6.419  -21.570  77.470 0.0000000000
72874  5.626  -22.625  75.630 0.0000000000
72873  6.377  -21.804  75.711 0.0000000000
53821  1.942  -35.895  91.573 0.0000000000
55063  1.970  -35.160  91.039 0.0000000000
59027  4.033  -32.683  91.638 0.0000000000
60425  3.795  -31.691  91.459 0.0000000000
60417  4.138  -30.888  91.789 0.0000000000
61682  5.366  -30.353  93.333 0.0000000000
60415  4.946  -31.454  92.935 0.0000000000
62973  4.461  -29.363  92.328 0.0000000000
64456  4.633  -28.321  92.525 0.0000000000
65871  4.898  -27.472  92.422 0.0000000000
60439  12.349  -30.330  90.114 0.0000000000
60431  12.582  -30.641  90.747 0.0000000000
57601  10.739  -31.403  90.267 0.0000000000
57602  10.619  -32.038  90.341 0.0000000000
56232  10.561  -32.567  92.423 0.0000000000
56242  10.457  -32.681  92.103 0.0000000000
56243  10.035  -33.146  91.795 0.0000000000
55069  8.543  -33.930  89.818 0.0000000000
55056  9.063  -33.005  90.521 0.0000000000
55068  9.152  -33.412  90.126 0.0000000000
55082  9.389  -34.062  89.252 0.0000000000
55098  9.074  -34.865  88.447 0.0000000000
55099  8.374  -35.101  88.362 0.0000000000
53854  7.972  -35.624  87.986 0.0000000000
52509  5.721  -35.894  89.255 0.0000000000
51147  4.714  -36.854  89.324 0.0000000000
52510  4.558  -36.351  89.674 0.0000000000
55047  5.918  -34.411  92.006 0.0000000000
53800  5.337  -35.000  92.112 0.0000000000
52490  4.164  -35.702  91.096 0.0000000000
51125  3.697  -36.276  90.353 0.0000000000
53809  2.540  -35.780  91.457 0.0000000000
52492  2.615  -36.373  91.227 0.0000000000
52493  2.133  -36.267  91.644 0.0000000000
65965  2.291  -27.624  86.280 0.0000000000
64563  2.307  -28.462  85.882 0.0000000000
68385  2.225  -26.225  85.504 0.0000000000
65972  2.423  -27.753  85.300 0.0000000000
67176  2.342  -26.569  85.071 0.0000000000
65978  2.169  -27.451  84.389 0.0000000000
67182  2.121  -26.389  84.310 0.0000000000
72755  2.842  -22.823  86.286 0.0000000000
71323  2.987  -23.852  84.497 0.0000000000
69824  2.565  -24.880  84.651 0.0000000000
69843  2.157  -25.176  84.067 0.0000000000
67187  2.116  -26.154  83.595 0.0000000000
68403  2.275  -25.770  82.936 0.0000000000
69840  3.527  -24.366  83.058 0.0000000000
69857  2.992  -24.699  82.390 0.0000000000
69884  1.866  -24.973  80.986 0.0000000000
69870  3.087  -24.773  81.544 0.0000000000
64476  10.363  -29.234  91.126 0.0000000000
62993  9.832  -29.724  91.302 0.0000000000
63013  16.214  -28.370  88.470 0.0000000000
61720  15.391  -28.533  87.690 0.0000000000
61710  15.166  -28.590  89.046 0.0000000000
67100  17.715  -26.477  91.687 0.0000000000
65880  17.894  -27.262  91.259 0.0000000000
64469  18.104  -27.943  90.914 0.0000000000
64483  17.290  -28.157  90.399 0.0000000000
63001  14.893  -29.057  90.297 0.0000000000
61667  14.006  -29.474  92.774 0.0000000000
61687  13.974  -29.642  91.993 0.0000000000
61668  13.769  -29.696  93.068 0.0000000000
60398  13.960  -30.161  92.993 0.0000000000
61664  13.911  -29.881  93.433 0.0000000000
65857  13.265  -27.923  93.378 0.0000000000
64448  12.972  -28.715  93.517 0.0000000000
62961  12.431  -29.496  93.011 0.0000000000
61672  12.126  -29.958  92.974 0.0000000000
62991  11.461  -29.111  91.448 0.0000000000
62980  11.394  -29.414  92.069 0.0000000000
62992  10.729  -29.394  91.551 0.0000000000
62981  10.531  -29.809  92.182 0.0000000000
47172  1.533  -41.864  80.632 0.0000000000
52625  1.708  -37.526  81.915 0.0000000000
53943  1.976  -36.772  81.387 0.0000000000
53915  1.690  -36.984  84.913 0.0000000000
55147  2.590  -36.338  84.821 0.0000000000
56317  3.642  -35.230  85.885 0.0000000000
56332  3.692  -35.492  84.921 0.0000000000
56345  3.425  -35.749  84.104 0.0000000000
55158  3.881  -35.337  84.767 0.0000000000
56343  4.258  -34.875  84.590 0.0000000000
55134  4.243  -34.869  85.297 0.0000000000
59058  3.929  -32.149  87.000 0.0000000000
60465  4.350  -31.372  86.501 0.0000000000
56258  2.493  -34.629  90.249 0.0000000000
59038  1.653  -32.546  90.120 0.0000000000
59041  2.605  -33.083  89.069 0.0000000000
64479  2.895  -28.148  91.494 0.0000000000
64507  2.148  -28.914  90.122 0.0000000000
63005  2.283  -29.731  90.380 0.0000000000
61713  2.551  -30.509  89.722 0.0000000000
60447  2.509  -31.439  89.473 0.0000000000
60446  2.785  -30.937  89.141 0.0000000000
60453  3.127  -31.291  88.573 0.0000000000
61719  2.679  -30.474  88.744 0.0000000000
63015  1.883  -28.881  88.189 0.0000000000
63014  2.324  -29.607  88.421 0.0000000000
64543  2.212  -28.325  87.514 0.0000000000
67141  2.283  -26.098  88.957 0.0000000000
67158  2.204  -26.616  87.937 0.0000000000
69766  2.074  -24.453  87.796 0.0000000000
69733  2.354  -24.588  90.070 0.0000000000
59040  11.739  -31.727  88.877 0.0000000000
60451  11.963  -30.732  88.260 0.0000000000
59050  11.214  -32.177  87.703 0.0000000000
48563  4.313  -39.174  85.514 0.0000000000
47044  2.513  -39.567  87.993 0.0000000000
47043  2.875  -39.185  87.616 0.0000000000
47059  2.648  -39.484  87.006 0.0000000000
48613  1.411  -40.329  81.353 0.0000000000
47173  1.344  -42.221  80.689 0.0000000000
51334  2.915  -38.385  79.589 0.0000000000
51362  3.583  -38.573  79.052 0.0000000000
57699  4.756  -34.969  81.623 0.0000000000
56381  4.176  -35.365  81.320 0.0000000000
56380  4.728  -35.231  80.957 0.0000000000
55207  4.762  -35.847  79.517 0.0000000000
53998  4.554  -36.760  78.811 0.0000000000
52691  4.919  -37.353  78.478 0.0000000000
53997  5.450  -36.599  78.168 0.0000000000
56408  6.725  -35.159  78.161 0.0000000000
55234  5.979  -35.567  77.657 0.0000000000
55248  5.805  -35.503  76.721 0.0000000000
61743  3.509  -30.398  84.656 0.0000000000
61753  3.705  -30.105  84.171 0.0000000000
61764  5.226  -29.660  82.848 0.0000000000
61763  6.170  -30.394  82.638 0.0000000000
60489  6.968  -31.343  82.488 0.0000000000
63194  4.200  -28.839  80.962 0.0000000000
61789  5.009  -29.434  81.279 0.0000000000
63193  5.108  -29.066  80.517 0.0000000000
60522  8.164  -30.426  79.795 0.0000000000
61787  7.241  -29.546  80.683 0.0000000000
60510  8.126  -30.869  80.472 0.0000000000
60498  7.805  -31.578  81.066 0.0000000000
59113  7.452  -32.878  79.718 0.0000000000
59133  7.534  -32.735  78.743 0.0000000000
59167  6.466  -32.212  76.324 0.0000000000
59150  7.027  -32.441  77.577 0.0000000000
59168  6.283  -32.998  76.953 0.0000000000
57797  4.216  -33.674  75.410 0.0000000000
60591  5.782  -31.251  74.815 0.0000000000
61864  4.496  -30.998  74.087 0.0000000000
64705  7.023  -28.341  74.743 0.0000000000
63352  4.519  -29.350  72.361 0.0000000000
63333  5.074  -29.873  72.787 0.0000000000
63334  4.249  -29.961  72.635 0.0000000000
61894  3.024  -30.236  72.614 0.0000000000
78163  5.962  -19.124  84.066 0.0000000000
76831  5.613  -19.945  84.294 0.0000000000
76818  5.341  -20.161  84.919 0.0000000000
75530  5.381  -20.828  84.344 0.0000000000
74192  5.085  -21.654  84.263 0.0000000000
74191  5.517  -21.360  84.016 0.0000000000
72799  5.675  -22.916  82.026 0.0000000000
72789  5.402  -22.735  82.923 0.0000000000
69868  4.760  -24.343  81.387 0.0000000000
74249  4.757  -21.162  80.138 0.0000000000
75581  4.255  -20.690  80.763 0.0000000000
74237  5.079  -21.170  80.915 0.0000000000
69901  4.886  -24.306  78.593 0.0000000000
69891  5.145  -24.288  79.266 0.0000000000
69902  4.350  -24.502  78.826 0.0000000000
69903  3.544  -24.646  79.056 0.0000000000
71416  3.128  -24.434  78.665 0.0000000000
69915  1.985  -24.793  78.168 0.0000000000
69914  2.297  -24.423  77.913 0.0000000000
69944  2.395  -24.521  75.117 0.0000000000
69934  2.161  -24.425  76.118 0.0000000000
68481  3.356  -25.400  74.061 0.0000000000
68482  2.386  -24.774  74.056 0.0000000000
71470  3.289  -23.205  74.541 0.0000000000
61680  7.292  -30.492  93.069 0.0000000000
62969  7.686  -30.168  92.702 0.0000000000
62995  7.809  -29.681  91.293 0.0000000000
60410  9.824  -30.919  93.413 0.0000000000
59016  8.067  -32.178  93.306 0.0000000000
57581  7.479  -33.201  93.306 0.0000000000
55251  3.025  -34.743  74.525 0.0000000000
57777  3.169  -33.899  74.853 0.0000000000
53887  1.480  -37.800  86.601 0.0000000000
55114  2.147  -37.130  87.195 0.0000000000
55102  1.067  -35.954  88.034 0.0000000000
55101  1.402  -35.569  88.446 0.0000000000
51150  2.005  -38.309  89.158 0.0000000000
51160  1.863  -38.573  88.637 0.0000000000
49883  1.365  -38.919  86.660 0.0000000000
51180  1.426  -38.540  87.034 0.0000000000
52546  1.649  -37.977  87.440 0.0000000000
59056  5.347  -32.594  85.999 0.0000000000
57641  5.367  -33.502  84.788 0.0000000000
60463  5.334  -32.196  85.621 0.0000000000
60469  5.288  -32.013  85.190 0.0000000000
60474  5.593  -31.229  84.522 0.0000000000
67194  2.358  -26.218  80.865 0.0000000000
63219  2.732  -27.576  80.045 0.0000000000
63244  2.936  -27.105  78.966 0.0000000000
63243  3.388  -27.315  78.163 0.0000000000
146504  4.184  -27.393  77.158 0.0000000000
146511  3.189  -26.948  77.413 0.0000000000
146506  3.006  -26.751  77.123 0.0000000000
146505  2.473  -26.173  76.866 0.0000000000
55050  3.320  -34.828  91.669 0.0000000000
56249  3.287  -34.411  91.380 0.0000000000
56248  3.418  -34.265  92.117 0.0000000000
57593  3.963  -33.592  91.911 0.0000000000
59026  4.697  -32.480  91.774 0.0000000000
65860  5.755  -27.970  92.669 0.0000000000
65870  5.550  -27.451  92.226 0.0000000000
59030  12.980  -30.886  91.541 0.0000000000
59031  12.162  -30.764  91.287 0.0000000000
57596  10.781  -31.826  91.343 0.0000000000
55035  9.321  -34.109  92.177 0.0000000000
55043  9.529  -33.514  91.748 0.0000000000
55044  9.146  -34.016  91.495 0.0000000000
55070  8.030  -34.473  89.468 0.0000000000
52500  5.470  -35.335  89.956 0.0000000000
55039  5.311  -34.930  93.032 0.0000000000
53801  5.076  -35.242  93.008 0.0000000000
57572  4.886  -35.126  95.068 0.0000000000
53802  4.576  -35.272  93.157 0.0000000000
52487  3.936  -35.686  91.921 0.0000000000
52491  3.611  -35.753  91.218 0.0000000000
53807  3.793  -35.307  91.927 0.0000000000
55061  3.502  -34.957  91.762 0.0000000000
68384  2.115  -25.739  86.155 0.0000000000
69807  2.654  -24.765  85.811 0.0000000000
74195  2.881  -22.083  85.263 0.0000000000
71340  2.875  -24.346  83.790 0.0000000000
71339  3.392  -24.067  83.716 0.0000000000
71321  4.130  -23.074  84.003 0.0000000000
71338  4.352  -23.656  83.379 0.0000000000
65881  16.716  -27.101  91.380 0.0000000000
62988  14.825  -28.842  91.251 0.0000000000
62977  14.542  -28.699  92.680 0.0000000000
62965  14.180  -28.837  93.209 0.0000000000
62966  12.211  -29.203  92.460 0.0000000000
49976  1.625  -39.400  80.842 0.0000000000
56319  2.667  -35.790  86.600 0.0000000000
56334  2.747  -35.735  85.909 0.0000000000
56318  3.022  -35.523  86.395 0.0000000000
56316  4.372  -34.827  85.834 0.0000000000
56301  3.819  -34.471  86.837 0.0000000000
59029  2.863  -32.654  90.776 0.0000000000
60427  2.418  -31.884  90.828 0.0000000000
60435  1.834  -31.463  90.675 0.0000000000
61704  1.139  -30.922  91.234 0.0000000000
64481  2.447  -27.567  90.981 0.0000000000
64494  2.293  -28.022  90.455 0.0000000000
64525  1.718  -28.269  88.714 0.0000000000
65950  1.876  -27.617  88.478 0.0000000000
67142  2.154  -26.923  88.775 0.0000000000
68351  2.278  -25.235  89.369 0.0000000000
57616  10.776  -32.524  87.368 0.0000000000
56285  10.509  -33.307  87.194 0.0000000000
49872  5.151  -38.018  87.980 0.0000000000
48530  4.424  -38.425  87.643 0.0000000000
48544  3.932  -38.928  86.894 0.0000000000
47057  3.592  -39.164  86.778 0.0000000000
47074  2.545  -40.152  86.163 0.0000000000
48574  1.589  -40.091  84.425 0.0000000000
52657  2.351  -37.662  80.662 0.0000000000
52676  2.427  -38.299  80.148 0.0000000000
52656  2.967  -37.400  80.194 0.0000000000
53958  3.401  -36.864  80.100 0.0000000000
57698  5.520  -34.640  81.316 0.0000000000
56379  5.771  -35.078  80.433 0.0000000000
55206  5.516  -35.803  79.292 0.0000000000
55219  5.853  -35.822  78.535 0.0000000000
63123  3.464  -29.588  83.588 0.0000000000
63153  4.090  -29.342  83.064 0.0000000000
63215  6.062  -28.778  79.748 0.0000000000
63191  6.563  -29.073  80.136 0.0000000000
63214  6.944  -29.135  79.651 0.0000000000
61799  7.832  -29.902  79.313 0.0000000000
60536  8.241  -30.915  78.548 0.0000000000
59132  8.036  -31.977  78.119 0.0000000000
60549  7.782  -31.116  77.563 0.0000000000
59186  6.034  -32.045  75.750 0.0000000000
60575  6.394  -31.426  75.541 0.0000000000
60590  6.254  -31.005  74.891 0.0000000000
61862  6.045  -30.600  74.345 0.0000000000
66067  6.384  -27.388  73.656 0.0000000000
66076  6.178  -27.888  72.995 0.0000000000
64738  4.237  -28.639  72.002 0.0000000000
78176  6.355  -19.245  83.255 0.0000000000
75548  5.480  -20.772  83.451 0.0000000000
75547  5.492  -21.141  83.637 0.0000000000
75549  5.077  -20.938  83.022 0.0000000000
74219  5.120  -21.269  82.797 0.0000000000
74226  5.595  -22.161  81.699 0.0000000000
75590  5.077  -21.206  79.403 0.0000000000
72821  5.903  -22.632  80.051 0.0000000000
71413  5.322  -23.883  78.231 0.0000000000
71430  3.540  -23.873  77.836 0.0000000000
71447  2.808  -24.076  77.379 0.0000000000
71471  2.532  -23.900  74.991 0.0000000000
61692  6.915  -30.051  92.870 0.0000000000
64464  6.466  -29.103  92.613 0.0000000000
60401  11.876  -30.925  93.211 0.0000000000
59013  11.314  -31.743  92.334 0.0000000000
59006  11.159  -31.697  92.652 0.0000000000
57574  10.491  -32.507  92.843 0.0000000000
59008  9.806  -31.923  93.603 0.0000000000
57578  9.893  -32.813  93.044 0.0000000000
55046  7.368  -33.812  91.832 0.0000000000
56245  7.157  -33.676  92.398 0.0000000000
56246  6.473  -33.740  92.424 0.0000000000
57591  6.063  -33.817  92.787 0.0000000000
57583  5.370  -33.731  92.942 0.0000000000
72735  1.953  -22.484  87.824 0.0000000000
72742  2.585  -22.874  87.065 0.0000000000
75506  2.491  -20.838  87.006 0.0000000000
74160  2.685  -21.265  86.459 0.0000000000
76803  3.134  -19.638  87.454 0.0000000000
75505  3.061  -20.501  86.653 0.0000000000
75517  3.708  -20.540  85.949 0.0000000000
76820  4.226  -20.002  85.920 0.0000000000
51227  1.546  -38.511  84.333 0.0000000000
55136  2.168  -36.648  85.809 0.0000000000
55124  2.217  -36.978  86.656 0.0000000000
55125  2.441  -36.304  86.646 0.0000000000
57614  2.733  -33.682  88.242 0.0000000000
64468  3.778  -29.024  90.994 0.0000000000
62987  3.025  -29.629  91.582 0.0000000000
64467  3.554  -28.362  91.441 0.0000000000
65887  3.095  -27.590  91.715 0.0000000000
65888  2.700  -27.389  91.531 0.0000000000
67093  2.291  -26.825  92.297 0.0000000000
65873  2.298  -27.140  91.978 0.0000000000
67094  1.703  -26.733  92.184 0.0000000000
67107  1.769  -26.568  91.481 0.0000000000
68333  1.753  -25.941  91.229 0.0000000000
68341  1.650  -25.868  90.426 0.0000000000
69726  2.455  -25.099  91.172 0.0000000000
48494  3.443  -38.220  89.206 0.0000000000
48518  2.818  -38.939  88.120 0.0000000000
48505  2.693  -38.841  88.296 0.0000000000
47033  2.493  -40.440  89.094 0.0000000000
47045  2.313  -40.275  88.595 0.0000000000
49863  1.957  -39.484  88.764 0.0000000000
48533  1.990  -39.893  88.325 0.0000000000
45663  1.845  -41.442  85.010 0.0000000000
49917  1.528  -39.158  84.589 0.0000000000
57667  4.335  -35.323  83.105 0.0000000000
56368  3.731  -35.427  82.093 0.0000000000
57683  4.296  -35.242  82.446 0.0000000000
57682  4.765  -34.821  82.277 0.0000000000
56366  5.584  -34.288  82.081 0.0000000000
59083  6.463  -33.048  82.029 0.0000000000
57679  6.689  -33.287  81.445 0.0000000000
64614  2.287  -27.992  82.324 0.0000000000
64622  2.613  -28.354  81.847 0.0000000000
64633  4.473  -28.595  80.120 0.0000000000
64644  3.597  -28.099  79.990 0.0000000000
63241  5.423  -28.638  79.246 0.0000000000
63240  6.041  -28.676  79.054 0.0000000000
64655  6.991  -28.213  78.405 0.0000000000
64680  7.132  -28.209  77.406 0.0000000000
64679  7.364  -28.631  76.875 0.0000000000
66038  6.799  -27.943  76.727 0.0000000000
66048  6.725  -27.438  75.691 0.0000000000
67230  6.272  -26.949  75.698 0.0000000000
66050  4.698  -27.085  76.702 0.0000000000
68458  5.198  -26.229  76.354 0.0000000000
67247  6.262  -26.690  74.454 0.0000000000
67248  5.705  -26.484  73.898 0.0000000000
67249  5.011  -26.087  73.609 0.0000000000
68494  4.406  -25.577  73.395 0.0000000000
72860  5.700  -22.724  76.684 0.0000000000
71457  4.843  -23.307  75.900 0.0000000000
71456  5.402  -23.144  76.146 0.0000000000
72893  6.053  -21.896  74.879 0.0000000000
54045  4.517  -36.632  75.341 0.0000000000
53832  1.192  -36.294  90.058 0.0000000000
55075  1.145  -35.861  89.569 0.0000000000
57595  3.258  -33.632  90.945 0.0000000000
59025  5.101  -32.369  92.247 0.0000000000
60423  4.728  -31.793  92.216 0.0000000000
60416  4.327  -31.096  92.477 0.0000000000
62974  4.202  -29.451  91.619 0.0000000000
64458  4.284  -29.251  90.932 0.0000000000
65862  3.883  -27.872  92.636 0.0000000000
67091  4.510  -26.730  92.497 0.0000000000
67090  5.077  -26.614  92.144 0.0000000000
60443  13.454  -29.756  89.803 0.0000000000
60450  12.727  -30.342  88.654 0.0000000000
60444  12.638  -30.743  89.248 0.0000000000
59036  11.170  -30.853  90.528 0.0000000000
57607  11.122  -32.333  89.351 0.0000000000
55096  9.835  -33.832  88.069 0.0000000000
57576  11.349  -31.802  92.065 0.0000000000
57588  10.603  -32.437  91.648 0.0000000000
57597  10.327  -32.376  90.953 0.0000000000
56244  9.337  -32.999  91.452 0.0000000000
57598  9.862  -32.688  90.654 0.0000000000
56263  9.885  -33.757  89.307 0.0000000000
55081  9.888  -34.028  89.021 0.0000000000
55113  10.075  -34.877  87.516 0.0000000000
51157  5.555  -36.963  88.711 0.0000000000
49860  4.664  -37.433  88.682 0.0000000000
49861  4.160  -37.711  88.860 0.0000000000
49846  4.043  -37.648  89.272 0.0000000000
52488  5.369  -35.413  90.848 0.0000000000
53805  5.173  -35.374  91.768 0.0000000000
52489  4.710  -35.626  90.976 0.0000000000
52501  4.676  -35.776  89.971 0.0000000000
52511  4.309  -36.501  89.757 0.0000000000
51138  3.858  -36.953  89.795 0.0000000000
49847  3.694  -37.979  89.266 0.0000000000
49833  3.483  -37.941  89.445 0.0000000000
51140  2.735  -37.309  89.757 0.0000000000
51127  2.597  -36.688  90.406 0.0000000000
52512  2.209  -37.095  89.876 0.0000000000
52513  1.671  -37.028  89.978 0.0000000000
63041  2.606  -29.497  86.426 0.0000000000
63066  2.697  -29.465  85.543 0.0000000000
63067  2.362  -28.933  85.610 0.0000000000
64576  2.807  -28.934  85.096 0.0000000000
65971  2.752  -28.438  84.958 0.0000000000
64590  2.371  -28.825  84.523 0.0000000000
64591  2.200  -28.362  84.163 0.0000000000
64602  2.302  -27.849  83.651 0.0000000000
65984  2.529  -27.437  82.962 0.0000000000
68400  2.458  -25.722  84.539 0.0000000000
68401  2.082  -25.675  84.097 0.0000000000
65990  1.696  -27.251  82.366 0.0000000000
67191  2.091  -26.465  81.522 0.0000000000
69858  2.440  -25.009  82.593 0.0000000000
68406  2.686  -25.866  81.919 0.0000000000
68407  2.580  -25.945  81.276 0.0000000000
68410  1.894  -25.445  80.975 0.0000000000
68416  2.019  -25.408  80.534 0.0000000000
68415  2.733  -25.480  80.330 0.0000000000
61699  9.474  -30.314  91.702 0.0000000000
62994  8.719  -30.250  91.271 0.0000000000
63002  9.504  -29.438  90.527 0.0000000000
60448  14.172  -29.354  88.962 0.0000000000
63008  16.680  -28.316  89.418 0.0000000000
63009  15.919  -28.367  89.343 0.0000000000
64484  16.223  -28.201  90.472 0.0000000000
61705  15.092  -28.844  89.625 0.0000000000
61711  14.446  -29.350  89.567 0.0000000000
61712  14.011  -29.619  89.457 0.0000000000
60442  14.127  -30.017  90.044 0.0000000000
60428  14.015  -29.673  91.538 0.0000000000
60429  13.826  -29.988  91.204 0.0000000000
60421  13.243  -30.662  91.727 0.0000000000
60406  13.284  -30.379  92.465 0.0000000000
59010  13.098  -30.296  92.846 0.0000000000
59004  12.879  -30.294  92.969 0.0000000000
64451  14.287  -28.247  93.373 0.0000000000
64446  13.930  -28.172  93.698 0.0000000000
64447  13.430  -28.634  93.604 0.0000000000
62959  13.697  -29.072  93.457 0.0000000000
62956  13.212  -30.128  93.771 0.0000000000
61670  12.944  -30.022  93.550 0.0000000000
60400  12.761  -30.187  93.218 0.0000000000
61676  11.520  -30.259  92.940 0.0000000000
62967  11.377  -29.777  92.689 0.0000000000
61677  10.470  -30.380  92.738 0.0000000000
61688  10.400  -30.092  92.503 0.0000000000
61689  9.911  -30.295  92.256 0.0000000000
51311  1.934  -38.412  80.877 0.0000000000
56357  3.436  -35.802  83.120 0.0000000000
57668  3.942  -35.612  83.134 0.0000000000
57643  4.411  -34.547  84.530 0.0000000000
57633  4.910  -33.792  85.308 0.0000000000
56300  4.473  -34.115  86.344 0.0000000000
57624  4.910  -33.368  86.119 0.0000000000
57623  5.313  -33.100  86.014 0.0000000000
61732  3.848  -30.667  86.309 0.0000000000
55088  1.723  -35.430  89.136 0.0000000000
57605  1.993  -33.626  90.096 0.0000000000
56264  3.071  -34.260  89.125 0.0000000000
57608  3.071  -33.846  89.100 0.0000000000
62998  1.386  -30.428  91.125 0.0000000000
63007  0.939  -30.362  90.931 0.0000000000
63006  1.737  -30.239  90.905 0.0000000000
60440  1.755  -31.502  90.326 0.0000000000
59048  2.378  -31.994  89.091 0.0000000000
59047  2.847  -32.427  88.807 0.0000000000
59053  3.404  -32.120  88.103 0.0000000000
60460  3.546  -31.162  87.715 0.0000000000
61733  3.131  -30.369  86.938 0.0000000000
65949  2.031  -27.585  87.900 0.0000000000
71273  1.760  -23.180  87.866 0.0000000000
69742  2.410  -24.474  89.365 0.0000000000
71255  2.188  -23.495  88.493 0.0000000000
72736  1.704  -22.942  88.138 0.0000000000
74152  2.110  -21.614  88.231 0.0000000000
60458  11.657  -30.713  87.477 0.0000000000
60461  11.708  -31.118  86.469 0.0000000000
48532  3.136  -38.854  87.958 0.0000000000
47058  3.226  -39.317  86.807 0.0000000000
45660  3.549  -40.939  84.335 0.0000000000
51363  2.778  -39.116  79.553 0.0000000000
55177  3.773  -35.546  81.400 0.0000000000
55192  3.648  -35.848  80.775 0.0000000000
55191  4.640  -35.545  80.188 0.0000000000
53979  3.901  -36.824  79.407 0.0000000000
52692  4.220  -37.584  79.061 0.0000000000
51361  5.002  -38.390  78.561 0.0000000000
55268  4.591  -35.474  75.203 0.0000000000
60471  3.849  -31.074  84.765 0.0000000000
60475  4.329  -31.037  84.590 0.0000000000
61752  4.214  -30.128  83.930 0.0000000000
60481  5.710  -30.780  83.759 0.0000000000
60480  6.384  -31.243  83.497 0.0000000000
59082  7.107  -32.487  81.919 0.0000000000
57678  7.247  -32.967  81.287 0.0000000000
61776  4.140  -29.140  81.755 0.0000000000
61775  4.847  -29.290  81.969 0.0000000000
61773  6.845  -30.221  81.769 0.0000000000
59081  7.557  -32.344  81.239 0.0000000000
59093  7.236  -33.130  80.391 0.0000000000
57716  7.327  -33.641  79.267 0.0000000000
57759  6.431  -33.816  77.757 0.0000000000
57758  6.624  -33.136  77.894 0.0000000000
56434  5.595  -34.598  76.173 0.0000000000
56454  4.964  -34.522  75.346 0.0000000000
56455  3.841  -34.455  75.192 0.0000000000
57798  3.400  -33.670  75.099 0.0000000000
64704  7.374  -28.942  75.266 0.0000000000
63314  6.609  -29.614  74.412 0.0000000000
61877  5.592  -30.543  73.878 0.0000000000
64719  6.297  -28.686  73.282 0.0000000000
61878  5.119  -30.557  73.554 0.0000000000
61865  3.850  -31.044  73.826 0.0000000000
78151  4.751  -18.761  86.011 0.0000000000
78156  5.122  -18.965  85.137 0.0000000000
75515  4.903  -20.445  84.927 0.0000000000
72769  4.652  -22.280  84.326 0.0000000000
71337  5.066  -23.233  83.143 0.0000000000
74210  5.294  -21.615  83.452 0.0000000000
71355  4.493  -24.052  82.578 0.0000000000
69869  3.896  -24.565  81.429 0.0000000000
69882  3.193  -24.932  80.657 0.0000000000
68422  3.006  -25.677  79.946 0.0000000000
74227  5.219  -21.363  81.899 0.0000000000
72810  5.621  -22.782  81.032 0.0000000000
71385  5.468  -23.548  80.210 0.0000000000
69880  4.882  -24.248  80.387 0.0000000000
69893  3.448  -25.267  79.815 0.0000000000
69894  2.912  -25.389  79.654 0.0000000000
68432  1.994  -25.234  78.314 0.0000000000
67217  1.927  -25.610  77.264 0.0000000000
146507  2.115  -25.693  76.828 0.0000000000
69923  2.095  -24.397  77.068 0.0000000000
68461  2.112  -25.259  76.396 0.0000000000
68483  1.711  -24.348  73.933 0.0000000000
69955  3.030  -24.534  73.436 0.0000000000
68504  4.350  -25.572  72.614 0.0000000000
47032  2.811  -40.218  88.705 0.0000000000
47072  3.626  -39.261  86.210 0.0000000000
48495  3.262  -38.417  89.090 0.0000000000
48503  3.788  -38.029  88.985 0.0000000000
48519  2.697  -39.933  89.140 0.0000000000
49832  3.769  -37.450  89.637 0.0000000000
49845  4.427  -37.289  89.105 0.0000000000
49848  2.428  -38.926  88.400 0.0000000000
49862  1.923  -39.281  88.857 0.0000000000
49873  1.839  -39.301  88.541 0.0000000000
49894  1.358  -38.867  86.285 0.0000000000
51137  4.833  -36.207  89.639 0.0000000000
51146  5.273  -36.501  89.247 0.0000000000
51149  2.220  -37.673  89.761 0.0000000000
51158  4.957  -37.049  88.895 0.0000000000
51169  1.656  -38.991  88.246 0.0000000000
51192  1.355  -38.292  86.621 0.0000000000
51193  1.262  -38.386  86.216 0.0000000000
51335  2.536  -38.694  79.881 0.0000000000
52503  2.218  -36.865  90.521 0.0000000000
52514  0.965  -36.828  89.869 0.0000000000
52560  1.542  -37.965  86.866 0.0000000000
52580  1.113  -37.840  85.968 0.0000000000
52655  3.222  -37.326  79.995 0.0000000000
53796  5.179  -36.100  94.229 0.0000000000
53797  5.050  -36.194  94.041 0.0000000000
53798  5.361  -35.978  93.968 0.0000000000
53799  5.275  -35.645  94.020 0.0000000000
53803  3.937  -35.381  92.581 0.0000000000
53819  3.635  -35.126  91.879 0.0000000000
53820  3.561  -35.191  91.650 0.0000000000
53886  1.827  -37.566  86.829 0.0000000000
54013  5.835  -36.177  77.376 0.0000000000
55029  4.985  -35.915  94.585 0.0000000000
55030  5.249  -35.966  94.430 0.0000000000
55031  4.815  -36.007  94.290 0.0000000000
55032  4.969  -35.996  94.299 0.0000000000
55033  5.280  -35.576  93.959 0.0000000000
55034  9.589  -33.649  91.995 0.0000000000
55038  5.360  -34.908  92.520 0.0000000000
55049  3.529  -35.002  92.068 0.0000000000
55062  3.341  -34.995  91.481 0.0000000000
55100  7.960  -35.232  88.330 0.0000000000
55135  4.063  -35.068  85.413 0.0000000000
55145  4.150  -34.966  85.013 0.0000000000
55148  2.774  -35.993  85.487 0.0000000000
55157  4.062  -35.164  84.749 0.0000000000
55194  1.933  -36.090  81.064 0.0000000000
55250  3.447  -34.993  74.664 0.0000000000
55287  3.447  -36.444  74.741 0.0000000000
56226  4.974  -35.609  94.891 0.0000000000
56227  4.986  -35.848  94.933 0.0000000000
56228  10.616  -32.484  92.648 0.0000000000
56229  10.458  -32.654  92.608 0.0000000000
56230  4.981  -35.399  94.702 0.0000000000
56231  4.914  -34.960  94.089 0.0000000000
56241  3.476  -34.267  92.687 0.0000000000
56247  5.607  -34.191  92.633 0.0000000000
56250  9.426  -32.951  90.390 0.0000000000
56251  9.245  -32.673  90.840 0.0000000000
56255  10.554  -32.653  89.859 0.0000000000
56272  10.027  -33.827  88.486 0.0000000000
56273  2.935  -34.292  88.835 0.0000000000
56287  2.950  -34.702  87.586 0.0000000000
56315  4.658  -34.175  85.621 0.0000000000
56330  4.627  -34.167  85.110 0.0000000000
56344  3.983  -35.266  84.363 0.0000000000
56354  5.696  -34.064  82.300 0.0000000000
56355  5.496  -34.297  82.309 0.0000000000
56356  3.754  -35.575  82.576 0.0000000000
56365  5.704  -34.179  82.035 0.0000000000
56436  3.295  -34.335  74.766 0.0000000000
56456  3.333  -34.098  75.081 0.0000000000
57575  4.865  -35.087  94.413 0.0000000000
57577  11.065  -32.100  92.202 0.0000000000
57586  3.598  -33.902  92.284 0.0000000000
57590  9.597  -32.554  91.178 0.0000000000
57592  5.767  -33.977  92.842 0.0000000000
57599  9.560  -32.517  90.903 0.0000000000
57604  10.042  -32.820  90.220 0.0000000000
57606  10.869  -31.469  89.950 0.0000000000
57611  11.011  -32.344  87.986 0.0000000000
57612  10.943  -32.374  87.836 0.0000000000
57617  10.972  -32.348  87.530 0.0000000000
57618  11.016  -32.322  87.655 0.0000000000
57621  2.482  -34.785  87.712 0.0000000000
57626  2.727  -34.800  87.643 0.0000000000
57627  2.768  -35.086  87.608 0.0000000000
57655  3.736  -35.640  83.459 0.0000000000
57663  6.314  -32.808  83.163 0.0000000000
57695  7.407  -32.889  80.851 0.0000000000
57778  3.061  -33.923  74.562 0.0000000000
59002  4.958  -35.340  94.559 0.0000000000
59003  13.115  -30.157  92.951 0.0000000000
59009  4.720  -35.269  93.810 0.0000000000
59014  9.675  -32.395  93.388 0.0000000000
59022  13.016  -30.824  91.748 0.0000000000
59033  4.325  -32.139  91.601 0.0000000000
59034  4.110  -32.027  91.501 0.0000000000
59037  10.653  -31.280  90.883 0.0000000000
59043  11.524  -31.812  88.042 0.0000000000
59044  11.228  -32.228  87.992 0.0000000000
59045  10.998  -32.346  87.932 0.0000000000
59051  11.122  -32.274  87.829 0.0000000000
59062  5.541  -32.709  85.378 0.0000000000
59065  6.298  -32.059  84.331 0.0000000000
59069  6.389  -32.271  83.631 0.0000000000
59094  6.801  -33.456  80.480 0.0000000000
59151  6.483  -33.062  77.575 0.0000000000
60397  13.276  -30.249  93.777 0.0000000000
60399  13.379  -30.013  93.322 0.0000000000
60405  13.547  -29.834  92.837 0.0000000000
60407  13.044  -30.794  91.971 0.0000000000
60419  13.983  -29.657  91.778 0.0000000000
60422  13.069  -30.861  91.713 0.0000000000
60432  4.299  -31.892  91.593 0.0000000000
60433  4.071  -31.717  91.496 0.0000000000
60441  1.125  -31.060  90.669 0.0000000000
60459  3.487  -30.867  88.013 0.0000000000
60476  3.871  -30.817  84.567 0.0000000000
60509  8.157  -30.438  80.032 0.0000000000
60523  8.226  -30.677  79.616 0.0000000000
60535  8.115  -30.653  77.899 0.0000000000
60548  7.954  -30.741  77.703 0.0000000000
60550  7.370  -31.705  77.364 0.0000000000
60562  7.372  -30.759  77.037 0.0000000000
60592  4.867  -31.380  74.837 0.0000000000
61665  13.616  -30.287  93.600 0.0000000000
61666  13.463  -30.415  93.915 0.0000000000
61669  13.891  -30.165  93.620 0.0000000000
61674  13.830  -29.698  92.531 0.0000000000
61675  11.803  -30.531  93.169 0.0000000000
61685  3.722  -30.226  91.997 0.0000000000
61686  14.349  -29.360  91.726 0.0000000000
61691  7.200  -30.039  92.778 0.0000000000
61693  4.026  -31.672  91.496 0.0000000000
61694  3.971  -31.449  91.520 0.0000000000
61700  4.195  -31.758  91.592 0.0000000000
61701  4.155  -31.504  91.618 0.0000000000
61707  2.202  -30.454  90.467 0.0000000000
61708  1.370  -30.757  90.638 0.0000000000
61709  0.833  -30.832  90.937 0.0000000000
61717  14.213  -29.401  89.237 0.0000000000
61718  3.192  -30.723  88.323 0.0000000000
61725  3.341  -30.683  88.095 0.0000000000
61742  4.024  -30.540  84.344 0.0000000000
61751  5.097  -30.185  83.748 0.0000000000
61766  3.849  -29.045  82.124 0.0000000000
61785  8.044  -30.201  79.815 0.0000000000
61786  7.868  -30.060  80.100 0.0000000000
61790  4.513  -29.255  81.460 0.0000000000
61798  8.088  -30.304  79.592 0.0000000000
61812  7.974  -30.464  77.702 0.0000000000
61825  7.812  -30.627  77.532 0.0000000000
61850  7.133  -30.233  75.586 0.0000000000
61851  6.576  -30.488  75.133 0.0000000000
61893  3.701  -30.247  72.790 0.0000000000
62954  13.603  -29.586  93.401 0.0000000000
62955  13.338  -29.872  93.605 0.0000000000
62957  14.060  -29.265  93.066 0.0000000000
62963  14.352  -29.096  92.666 0.0000000000
62964  14.320  -28.901  92.969 0.0000000000
62978  14.379  -28.765  92.983 0.0000000000
62982  10.081  -30.045  91.862 0.0000000000
62996  2.704  -28.674  91.304 0.0000000000
62999  0.925  -30.628  91.141 0.0000000000
63012  16.800  -28.462  89.017 0.0000000000
63020  15.591  -28.404  87.196 0.0000000000
63022  2.027  -28.705  87.782 0.0000000000
63042  2.172  -29.066  86.020 0.0000000000
63092  3.358  -29.901  84.243 0.0000000000
63094  2.064  -29.049  84.072 0.0000000000
63121  4.857  -29.667  83.315 0.0000000000
63125  2.258  -28.591  83.723 0.0000000000
63152  4.603  -29.431  83.067 0.0000000000
63175  2.031  -28.277  81.125 0.0000000000
63192  6.069  -28.971  80.404 0.0000000000
63213  7.323  -29.154  79.122 0.0000000000
63242  3.853  -27.741  78.293 0.0000000000
63264  2.936  -26.850  77.635 0.0000000000
63313  7.190  -29.266  74.988 0.0000000000
64465  5.210  -27.792  92.454 0.0000000000
64600  3.091  -28.818  83.124 0.0000000000
64615  1.710  -27.728  81.830 0.0000000000
64632  4.930  -28.678  79.993 0.0000000000
64634  3.878  -28.372  80.258 0.0000000000
64635  2.277  -27.415  80.493 0.0000000000
64656  6.215  -28.124  78.567 0.0000000000
64660  2.617  -26.608  78.848 0.0000000000
64668  7.365  -28.602  77.753 0.0000000000
64669  7.200  -28.090  77.981 0.0000000000
64689  7.366  -28.646  75.862 0.0000000000
64690  7.128  -28.093  75.536 0.0000000000
64720  5.688  -29.308  72.927 0.0000000000
64736  5.917  -28.155  72.771 0.0000000000
65849  13.614  -28.005  93.681 0.0000000000
65850  13.348  -28.338  93.596 0.0000000000
65859  6.003  -27.849  92.642 0.0000000000
65874  1.992  -27.145  92.224 0.0000000000
65889  2.228  -27.168  91.604 0.0000000000
65991  1.588  -27.129  81.694 0.0000000000
66009  2.331  -25.989  78.988 0.0000000000
66018  6.936  -27.869  78.120 0.0000000000
66020  5.885  -27.490  78.165 0.0000000000
66031  6.821  -27.855  77.684 0.0000000000
66037  7.254  -28.290  76.363 0.0000000000
66040  5.010  -27.260  76.792 0.0000000000
66049  6.165  -27.098  75.943 0.0000000000
66051  4.413  -27.267  76.896 0.0000000000
66061  3.401  -26.914  77.011 0.0000000000
66068  5.802  -26.977  73.361 0.0000000000
67081  3.484  -27.123  92.423 0.0000000000
67105  2.958  -27.133  91.668 0.0000000000
67106  2.728  -27.017  91.804 0.0000000000
67175  2.555  -26.202  85.062 0.0000000000
67181  2.526  -26.160  84.823 0.0000000000
67197  1.880  -25.807  80.372 0.0000000000
67202  2.333  -25.813  79.193 0.0000000000
67209  2.240  -25.681  78.668 0.0000000000
67210  1.948  -25.643  78.117 0.0000000000
67223  5.325  -26.828  76.460 0.0000000000
67224  4.893  -26.855  76.597 0.0000000000
67231  5.817  -26.540  75.905 0.0000000000
67232  4.571  -26.786  76.530 0.0000000000
67233  4.184  -26.733  76.371 0.0000000000
67238  6.367  -26.710  75.246 0.0000000000
67239  5.734  -25.990  74.990 0.0000000000
67240  5.074  -25.955  74.363 0.0000000000
68309  3.247  -26.618  92.284 0.0000000000
68332  2.030  -25.603  90.905 0.0000000000
68396  2.424  -26.215  85.230 0.0000000000
68404  2.128  -25.466  83.682 0.0000000000
68409  2.366  -25.425  81.335 0.0000000000
68414  3.145  -25.514  80.196 0.0000000000
68424  1.902  -25.663  80.084 0.0000000000
68431  2.342  -25.376  78.835 0.0000000000
68443  1.639  -25.047  77.586 0.0000000000
68450  5.071  -26.560  76.521 0.0000000000
68451  4.812  -26.483  76.449 0.0000000000
68452  1.718  -24.810  76.879 0.0000000000
68453  1.712  -24.684  77.281 0.0000000000
68470  2.203  -24.575  74.484 0.0000000000
69727  1.991  -25.557  91.295 0.0000000000
69767  1.842  -23.667  87.879 0.0000000000
69855  4.421  -24.184  82.027 0.0000000000
69872  1.945  -25.139  81.260 0.0000000000
69905  2.220  -24.979  78.489 0.0000000000
69924  1.850  -24.626  77.615 0.0000000000
69957  1.619  -23.881  73.882 0.0000000000
71256  1.755  -23.364  88.119 0.0000000000
71322  3.701  -23.321  84.168 0.0000000000
71414  4.347  -24.093  78.234 0.0000000000
71431  2.925  -24.206  78.230 0.0000000000
71472  1.960  -24.071  74.635 0.0000000000
72724  1.886  -22.148  88.265 0.0000000000
72726  1.915  -23.108  88.319 0.0000000000
72734  1.927  -21.985  88.092 0.0000000000
72844  6.129  -22.276  77.458 0.0000000000
74142  1.932  -21.937  88.547 0.0000000000
74209  5.506  -21.347  83.770 0.0000000000
74218  5.382  -22.004  82.486 0.0000000000
76832  5.411  -19.637  85.013 0.0000000000
76848  5.815  -19.854  83.308 0.0000000000
146391  4.528  -35.171  93.479 0.0000000000
146503  4.396  -27.449  77.236 0.0000000000
146508  3.216  -26.875  77.169 0.0000000000
146509  2.936  -26.635  76.742 0.0000000000
146510  2.345  -25.652  76.179 0.0000000000
