#!ascii label  , from subject 3788 vox2ras=TkReg
1654
45656  9.768  -43.268  85.376 0.0000000000
78519  43.232  -19.315  58.773 0.0000000000
56499  26.482  -35.571  72.781 0.0000000000
55238  36.220  -35.990  76.755 0.0000000000
55283  19.392  -35.563  74.197 0.0000000000
52556  16.928  -37.777  86.533 0.0000000000
83792  53.466  -14.616  51.220 0.0000000000
81015  52.601  -16.591  60.628 0.0000000000
69997  38.259  -24.623  69.434 0.0000000000
90170  56.533  -9.264  42.260 0.0000000000
56372  26.023  -34.542  79.858 0.0000000000
48550  14.166  -41.289  87.580 0.0000000000
81069  54.397  -17.039  55.746 0.0000000000
81093  49.041  -17.020  55.370 0.0000000000
77113  42.981  -20.730  64.648 0.0000000000
79666  46.986  -18.323  65.303 0.0000000000
74515  39.490  -22.814  63.578 0.0000000000
59316  34.239  -32.635  69.678 0.0000000000
54053  31.334  -37.587  74.266 0.0000000000
57689  21.628  -34.311  80.441 0.0000000000
56313  19.949  -34.926  86.262 0.0000000000
53953  18.099  -36.724  80.092 0.0000000000
48619  15.215  -41.075  79.722 0.0000000000
59229  22.275  -33.355  73.219 0.0000000000
87736  57.747  -12.621  51.920 0.0000000000
85018  58.363  -14.847  55.240 0.0000000000
79750  47.730  -17.824  59.906 0.0000000000
74374  39.430  -22.098  70.957 0.0000000000
63337  37.964  -30.179  72.392 0.0000000000
87806  54.440  -12.365  46.434 0.0000000000
92477  58.386  -9.561  47.637 0.0000000000
93718  60.590  -7.761  44.148 0.0000000000
56348  25.475  -34.567  82.026 0.0000000000
47069  11.587  -42.284  86.489 0.0000000000
49840  12.444  -40.231  90.575 0.0000000000
48512  10.121  -41.236  89.979 0.0000000000
82426  48.547  -16.389  52.713 0.0000000000
74437  43.980  -21.910  66.836 0.0000000000
77040  45.552  -20.489  67.590 0.0000000000
42122  5.223  -45.553  87.426 0.0000000000
73126  39.493  -22.693  60.676 0.0000000000
56553  27.364  -35.499  70.560 0.0000000000
56522  30.388  -35.283  70.872 0.0000000000
55298  28.797  -36.698  73.546 0.0000000000
57752  20.238  -34.505  77.331 0.0000000000
56392  19.246  -35.435  80.153 0.0000000000
54006  18.760  -36.632  77.449 0.0000000000
59210  20.653  -33.607  73.836 0.0000000000
59165  22.158  -34.393  76.559 0.0000000000
55111  18.376  -36.203  86.642 0.0000000000
85094  55.793  -13.892  51.309 0.0000000000
85064  58.046  -13.845  53.823 0.0000000000
83767  56.699  -15.225  53.634 0.0000000000
82351  53.914  -17.043  58.564 0.0000000000
82348  56.180  -16.377  58.268 0.0000000000
79792  43.489  -18.718  57.048 0.0000000000
79776  46.150  -18.291  57.789 0.0000000000
78506  45.563  -18.532  59.796 0.0000000000
72992  35.786  -22.715  67.847 0.0000000000
74442  37.284  -22.037  67.370 0.0000000000
71506  37.750  -23.494  71.097 0.0000000000
56478  34.928  -34.464  73.986 0.0000000000
60635  36.208  -31.983  71.667 0.0000000000
57804  37.349  -33.428  74.789 0.0000000000
85118  51.547  -13.938  49.129 0.0000000000
86520  52.415  -12.337  46.608 0.0000000000
86484  53.678  -12.976  49.419 0.0000000000
87779  55.736  -12.124  49.295 0.0000000000
93749  59.863  -7.111  42.651 0.0000000000
92516  59.105  -8.122  43.930 0.0000000000
92493  59.830  -8.433  45.893 0.0000000000
90127  58.048  -9.824  45.370 0.0000000000
57768  25.914  -35.141  76.450 0.0000000000
55242  28.049  -36.615  76.305 0.0000000000
55184  28.042  -35.772  80.280 0.0000000000
51174  16.135  -39.225  87.168 0.0000000000
52507  17.039  -37.817  90.511 0.0000000000
51145  15.213  -39.307  90.817 0.0000000000
83795  51.013  -15.203  50.459 0.0000000000
82420  54.282  -16.327  53.327 0.0000000000
82423  51.713  -16.230  52.758 0.0000000000
81091  51.027  -17.185  55.387 0.0000000000
81037  50.806  -17.306  58.431 0.0000000000
77186  43.035  -20.274  61.445 0.0000000000
78471  45.512  -19.079  62.141 0.0000000000
78432  44.825  -19.599  64.673 0.0000000000
68551  37.828  -25.767  66.965 0.0000000000
56387  37.746  -35.029  78.685 0.0000000000
45674  8.516  -44.008  85.072 0.0000000000
47056  8.280  -42.929  88.360 0.0000000000
44363  6.661  -43.846  87.561 0.0000000000
75879  40.770  -20.557  58.476 0.0000000000
74569  41.043  -21.555  60.814 0.0000000000
75763  42.301  -22.134  64.179 0.0000000000
73007  42.135  -23.387  67.370 0.0000000000
57910  32.243  -34.107  68.578 0.0000000000
56482  32.488  -35.301  72.392 0.0000000000
52738  34.050  -37.148  75.835 0.0000000000
52699  30.132  -38.379  77.903 0.0000000000
50030  33.029  -39.675  77.991 0.0000000000
57658  23.102  -34.284  82.495 0.0000000000
56311  21.914  -34.880  85.574 0.0000000000
56351  20.662  -35.110  82.678 0.0000000000
55153  18.837  -35.844  83.320 0.0000000000
53922  17.450  -37.292  83.821 0.0000000000
52707  17.453  -38.427  77.399 0.0000000000
51306  17.259  -38.899  80.342 0.0000000000
51223  16.292  -39.361  84.086 0.0000000000
48582  15.562  -41.764  83.939 0.0000000000
47096  13.134  -42.362  84.033 0.0000000000
47115  10.898  -42.819  82.619 0.0000000000
57897  25.276  -34.422  70.040 0.0000000000
59301  23.358  -32.915  70.452 0.0000000000
57827  24.781  -34.300  73.348 0.0000000000
59162  24.124  -34.178  76.258 0.0000000000
57708  23.800  -34.146  79.899 0.0000000000
82409  59.110  -15.626  54.843 0.0000000000
83737  56.387  -16.347  55.984 0.0000000000
81096  46.196  -17.316  54.901 0.0000000000
81040  48.077  -17.493  57.746 0.0000000000
81018  50.168  -17.140  60.203 0.0000000000
78449  47.111  -18.579  62.597 0.0000000000
79718  49.879  -17.464  62.161 0.0000000000
73058  37.194  -22.772  64.370 0.0000000000
72990  39.621  -23.326  67.996 0.0000000000
72951  41.458  -23.488  70.417 0.0000000000
64789  37.420  -29.003  69.143 0.0000000000
66097  39.656  -27.838  70.568 0.0000000000
59153  38.744  -32.543  76.588 0.0000000000
64696  39.892  -29.758  74.045 0.0000000000
67266  40.292  -26.578  72.042 0.0000000000
69951  40.138  -24.482  73.381 0.0000000000
72885  41.060  -23.237  73.938 0.0000000000
89006  55.630  -10.932  45.151 0.0000000000
88989  56.982  -10.978  47.457 0.0000000000
90080  57.420  -10.869  49.335 0.0000000000
56321  26.176  -35.460  83.623 0.0000000000
45640  10.956  -42.736  85.859 0.0000000000
48540  11.092  -41.708  88.233 0.0000000000
47054  10.148  -42.329  87.912 0.0000000000
72967  44.378  -23.101  69.289 0.0000000000
74407  44.968  -21.922  69.365 0.0000000000
39887  5.002  -47.234  85.505 0.0000000000
56525  26.451  -35.443  71.658 0.0000000000
55335  28.558  -36.355  72.032 0.0000000000
55299  27.853  -36.391  73.945 0.0000000000
56431  19.695  -35.110  76.416 0.0000000000
56417  19.451  -35.247  77.569 0.0000000000
55263  19.428  -35.999  75.850 0.0000000000
59253  20.066  -33.741  72.206 0.0000000000
56470  19.689  -34.802  74.196 0.0000000000
56448  20.501  -34.068  75.003 0.0000000000
53882  17.891  -36.966  86.428 0.0000000000
52528  17.472  -37.142  88.139 0.0000000000
85096  53.953  -13.991  50.826 0.0000000000
85082  56.269  -14.311  52.030 0.0000000000
83780  54.645  -15.161  51.881 0.0000000000
82333  53.067  -16.654  59.220 0.0000000000
82331  54.530  -16.453  59.271 0.0000000000
78533  43.366  -19.051  57.950 0.0000000000
78532  43.939  -19.011  58.174 0.0000000000
77221  44.357  -19.189  59.776 0.0000000000
70000  36.462  -23.431  67.903 0.0000000000
71529  36.578  -23.256  68.792 0.0000000000
72954  36.806  -22.889  69.596 0.0000000000
69973  37.797  -24.127  70.641 0.0000000000
55257  35.641  -35.353  75.796 0.0000000000
57806  35.900  -34.047  74.138 0.0000000000
56426  36.899  -34.686  76.154 0.0000000000
85106  52.714  -14.192  50.101 0.0000000000
86485  52.784  -13.123  49.020 0.0000000000
85105  53.575  -13.609  50.193 0.0000000000
86473  54.885  -13.042  50.280 0.0000000000
91383  58.586  -8.387  42.331 0.0000000000
90150  58.204  -9.042  42.826 0.0000000000
91356  58.346  -9.217  44.789 0.0000000000
89026  57.103  -10.222  44.084 0.0000000000
56402  26.182  -34.907  78.253 0.0000000000
56401  26.667  -35.382  78.229 0.0000000000
55185  27.158  -35.360  79.765 0.0000000000
49889  15.041  -40.708  87.004 0.0000000000
49866  15.522  -39.661  89.229 0.0000000000
49867  14.623  -40.374  88.776 0.0000000000
49815  11.618  -39.837  91.985 0.0000000000
49813  13.517  -39.500  92.013 0.0000000000
82453  50.294  -15.491  50.733 0.0000000000
82437  51.288  -15.813  51.613 0.0000000000
82438  49.980  -15.841  51.853 0.0000000000
81114  48.573  -16.957  54.372 0.0000000000
81112  50.596  -17.133  54.403 0.0000000000
81092  49.997  -17.215  55.366 0.0000000000
81072  51.425  -17.155  56.399 0.0000000000
81074  49.371  -17.224  56.282 0.0000000000
77162  43.022  -20.484  62.500 0.0000000000
77136  43.719  -20.235  63.402 0.0000000000
77112  43.556  -20.192  64.392 0.0000000000
83806  50.466  -14.818  50.004 0.0000000000
45659  7.519  -43.785  86.299 0.0000000000
44382  7.373  -44.395  85.934 0.0000000000
75881  39.160  -21.189  57.969 0.0000000000
75864  40.800  -20.927  59.433 0.0000000000
74587  39.857  -21.850  59.633 0.0000000000
74551  39.576  -22.997  62.069 0.0000000000
74528  40.496  -21.993  62.560 0.0000000000
74496  40.864  -22.676  64.177 0.0000000000
74477  41.781  -22.536  65.075 0.0000000000
74478  40.632  -23.153  65.348 0.0000000000
57912  30.387  -33.989  68.207 0.0000000000
55296  30.915  -36.364  72.997 0.0000000000
56497  31.413  -35.067  71.694 0.0000000000
55295  32.127  -35.695  73.028 0.0000000000
55294  33.313  -35.553  73.446 0.0000000000
54036  32.852  -37.115  74.954 0.0000000000
52683  29.232  -37.314  78.850 0.0000000000
54023  29.288  -37.472  76.742 0.0000000000
52682  29.857  -38.138  79.027 0.0000000000
49982  32.399  -39.359  79.692 0.0000000000
50001  34.616  -39.283  78.526 0.0000000000
57672  22.370  -34.318  81.529 0.0000000000
57659  22.248  -34.510  82.508 0.0000000000
57673  21.394  -34.560  81.648 0.0000000000
55187  18.670  -36.000  80.616 0.0000000000
55173  19.276  -35.479  81.770 0.0000000000
55165  18.389  -36.261  82.084 0.0000000000
55143  18.262  -36.257  83.850 0.0000000000
52621  17.700  -37.272  81.718 0.0000000000
52727  18.163  -38.314  76.081 0.0000000000
49989  15.617  -40.423  79.001 0.0000000000
49988  16.583  -39.808  78.569 0.0000000000
51283  16.500  -39.787  81.293 0.0000000000
51260  16.414  -39.548  82.174 0.0000000000
49939  15.829  -40.180  82.730 0.0000000000
48581  15.687  -40.823  83.553 0.0000000000
48594  15.634  -41.363  82.447 0.0000000000
45687  11.648  -42.547  83.267 0.0000000000
56599  25.507  -34.648  68.312 0.0000000000
59338  24.111  -33.529  68.645 0.0000000000
59250  21.952  -32.987  72.452 0.0000000000
60626  22.850  -33.122  71.684 0.0000000000
59248  23.819  -33.961  72.239 0.0000000000
59227  24.016  -34.098  73.298 0.0000000000
59180  24.591  -34.514  75.558 0.0000000000
59182  23.101  -33.589  75.387 0.0000000000
59129  22.047  -34.677  78.783 0.0000000000
59128  22.834  -34.644  78.454 0.0000000000
59089  22.637  -34.058  79.986 0.0000000000
57671  23.280  -34.177  81.455 0.0000000000
56312  20.784  -34.788  85.959 0.0000000000
47018  7.054  -41.875  90.448 0.0000000000
48491  8.397  -40.973  91.367 0.0000000000
87724  58.470  -13.106  52.398 0.0000000000
85035  58.466  -14.342  54.579 0.0000000000
86395  59.077  -14.065  54.052 0.0000000000
83734  58.987  -15.314  55.121 0.0000000000
82382  58.219  -16.275  56.296 0.0000000000
81109  53.677  -16.827  54.187 0.0000000000
82411  55.536  -16.212  54.401 0.0000000000
82402  54.899  -16.643  55.253 0.0000000000
82347  56.960  -16.428  58.240 0.0000000000
79764  46.602  -18.101  58.815 0.0000000000
79775  47.239  -17.826  57.888 0.0000000000
79762  48.390  -17.529  59.165 0.0000000000
81028  49.162  -17.170  58.894 0.0000000000
79748  49.325  -17.425  60.212 0.0000000000
78430  46.121  -18.929  63.939 0.0000000000
78450  46.106  -18.540  62.920 0.0000000000
78429  46.918  -18.680  63.586 0.0000000000
73078  35.717  -23.148  63.815 0.0000000000
74410  38.149  -22.013  69.172 0.0000000000
74421  38.739  -23.056  67.709 0.0000000000
74409  39.017  -22.964  68.949 0.0000000000
72971  40.479  -23.292  69.102 0.0000000000
74373  40.200  -22.622  71.072 0.0000000000
60680  33.884  -32.363  68.479 0.0000000000
61962  34.651  -31.305  68.465 0.0000000000
61885  37.044  -31.175  72.088 0.0000000000
63379  36.766  -30.153  70.217 0.0000000000
63359  37.382  -30.003  71.298 0.0000000000
64788  38.404  -28.478  69.269 0.0000000000
64746  38.563  -29.525  71.454 0.0000000000
57740  38.409  -33.347  77.150 0.0000000000
64694  40.447  -28.557  74.348 0.0000000000
64724  40.472  -27.875  72.276 0.0000000000
66063  40.790  -27.156  73.019 0.0000000000
68490  40.350  -25.306  72.579 0.0000000000
67244  41.506  -26.227  74.001 0.0000000000
86519  53.349  -12.608  46.849 0.0000000000
87816  55.057  -11.618  45.607 0.0000000000
89005  56.648  -10.954  45.571 0.0000000000
87794  56.423  -11.742  47.007 0.0000000000
86471  56.598  -12.602  50.450 0.0000000000
88967  56.943  -11.039  49.249 0.0000000000
88936  57.555  -11.578  50.400 0.0000000000
88935  57.948  -11.466  50.303 0.0000000000
94959  60.802  -7.007  43.590 0.0000000000
92485  58.979  -9.186  47.010 0.0000000000
91317  59.195  -9.551  48.005 0.0000000000
91318  58.534  -9.754  48.307 0.0000000000
56360  25.646  -34.737  81.067 0.0000000000
56346  26.962  -34.984  81.357 0.0000000000
56336  26.186  -35.261  82.636 0.0000000000
47068  12.683  -42.049  86.687 0.0000000000
48525  13.263  -40.734  88.771 0.0000000000
48539  12.050  -41.172  88.098 0.0000000000
49857  11.319  -40.824  89.800 0.0000000000
49816  10.626  -39.970  91.858 0.0000000000
82427  47.725  -16.294  52.704 0.0000000000
81115  47.584  -16.857  54.243 0.0000000000
75741  43.457  -21.359  65.783 0.0000000000
77070  44.445  -20.613  66.016 0.0000000000
75729  44.524  -21.274  67.034 0.0000000000
75712  45.410  -21.214  68.907 0.0000000000
42131  6.362  -45.479  86.100 0.0000000000
42140  5.902  -45.961  85.560 0.0000000000
41035  4.388  -46.548  87.041 0.0000000000
73141  38.835  -22.773  59.543 0.0000000000
73095  38.573  -23.286  62.710 0.0000000000
56576  29.603  -35.081  69.276 0.0000000000
56552  28.801  -35.911  70.509 0.0000000000
55314  29.103  -36.762  72.453 0.0000000000
55279  30.544  -37.205  73.723 0.0000000000
57730  20.637  -34.424  78.621 0.0000000000
56390  20.153  -34.560  79.726 0.0000000000
56404  19.670  -34.988  78.472 0.0000000000
55217  19.088  -35.605  78.851 0.0000000000
53970  18.483  -36.227  79.354 0.0000000000
48607  14.446  -41.750  80.865 0.0000000000
48635  13.249  -41.180  79.175 0.0000000000
59252  20.681  -33.393  72.358 0.0000000000
59230  21.562  -33.288  73.337 0.0000000000
59183  22.100  -33.399  75.528 0.0000000000
57791  21.433  -33.585  75.489 0.0000000000
57772  20.789  -34.178  76.507 0.0000000000
55120  19.460  -35.406  86.713 0.0000000000
85102  56.375  -13.268  50.845 0.0000000000
86438  57.714  -13.159  52.403 0.0000000000
85081  56.874  -14.205  52.400 0.0000000000
83766  57.305  -14.679  53.703 0.0000000000
83751  57.534  -14.711  54.547 0.0000000000
81051  53.618  -17.348  56.939 0.0000000000
82371  54.894  -16.982  57.585 0.0000000000
82350  54.763  -16.646  58.483 0.0000000000
82330  55.083  -16.082  58.927 0.0000000000
79807  44.295  -17.965  55.790 0.0000000000
79791  44.310  -18.278  56.871 0.0000000000
79765  45.632  -18.343  58.781 0.0000000000
78505  46.320  -18.296  59.949 0.0000000000
79665  47.909  -17.898  65.354 0.0000000000
74484  34.895  -22.324  65.962 0.0000000000
74482  36.443  -22.303  65.769 0.0000000000
74443  36.546  -21.968  67.587 0.0000000000
74411  37.420  -21.978  69.295 0.0000000000
74357  38.411  -22.201  71.445 0.0000000000
59240  34.563  -33.176  71.879 0.0000000000
59292  35.222  -32.861  70.696 0.0000000000
59239  35.525  -33.091  72.399 0.0000000000
59218  36.785  -32.924  73.528 0.0000000000
60599  37.933  -31.838  73.669 0.0000000000
86500  50.766  -13.403  47.825 0.0000000000
86512  51.562  -12.843  47.163 0.0000000000
85131  52.138  -13.238  47.712 0.0000000000
86510  53.392  -12.843  47.645 0.0000000000
86509  54.322  -12.681  47.907 0.0000000000
87788  55.645  -12.113  48.536 0.0000000000
86495  55.078  -12.391  49.070 0.0000000000
86472  55.837  -12.953  50.260 0.0000000000
92543  59.192  -7.632  42.030 0.0000000000
92531  59.453  -7.746  43.223 0.0000000000
93720  60.082  -7.581  44.189 0.0000000000
93695  60.102  -8.229  45.190 0.0000000000
91343  59.699  -8.441  44.971 0.0000000000
91345  58.818  -9.096  45.819 0.0000000000
90120  58.254  -9.955  46.417 0.0000000000
56467  26.376  -35.420  74.895 0.0000000000
55262  27.467  -36.323  75.742 0.0000000000
56428  27.142  -35.711  76.882 0.0000000000
55214  27.729  -36.430  78.063 0.0000000000
53968  29.167  -36.760  79.793 0.0000000000
51173  16.584  -38.350  87.350 0.0000000000
52529  16.716  -37.641  88.597 0.0000000000
51164  16.226  -38.792  88.483 0.0000000000
51144  15.888  -38.620  90.718 0.0000000000
49839  13.552  -39.892  90.677 0.0000000000
51123  14.524  -39.467  92.302 0.0000000000
83793  52.631  -14.773  50.901 0.0000000000
83781  53.764  -15.152  51.814 0.0000000000
82436  52.315  -15.689  52.155 0.0000000000
82422  52.669  -16.225  52.886 0.0000000000
81110  52.638  -16.961  54.380 0.0000000000
82425  49.552  -16.360  52.685 0.0000000000
81111  51.622  -16.978  54.433 0.0000000000
81089  53.133  -17.104  55.266 0.0000000000
81071  52.539  -17.121  56.326 0.0000000000
82374  52.164  -17.230  58.231 0.0000000000
81025  51.859  -16.891  59.481 0.0000000000
77207  42.888  -19.920  60.429 0.0000000000
77205  44.303  -19.414  60.357 0.0000000000
78473  44.266  -19.838  61.871 0.0000000000
77134  44.912  -19.284  63.227 0.0000000000
78415  46.046  -18.763  65.104 0.0000000000
77069  45.008  -19.794  66.015 0.0000000000
78404  45.808  -19.266  66.037 0.0000000000
78403  46.513  -18.637  66.122 0.0000000000
68535  38.212  -25.105  68.049 0.0000000000
55224  37.368  -35.184  77.612 0.0000000000
86501  49.725  -13.007  47.654 0.0000000000
85119  50.667  -14.008  48.709 0.0000000000
85108  51.032  -14.382  49.537 0.0000000000
92559  56.451  -7.533  41.371 0.0000000000
91386  55.718  -8.646  42.233 0.0000000000
45657  9.046  -43.727  85.731 0.0000000000
45629  9.300  -42.831  87.214 0.0000000000
45644  7.892  -43.435  86.806 0.0000000000
45620  7.574  -43.301  88.649 0.0000000000
45607  6.479  -43.256  89.478 0.0000000000
44375  6.361  -44.345  87.377 0.0000000000
78548  41.863  -19.601  56.985 0.0000000000
77252  40.737  -20.270  57.659 0.0000000000
77236  41.770  -20.039  58.467 0.0000000000
75863  41.596  -20.591  59.979 0.0000000000
77187  42.248  -20.603  61.589 0.0000000000
77163  42.368  -20.961  62.569 0.0000000000
74570  40.207  -22.043  60.655 0.0000000000
75800  41.243  -21.568  62.537 0.0000000000
75762  42.527  -21.108  64.104 0.0000000000
75742  42.953  -21.744  65.956 0.0000000000
74438  43.375  -22.657  67.306 0.0000000000
71543  43.139  -23.667  68.803 0.0000000000
59295  33.249  -33.695  69.476 0.0000000000
56574  31.423  -34.835  69.836 0.0000000000
56548  32.476  -34.588  70.902 0.0000000000
57851  33.672  -33.840  71.279 0.0000000000
56480  33.963  -34.872  73.144 0.0000000000
55275  34.514  -35.219  74.863 0.0000000000
54020  35.322  -36.360  76.459 0.0000000000
55261  28.240  -36.566  75.414 0.0000000000
54038  29.504  -37.213  75.657 0.0000000000
52741  30.877  -38.104  75.687 0.0000000000
51320  31.418  -38.826  79.893 0.0000000000
51373  31.633  -39.134  77.609 0.0000000000
51416  32.179  -38.612  76.093 0.0000000000
51393  33.510  -38.506  76.541 0.0000000000
51370  34.911  -38.470  77.451 0.0000000000
52681  35.959  -37.369  77.751 0.0000000000
57634  23.974  -34.484  84.388 0.0000000000
57636  22.477  -34.704  84.206 0.0000000000
57637  21.730  -34.916  84.128 0.0000000000
56339  20.629  -35.120  83.650 0.0000000000
57691  20.277  -34.686  81.168 0.0000000000
56352  20.051  -35.302  83.162 0.0000000000
55141  19.431  -35.437  84.734 0.0000000000
55131  18.733  -35.748  85.271 0.0000000000
53898  17.656  -36.670  85.337 0.0000000000
53913  17.273  -37.261  84.858 0.0000000000
54025  18.436  -37.471  75.699 0.0000000000
53988  18.347  -37.527  78.040 0.0000000000
53972  17.798  -37.710  78.661 0.0000000000
51356  16.687  -39.017  78.093 0.0000000000
52669  17.490  -38.286  78.911 0.0000000000
52636  17.631  -37.914  80.975 0.0000000000
52622  17.478  -37.765  82.117 0.0000000000
51239  16.818  -38.697  83.700 0.0000000000
51222  16.583  -38.701  84.688 0.0000000000
51187  16.284  -39.491  86.038 0.0000000000
49899  15.860  -40.272  85.435 0.0000000000
48560  14.879  -41.657  85.434 0.0000000000
47144  14.375  -41.953  81.620 0.0000000000
47111  13.906  -42.484  83.560 0.0000000000
47081  13.577  -42.303  85.782 0.0000000000
47082  12.431  -42.524  85.770 0.0000000000
45654  11.253  -42.929  84.946 0.0000000000
45655  10.436  -42.884  85.112 0.0000000000
45690  9.288  -43.534  83.581 0.0000000000
44387  8.558  -43.904  83.998 0.0000000000
56598  26.450  -35.042  68.376 0.0000000000
56554  26.114  -35.071  70.574 0.0000000000
56526  25.604  -34.986  71.662 0.0000000000
57877  24.365  -33.802  70.544 0.0000000000
57853  24.957  -34.587  71.610 0.0000000000
56485  25.853  -35.065  73.557 0.0000000000
57811  25.383  -34.670  74.367 0.0000000000
57769  25.329  -34.693  76.566 0.0000000000
57725  24.968  -34.470  78.266 0.0000000000
59164  22.893  -33.773  76.382 0.0000000000
57726  24.044  -34.572  78.478 0.0000000000
57706  24.945  -34.357  79.159 0.0000000000
57669  24.907  -34.435  81.170 0.0000000000
57657  24.136  -34.189  82.387 0.0000000000
47038  9.346  -42.037  88.813 0.0000000000
49829  9.573  -40.650  91.449 0.0000000000
86408  58.706  -13.927  53.502 0.0000000000
82433  54.970  -15.759  52.586 0.0000000000
82410  56.287  -15.746  54.415 0.0000000000
83715  57.604  -15.526  55.784 0.0000000000
83700  56.569  -16.225  56.800 0.0000000000
83699  57.026  -15.998  56.633 0.0000000000
83697  57.721  -15.959  56.578 0.0000000000
81116  46.605  -16.925  54.108 0.0000000000
81095  47.118  -17.125  55.076 0.0000000000
81059  46.303  -17.640  56.360 0.0000000000
81058  46.990  -17.528  56.591 0.0000000000
79787  48.743  -17.441  56.804 0.0000000000
81038  49.789  -17.156  58.236 0.0000000000
81026  50.936  -17.273  59.417 0.0000000000
81017  51.079  -17.138  60.295 0.0000000000
78490  45.651  -18.901  60.995 0.0000000000
78489  46.612  -18.356  60.681 0.0000000000
78469  47.456  -18.284  61.569 0.0000000000
79683  47.687  -18.292  64.254 0.0000000000
78448  48.003  -18.330  62.370 0.0000000000
79735  48.728  -17.773  60.920 0.0000000000
79734  49.649  -17.446  61.089 0.0000000000
81007  50.867  -16.823  61.139 0.0000000000
71616  36.956  -23.982  62.316 0.0000000000
73056  38.893  -22.961  64.363 0.0000000000
74481  37.214  -22.573  65.319 0.0000000000
74462  38.529  -23.489  66.296 0.0000000000
73043  39.883  -23.409  65.669 0.0000000000
73008  41.143  -23.410  67.391 0.0000000000
72970  41.417  -23.616  69.300 0.0000000000
72950  42.685  -23.847  70.614 0.0000000000
61942  35.546  -30.765  69.500 0.0000000000
66123  37.868  -28.064  68.038 0.0000000000
67302  38.755  -26.505  68.231 0.0000000000
67287  39.477  -26.298  69.315 0.0000000000
56425  37.410  -34.210  76.247 0.0000000000
59172  38.111  -32.989  75.276 0.0000000000
60598  38.561  -31.470  73.824 0.0000000000
63286  39.375  -30.394  74.944 0.0000000000
63317  39.009  -29.972  73.259 0.0000000000
64745  39.412  -28.446  71.395 0.0000000000
66085  40.290  -27.400  71.205 0.0000000000
68511  39.128  -25.398  70.453 0.0000000000
69971  39.186  -24.771  71.630 0.0000000000
69960  39.578  -24.487  72.352 0.0000000000
71478  39.631  -23.308  72.623 0.0000000000
68463  41.567  -25.663  74.924 0.0000000000
69938  40.292  -24.076  73.774 0.0000000000
72905  40.075  -23.093  72.708 0.0000000000
74310  41.249  -23.024  73.287 0.0000000000
90153  55.241  -9.283  43.056 0.0000000000
89027  56.548  -9.960  43.764 0.0000000000
89013  57.318  -10.381  44.942 0.0000000000
89004  57.758  -10.700  45.910 0.0000000000
90115  58.083  -10.099  47.398 0.0000000000
87787  56.308  -11.563  47.997 0.0000000000
88980  57.082  -10.672  48.414 0.0000000000
90092  57.811  -10.230  48.705 0.0000000000
90078  58.258  -10.575  49.307 0.0000000000
56323  24.592  -34.635  84.403 0.0000000000
56307  25.436  -34.911  84.958 0.0000000000
45641  10.259  -42.954  86.099 0.0000000000
47070  10.608  -42.385  86.726 0.0000000000
47071  9.896  -42.533  86.792 0.0000000000
72948  44.535  -22.900  70.407 0.0000000000
56498  27.109  -36.254  73.283 0.0000000000
56450  19.433  -35.141  75.212 0.0000000000
55284  19.202  -35.926  74.748 0.0000000000
56449  20.057  -34.416  75.449 0.0000000000
52555  17.440  -37.490  86.835 0.0000000000
52540  17.720  -37.274  87.320 0.0000000000
83791  54.293  -14.512  51.347 0.0000000000
82321  52.830  -16.390  59.867 0.0000000000
82320  53.482  -16.519  60.140 0.0000000000
69998  37.871  -24.295  68.887 0.0000000000
69999  37.162  -23.701  68.537 0.0000000000
69986  37.434  -23.748  69.342 0.0000000000
69974  37.464  -23.784  70.003 0.0000000000
69985  37.853  -24.201  69.774 0.0000000000
55239  35.835  -35.683  76.401 0.0000000000
56427  36.274  -35.196  75.953 0.0000000000
55226  36.393  -35.483  76.645 0.0000000000
85097  53.256  -14.191  50.687 0.0000000000
85116  53.054  -13.589  49.593 0.0000000000
90169  57.489  -9.067  42.157 0.0000000000
90151  57.326  -9.724  43.200 0.0000000000
56389  26.249  -34.371  78.976 0.0000000000
56388  26.653  -34.967  78.973 0.0000000000
56371  26.515  -34.845  79.608 0.0000000000
48549  14.596  -41.072  87.192 0.0000000000
49878  15.056  -40.630  87.647 0.0000000000
48536  14.426  -41.016  88.012 0.0000000000
82467  49.275  -15.293  50.208 0.0000000000
82454  49.171  -15.723  51.047 0.0000000000
81113  49.565  -17.109  54.392 0.0000000000
81073  50.343  -17.242  56.342 0.0000000000
77137  42.824  -20.615  63.597 0.0000000000
75866  39.292  -21.648  58.391 0.0000000000
75865  39.741  -21.394  58.747 0.0000000000
74588  39.298  -22.060  58.805 0.0000000000
74514  40.476  -22.552  63.217 0.0000000000
55278  31.697  -36.791  73.581 0.0000000000
54052  32.391  -37.204  74.310 0.0000000000
52761  32.044  -37.937  74.812 0.0000000000
52666  29.694  -37.465  79.661 0.0000000000
55188  18.260  -36.635  80.824 0.0000000000
53930  17.875  -36.898  82.211 0.0000000000
53939  17.815  -37.062  81.124 0.0000000000
48633  15.044  -40.767  79.102 0.0000000000
49972  16.150  -40.479  80.428 0.0000000000
49956  16.154  -40.562  81.698 0.0000000000
48606  15.300  -41.449  81.081 0.0000000000
60627  22.482  -33.115  72.311 0.0000000000
60608  22.669  -33.413  72.729 0.0000000000
59228  23.123  -33.637  73.057 0.0000000000
59206  23.547  -33.790  74.309 0.0000000000
59207  22.632  -33.453  74.319 0.0000000000
57709  21.349  -34.354  79.228 0.0000000000
59109  22.089  -34.498  79.734 0.0000000000
57688  22.595  -34.194  80.652 0.0000000000
47019  6.518  -41.878  90.819 0.0000000000
48493  6.882  -41.146  91.222 0.0000000000
87750  57.640  -12.083  51.252 0.0000000000
87735  58.087  -12.599  52.141 0.0000000000
85017  58.460  -15.268  55.414 0.0000000000
83714  58.315  -15.872  55.913 0.0000000000
81088  54.081  -16.869  55.168 0.0000000000
79763  47.487  -17.856  59.015 0.0000000000
79749  48.517  -17.648  60.107 0.0000000000
79684  46.735  -18.603  64.487 0.0000000000
73060  35.556  -22.767  64.518 0.0000000000
74395  38.758  -22.438  70.114 0.0000000000
74394  39.816  -22.958  70.060 0.0000000000
74355  39.805  -22.562  71.638 0.0000000000
59317  33.652  -32.862  69.143 0.0000000000
60701  34.182  -31.720  68.142 0.0000000000
61884  37.574  -31.036  72.463 0.0000000000
61899  37.384  -30.663  71.889 0.0000000000
63284  40.337  -29.527  75.345 0.0000000000
66054  41.067  -27.520  73.862 0.0000000000
67245  41.150  -26.493  73.429 0.0000000000
66053  41.374  -27.256  74.543 0.0000000000
87805  55.640  -11.909  46.388 0.0000000000
86456  57.030  -12.752  51.044 0.0000000000
87751  57.069  -11.940  50.534 0.0000000000
94947  60.641  -7.020  43.755 0.0000000000
93731  61.053  -7.380  43.600 0.0000000000
92514  61.021  -8.107  43.954 0.0000000000
91352  60.620  -8.702  44.247 0.0000000000
92486  58.690  -9.432  47.294 0.0000000000
92475  59.056  -9.290  47.405 0.0000000000
92476  58.638  -9.447  47.598 0.0000000000
90105  58.853  -9.788  48.377 0.0000000000
56347  26.240  -35.039  81.695 0.0000000000
47051  12.784  -41.588  87.543 0.0000000000
47052  11.866  -41.761  87.388 0.0000000000
48528  10.497  -41.405  89.153 0.0000000000
48527  11.487  -41.279  89.103 0.0000000000
49858  10.747  -41.160  89.773 0.0000000000
49841  11.366  -40.395  90.536 0.0000000000
49842  10.338  -40.935  90.577 0.0000000000
81137  47.013  -16.592  53.068 0.0000000000
74457  43.700  -21.602  66.329 0.0000000000
75740  44.080  -21.329  66.247 0.0000000000
42145  6.091  -46.083  84.467 0.0000000000
41047  4.699  -47.053  86.240 0.0000000000
56577  28.260  -35.460  69.367 0.0000000000
55297  29.824  -36.863  73.149 0.0000000000
55280  29.553  -36.836  74.321 0.0000000000
56415  20.216  -34.562  77.586 0.0000000000
56403  20.183  -34.632  78.107 0.0000000000
56416  19.923  -34.685  77.358 0.0000000000
55244  19.226  -35.902  76.948 0.0000000000
56405  19.395  -35.403  78.226 0.0000000000
55230  19.313  -35.957  77.956 0.0000000000
53987  18.700  -36.491  78.481 0.0000000000
59232  20.591  -33.816  73.085 0.0000000000
59231  20.985  -33.460  73.240 0.0000000000
59251  21.346  -33.227  72.460 0.0000000000
59209  21.050  -33.358  74.269 0.0000000000
59184  21.418  -33.384  75.026 0.0000000000
57793  20.385  -34.201  76.137 0.0000000000
57773  20.306  -34.385  76.871 0.0000000000
57751  20.610  -34.497  77.536 0.0000000000
55121  18.744  -35.703  86.240 0.0000000000
55110  18.790  -35.771  87.255 0.0000000000
85103  55.911  -13.435  50.753 0.0000000000
85093  56.764  -13.607  51.611 0.0000000000
83778  56.353  -14.987  52.753 0.0000000000
83777  56.933  -14.600  53.085 0.0000000000
82372  53.776  -17.377  57.567 0.0000000000
79808  43.461  -18.344  55.985 0.0000000000
78517  45.050  -18.503  59.073 0.0000000000
79766  44.846  -18.494  58.560 0.0000000000
79752  46.204  -18.262  59.450 0.0000000000
74466  35.680  -22.301  66.743 0.0000000000
74444  35.975  -22.262  67.723 0.0000000000
72953  37.207  -22.800  70.026 0.0000000000
74398  37.116  -22.629  69.766 0.0000000000
72935  37.510  -22.884  70.588 0.0000000000
74376  37.996  -22.244  70.787 0.0000000000
72921  38.122  -22.805  71.270 0.0000000000
57824  34.647  -34.283  72.907 0.0000000000
57835  35.066  -33.820  72.689 0.0000000000
57823  35.415  -34.061  73.396 0.0000000000
57805  36.662  -33.764  74.418 0.0000000000
57822  36.164  -33.608  73.733 0.0000000000
60600  37.359  -32.378  73.369 0.0000000000
59217  37.494  -32.638  73.850 0.0000000000
86487  51.363  -13.684  48.461 0.0000000000
86499  51.767  -13.381  47.898 0.0000000000
86486  52.072  -13.532  48.678 0.0000000000
86498  52.593  -13.202  48.047 0.0000000000
86497  53.482  -12.795  48.502 0.0000000000
86496  54.272  -12.399  48.848 0.0000000000
86458  55.265  -13.232  50.603 0.0000000000
86457  55.527  -13.442  50.768 0.0000000000
91371  58.969  -8.374  43.398 0.0000000000
91382  59.220  -8.117  42.814 0.0000000000
92532  59.271  -8.011  43.721 0.0000000000
93733  59.966  -7.300  43.569 0.0000000000
92515  59.468  -7.865  44.130 0.0000000000
92502  59.904  -8.301  44.944 0.0000000000
91355  59.012  -8.591  44.481 0.0000000000
57788  25.886  -35.256  75.535 0.0000000000
56447  26.362  -35.609  75.845 0.0000000000
56429  26.634  -35.453  76.724 0.0000000000
55202  27.058  -35.539  78.892 0.0000000000
55215  27.196  -35.897  78.209 0.0000000000
55201  27.707  -36.178  79.154 0.0000000000
53969  28.487  -36.528  79.237 0.0000000000
55200  28.485  -36.240  79.831 0.0000000000
49853  15.366  -39.469  89.755 0.0000000000
51154  15.832  -39.179  89.942 0.0000000000
51133  15.861  -38.795  91.448 0.0000000000
48509  13.138  -40.581  89.197 0.0000000000
49855  13.406  -40.385  89.578 0.0000000000
83794  51.710  -15.194  50.793 0.0000000000
83783  52.143  -15.207  51.527 0.0000000000
81131  53.073  -16.680  53.553 0.0000000000
81132  52.161  -16.718  53.564 0.0000000000
81090  52.070  -17.013  55.375 0.0000000000
81054  50.636  -17.269  57.369 0.0000000000
81053  51.878  -17.244  57.560 0.0000000000
82353  52.369  -17.139  58.723 0.0000000000
81036  51.690  -17.265  58.661 0.0000000000
77185  43.740  -19.815  61.305 0.0000000000
77161  44.069  -20.230  62.302 0.0000000000
77111  44.252  -19.772  64.145 0.0000000000
77135  44.661  -19.891  63.134 0.0000000000
77110  44.999  -19.626  63.775 0.0000000000
78431  45.498  -19.360  64.333 0.0000000000
78416  45.247  -19.420  65.269 0.0000000000
77054  44.987  -20.422  67.002 0.0000000000
77053  45.663  -19.784  66.959 0.0000000000
78390  46.293  -19.217  66.715 0.0000000000
78389  46.923  -18.776  67.202 0.0000000000
68552  36.865  -24.880  66.974 0.0000000000
68536  37.360  -24.589  67.717 0.0000000000
67303  38.348  -25.974  67.551 0.0000000000
85132  49.989  -13.689  48.131 0.0000000000
85120  49.636  -14.107  48.734 0.0000000000
83805  51.337  -14.685  50.202 0.0000000000
83804  52.025  -14.570  50.404 0.0000000000
91397  56.037  -8.021  41.750 0.0000000000
45643  8.726  -43.415  86.632 0.0000000000
45658  8.145  -43.668  85.972 0.0000000000
45645  7.245  -43.601  87.115 0.0000000000
45632  7.063  -43.577  87.978 0.0000000000
45621  6.808  -43.496  88.810 0.0000000000
45633  6.469  -43.643  88.210 0.0000000000
43203  6.477  -45.029  86.868 0.0000000000
43191  5.734  -44.944  87.651 0.0000000000
78564  41.228  -19.489  56.493 0.0000000000
75892  40.469  -20.521  57.940 0.0000000000
77253  39.875  -20.437  57.331 0.0000000000
78536  41.159  -20.057  57.631 0.0000000000
77237  41.299  -20.244  58.273 0.0000000000
77224  41.994  -20.301  59.218 0.0000000000
77225  41.203  -20.492  58.849 0.0000000000
75847  40.966  -21.203  60.274 0.0000000000
75846  41.512  -20.953  60.670 0.0000000000
74568  41.425  -21.303  61.130 0.0000000000
75823  41.649  -21.051  61.690 0.0000000000
73140  39.631  -22.375  60.097 0.0000000000
75781  41.294  -22.089  63.372 0.0000000000
75780  42.160  -21.444  63.195 0.0000000000
75752  42.756  -21.492  65.206 0.0000000000
75753  42.400  -22.117  64.961 0.0000000000
73027  41.711  -23.313  66.669 0.0000000000
74459  42.524  -22.561  66.213 0.0000000000
74439  42.715  -22.925  67.159 0.0000000000
72986  43.225  -23.349  68.305 0.0000000000
73006  42.742  -23.124  67.747 0.0000000000
59336  32.525  -33.574  67.856 0.0000000000
59318  33.089  -33.702  68.685 0.0000000000
57893  32.583  -34.269  69.267 0.0000000000
56551  30.024  -35.420  70.227 0.0000000000
56575  30.693  -34.989  69.536 0.0000000000
56550  30.977  -35.338  70.311 0.0000000000
56496  32.065  -35.029  71.960 0.0000000000
56520  31.908  -34.889  71.302 0.0000000000
56519  32.659  -34.687  71.476 0.0000000000
57852  33.134  -34.309  71.006 0.0000000000
56495  33.116  -34.875  72.021 0.0000000000
56494  33.647  -34.597  72.514 0.0000000000
56481  33.120  -35.182  72.756 0.0000000000
54035  33.561  -36.660  75.215 0.0000000000
55276  33.959  -35.782  74.414 0.0000000000
55259  34.138  -36.089  75.227 0.0000000000
54021  34.736  -36.290  76.122 0.0000000000
52737  34.445  -36.685  76.046 0.0000000000
52721  29.937  -37.855  77.206 0.0000000000
54022  30.018  -37.758  76.699 0.0000000000
54037  30.130  -37.659  76.079 0.0000000000
52720  30.638  -38.333  76.779 0.0000000000
50003  32.572  -39.588  78.605 0.0000000000
50004  32.029  -39.621  79.104 0.0000000000
51345  32.060  -39.415  78.066 0.0000000000
51395  31.730  -38.771  76.617 0.0000000000
51372  32.606  -39.323  77.469 0.0000000000
51394  32.840  -38.726  76.359 0.0000000000
50029  33.313  -39.480  77.703 0.0000000000
51343  34.793  -38.929  78.002 0.0000000000
51369  35.460  -37.913  77.470 0.0000000000
57644  23.807  -34.462  83.581 0.0000000000
57635  23.357  -34.464  84.560 0.0000000000
57645  22.836  -34.501  83.450 0.0000000000
57660  21.648  -34.837  82.604 0.0000000000
57646  22.102  -34.738  83.356 0.0000000000
57647  21.551  -35.049  83.315 0.0000000000
56326  20.966  -34.906  84.662 0.0000000000
56391  19.774  -34.877  79.593 0.0000000000
56374  20.196  -34.618  80.283 0.0000000000
56375  19.736  -35.247  80.831 0.0000000000
55164  18.796  -35.848  82.380 0.0000000000
55163  19.407  -35.515  82.723 0.0000000000
55152  19.396  -35.406  83.745 0.0000000000
55142  18.750  -35.748  84.285 0.0000000000
53921  17.805  -36.832  83.331 0.0000000000
53912  17.721  -36.687  84.346 0.0000000000
52728  17.386  -38.582  76.561 0.0000000000
52706  18.098  -38.227  77.171 0.0000000000
52687  17.861  -38.139  77.841 0.0000000000
53989  17.868  -37.961  78.232 0.0000000000
51404  15.630  -39.102  76.090 0.0000000000
51382  15.691  -39.286  77.172 0.0000000000
51331  16.732  -39.800  79.696 0.0000000000
51330  17.125  -38.997  79.246 0.0000000000
52650  17.390  -38.062  79.889 0.0000000000
51282  17.077  -38.899  81.488 0.0000000000
51240  16.313  -39.375  83.149 0.0000000000
51259  16.979  -38.727  82.676 0.0000000000
51203  16.415  -38.796  85.496 0.0000000000
51204  16.126  -39.392  85.013 0.0000000000
48570  15.561  -40.951  84.647 0.0000000000
48559  15.363  -41.231  85.775 0.0000000000
48571  15.017  -41.572  84.821 0.0000000000
47163  13.749  -42.032  80.701 0.0000000000
47112  12.955  -42.316  83.218 0.0000000000
47129  13.675  -42.321  82.478 0.0000000000
47095  13.750  -42.528  84.604 0.0000000000
45668  13.147  -42.668  84.463 0.0000000000
45652  12.970  -42.784  85.004 0.0000000000
45669  12.619  -42.725  84.342 0.0000000000
45688  11.151  -42.811  83.302 0.0000000000
45670  11.782  -42.727  83.944 0.0000000000
45671  10.826  -43.113  84.133 0.0000000000
45672  9.940  -43.258  84.336 0.0000000000
44398  9.335  -43.585  82.447 0.0000000000
44399  8.675  -44.038  82.856 0.0000000000
56579  25.712  -34.746  69.463 0.0000000000
56555  25.346  -34.829  70.944 0.0000000000
60665  23.645  -32.596  70.047 0.0000000000
59320  23.780  -33.201  69.414 0.0000000000
59300  23.952  -33.079  70.438 0.0000000000
57840  24.467  -34.402  72.425 0.0000000000
57854  24.324  -34.229  71.427 0.0000000000
57839  25.172  -34.626  72.529 0.0000000000
57826  25.357  -34.572  73.416 0.0000000000
57812  25.117  -34.117  73.996 0.0000000000
57770  24.736  -34.472  76.519 0.0000000000
57746  25.133  -34.513  77.379 0.0000000000
57747  24.216  -34.422  77.233 0.0000000000
59127  23.499  -34.610  78.808 0.0000000000
57727  23.294  -34.529  78.189 0.0000000000
59126  23.831  -34.608  79.006 0.0000000000
57707  24.140  -34.441  79.472 0.0000000000
57686  24.256  -34.290  80.398 0.0000000000
56310  22.965  -34.534  85.823 0.0000000000
52518  17.000  -37.627  89.584 0.0000000000
47055  8.992  -42.510  88.086 0.0000000000
47039  8.674  -42.438  89.001 0.0000000000
49831  8.135  -40.549  91.691 0.0000000000
49844  8.886  -41.141  91.268 0.0000000000
49818  8.793  -40.467  91.967 0.0000000000
49817  9.737  -40.386  91.825 0.0000000000
49794  9.048  -40.702  92.322 0.0000000000
86420  57.824  -13.489  53.056 0.0000000000
87720  58.076  -13.503  53.131 0.0000000000
86409  58.345  -13.731  53.606 0.0000000000
85050  59.211  -14.483  54.312 0.0000000000
82434  54.076  -15.762  52.461 0.0000000000
82419  55.258  -16.145  53.446 0.0000000000
82401  55.949  -16.344  55.422 0.0000000000
82400  56.519  -15.743  54.944 0.0000000000
83736  56.836  -15.661  55.408 0.0000000000
82370  55.736  -16.402  57.404 0.0000000000
82384  55.738  -16.545  56.585 0.0000000000
82369  56.323  -16.354  57.468 0.0000000000
82368  56.962  -16.291  57.361 0.0000000000
83681  57.266  -16.239  57.023 0.0000000000
83698  57.586  -15.814  56.396 0.0000000000
83679  57.338  -16.067  57.786 0.0000000000
82367  57.674  -16.634  56.982 0.0000000000
81097  45.213  -17.223  54.803 0.0000000000
81117  45.685  -17.261  53.997 0.0000000000
79790  45.432  -17.954  56.595 0.0000000000
79788  47.129  -17.661  57.156 0.0000000000
81057  47.736  -17.488  57.012 0.0000000000
81076  47.529  -17.282  56.038 0.0000000000
81056  48.649  -17.484  57.158 0.0000000000
81039  48.802  -17.362  58.137 0.0000000000
81027  49.888  -17.285  59.292 0.0000000000
78491  44.784  -19.320  61.249 0.0000000000
78470  46.435  -18.710  61.836 0.0000000000
79700  49.790  -17.528  63.400 0.0000000000
79701  48.733  -18.122  63.120 0.0000000000
79719  48.739  -17.852  61.863 0.0000000000
73077  36.600  -23.060  63.611 0.0000000000
73076  37.479  -23.157  63.550 0.0000000000
73096  37.798  -23.414  62.824 0.0000000000
73057  37.983  -23.224  64.331 0.0000000000
74464  37.236  -22.315  66.374 0.0000000000
74440  38.634  -23.179  66.793 0.0000000000
73030  39.238  -23.532  66.215 0.0000000000
73010  39.475  -23.258  67.055 0.0000000000
73029  40.217  -23.373  66.322 0.0000000000
73009  40.320  -23.333  67.257 0.0000000000
72952  40.703  -23.374  69.942 0.0000000000
72969  42.373  -23.801  69.452 0.0000000000
72934  41.822  -23.357  71.441 0.0000000000
60657  35.442  -31.901  70.462 0.0000000000
61920  35.821  -30.895  70.381 0.0000000000
63403  37.187  -29.723  69.872 0.0000000000
63404  36.470  -29.848  69.265 0.0000000000
64790  36.980  -29.313  68.458 0.0000000000
64815  37.592  -28.695  68.011 0.0000000000
64814  37.998  -28.421  68.509 0.0000000000
64765  38.896  -28.535  70.376 0.0000000000
66109  39.289  -27.481  69.377 0.0000000000
66108  39.691  -26.900  69.598 0.0000000000
56410  37.285  -34.643  77.046 0.0000000000
56400  37.800  -34.690  78.063 0.0000000000
57762  38.361  -33.231  76.154 0.0000000000
59171  38.437  -32.517  75.433 0.0000000000
59194  38.248  -32.265  74.775 0.0000000000
60581  38.620  -31.754  74.560 0.0000000000
63301  39.796  -29.645  74.600 0.0000000000
63285  39.509  -29.990  75.144 0.0000000000
63302  39.556  -30.309  74.123 0.0000000000
64711  39.521  -29.522  73.579 0.0000000000
64726  39.201  -29.290  72.532 0.0000000000
66070  40.510  -27.271  72.205 0.0000000000
66071  40.374  -27.727  71.929 0.0000000000
66084  40.410  -26.867  71.694 0.0000000000
67275  40.077  -26.210  70.275 0.0000000000
68510  39.790  -25.626  70.982 0.0000000000
68501  39.192  -25.261  71.235 0.0000000000
68500  39.841  -25.336  71.720 0.0000000000
68477  40.684  -25.176  73.309 0.0000000000
71491  39.569  -24.044  72.941 0.0000000000
71492  39.228  -23.564  72.359 0.0000000000
67227  41.812  -26.427  75.483 0.0000000000
68455  41.640  -25.393  75.620 0.0000000000
69928  41.165  -24.519  75.308 0.0000000000
71464  40.579  -23.758  73.958 0.0000000000
72886  40.432  -23.388  73.433 0.0000000000
72904  40.742  -23.159  73.175 0.0000000000
74332  40.856  -22.853  72.566 0.0000000000
91372  55.109  -8.546  42.820 0.0000000000
86521  51.619  -11.968  46.516 0.0000000000
89015  55.227  -10.384  44.430 0.0000000000
90136  55.720  -9.877  43.815 0.0000000000
89014  56.320  -10.415  44.533 0.0000000000
88996  57.089  -11.185  46.522 0.0000000000
88995  57.776  -10.673  46.963 0.0000000000
88988  57.473  -10.398  47.795 0.0000000000
87778  56.239  -11.437  48.922 0.0000000000
90093  57.429  -10.565  49.002 0.0000000000
90108  57.550  -10.378  48.596 0.0000000000
91294  58.165  -10.437  49.150 0.0000000000
90079  57.836  -10.675  49.360 0.0000000000
88934  58.257  -11.554  50.008 0.0000000000
93767  59.819  -6.986  41.493 0.0000000000
93766  60.522  -7.128  42.191 0.0000000000
56322  25.376  -35.166  84.021 0.0000000000
47053  11.029  -41.968  87.300 0.0000000000
48541  10.383  -41.711  88.503 0.0000000000
74419  44.306  -22.266  68.040 0.0000000000
56524  27.594  -36.184  71.829 0.0000000000
55315  28.149  -36.408  72.857 0.0000000000
56430  20.055  -34.490  76.446 0.0000000000
57828  20.326  -34.625  72.967 0.0000000000
57814  20.287  -34.042  73.900 0.0000000000
57813  20.568  -33.753  74.513 0.0000000000
56469  20.253  -34.207  74.621 0.0000000000
53864  18.615  -35.999  87.809 0.0000000000
53865  18.223  -36.565  87.572 0.0000000000
53849  17.995  -36.731  88.617 0.0000000000
53837  17.922  -37.036  89.503 0.0000000000
85095  54.874  -13.719  50.905 0.0000000000
83790  55.057  -14.480  51.440 0.0000000000
83779  55.541  -14.862  52.126 0.0000000000
82432  55.682  -15.557  52.841 0.0000000000
82352  53.053  -16.978  58.555 0.0000000000
82332  53.768  -16.658  59.329 0.0000000000
82319  54.285  -16.674  59.994 0.0000000000
78546  43.240  -19.118  57.231 0.0000000000
79779  43.740  -18.951  57.740 0.0000000000
78518  44.233  -18.682  59.058 0.0000000000
71530  35.989  -23.164  67.901 0.0000000000
72974  36.178  -22.962  68.396 0.0000000000
72973  36.533  -22.684  68.922 0.0000000000
71517  36.679  -23.137  69.307 0.0000000000
71507  37.349  -23.492  70.410 0.0000000000
56463  35.299  -34.495  74.424 0.0000000000
56462  35.992  -34.331  74.720 0.0000000000
56443  36.528  -34.438  75.337 0.0000000000
57784  37.067  -33.852  75.179 0.0000000000
85117  52.350  -13.799  49.382 0.0000000000
86474  54.222  -13.206  49.962 0.0000000000
85104  54.280  -13.447  50.493 0.0000000000
90134  58.258  -9.112  43.849 0.0000000000
90135  57.760  -9.823  44.329 0.0000000000
56414  26.347  -35.201  77.422 0.0000000000
49888  15.651  -40.365  86.730 0.0000000000
49877  15.636  -39.910  88.042 0.0000000000
49854  14.744  -39.599  89.983 0.0000000000
49826  12.601  -39.967  91.394 0.0000000000
82452  51.092  -15.449  50.890 0.0000000000
82424  50.639  -16.325  52.639 0.0000000000
81135  49.066  -16.855  53.463 0.0000000000
82466  49.886  -15.106  50.094 0.0000000000
44388  8.026  -44.316  84.467 0.0000000000
44381  7.820  -44.228  85.403 0.0000000000
44374  6.976  -44.220  86.757 0.0000000000
77238  39.554  -20.786  57.746 0.0000000000
75880  40.041  -20.817  58.245 0.0000000000
74586  40.601  -21.547  60.138 0.0000000000
73112  39.388  -23.021  61.416 0.0000000000
74550  39.903  -22.336  61.684 0.0000000000
74529  39.928  -22.681  62.620 0.0000000000
75764  41.715  -22.524  63.914 0.0000000000
74460  41.504  -23.233  65.918 0.0000000000
57911  31.343  -33.862  68.310 0.0000000000
55333  30.511  -35.724  71.463 0.0000000000
55332  31.038  -35.268  71.648 0.0000000000
55312  31.301  -35.629  72.139 0.0000000000
55311  31.992  -35.437  72.356 0.0000000000
55277  32.780  -36.269  73.846 0.0000000000
54051  33.129  -36.626  74.521 0.0000000000
54004  28.667  -37.037  77.835 0.0000000000
55227  28.554  -36.885  76.822 0.0000000000
52700  29.435  -37.747  77.913 0.0000000000
49981  33.426  -39.591  79.506 0.0000000000
50002  33.694  -39.516  78.355 0.0000000000
56350  21.063  -34.831  82.223 0.0000000000
56376  19.177  -35.558  80.675 0.0000000000
55186  19.104  -35.631  81.095 0.0000000000
55174  18.713  -35.897  81.562 0.0000000000
55154  18.371  -36.363  82.871 0.0000000000
53931  17.247  -37.144  82.917 0.0000000000
51381  16.607  -38.685  77.082 0.0000000000
50011  15.633  -39.878  77.847 0.0000000000
50010  16.292  -39.556  78.065 0.0000000000
51307  16.772  -39.576  80.665 0.0000000000
49924  15.861  -39.890  83.563 0.0000000000
48595  15.513  -41.501  83.221 0.0000000000
47130  12.629  -41.965  82.278 0.0000000000
47097  12.511  -42.378  83.741 0.0000000000
47114  11.490  -42.495  82.735 0.0000000000
57916  24.793  -34.013  68.569 0.0000000000
57898  24.901  -34.076  69.685 0.0000000000
59274  23.275  -33.358  71.038 0.0000000000
59273  23.810  -33.694  71.243 0.0000000000
59249  23.291  -33.510  71.946 0.0000000000
59205  24.447  -34.275  74.381 0.0000000000
59181  23.754  -34.243  75.345 0.0000000000
59163  23.558  -33.850  76.176 0.0000000000
59146  22.106  -35.033  77.645 0.0000000000
59108  22.655  -34.468  79.394 0.0000000000
59088  22.999  -34.040  79.747 0.0000000000
57687  23.382  -34.029  80.342 0.0000000000
47040  7.951  -42.680  89.233 0.0000000000
47027  8.172  -41.952  89.536 0.0000000000
48501  7.620  -41.406  90.533 0.0000000000
48484  7.778  -40.553  91.853 0.0000000000
85051  58.270  -14.032  54.163 0.0000000000
86397  58.610  -13.939  54.027 0.0000000000
85034  58.990  -14.486  54.593 0.0000000000
82398  58.564  -16.065  55.535 0.0000000000
82399  58.474  -16.304  55.741 0.0000000000
81130  53.652  -16.537  53.513 0.0000000000
82412  54.661  -16.588  54.280 0.0000000000
79789  46.557  -17.820  57.065 0.0000000000
79774  48.003  -17.600  58.409 0.0000000000
79761  49.044  -17.358  59.556 0.0000000000
78451  45.183  -18.957  63.240 0.0000000000
80974  50.272  -17.420  62.551 0.0000000000
73059  36.367  -22.788  64.327 0.0000000000
74422  38.057  -22.381  68.141 0.0000000000
72972  39.898  -23.167  68.699 0.0000000000
74408  39.826  -23.037  69.208 0.0000000000
74393  40.623  -23.022  70.586 0.0000000000
74372  40.987  -22.892  71.254 0.0000000000
60634  36.667  -31.406  72.030 0.0000000000
61919  36.409  -30.626  70.656 0.0000000000
61900  36.743  -30.878  71.423 0.0000000000
63378  37.099  -29.786  70.589 0.0000000000
64766  37.875  -29.360  70.265 0.0000000000
57720  38.153  -34.194  78.003 0.0000000000
57719  38.515  -33.705  78.150 0.0000000000
59136  38.926  -32.729  77.617 0.0000000000
64695  39.835  -29.189  74.115 0.0000000000
64710  39.797  -28.684  73.332 0.0000000000
64709  40.659  -28.045  72.959 0.0000000000
67255  40.632  -26.358  72.582 0.0000000000
67256  40.044  -26.044  72.164 0.0000000000
68489  40.876  -25.742  73.070 0.0000000000
68476  41.282  -25.565  73.672 0.0000000000
87807  53.239  -11.887  46.183 0.0000000000
87815  55.877  -11.373  45.789 0.0000000000
87804  56.362  -11.448  46.257 0.0000000000
87766  56.445  -11.952  49.776 0.0000000000
88953  57.345  -11.350  49.758 0.0000000000
90067  57.906  -11.143  49.666 0.0000000000
93748  60.482  -7.033  43.196 0.0000000000
94974  60.801  -7.023  43.030 0.0000000000
94958  61.032  -7.090  43.356 0.0000000000
92494  59.248  -8.849  46.451 0.0000000000
92484  59.373  -8.924  46.738 0.0000000000
90104  59.663  -10.143  47.839 0.0000000000
56373  25.795  -34.726  80.464 0.0000000000
56359  26.258  -34.853  80.801 0.0000000000
47067  13.801  -41.584  87.018 0.0000000000
48537  13.732  -41.252  88.020 0.0000000000
47050  13.323  -41.440  87.703 0.0000000000
48538  12.930  -41.184  88.157 0.0000000000
49856  12.211  -40.530  89.845 0.0000000000
48511  12.060  -40.907  89.390 0.0000000000
49827  11.504  -40.018  91.272 0.0000000000
49803  10.757  -40.008  92.436 0.0000000000
82440  47.936  -16.048  52.029 0.0000000000
81136  48.087  -16.671  53.435 0.0000000000
77092  43.051  -20.896  65.162 0.0000000000
77091  43.653  -20.722  65.205 0.0000000000
77071  44.043  -21.097  65.669 0.0000000000
75721  45.251  -21.308  67.973 0.0000000000
75720  45.733  -20.776  68.335 0.0000000000
42139  6.523  -45.438  85.254 0.0000000000
42132  5.638  -45.728  86.662 0.0000000000
41058  5.645  -46.861  85.023 0.0000000000
41046  5.304  -46.493  85.914 0.0000000000
42133  5.014  -46.023  87.155 0.0000000000
42124  3.725  -45.808  87.955 0.0000000000
73113  38.998  -23.583  61.929 0.0000000000
74530  39.255  -23.063  62.699 0.0000000000
74516  38.901  -22.908  63.099 0.0000000000
55352  29.749  -35.801  70.946 0.0000000000
56523  28.694  -36.181  71.429 0.0000000000
55334  29.410  -36.076  71.698 0.0000000000
55313  30.197  -36.278  72.275 0.0000000000
57710  20.568  -34.365  79.681 0.0000000000
57711  20.134  -34.542  79.460 0.0000000000
55216  19.559  -35.257  79.095 0.0000000000
55203  19.323  -35.368  79.485 0.0000000000
55204  18.842  -35.748  79.737 0.0000000000
50012  14.656  -40.760  77.910 0.0000000000
48620  14.194  -41.374  80.114 0.0000000000
59208  21.798  -33.229  74.317 0.0000000000
57771  21.442  -34.023  76.026 0.0000000000
57792  20.824  -33.811  75.389 0.0000000000
57750  21.383  -34.440  77.078 0.0000000000
57729  21.318  -34.772  78.147 0.0000000000
86455  57.420  -12.965  51.720 0.0000000000
85092  57.274  -13.589  52.193 0.0000000000
85080  57.424  -13.962  52.924 0.0000000000
85065  57.807  -13.965  53.704 0.0000000000
85052  57.983  -14.120  54.236 0.0000000000
85036  57.985  -14.396  54.772 0.0000000000
85019  58.025  -14.793  55.260 0.0000000000
81070  53.699  -17.207  56.213 0.0000000000
82385  54.769  -17.121  56.407 0.0000000000
82386  53.994  -17.355  56.802 0.0000000000
82349  55.480  -16.438  58.382 0.0000000000
79777  45.096  -18.340  57.768 0.0000000000
79778  44.299  -18.756  57.871 0.0000000000
79751  46.858  -17.994  59.790 0.0000000000
79650  47.245  -18.103  66.240 0.0000000000
74501  34.961  -22.458  65.508 0.0000000000
74500  35.591  -22.508  65.271 0.0000000000
74483  35.755  -22.285  65.944 0.0000000000
74465  36.494  -22.039  66.636 0.0000000000
74423  37.350  -21.951  68.369 0.0000000000
74424  36.601  -22.156  68.516 0.0000000000
74396  38.065  -22.071  70.085 0.0000000000
74375  38.599  -21.970  70.927 0.0000000000
74356  39.085  -22.268  71.687 0.0000000000
59241  34.120  -33.443  71.467 0.0000000000
59293  34.617  -32.831  70.344 0.0000000000
59266  34.775  -33.323  71.049 0.0000000000
59265  35.385  -32.816  71.351 0.0000000000
59219  36.097  -33.341  73.119 0.0000000000
59238  36.378  -32.770  72.764 0.0000000000
60619  36.286  -32.457  72.352 0.0000000000
60618  37.039  -31.962  72.630 0.0000000000
60617  37.709  -31.416  72.926 0.0000000000
86511  52.543  -12.914  47.326 0.0000000000
86518  54.031  -12.705  47.198 0.0000000000
87796  54.574  -12.625  47.239 0.0000000000
87795  55.385  -12.368  47.474 0.0000000000
86508  54.968  -12.473  48.376 0.0000000000
86483  54.561  -12.711  49.569 0.0000000000
86482  55.315  -12.585  49.716 0.0000000000
87767  55.847  -12.422  49.737 0.0000000000
92556  59.203  -7.425  40.793 0.0000000000
92544  58.669  -8.061  41.774 0.0000000000
93732  60.384  -6.791  43.779 0.0000000000
93719  60.549  -7.585  44.039 0.0000000000
93704  60.358  -8.052  44.742 0.0000000000
93705  60.138  -8.075  44.769 0.0000000000
92503  59.390  -8.642  45.842 0.0000000000
91344  59.450  -8.600  45.173 0.0000000000
92504  58.796  -8.893  46.181 0.0000000000
92495  58.951  -9.121  46.682 0.0000000000
91335  58.586  -9.494  46.944 0.0000000000
56484  26.383  -35.638  73.884 0.0000000000
56483  27.151  -35.804  74.405 0.0000000000
56466  27.054  -35.749  75.290 0.0000000000
56446  26.896  -35.954  76.198 0.0000000000
55243  27.487  -36.193  76.641 0.0000000000
56413  26.942  -35.544  77.453 0.0000000000
55229  27.419  -36.033  77.399 0.0000000000
55228  28.092  -36.447  77.258 0.0000000000
53985  28.756  -36.848  78.848 0.0000000000
56358  26.723  -34.974  80.395 0.0000000000
55172  27.477  -35.351  80.870 0.0000000000
55171  28.260  -35.813  81.377 0.0000000000
55183  28.797  -36.264  80.697 0.0000000000
52541  17.088  -37.700  87.551 0.0000000000
51163  16.678  -38.119  88.010 0.0000000000
52530  16.351  -38.204  89.354 0.0000000000
52519  16.467  -38.295  90.208 0.0000000000
52508  16.379  -38.126  90.967 0.0000000000
52499  16.485  -38.284  91.307 0.0000000000
49868  13.825  -40.564  88.908 0.0000000000
49838  14.388  -39.637  90.894 0.0000000000
49825  13.771  -39.583  91.533 0.0000000000
49824  14.555  -39.486  91.278 0.0000000000
51134  14.782  -39.293  91.696 0.0000000000
83782  52.909  -15.192  51.648 0.0000000000
82435  53.222  -15.809  52.238 0.0000000000
82421  53.504  -16.206  53.015 0.0000000000
81134  50.104  -16.908  53.451 0.0000000000
81133  51.161  -16.842  53.490 0.0000000000
81052  53.025  -17.254  57.101 0.0000000000
82373  52.710  -17.234  57.978 0.0000000000
82334  52.578  -16.833  59.178 0.0000000000
82322  52.431  -16.539  59.646 0.0000000000
77223  42.958  -19.622  59.537 0.0000000000
77222  43.813  -19.354  59.624 0.0000000000
77206  43.636  -19.623  60.377 0.0000000000
77184  44.156  -19.562  60.985 0.0000000000
78472  44.685  -19.528  62.369 0.0000000000
77160  44.529  -19.943  62.591 0.0000000000
78452  44.781  -19.231  63.032 0.0000000000
77090  44.366  -19.874  65.146 0.0000000000
77089  44.819  -19.673  65.408 0.0000000000
70013  36.820  -24.096  67.661 0.0000000000
70012  37.500  -24.331  68.170 0.0000000000
68520  38.285  -24.817  68.940 0.0000000000
53983  36.428  -36.538  77.775 0.0000000000
55225  36.744  -35.702  77.159 0.0000000000
55212  37.380  -35.608  78.279 0.0000000000
85109  50.276  -14.470  49.262 0.0000000000
85107  51.827  -14.265  49.816 0.0000000000
91385  56.237  -8.920  41.962 0.0000000000
90171  55.891  -9.285  42.606 0.0000000000
45642  9.577  -43.239  86.375 0.0000000000
45630  8.485  -43.087  87.465 0.0000000000
45631  7.780  -43.409  87.711 0.0000000000
47041  7.261  -43.090  89.547 0.0000000000
47029  6.709  -42.653  90.188 0.0000000000
43202  6.975  -44.988  86.042 0.0000000000
45622  6.061  -43.517  88.820 0.0000000000
45608  5.722  -43.378  89.904 0.0000000000
47030  6.240  -42.766  90.765 0.0000000000
79793  42.822  -19.183  56.670 0.0000000000
78547  42.758  -19.331  57.277 0.0000000000
78534  42.488  -19.320  57.987 0.0000000000
78535  41.666  -19.727  57.967 0.0000000000
78520  42.388  -19.682  58.657 0.0000000000
77208  42.189  -20.383  60.564 0.0000000000
74549  40.739  -21.694  61.673 0.0000000000
75824  41.279  -21.325  61.959 0.0000000000
75799  41.720  -21.237  62.388 0.0000000000
75779  42.529  -21.010  63.570 0.0000000000
74458  43.321  -21.926  66.415 0.0000000000
74476  42.432  -22.185  65.364 0.0000000000
74420  43.697  -22.798  68.056 0.0000000000
72985  43.854  -23.073  68.561 0.0000000000
72949  43.717  -23.527  70.433 0.0000000000
59335  33.275  -32.859  68.292 0.0000000000
59294  33.672  -33.258  70.094 0.0000000000
57896  29.944  -34.412  68.697 0.0000000000
57895  30.457  -34.150  69.008 0.0000000000
57894  31.522  -34.387  69.167 0.0000000000
56521  31.084  -35.065  71.167 0.0000000000
56549  31.815  -34.766  70.512 0.0000000000
57874  32.041  -34.502  69.797 0.0000000000
57873  32.841  -34.186  70.212 0.0000000000
57872  33.484  -33.782  70.687 0.0000000000
59267  34.016  -33.376  70.843 0.0000000000
57825  34.096  -34.212  72.606 0.0000000000
56479  34.604  -34.574  73.646 0.0000000000
55293  33.912  -35.379  73.668 0.0000000000
56465  34.233  -35.093  73.845 0.0000000000
56464  34.569  -34.851  74.367 0.0000000000
55258  34.832  -35.613  75.527 0.0000000000
55240  35.136  -35.950  76.169 0.0000000000
54019  35.889  -36.208  76.655 0.0000000000
55282  27.862  -35.955  74.902 0.0000000000
55281  28.550  -36.522  74.551 0.0000000000
55241  28.664  -37.076  75.975 0.0000000000
55260  29.036  -36.795  75.171 0.0000000000
54055  29.674  -36.924  75.057 0.0000000000
54054  30.297  -37.556  74.893 0.0000000000
52762  31.199  -38.156  74.904 0.0000000000
51321  30.518  -38.481  79.526 0.0000000000
51347  30.498  -38.967  78.849 0.0000000000
51346  31.513  -39.426  78.664 0.0000000000
51374  30.854  -38.936  77.801 0.0000000000
51396  31.175  -38.825  77.168 0.0000000000
52740  31.796  -38.455  75.612 0.0000000000
51415  32.430  -38.451  75.865 0.0000000000
52718  33.304  -38.271  76.220 0.0000000000
52717  33.900  -37.936  76.541 0.0000000000
51344  34.256  -39.262  77.989 0.0000000000
52698  34.353  -38.307  77.030 0.0000000000
52697  34.852  -37.878  76.906 0.0000000000
52696  35.532  -37.304  76.928 0.0000000000
53984  36.079  -36.905  77.201 0.0000000000
56324  24.113  -34.409  84.885 0.0000000000
57628  23.193  -34.447  85.267 0.0000000000
57629  22.665  -34.531  85.042 0.0000000000
57630  22.095  -34.787  84.739 0.0000000000
56325  21.656  -34.853  84.766 0.0000000000
56327  20.098  -35.069  85.253 0.0000000000
57690  20.707  -34.300  80.795 0.0000000000
57674  20.653  -34.564  81.479 0.0000000000
56362  20.556  -34.751  81.950 0.0000000000
56363  19.942  -34.889  82.008 0.0000000000
56340  20.000  -34.892  84.175 0.0000000000
55130  19.390  -35.346  85.749 0.0000000000
55122  18.116  -36.094  85.802 0.0000000000
55132  18.128  -36.121  84.826 0.0000000000
53899  17.300  -37.338  85.813 0.0000000000
54039  18.886  -36.753  75.280 0.0000000000
54024  18.760  -36.640  76.373 0.0000000000
54007  18.403  -37.420  76.823 0.0000000000
53971  18.031  -36.919  79.006 0.0000000000
53954  17.652  -37.435  79.488 0.0000000000
52688  17.390  -38.305  78.052 0.0000000000
53940  17.604  -37.357  80.317 0.0000000000
52635  17.639  -37.459  81.477 0.0000000000
52607  17.185  -37.866  83.242 0.0000000000
52593  17.232  -38.043  84.317 0.0000000000
52575  16.927  -38.076  85.447 0.0000000000
51186  16.471  -38.560  86.337 0.0000000000
49912  15.846  -40.078  84.379 0.0000000000
48548  15.068  -41.052  86.588 0.0000000000
47066  14.671  -41.340  86.606 0.0000000000
47143  15.193  -41.759  82.084 0.0000000000
47128  14.887  -41.842  82.882 0.0000000000
47110  14.684  -42.159  84.166 0.0000000000
47094  14.491  -42.104  85.151 0.0000000000
45653  12.124  -43.083  84.957 0.0000000000
47083  11.654  -42.741  85.630 0.0000000000
45689  10.204  -43.166  83.042 0.0000000000
45673  9.189  -43.607  84.678 0.0000000000
56597  27.791  -35.079  68.227 0.0000000000
56578  26.916  -35.293  69.402 0.0000000000
59319  24.393  -33.672  69.263 0.0000000000
57876  24.935  -34.373  70.649 0.0000000000
56500  25.889  -34.899  72.609 0.0000000000
56468  25.789  -35.313  74.331 0.0000000000
57810  25.687  -35.132  74.939 0.0000000000
59179  24.951  -34.541  74.825 0.0000000000
57789  25.346  -34.805  75.534 0.0000000000
57745  25.735  -34.858  77.404 0.0000000000
57724  25.636  -34.607  78.258 0.0000000000
57705  25.639  -34.184  79.006 0.0000000000
59143  23.808  -34.222  76.579 0.0000000000
59145  22.879  -34.559  77.356 0.0000000000
57748  23.469  -34.463  77.638 0.0000000000
57684  25.492  -34.357  79.551 0.0000000000
57685  25.161  -34.577  80.145 0.0000000000
57656  24.807  -34.020  81.913 0.0000000000
57670  24.129  -34.195  81.302 0.0000000000
56349  24.930  -34.342  82.517 0.0000000000
56338  24.687  -34.671  83.320 0.0000000000
53850  17.201  -36.992  89.005 0.0000000000
53838  17.379  -37.274  89.387 0.0000000000
48529  9.932  -41.661  88.753 0.0000000000
48513  9.415  -41.462  89.633 0.0000000000
48514  8.382  -41.443  89.896 0.0000000000
48498  10.065  -41.193  90.363 0.0000000000
49828  10.507  -40.299  91.258 0.0000000000
87725  58.185  -13.216  52.979 0.0000000000
87719  58.419  -13.570  53.010 0.0000000000
82418  56.002  -15.671  53.571 0.0000000000
83752  56.945  -15.343  54.441 0.0000000000
83735  57.574  -15.158  55.266 0.0000000000
85002  57.912  -15.254  55.525 0.0000000000
83717  56.483  -16.247  56.414 0.0000000000
83716  56.998  -15.700  56.073 0.0000000000
85001  58.060  -15.510  55.800 0.0000000000
85000  58.097  -15.710  56.090 0.0000000000
81138  46.031  -16.984  53.139 0.0000000000
81094  48.078  -17.012  55.271 0.0000000000
79806  44.953  -17.609  55.395 0.0000000000
81078  45.816  -17.622  55.616 0.0000000000
81077  46.670  -17.394  55.791 0.0000000000
81075  48.561  -17.285  56.348 0.0000000000
79786  49.039  -17.424  56.760 0.0000000000
81055  49.537  -17.398  57.197 0.0000000000
81016  51.877  -16.545  60.339 0.0000000000
78507  44.830  -19.002  60.213 0.0000000000
78488  47.280  -18.078  60.904 0.0000000000
79736  47.866  -17.906  60.781 0.0000000000
79702  47.709  -18.477  63.209 0.0000000000
79682  48.798  -17.787  64.404 0.0000000000
78468  48.088  -18.093  61.824 0.0000000000
79720  48.168  -17.964  61.416 0.0000000000
81008  50.394  -17.120  60.836 0.0000000000
80993  50.299  -17.400  62.265 0.0000000000
79733  50.274  -17.264  61.364 0.0000000000
81006  51.709  -16.768  61.262 0.0000000000
73075  38.482  -23.075  63.525 0.0000000000
73074  38.947  -22.861  63.836 0.0000000000
74499  36.330  -22.536  64.984 0.0000000000
74498  36.793  -22.590  64.733 0.0000000000
74441  37.908  -22.730  67.125 0.0000000000
74463  37.808  -23.321  66.124 0.0000000000
73046  37.721  -22.877  64.926 0.0000000000
73045  38.282  -23.214  65.192 0.0000000000
73044  39.249  -23.354  65.288 0.0000000000
74497  39.853  -23.056  64.640 0.0000000000
74479  39.937  -23.325  65.199 0.0000000000
73028  40.965  -23.319  66.611 0.0000000000
72989  40.447  -23.431  68.139 0.0000000000
72988  41.299  -23.671  68.288 0.0000000000
72987  42.361  -23.757  68.446 0.0000000000
71527  42.620  -23.776  68.906 0.0000000000
60658  34.824  -32.237  69.786 0.0000000000
61943  35.036  -31.294  68.976 0.0000000000
61941  36.242  -30.507  69.982 0.0000000000
63405  35.673  -30.027  68.699 0.0000000000
66134  38.270  -27.270  67.580 0.0000000000
66122  38.470  -27.688  68.186 0.0000000000
68534  38.840  -25.771  68.724 0.0000000000
68519  38.787  -25.280  69.358 0.0000000000
56411  36.635  -35.180  76.599 0.0000000000
57763  37.790  -33.781  76.679 0.0000000000
57783  37.756  -33.554  75.568 0.0000000000
59195  37.890  -32.728  74.651 0.0000000000
61868  38.448  -31.143  73.466 0.0000000000
60567  39.143  -31.623  75.833 0.0000000000
61830  40.086  -30.860  76.133 0.0000000000
60566  39.703  -31.210  75.974 0.0000000000
61843  39.288  -30.988  74.774 0.0000000000
63303  38.877  -30.436  73.488 0.0000000000
63318  38.334  -30.204  73.174 0.0000000000
64727  38.700  -29.976  72.266 0.0000000000
64725  40.103  -28.262  72.099 0.0000000000
64744  39.912  -28.014  71.447 0.0000000000
67286  39.824  -26.632  69.800 0.0000000000
67276  39.485  -25.733  69.803 0.0000000000
69984  38.426  -24.671  70.146 0.0000000000
69972  38.546  -24.716  71.115 0.0000000000
69962  38.127  -24.049  71.366 0.0000000000
69961  38.771  -24.188  71.804 0.0000000000
71493  38.420  -23.462  71.656 0.0000000000
72920  38.696  -22.746  71.896 0.0000000000
72906  39.341  -22.857  72.309 0.0000000000
67235  41.605  -26.515  74.671 0.0000000000
68475  41.544  -25.785  74.312 0.0000000000
69950  40.934  -24.865  73.754 0.0000000000
68456  41.134  -25.031  74.967 0.0000000000
69937  40.815  -24.409  74.324 0.0000000000
71477  39.880  -23.704  73.238 0.0000000000
74334  39.644  -22.714  72.112 0.0000000000
74333  40.181  -22.735  72.180 0.0000000000
74354  40.572  -22.634  71.801 0.0000000000
74353  41.383  -22.678  72.017 0.0000000000
74331  41.745  -22.857  72.871 0.0000000000
72919  42.161  -23.015  72.200 0.0000000000
90152  56.205  -9.591  43.112 0.0000000000
91328  58.175  -9.597  47.716 0.0000000000
90107  57.740  -10.103  48.171 0.0000000000
91319  58.121  -9.675  48.166 0.0000000000
91307  58.206  -10.306  48.937 0.0000000000
90066  58.121  -11.032  49.607 0.0000000000
88951  58.441  -10.939  49.524 0.0000000000
41034  5.036  -46.377  86.616 0.0000000000
44364  6.021  -44.018  88.079 0.0000000000
47026  8.810  -41.865  89.411 0.0000000000
47028  7.474  -42.085  89.857 0.0000000000
47065  14.913  -41.239  86.500 0.0000000000
47079  14.988  -41.370  86.304 0.0000000000
47080  14.615  -41.745  86.036 0.0000000000
47113  12.103  -42.283  83.053 0.0000000000
47127  15.287  -41.688  82.447 0.0000000000
48480  13.483  -39.739  92.232 0.0000000000
48492  7.923  -40.817  91.481 0.0000000000
48499  9.659  -41.222  90.423 0.0000000000
48500  8.693  -41.283  90.870 0.0000000000
48502  6.964  -41.480  90.737 0.0000000000
48510  12.749  -40.661  89.255 0.0000000000
48515  7.879  -41.622  89.906 0.0000000000
48524  13.981  -40.788  88.506 0.0000000000
48526  12.425  -40.973  88.788 0.0000000000
49804  9.895  -40.397  92.184 0.0000000000
49805  8.984  -40.568  92.178 0.0000000000
49819  7.995  -40.283  91.943 0.0000000000
49820  7.741  -40.268  91.848 0.0000000000
49830  8.609  -40.774  91.533 0.0000000000
49843  9.366  -41.172  91.165 0.0000000000
49869  11.160  -41.145  89.565 0.0000000000
49870  10.974  -41.274  89.414 0.0000000000
49990  14.970  -40.874  78.662 0.0000000000
51155  15.203  -39.274  90.222 0.0000000000
51357  16.098  -39.427  77.768 0.0000000000
51371  33.840  -38.917  77.284 0.0000000000
52517  17.469  -37.381  89.632 0.0000000000
52715  35.315  -36.830  76.655 0.0000000000
52716  34.726  -37.014  76.481 0.0000000000
52719  31.232  -38.432  76.140 0.0000000000
52739  32.938  -37.850  75.591 0.0000000000
52760  32.538  -37.522  74.907 0.0000000000
53883  17.372  -37.400  86.389 0.0000000000
53952  18.540  -36.185  79.957 0.0000000000
53986  28.258  -36.626  78.503 0.0000000000
54002  36.280  -36.377  76.987 0.0000000000
54003  35.771  -36.683  76.757 0.0000000000
54005  28.161  -36.689  77.886 0.0000000000
54034  34.292  -36.400  75.663 0.0000000000
55175  18.299  -36.479  81.415 0.0000000000
55353  29.163  -36.026  71.131 0.0000000000
56361  20.895  -34.663  81.803 0.0000000000
56399  38.236  -34.320  78.270 0.0000000000
56412  36.290  -35.392  76.446 0.0000000000
56442  37.179  -34.213  75.678 0.0000000000
56444  35.579  -34.828  75.309 0.0000000000
56445  34.885  -34.923  74.956 0.0000000000
56471  19.444  -35.321  74.620 0.0000000000
56580  25.260  -34.339  69.016 0.0000000000
57638  21.192  -35.139  83.831 0.0000000000
57648  21.057  -35.186  83.247 0.0000000000
57661  21.228  -35.063  82.779 0.0000000000
57675  20.329  -34.716  81.620 0.0000000000
57728  22.973  -34.460  77.977 0.0000000000
57731  20.094  -34.526  78.986 0.0000000000
57741  37.944  -34.019  77.555 0.0000000000
57749  23.114  -34.461  77.776 0.0000000000
57782  38.233  -33.111  75.584 0.0000000000
57790  24.994  -34.665  76.058 0.0000000000
57836  34.572  -33.682  72.391 0.0000000000
57837  33.878  -33.945  71.998 0.0000000000
57838  33.314  -34.336  71.567 0.0000000000
57875  25.499  -34.634  70.341 0.0000000000
57899  24.330  -33.493  69.903 0.0000000000
59090  22.246  -34.304  80.231 0.0000000000
59106  23.696  -34.536  79.199 0.0000000000
59107  23.368  -34.392  79.429 0.0000000000
59144  23.441  -34.299  76.834 0.0000000000
59196  37.275  -33.140  74.208 0.0000000000
59204  25.016  -34.303  74.392 0.0000000000
59350  33.032  -32.759  67.559 0.0000000000
60582  38.141  -32.123  74.434 0.0000000000
60607  22.888  -33.353  72.351 0.0000000000
60641  22.818  -33.068  70.866 0.0000000000
60678  35.023  -31.592  69.585 0.0000000000
60679  34.486  -32.030  69.016 0.0000000000
61842  39.605  -30.754  75.468 0.0000000000
61854  38.900  -30.972  73.896 0.0000000000
61855  38.498  -30.636  73.352 0.0000000000
61869  38.032  -30.821  73.091 0.0000000000
61901  36.103  -31.214  70.924 0.0000000000
63336  38.572  -29.944  72.787 0.0000000000
63360  36.763  -30.135  70.907 0.0000000000
66086  39.805  -27.910  71.155 0.0000000000
66096  39.874  -27.091  70.102 0.0000000000
67236  41.379  -26.822  74.097 0.0000000000
67267  40.157  -26.283  71.432 0.0000000000
67317  38.483  -27.042  67.771 0.0000000000
67318  38.252  -26.679  67.180 0.0000000000
68464  41.314  -25.134  74.315 0.0000000000
71505  43.013  -23.899  71.175 0.0000000000
71516  37.055  -23.343  69.611 0.0000000000
71526  42.886  -23.746  69.040 0.0000000000
71528  37.031  -23.489  69.111 0.0000000000
71544  42.863  -23.689  68.674 0.0000000000
72933  42.782  -23.617  71.615 0.0000000000
72936  37.159  -23.093  70.083 0.0000000000
72955  36.489  -23.019  69.065 0.0000000000
72968  43.361  -23.643  69.305 0.0000000000
72991  36.271  -22.607  68.362 0.0000000000
73031  38.569  -23.552  65.852 0.0000000000
73061  34.583  -22.577  64.771 0.0000000000
73115  37.376  -23.874  62.381 0.0000000000
74397  37.484  -22.409  70.002 0.0000000000
74412  36.933  -22.384  69.413 0.0000000000
74425  36.160  -22.420  68.122 0.0000000000
74461  40.854  -23.356  66.030 0.0000000000
74480  37.727  -23.033  65.411 0.0000000000
74495  41.739  -22.550  64.348 0.0000000000
74548  41.252  -21.417  61.445 0.0000000000
75751  43.191  -21.058  65.330 0.0000000000
75891  40.843  -20.419  58.071 0.0000000000
77138  42.531  -20.995  63.245 0.0000000000
78417  44.782  -19.604  65.155 0.0000000000
78492  44.336  -19.622  61.565 0.0000000000
78521  41.980  -19.940  58.540 0.0000000000
79717  50.460  -17.256  61.642 0.0000000000
79737  47.253  -17.975  60.447 0.0000000000
79804  49.002  -17.301  56.477 0.0000000000
79805  48.836  -17.364  56.614 0.0000000000
81068  58.311  -16.451  56.157 0.0000000000
81086  58.442  -16.590  55.768 0.0000000000
81087  58.423  -16.445  55.939 0.0000000000
82383  58.384  -16.182  56.018 0.0000000000
83680  57.075  -15.981  57.596 0.0000000000
83696  57.772  -16.177  56.678 0.0000000000
83750  59.327  -14.896  54.384 0.0000000000
85033  59.086  -14.228  54.226 0.0000000000
85130  52.348  -13.121  47.641 0.0000000000
85140  52.101  -13.120  47.449 0.0000000000
85141  51.880  -13.196  47.539 0.0000000000
86396  58.891  -14.044  54.116 0.0000000000
86419  58.065  -13.533  53.246 0.0000000000
86437  57.790  -13.033  52.841 0.0000000000
88952  57.787  -11.300  49.836 0.0000000000
88979  57.456  -10.353  48.175 0.0000000000
90091  58.489  -10.239  48.765 0.0000000000
90106  58.693  -9.949  48.507 0.0000000000
91293  58.293  -10.497  49.084 0.0000000000
91308  58.046  -10.166  48.779 0.0000000000
91354  59.540  -8.353  44.735 0.0000000000
91370  59.287  -8.102  43.165 0.0000000000
93694  60.079  -8.139  45.331 0.0000000000
93703  60.305  -8.213  44.927 0.0000000000
94946  60.873  -7.140  43.807 0.0000000000
