#!ascii label  , from subject 3788 vox2ras=TkReg
1364
64667  17.107  -28.186  77.463 0.0000000000
63132  30.829  -28.227  82.916 0.0000000000
82358  37.024  -13.395  58.700 0.0000000000
72977  28.471  -22.630  69.813 0.0000000000
67222  34.366  -26.660  76.642 0.0000000000
92480  50.894  -7.511  48.315 0.0000000000
79721  37.693  -15.994  63.812 0.0000000000
75802  32.552  -18.645  61.589 0.0000000000
57732  13.815  -32.560  77.515 0.0000000000
63202  24.524  -27.268  79.829 0.0000000000
61833  28.293  -28.662  76.044 0.0000000000
63328  20.647  -27.220  73.206 0.0000000000
85086  45.299  -11.617  53.336 0.0000000000
63112  20.225  -27.588  83.524 0.0000000000
64596  15.305  -27.450  83.289 0.0000000000
83721  44.098  -12.641  56.709 0.0000000000
57649  11.497  -32.857  82.821 0.0000000000
51310  7.634  -37.460  80.338 0.0000000000
77061  31.751  -17.518  67.690 0.0000000000
71467  30.873  -24.771  74.445 0.0000000000
64768  32.962  -28.346  70.195 0.0000000000
59269  29.576  -30.568  72.648 0.0000000000
78434  38.184  -17.104  64.708 0.0000000000
77165  35.715  -17.294  62.567 0.0000000000
77116  35.782  -17.365  64.192 0.0000000000
83640  40.450  -14.295  65.290 0.0000000000
61849  15.988  -29.675  74.919 0.0000000000
57774  14.611  -32.702  75.266 0.0000000000
60533  14.672  -30.386  77.412 0.0000000000
146475  20.708  -27.242  78.608 0.0000000000
146493  22.565  -26.702  76.899 0.0000000000
63260  18.705  -27.496  75.746 0.0000000000
63331  17.774  -29.499  72.454 0.0000000000
82387  39.073  -13.691  56.211 0.0000000000
82336  40.633  -12.614  59.828 0.0000000000
83705  40.773  -13.361  57.518 0.0000000000
83743  41.992  -13.258  55.601 0.0000000000
63039  13.900  -29.364  86.079 0.0000000000
63151  12.238  -29.844  82.891 0.0000000000
60467  11.910  -31.229  85.608 0.0000000000
51189  8.435  -36.748  86.295 0.0000000000
51241  9.390  -36.204  83.904 0.0000000000
49926  7.195  -37.850  82.835 0.0000000000
48597  5.478  -39.582  81.854 0.0000000000
47116  4.448  -39.575  83.735 0.0000000000
72850  30.887  -22.452  76.995 0.0000000000
69920  32.640  -25.151  76.253 0.0000000000
68493  32.941  -26.209  72.725 0.0000000000
66064  33.047  -27.645  74.337 0.0000000000
64733  25.492  -27.758  72.929 0.0000000000
59203  28.656  -29.841  73.995 0.0000000000
61926  26.831  -28.568  70.645 0.0000000000
60685  28.168  -29.565  69.096 0.0000000000
75723  29.622  -19.404  68.801 0.0000000000
77122  29.960  -18.520  64.982 0.0000000000
74471  27.984  -21.696  66.173 0.0000000000
93699  52.925  -6.239  45.955 0.0000000000
92498  51.057  -7.480  46.461 0.0000000000
81019  38.014  -14.564  61.127 0.0000000000
78508  35.440  -16.660  60.324 0.0000000000
83657  40.050  -13.121  62.442 0.0000000000
63159  28.007  -27.578  82.015 0.0000000000
61782  29.812  -28.745  79.792 0.0000000000
146471  26.092  -27.410  77.603 0.0000000000
146499  24.561  -27.114  75.230 0.0000000000
63368  21.979  -26.871  71.447 0.0000000000
85071  47.314  -11.969  54.398 0.0000000000
86462  48.094  -10.874  52.598 0.0000000000
88959  48.575  -9.714  51.316 0.0000000000
90099  48.399  -9.226  49.174 0.0000000000
63184  19.331  -27.512  81.012 0.0000000000
63187  15.925  -28.322  80.316 0.0000000000
63114  18.291  -27.468  83.760 0.0000000000
63162  22.767  -27.422  81.550 0.0000000000
83756  44.170  -12.746  55.051 0.0000000000
63212  13.571  -29.366  79.793 0.0000000000
57676  12.440  -32.562  80.120 0.0000000000
53991  10.934  -35.345  78.694 0.0000000000
55144  10.436  -33.942  84.219 0.0000000000
52651  10.498  -35.578  81.513 0.0000000000
45676  3.273  -41.865  83.987 0.0000000000
78409  35.145  -16.681  66.656 0.0000000000
74377  29.966  -21.115  71.369 0.0000000000
74313  30.165  -21.625  74.650 0.0000000000
146531  29.402  -23.501  72.152 0.0000000000
69989  30.850  -25.717  71.602 0.0000000000
66110  32.888  -27.782  69.276 0.0000000000
63470  31.365  -28.962  66.090 0.0000000000
59124  31.070  -29.884  77.589 0.0000000000
59156  31.677  -30.456  76.406 0.0000000000
61858  32.877  -29.633  74.494 0.0000000000
61903  31.496  -29.915  71.711 0.0000000000
61986  29.595  -29.329  67.731 0.0000000000
77119  32.665  -17.292  64.114 0.0000000000
74531  30.760  -20.311  61.574 0.0000000000
77093  38.387  -16.923  65.618 0.0000000000
77115  36.767  -17.424  64.220 0.0000000000
77095  36.719  -17.389  65.160 0.0000000000
79667  39.713  -16.276  66.395 0.0000000000
63279  16.327  -28.648  75.695 0.0000000000
61836  15.514  -29.550  76.132 0.0000000000
63237  15.504  -28.507  77.908 0.0000000000
64652  18.341  -27.276  78.195 0.0000000000
146481  19.872  -27.685  77.109 0.0000000000
64666  18.074  -27.416  76.945 0.0000000000
63278  17.262  -28.105  75.297 0.0000000000
83707  38.941  -14.062  57.203 0.0000000000
82338  38.521  -13.029  59.770 0.0000000000
82355  40.322  -11.861  59.013 0.0000000000
83687  39.570  -13.064  58.188 0.0000000000
83706  39.896  -13.765  57.309 0.0000000000
51208  7.390  -37.439  85.523 0.0000000000
49900  7.578  -37.231  84.253 0.0000000000
49914  6.980  -37.651  83.830 0.0000000000
49942  6.302  -38.423  82.045 0.0000000000
48583  5.544  -38.701  82.503 0.0000000000
48584  4.732  -39.511  82.948 0.0000000000
69911  32.440  -25.333  77.104 0.0000000000
68447  33.303  -26.266  76.501 0.0000000000
69929  32.789  -26.354  74.762 0.0000000000
67229  34.184  -26.935  75.785 0.0000000000
63131  31.990  -29.348  82.594 0.0000000000
63366  24.902  -27.073  71.706 0.0000000000
63343  26.911  -28.514  71.942 0.0000000000
63386  25.838  -27.819  70.563 0.0000000000
61969  26.448  -27.938  68.806 0.0000000000
74429  28.849  -21.076  68.667 0.0000000000
74447  28.553  -19.792  67.713 0.0000000000
90111  50.697  -8.189  49.788 0.0000000000
91320  51.539  -7.560  49.695 0.0000000000
92479  51.875  -6.946  48.379 0.0000000000
92487  51.614  -6.822  46.784 0.0000000000
92488  51.051  -7.208  47.399 0.0000000000
81009  37.932  -15.067  61.723 0.0000000000
79754  36.955  -16.073  61.041 0.0000000000
79740  36.964  -16.235  61.900 0.0000000000
77166  34.787  -17.749  62.401 0.0000000000
77190  34.876  -17.533  61.465 0.0000000000
75825  32.976  -18.581  60.534 0.0000000000
80975  38.908  -15.313  64.643 0.0000000000
82287  38.534  -14.727  63.265 0.0000000000
82313  38.717  -14.154  61.439 0.0000000000
57753  14.608  -32.405  76.201 0.0000000000
56419  12.740  -33.918  76.894 0.0000000000
146466  25.897  -27.271  79.792 0.0000000000
63201  27.494  -27.621  79.892 0.0000000000
146461  25.499  -27.298  78.815 0.0000000000
64701  20.968  -27.219  75.027 0.0000000000
146496  23.438  -26.639  75.864 0.0000000000
64718  21.563  -26.913  73.609 0.0000000000
64717  22.959  -27.223  73.317 0.0000000000
63347  21.353  -27.157  72.216 0.0000000000
63348  20.297  -27.886  72.108 0.0000000000
68538  30.995  -25.681  69.131 0.0000000000
85072  46.238  -11.853  54.159 0.0000000000
86427  47.307  -11.657  53.658 0.0000000000
86446  46.070  -11.288  52.950 0.0000000000
88945  46.597  -10.272  51.294 0.0000000000
90101  46.944  -9.588  49.755 0.0000000000
90085  48.245  -9.386  50.402 0.0000000000
63165  19.734  -27.964  81.723 0.0000000000
63166  18.914  -27.907  81.888 0.0000000000
63113  19.285  -27.370  83.620 0.0000000000
63141  21.938  -27.345  82.576 0.0000000000
64628  21.176  -28.067  81.035 0.0000000000
83740  45.437  -12.854  56.189 0.0000000000
83741  44.221  -12.814  55.920 0.0000000000
83758  41.985  -12.891  54.650 0.0000000000
63169  15.149  -27.601  81.258 0.0000000000
63211  14.775  -29.036  79.532 0.0000000000
63170  14.108  -28.401  81.351 0.0000000000
60477  10.919  -31.723  82.931 0.0000000000
60497  12.180  -31.384  81.248 0.0000000000
57677  12.101  -32.808  80.857 0.0000000000
55205  11.825  -34.265  79.318 0.0000000000
53955  11.220  -34.609  80.723 0.0000000000
55123  10.466  -34.171  86.386 0.0000000000
51262  9.064  -36.659  82.588 0.0000000000
52624  9.889  -35.794  82.577 0.0000000000
51285  9.248  -36.657  81.448 0.0000000000
52671  9.821  -36.447  79.867 0.0000000000
76993  30.795  -19.457  70.779 0.0000000000
71453  30.544  -24.103  75.508 0.0000000000
72866  29.913  -22.419  75.586 0.0000000000
71468  29.742  -23.654  74.276 0.0000000000
72908  29.525  -22.489  73.317 0.0000000000
71482  30.219  -24.175  72.893 0.0000000000
146535  29.759  -25.019  72.366 0.0000000000
71481  31.035  -24.874  73.104 0.0000000000
67277  33.255  -27.443  71.776 0.0000000000
67278  32.582  -27.428  71.017 0.0000000000
64791  33.272  -28.164  69.818 0.0000000000
64842  32.480  -28.441  67.273 0.0000000000
64820  31.482  -28.265  68.237 0.0000000000
63253  28.817  -29.247  77.538 0.0000000000
59105  30.731  -29.539  78.415 0.0000000000
60545  29.473  -29.518  76.509 0.0000000000
59224  29.363  -30.753  73.860 0.0000000000
57787  30.569  -30.754  75.685 0.0000000000
59221  31.125  -30.414  74.576 0.0000000000
60569  32.110  -29.755  75.701 0.0000000000
60602  31.555  -30.183  74.250 0.0000000000
61887  32.015  -29.213  73.098 0.0000000000
60660  30.298  -29.909  71.663 0.0000000000
61988  28.156  -29.278  67.668 0.0000000000
60724  29.008  -29.543  68.199 0.0000000000
78399  33.289  -17.220  67.556 0.0000000000
77077  34.479  -16.826  65.665 0.0000000000
77078  32.648  -17.577  65.784 0.0000000000
75784  28.897  -20.299  63.856 0.0000000000
75783  29.794  -19.643  63.523 0.0000000000
93708  53.948  -6.301  45.352 0.0000000000
78453  38.088  -16.626  64.145 0.0000000000
78475  36.994  -17.023  63.032 0.0000000000
77139  37.410  -17.253  63.610 0.0000000000
77141  35.743  -17.334  63.358 0.0000000000
77142  34.789  -17.858  63.302 0.0000000000
82272  40.160  -14.933  65.983 0.0000000000
80959  39.301  -15.634  65.372 0.0000000000
60574  15.598  -31.267  74.634 0.0000000000
59147  14.578  -31.369  76.378 0.0000000000
59130  14.220  -31.084  77.177 0.0000000000
63233  22.435  -27.206  78.770 0.0000000000
63232  23.514  -27.469  78.648 0.0000000000
146484  21.380  -27.082  77.524 0.0000000000
146478  19.781  -27.390  75.705 0.0000000000
63310  19.646  -27.688  73.892 0.0000000000
63329  19.326  -27.919  72.823 0.0000000000
64687  17.900  -28.464  74.147 0.0000000000
61860  16.463  -29.264  73.863 0.0000000000
87730  44.036  -11.668  52.570 0.0000000000
63085  19.489  -27.451  84.518 0.0000000000
83672  41.589  -12.320  59.561 0.0000000000
83685  41.589  -12.322  58.438 0.0000000000
83703  42.943  -12.595  57.496 0.0000000000
83722  43.087  -12.787  56.564 0.0000000000
85008  41.470  -13.262  56.883 0.0000000000
85028  40.446  -13.503  55.951 0.0000000000
63090  14.237  -28.567  84.504 0.0000000000
64598  14.049  -28.476  83.368 0.0000000000
63091  13.114  -28.986  84.252 0.0000000000
61740  12.235  -30.582  84.122 0.0000000000
59064  11.020  -32.022  84.193 0.0000000000
53885  9.900  -34.983  86.073 0.0000000000
51206  8.844  -36.110  85.465 0.0000000000
51243  8.164  -36.499  82.936 0.0000000000
51264  7.956  -37.331  81.650 0.0000000000
49958  6.538  -38.519  81.055 0.0000000000
69922  31.270  -24.259  76.378 0.0000000000
69943  31.689  -24.692  75.024 0.0000000000
71465  31.834  -25.574  73.602 0.0000000000
69940  32.563  -26.001  74.046 0.0000000000
68491  33.490  -26.404  73.150 0.0000000000
64748  33.650  -28.456  71.539 0.0000000000
61847  27.381  -28.234  74.938 0.0000000000
60571  28.813  -29.455  75.320 0.0000000000
61874  27.438  -29.074  73.924 0.0000000000
60625  27.889  -30.109  72.877 0.0000000000
60639  28.132  -30.154  71.589 0.0000000000
60662  28.790  -29.991  70.718 0.0000000000
63408  27.688  -29.385  70.067 0.0000000000
61989  27.519  -28.892  67.712 0.0000000000
77048  31.056  -18.372  68.439 0.0000000000
77080  30.496  -18.451  66.575 0.0000000000
77081  29.914  -19.006  66.740 0.0000000000
75755  28.718  -20.096  65.766 0.0000000000
93689  52.981  -5.792  47.097 0.0000000000
93700  52.265  -6.776  46.175 0.0000000000
81041  37.560  -13.042  59.800 0.0000000000
82359  36.972  -14.540  58.123 0.0000000000
81031  36.991  -14.939  59.514 0.0000000000
78496  35.561  -17.088  61.390 0.0000000000
78510  34.428  -17.670  60.366 0.0000000000
84957  41.694  -13.377  64.977 0.0000000000
83650  41.819  -12.843  63.611 0.0000000000
83656  41.074  -13.064  62.621 0.0000000000
82311  40.108  -12.877  61.448 0.0000000000
82325  38.725  -13.685  60.527 0.0000000000
63157  29.832  -28.333  82.264 0.0000000000
61770  30.621  -28.456  81.558 0.0000000000
63178  28.766  -27.975  80.707 0.0000000000
63229  28.082  -28.739  78.433 0.0000000000
63255  26.666  -27.705  77.050 0.0000000000
63257  24.674  -27.367  77.208 0.0000000000
63275  25.011  -27.200  76.454 0.0000000000
63288  26.383  -27.648  75.246 0.0000000000
66065  24.878  -27.396  73.469 0.0000000000
63345  23.659  -26.890  72.141 0.0000000000
63367  23.432  -26.661  71.116 0.0000000000
87757  49.049  -10.469  52.494 0.0000000000
87741  46.663  -10.996  52.394 0.0000000000
87771  48.114  -10.150  51.838 0.0000000000
87769  49.863  -9.992  51.784 0.0000000000
88942  49.579  -9.347  51.006 0.0000000000
91302  49.763  -8.559  49.949 0.0000000000
91323  49.464  -8.326  48.523 0.0000000000
91329  49.974  -7.928  47.914 0.0000000000
63236  18.543  -27.554  79.379 0.0000000000
64653  16.899  -28.158  78.598 0.0000000000
64630  17.788  -27.700  80.296 0.0000000000
63167  17.689  -27.826  81.816 0.0000000000
63115  17.237  -27.552  83.822 0.0000000000
63086  18.472  -27.668  84.700 0.0000000000
63088  16.390  -27.950  84.781 0.0000000000
63037  15.440  -28.550  86.507 0.0000000000
63102  30.266  -28.108  83.689 0.0000000000
63135  28.301  -27.708  82.871 0.0000000000
63160  26.847  -27.785  82.142 0.0000000000
146457  24.762  -27.205  81.670 0.0000000000
63139  24.519  -27.355  82.556 0.0000000000
146458  23.627  -27.498  80.664 0.0000000000
63205  21.250  -27.260  79.623 0.0000000000
63206  20.389  -27.513  80.056 0.0000000000
83753  47.014  -12.684  55.711 0.0000000000
85059  46.309  -12.317  54.899 0.0000000000
85073  45.059  -12.046  53.925 0.0000000000
83757  43.015  -12.890  54.930 0.0000000000
83768  43.688  -12.650  54.476 0.0000000000
85074  43.845  -12.297  53.858 0.0000000000
63210  15.680  -28.433  79.064 0.0000000000
61811  14.680  -30.383  78.469 0.0000000000
59110  13.711  -31.653  78.331 0.0000000000
63190  12.519  -29.587  81.008 0.0000000000
60521  12.502  -31.095  79.763 0.0000000000
57713  13.262  -32.988  78.871 0.0000000000
56421  12.424  -33.933  78.372 0.0000000000
54008  11.693  -35.133  78.253 0.0000000000
57631  11.005  -32.671  85.435 0.0000000000
56329  11.047  -33.399  83.740 0.0000000000
53923  10.782  -35.097  83.144 0.0000000000
53932  11.017  -34.729  81.948 0.0000000000
53957  10.568  -35.719  80.293 0.0000000000
47100  4.025  -40.621  83.997 0.0000000000
77059  36.327  -17.206  66.749 0.0000000000
77047  31.809  -17.734  68.836 0.0000000000
75722  30.367  -18.830  69.131 0.0000000000
75714  30.054  -19.726  69.636 0.0000000000
72957  29.023  -21.461  70.762 0.0000000000
74359  30.070  -21.260  72.440 0.0000000000
72938  29.253  -21.708  71.425 0.0000000000
71519  28.460  -22.878  71.059 0.0000000000
71531  28.937  -23.955  71.111 0.0000000000
70003  30.343  -25.546  70.490 0.0000000000
68522  31.672  -26.330  69.959 0.0000000000
69976  31.470  -26.278  72.143 0.0000000000
68521  32.155  -26.589  70.359 0.0000000000
67305  32.577  -26.825  68.576 0.0000000000
66138  33.268  -27.745  67.401 0.0000000000
64860  32.063  -28.629  65.918 0.0000000000
66036  34.587  -27.135  77.208 0.0000000000
61780  31.804  -28.803  80.258 0.0000000000
59086  31.963  -29.938  79.734 0.0000000000
59101  32.653  -30.426  78.552 0.0000000000
59159  30.169  -30.416  76.164 0.0000000000
57721  31.597  -30.381  77.312 0.0000000000
60530  33.090  -30.104  78.127 0.0000000000
61818  32.993  -29.422  77.632 0.0000000000
63271  33.599  -28.413  76.709 0.0000000000
64685  34.088  -27.359  75.767 0.0000000000
63320  33.306  -29.062  73.751 0.0000000000
64730  32.827  -28.732  72.354 0.0000000000
63382  32.197  -28.886  70.596 0.0000000000
60683  29.380  -29.554  70.105 0.0000000000
61945  30.374  -29.395  69.531 0.0000000000
63407  31.354  -28.717  69.326 0.0000000000
63449  30.821  -28.921  67.165 0.0000000000
77075  35.598  -17.266  66.074 0.0000000000
77118  33.804  -17.644  64.169 0.0000000000
78476  32.319  -17.753  62.755 0.0000000000
77121  31.134  -18.324  64.673 0.0000000000
77170  31.354  -18.320  62.962 0.0000000000
75803  31.840  -18.947  61.909 0.0000000000
91338  50.317  -8.281  46.699 0.0000000000
77072  38.622  -16.733  66.369 0.0000000000
77073  37.527  -17.330  66.206 0.0000000000
78407  39.350  -16.483  66.468 0.0000000000
63262  16.003  -28.560  76.748 0.0000000000
66030  18.609  -27.343  77.290 0.0000000000
63261  17.117  -27.812  76.288 0.0000000000
83688  38.596  -13.493  57.970 0.0000000000
83708  38.279  -14.193  56.988 0.0000000000
83689  37.972  -14.081  57.756 0.0000000000
82357  38.091  -12.677  58.956 0.0000000000
82356  39.344  -12.307  58.906 0.0000000000
49890  7.025  -37.547  85.733 0.0000000000
49901  6.938  -37.550  85.016 0.0000000000
49927  6.347  -38.255  83.186 0.0000000000
49915  6.216  -38.126  84.260 0.0000000000
49928  5.459  -38.638  83.566 0.0000000000
68438  34.195  -26.295  77.373 0.0000000000
68439  33.504  -26.262  77.148 0.0000000000
68446  33.703  -26.448  76.305 0.0000000000
63100  31.893  -28.955  83.347 0.0000000000
61746  31.626  -28.782  82.927 0.0000000000
63387  24.838  -26.839  70.272 0.0000000000
63411  24.839  -27.282  69.144 0.0000000000
63410  25.776  -27.574  69.461 0.0000000000
72995  28.623  -21.898  69.196 0.0000000000
91322  50.353  -8.022  49.121 0.0000000000
90109  51.191  -7.852  49.877 0.0000000000
91321  51.060  -7.591  49.228 0.0000000000
79738  37.356  -15.989  62.967 0.0000000000
79739  37.350  -16.014  62.323 0.0000000000
77167  33.602  -17.942  62.217 0.0000000000
77191  33.837  -17.993  61.392 0.0000000000
75801  33.041  -18.378  61.286 0.0000000000
75826  32.382  -19.071  60.730 0.0000000000
80976  38.271  -15.271  63.839 0.0000000000
80994  37.698  -15.454  63.146 0.0000000000
57754  13.840  -32.700  76.626 0.0000000000
56418  13.442  -33.441  76.304 0.0000000000
57755  13.364  -33.202  77.223 0.0000000000
146467  25.085  -26.959  80.466 0.0000000000
63327  21.812  -26.953  72.905 0.0000000000
68555  31.994  -26.216  68.257 0.0000000000
85085  45.850  -11.624  53.626 0.0000000000
86428  46.554  -11.551  53.479 0.0000000000
90100  47.492  -9.523  49.643 0.0000000000
63143  19.942  -27.887  82.576 0.0000000000
63142  20.857  -27.482  82.537 0.0000000000
83702  44.124  -12.425  57.545 0.0000000000
83720  44.815  -12.656  56.872 0.0000000000
63147  15.645  -27.208  82.482 0.0000000000
64609  15.121  -27.676  82.800 0.0000000000
59067  11.239  -32.215  82.806 0.0000000000
59073  11.716  -32.138  81.985 0.0000000000
57662  11.746  -32.804  81.829 0.0000000000
56364  11.967  -33.615  80.722 0.0000000000
56353  11.596  -33.477  81.592 0.0000000000
53866  10.336  -34.805  86.549 0.0000000000
51286  8.372  -37.289  81.185 0.0000000000
51309  8.437  -36.869  80.173 0.0000000000
71454  29.806  -23.299  75.636 0.0000000000
64767  33.680  -28.453  70.710 0.0000000000
66099  33.282  -28.046  70.549 0.0000000000
64792  32.830  -28.239  69.374 0.0000000000
64793  32.113  -28.300  69.064 0.0000000000
61823  28.659  -28.809  76.332 0.0000000000
61821  29.322  -29.714  77.191 0.0000000000
60546  29.155  -28.964  76.309 0.0000000000
59244  29.687  -30.924  73.328 0.0000000000
59223  29.962  -30.896  74.125 0.0000000000
59243  30.197  -30.820  73.535 0.0000000000
60603  31.012  -30.194  73.942 0.0000000000
60623  30.202  -30.679  73.046 0.0000000000
60638  30.224  -30.338  72.605 0.0000000000
59296  29.953  -30.373  72.387 0.0000000000
78400  32.570  -17.592  66.846 0.0000000000
78411  33.333  -17.193  66.246 0.0000000000
78433  38.288  -16.621  64.664 0.0000000000
78454  37.767  -16.984  63.683 0.0000000000
77114  37.523  -17.313  64.100 0.0000000000
82271  41.044  -14.766  66.645 0.0000000000
78419  38.746  -16.590  65.639 0.0000000000
80948  39.314  -16.028  65.612 0.0000000000
79686  38.905  -16.092  65.290 0.0000000000
79703  38.838  -15.782  65.050 0.0000000000
61824  15.249  -29.568  77.161 0.0000000000
60561  15.305  -30.719  75.753 0.0000000000
60547  14.786  -30.405  76.658 0.0000000000
146486  21.369  -27.141  78.792 0.0000000000
146476  21.989  -27.180  78.542 0.0000000000
146482  20.852  -27.303  77.685 0.0000000000
146479  19.693  -27.417  76.351 0.0000000000
63291  18.956  -27.809  74.593 0.0000000000
63277  18.042  -28.123  74.900 0.0000000000
63294  16.596  -28.746  74.943 0.0000000000
63293  17.132  -28.497  74.332 0.0000000000
83667  40.994  -12.577  60.400 0.0000000000
83673  41.096  -12.586  59.897 0.0000000000
83686  40.608  -12.717  58.258 0.0000000000
83704  41.831  -12.899  57.337 0.0000000000
83724  39.589  -13.685  56.371 0.0000000000
85010  40.361  -13.576  56.556 0.0000000000
63063  14.524  -28.833  85.384 0.0000000000
63064  13.367  -29.368  85.225 0.0000000000
61735  12.464  -30.338  85.175 0.0000000000
60472  11.733  -31.284  84.612 0.0000000000
59060  11.727  -32.072  85.123 0.0000000000
52543  9.062  -35.896  86.725 0.0000000000
52558  9.319  -35.996  86.089 0.0000000000
49913  7.563  -37.039  83.382 0.0000000000
51226  8.022  -36.511  83.943 0.0000000000
49925  7.730  -37.163  82.506 0.0000000000
49940  7.870  -37.303  82.023 0.0000000000
49941  7.239  -37.638  81.734 0.0000000000
49943  5.894  -38.980  81.755 0.0000000000
49959  6.045  -39.184  81.375 0.0000000000
48585  4.654  -40.468  82.897 0.0000000000
47117  4.416  -40.374  83.410 0.0000000000
68440  32.399  -25.175  76.669 0.0000000000
68449  32.088  -24.860  76.741 0.0000000000
69921  31.997  -24.754  76.326 0.0000000000
69933  31.443  -24.583  75.545 0.0000000000
69932  32.144  -24.804  75.506 0.0000000000
69942  31.922  -24.998  74.698 0.0000000000
69931  32.529  -25.296  75.275 0.0000000000
67246  32.817  -27.155  74.190 0.0000000000
68478  32.927  -26.654  73.622 0.0000000000
67257  33.372  -27.049  73.357 0.0000000000
66072  33.643  -27.631  73.011 0.0000000000
64728  33.515  -28.170  72.322 0.0000000000
63307  26.104  -28.240  73.826 0.0000000000
63325  27.000  -28.623  74.062 0.0000000000
63324  26.774  -28.658  73.431 0.0000000000
61905  27.181  -28.750  71.423 0.0000000000
61890  27.277  -28.920  71.997 0.0000000000
61904  27.455  -29.455  71.606 0.0000000000
60640  27.796  -30.038  71.858 0.0000000000
60664  27.727  -29.850  71.199 0.0000000000
61924  28.028  -29.785  70.693 0.0000000000
61925  27.459  -29.362  70.746 0.0000000000
61968  27.111  -28.537  68.615 0.0000000000
75730  30.405  -19.069  68.232 0.0000000000
77063  30.182  -18.810  67.093 0.0000000000
75731  29.575  -19.323  67.576 0.0000000000
74448  28.419  -21.014  67.325 0.0000000000
75744  28.536  -20.157  66.542 0.0000000000
74470  28.274  -20.816  66.078 0.0000000000
93690  52.333  -6.377  47.027 0.0000000000
92497  51.926  -7.606  45.860 0.0000000000
81029  37.767  -13.799  60.401 0.0000000000
81030  36.993  -13.872  59.896 0.0000000000
81020  37.260  -14.910  60.939 0.0000000000
79755  36.189  -16.248  60.680 0.0000000000
81022  36.422  -15.645  59.962 0.0000000000
79767  35.733  -16.137  59.829 0.0000000000
78523  35.013  -17.000  59.851 0.0000000000
77164  36.330  -16.983  62.660 0.0000000000
77188  36.262  -16.958  62.251 0.0000000000
77189  35.884  -17.247  62.021 0.0000000000
77210  33.870  -18.019  60.389 0.0000000000
77209  34.525  -17.636  60.735 0.0000000000
78524  34.267  -17.576  59.650 0.0000000000
83639  41.213  -14.242  65.842 0.0000000000
84949  41.496  -13.719  65.484 0.0000000000
83647  41.064  -13.801  65.011 0.0000000000
83652  40.257  -13.707  63.370 0.0000000000
83651  41.396  -13.323  63.897 0.0000000000
83655  41.820  -12.662  63.078 0.0000000000
83662  40.522  -12.563  61.607 0.0000000000
63158  29.283  -28.098  81.876 0.0000000000
63230  26.734  -27.570  78.310 0.0000000000
146488  22.689  -26.912  77.330 0.0000000000
63258  23.645  -27.340  77.640 0.0000000000
63276  23.801  -26.711  76.854 0.0000000000
63290  24.385  -26.691  76.208 0.0000000000
63289  25.176  -26.913  75.691 0.0000000000
63274  26.477  -27.637  76.081 0.0000000000
63309  25.360  -27.386  74.961 0.0000000000
64700  24.354  -27.249  74.275 0.0000000000
63346  22.650  -27.240  72.232 0.0000000000
146497  23.315  -27.265  72.575 0.0000000000
63330  18.308  -28.634  72.567 0.0000000000
85058  47.382  -12.297  55.190 0.0000000000
86444  48.161  -11.334  53.186 0.0000000000
86426  48.238  -11.696  53.847 0.0000000000
86461  48.914  -10.775  52.838 0.0000000000
87761  44.945  -10.805  51.417 0.0000000000
87742  46.119  -11.002  52.448 0.0000000000
88960  47.414  -9.955  51.201 0.0000000000
87772  47.607  -10.287  51.777 0.0000000000
87770  48.977  -10.259  51.976 0.0000000000
88958  49.397  -9.618  51.441 0.0000000000
90074  48.770  -9.490  50.888 0.0000000000
90084  49.197  -8.826  50.061 0.0000000000
90098  48.988  -8.686  49.446 0.0000000000
91312  49.553  -8.470  49.418 0.0000000000
91313  48.980  -8.600  48.976 0.0000000000
63208  18.826  -27.967  80.100 0.0000000000
64639  18.213  -27.756  79.973 0.0000000000
64629  18.296  -27.726  80.323 0.0000000000
63145  18.057  -27.706  82.792 0.0000000000
63146  16.918  -27.634  82.722 0.0000000000
63060  17.576  -28.221  85.751 0.0000000000
63061  16.553  -28.475  85.617 0.0000000000
63062  15.531  -28.613  85.511 0.0000000000
63103  29.347  -28.090  83.676 0.0000000000
146460  25.930  -27.092  81.463 0.0000000000
63140  23.146  -27.484  82.610 0.0000000000
146456  23.909  -27.412  81.668 0.0000000000
63180  22.738  -27.426  80.473 0.0000000000
63181  21.881  -27.130  80.837 0.0000000000
63183  20.176  -27.896  80.876 0.0000000000
63207  19.694  -27.632  80.297 0.0000000000
81044  36.251  -15.326  58.547 0.0000000000
83755  45.301  -12.685  55.370 0.0000000000
83754  46.329  -12.671  55.560 0.0000000000
85060  45.248  -12.330  54.667 0.0000000000
85061  44.412  -12.481  54.389 0.0000000000
83723  42.225  -13.144  56.406 0.0000000000
83742  43.135  -12.901  55.723 0.0000000000
83769  42.908  -12.621  54.183 0.0000000000
85075  42.904  -12.537  53.406 0.0000000000
64641  16.629  -28.073  79.527 0.0000000000
63188  14.396  -28.417  80.415 0.0000000000
61795  13.908  -30.057  78.903 0.0000000000
60519  13.993  -30.890  78.405 0.0000000000
64599  13.359  -28.881  83.088 0.0000000000
64611  13.685  -28.725  82.782 0.0000000000
63172  12.451  -29.591  81.703 0.0000000000
60496  12.433  -31.788  80.705 0.0000000000
60508  12.407  -31.249  80.437 0.0000000000
59091  12.696  -32.132  79.684 0.0000000000
59111  13.216  -32.244  78.933 0.0000000000
57692  12.784  -32.743  79.513 0.0000000000
57734  12.827  -33.561  78.717 0.0000000000
57714  12.692  -33.308  79.417 0.0000000000
53990  11.267  -34.664  79.001 0.0000000000
56299  10.398  -33.309  85.892 0.0000000000
56314  10.894  -33.417  84.838 0.0000000000
57640  11.292  -32.782  84.366 0.0000000000
52595  9.672  -35.685  84.228 0.0000000000
52638  9.887  -35.866  81.734 0.0000000000
52623  10.386  -35.529  82.887 0.0000000000
53933  10.743  -35.161  82.419 0.0000000000
55167  11.129  -34.806  82.643 0.0000000000
53942  10.740  -35.171  81.705 0.0000000000
53941  11.052  -34.833  81.301 0.0000000000
52652  10.425  -36.045  81.010 0.0000000000
47085  3.866  -39.703  85.062 0.0000000000
45660  3.549  -40.939  84.335 0.0000000000
79629  33.703  -16.815  68.394 0.0000000000
78363  31.711  -18.139  69.460 0.0000000000
77035  31.309  -18.452  69.373 0.0000000000
75689  30.352  -20.157  71.016 0.0000000000
75704  30.483  -19.728  70.293 0.0000000000
74399  29.590  -20.650  70.392 0.0000000000
72956  29.604  -21.361  71.021 0.0000000000
74337  30.018  -21.503  73.493 0.0000000000
146533  29.241  -23.098  72.392 0.0000000000
72923  29.260  -22.459  72.185 0.0000000000
71509  28.810  -22.200  71.347 0.0000000000
146536  28.957  -23.206  71.672 0.0000000000
68525  30.515  -25.523  71.290 0.0000000000
70004  29.622  -25.197  71.021 0.0000000000
68524  30.730  -25.568  70.670 0.0000000000
70002  30.637  -25.682  70.318 0.0000000000
68523  30.990  -25.851  70.276 0.0000000000
71479  32.084  -25.693  73.156 0.0000000000
71494  32.007  -25.900  72.723 0.0000000000
69964  32.439  -26.042  72.746 0.0000000000
67288  32.865  -27.307  69.572 0.0000000000
67279  32.337  -26.792  70.573 0.0000000000
67289  32.444  -26.619  69.759 0.0000000000
67304  32.863  -27.305  68.349 0.0000000000
66124  32.983  -27.607  68.043 0.0000000000
63448  31.754  -28.731  67.195 0.0000000000
63469  31.973  -28.866  66.437 0.0000000000
63491  31.355  -29.015  65.324 0.0000000000
60495  30.598  -28.389  80.704 0.0000000000
61781  31.359  -28.450  80.678 0.0000000000
60506  30.617  -28.553  80.062 0.0000000000
59104  31.023  -29.615  78.519 0.0000000000
60516  31.332  -29.712  79.214 0.0000000000
59103  31.462  -29.939  78.995 0.0000000000
59102  32.067  -30.267  78.822 0.0000000000
59123  31.598  -30.256  78.021 0.0000000000
60586  28.904  -29.688  74.929 0.0000000000
59161  29.243  -29.400  75.552 0.0000000000
59177  29.697  -30.106  75.299 0.0000000000
57785  31.389  -31.208  75.860 0.0000000000
57766  30.667  -30.937  76.296 0.0000000000
57764  31.401  -30.847  76.373 0.0000000000
59121  32.633  -30.419  77.793 0.0000000000
59138  32.439  -30.230  77.093 0.0000000000
61819  33.087  -29.776  78.032 0.0000000000
59137  32.719  -29.937  76.970 0.0000000000
60583  32.670  -29.588  74.928 0.0000000000
61845  33.025  -29.247  76.006 0.0000000000
61856  33.281  -28.963  75.702 0.0000000000
64686  33.694  -27.808  76.079 0.0000000000
63304  33.152  -28.628  75.128 0.0000000000
64698  34.000  -28.093  74.956 0.0000000000
63305  33.021  -29.001  74.526 0.0000000000
61902  31.797  -29.390  72.255 0.0000000000
63341  32.237  -29.218  72.689 0.0000000000
61921  31.954  -29.524  71.394 0.0000000000
63363  32.382  -28.827  71.693 0.0000000000
61922  31.510  -29.713  70.851 0.0000000000
60684  28.673  -29.661  69.675 0.0000000000
60661  29.547  -29.804  71.093 0.0000000000
61965  29.417  -29.496  68.142 0.0000000000
60703  29.877  -29.519  69.515 0.0000000000
61964  30.138  -29.398  68.450 0.0000000000
61963  30.757  -29.147  69.105 0.0000000000
63428  30.428  -28.860  67.794 0.0000000000
63450  29.983  -29.045  67.348 0.0000000000
78408  35.881  -16.778  66.874 0.0000000000
77099  32.744  -17.396  64.971 0.0000000000
77098  33.950  -17.052  65.041 0.0000000000
77144  32.686  -17.610  63.201 0.0000000000
78457  32.164  -17.186  62.871 0.0000000000
77102  30.050  -18.960  65.971 0.0000000000
77101  30.838  -18.279  65.652 0.0000000000
75805  30.063  -20.031  62.722 0.0000000000
75782  30.860  -19.239  63.265 0.0000000000
75804  30.839  -19.278  62.217 0.0000000000
77169  31.763  -18.100  62.579 0.0000000000
75828  31.222  -19.718  61.480 0.0000000000
93707  54.581  -5.617  45.544 0.0000000000
93722  54.805  -6.274  44.492 0.0000000000
90122  50.062  -9.454  46.346 0.0000000000
78420  38.317  -17.032  65.269 0.0000000000
77094  37.832  -17.330  65.196 0.0000000000
64651  19.986  -27.310  77.878 0.0000000000
66017  19.222  -27.390  77.270 0.0000000000
66029  18.851  -27.423  76.729 0.0000000000
83725  38.826  -13.917  56.553 0.0000000000
82337  39.548  -12.846  59.777 0.0000000000
61728  13.999  -29.027  86.839 0.0000000000
63040  13.011  -29.437  86.050 0.0000000000
61729  13.181  -29.564  86.680 0.0000000000
48572  4.839  -39.195  84.123 0.0000000000
69897  33.214  -25.549  77.659 0.0000000000
69910  32.799  -26.063  76.775 0.0000000000
69919  33.141  -25.755  75.939 0.0000000000
69930  32.756  -25.803  74.982 0.0000000000
69918  33.165  -26.188  75.519 0.0000000000
68457  33.397  -26.621  75.313 0.0000000000
64753  25.598  -27.584  72.277 0.0000000000
64752  26.218  -27.957  72.420 0.0000000000
63365  26.370  -27.968  71.644 0.0000000000
61949  26.505  -28.377  69.660 0.0000000000
74413  29.317  -20.308  69.288 0.0000000000
74428  28.720  -19.940  68.424 0.0000000000
88982  50.951  -8.327  50.096 0.0000000000
90096  51.182  -8.555  50.308 0.0000000000
90110  50.946  -8.155  49.927 0.0000000000
93683  52.561  -6.247  47.857 0.0000000000
81010  37.570  -15.316  61.594 0.0000000000
79753  37.303  -15.792  61.544 0.0000000000
79741  36.503  -16.499  61.544 0.0000000000
82279  39.651  -14.694  65.013 0.0000000000
83648  40.356  -14.081  64.420 0.0000000000
82286  39.284  -14.497  63.957 0.0000000000
82299  39.311  -13.956  62.926 0.0000000000
82300  38.408  -14.697  62.552 0.0000000000
55231  12.888  -34.811  76.313 0.0000000000
63179  27.454  -27.468  81.283 0.0000000000
146472  25.628  -27.205  78.024 0.0000000000
68539  29.995  -26.153  68.965 0.0000000000
86445  47.206  -11.333  52.904 0.0000000000
88946  45.606  -10.262  50.953 0.0000000000
88961  46.450  -9.907  50.414 0.0000000000
90086  47.144  -9.520  50.199 0.0000000000
88973  47.812  -9.906  49.058 0.0000000000
88972  48.170  -9.726  48.964 0.0000000000
63144  19.069  -27.669  82.708 0.0000000000
63163  22.109  -27.088  82.036 0.0000000000
64606  21.042  -27.506  81.881 0.0000000000
63164  20.650  -27.896  81.582 0.0000000000
63168  16.481  -28.089  81.624 0.0000000000
63189  13.221  -28.876  80.646 0.0000000000
60487  11.222  -30.624  82.831 0.0000000000
61760  12.016  -30.011  82.027 0.0000000000
60486  11.464  -31.110  82.280 0.0000000000
59080  12.149  -32.174  81.165 0.0000000000
57693  12.339  -33.188  80.061 0.0000000000
57715  12.385  -33.501  79.771 0.0000000000
56377  12.180  -33.676  80.101 0.0000000000
55189  11.795  -34.169  80.254 0.0000000000
53973  11.236  -34.626  79.966 0.0000000000
55133  10.493  -34.060  85.337 0.0000000000
51261  9.536  -36.302  83.056 0.0000000000
52609  9.878  -35.838  83.364 0.0000000000
51284  9.541  -36.236  82.292 0.0000000000
52639  9.849  -36.230  81.247 0.0000000000
52653  9.764  -36.424  80.710 0.0000000000
77015  31.267  -18.875  70.333 0.0000000000
76992  31.332  -19.179  71.270 0.0000000000
76971  30.657  -19.588  71.446 0.0000000000
75671  30.215  -20.152  71.921 0.0000000000
71437  30.605  -23.427  76.507 0.0000000000
72851  30.207  -22.481  76.356 0.0000000000
71438  29.819  -23.012  76.312 0.0000000000
72887  29.658  -22.651  74.720 0.0000000000
74314  29.527  -22.091  73.974 0.0000000000
74338  29.718  -22.028  73.510 0.0000000000
72888  29.379  -22.820  74.027 0.0000000000
71483  29.317  -23.303  72.996 0.0000000000
146532  29.575  -24.373  71.918 0.0000000000
71497  30.374  -24.906  72.669 0.0000000000
146534  30.623  -25.828  72.126 0.0000000000
67269  33.183  -26.854  72.242 0.0000000000
68512  32.639  -26.852  71.891 0.0000000000
66098  33.262  -27.748  71.259 0.0000000000
66125  32.964  -27.898  67.860 0.0000000000
64818  32.639  -27.916  68.454 0.0000000000
64819  31.857  -27.945  67.952 0.0000000000
63426  31.526  -28.390  67.741 0.0000000000
63228  29.309  -29.298  78.196 0.0000000000
60518  30.595  -29.413  79.199 0.0000000000
61809  29.917  -29.501  78.170 0.0000000000
60544  30.035  -29.928  77.336 0.0000000000
59141  29.992  -30.105  76.904 0.0000000000
59225  28.740  -30.323  73.525 0.0000000000
59201  29.808  -30.442  74.663 0.0000000000
59199  31.060  -30.548  74.987 0.0000000000
59198  31.509  -30.761  75.383 0.0000000000
59173  31.758  -29.906  75.997 0.0000000000
59220  31.569  -30.484  74.917 0.0000000000
60601  31.949  -29.864  73.951 0.0000000000
61870  32.736  -29.819  73.899 0.0000000000
60621  31.291  -29.452  73.213 0.0000000000
60637  30.833  -29.881  72.285 0.0000000000
60659  31.064  -30.054  71.428 0.0000000000
61966  28.052  -29.343  68.379 0.0000000000
60705  28.531  -29.512  68.585 0.0000000000
60725  28.687  -29.419  67.962 0.0000000000
61987  28.990  -29.410  67.340 0.0000000000
63472  29.485  -29.230  66.628 0.0000000000
62007  29.009  -30.007  66.066 0.0000000000
78398  34.444  -16.638  67.444 0.0000000000
78410  34.202  -16.748  66.330 0.0000000000
79655  33.802  -16.776  66.148 0.0000000000
78422  33.479  -17.077  65.498 0.0000000000
75766  29.437  -19.388  64.410 0.0000000000
75765  30.457  -18.909  64.094 0.0000000000
79705  37.859  -16.491  63.893 0.0000000000
78474  37.175  -16.589  62.890 0.0000000000
78455  37.299  -17.196  63.394 0.0000000000
77140  36.766  -17.252  63.366 0.0000000000
82259  40.113  -15.694  66.564 0.0000000000
79704  38.210  -16.010  64.530 0.0000000000
59185  15.106  -32.403  74.634 0.0000000000
59166  15.109  -31.870  75.559 0.0000000000
59148  14.265  -32.018  76.992 0.0000000000
59131  14.039  -31.821  77.724 0.0000000000
63203  23.172  -27.372  79.673 0.0000000000
146483  22.224  -27.041  77.584 0.0000000000
146495  21.659  -26.782  76.914 0.0000000000
146485  20.480  -27.270  76.836 0.0000000000
63311  18.475  -28.294  73.720 0.0000000000
63312  17.431  -28.731  73.362 0.0000000000
86429  44.438  -11.766  53.311 0.0000000000
86447  45.065  -11.473  52.647 0.0000000000
87743  44.474  -11.406  51.887 0.0000000000
63084  20.467  -27.548  84.406 0.0000000000
83671  43.114  -12.147  59.776 0.0000000000
82354  40.995  -11.920  59.271 0.0000000000
83684  42.836  -12.151  58.510 0.0000000000
85026  41.527  -13.369  56.326 0.0000000000
85009  40.849  -13.453  56.817 0.0000000000
85027  40.981  -13.498  56.238 0.0000000000
85046  41.123  -13.435  55.749 0.0000000000
85047  40.647  -13.392  55.532 0.0000000000
63117  15.066  -27.932  83.939 0.0000000000
64597  14.860  -28.003  83.351 0.0000000000
63118  14.436  -28.291  83.836 0.0000000000
64589  13.372  -28.713  83.651 0.0000000000
61739  12.772  -29.950  83.788 0.0000000000
61734  13.009  -30.018  84.475 0.0000000000
61748  11.909  -30.258  83.269 0.0000000000
60478  11.058  -31.102  83.465 0.0000000000
59068  10.886  -32.066  83.419 0.0000000000
59063  11.237  -32.617  83.570 0.0000000000
52557  9.646  -35.460  86.252 0.0000000000
51205  8.972  -35.701  85.198 0.0000000000
51224  9.027  -35.793  84.737 0.0000000000
51225  8.691  -36.346  84.442 0.0000000000
51242  8.910  -36.513  83.495 0.0000000000
51263  8.404  -37.026  82.081 0.0000000000
51287  7.721  -37.543  81.144 0.0000000000
49957  7.156  -38.014  80.675 0.0000000000
71422  31.749  -23.804  77.814 0.0000000000
69913  31.281  -23.896  76.920 0.0000000000
71466  31.425  -25.498  73.941 0.0000000000
69941  32.254  -25.580  74.148 0.0000000000
69954  32.621  -25.847  73.376 0.0000000000
69953  32.897  -26.044  73.275 0.0000000000
68492  33.323  -26.225  72.858 0.0000000000
67268  33.513  -27.180  72.498 0.0000000000
66088  33.817  -28.270  71.168 0.0000000000
61846  27.656  -28.515  75.380 0.0000000000
60560  28.326  -28.785  75.779 0.0000000000
60588  27.698  -29.075  74.955 0.0000000000
60606  27.773  -29.279  74.412 0.0000000000
60605  28.136  -29.615  73.755 0.0000000000
63342  26.844  -28.645  72.488 0.0000000000
61873  27.498  -29.431  73.304 0.0000000000
59226  28.524  -29.946  73.646 0.0000000000
60624  28.358  -30.275  73.112 0.0000000000
59246  28.535  -30.322  72.691 0.0000000000
59270  29.077  -30.251  72.311 0.0000000000
59297  29.597  -30.027  72.003 0.0000000000
59299  28.632  -30.153  71.280 0.0000000000
61946  28.400  -29.769  70.359 0.0000000000
61947  28.003  -29.476  69.868 0.0000000000
61948  27.329  -29.145  69.843 0.0000000000
61967  27.649  -29.260  68.681 0.0000000000
77079  31.712  -17.965  66.446 0.0000000000
77062  30.743  -18.507  67.433 0.0000000000
75732  28.544  -19.684  67.122 0.0000000000
75743  29.277  -19.534  66.451 0.0000000000
75754  29.359  -19.444  65.404 0.0000000000
75767  28.589  -20.066  64.803 0.0000000000
92506  52.422  -7.790  45.119 0.0000000000
81042  37.151  -12.907  59.428 0.0000000000
82339  36.950  -14.066  59.295 0.0000000000
81043  36.812  -14.996  58.920 0.0000000000
81021  36.968  -15.388  60.308 0.0000000000
81032  36.278  -15.487  59.326 0.0000000000
78494  36.649  -16.664  62.363 0.0000000000
78495  36.164  -16.915  61.832 0.0000000000
79756  35.538  -16.711  60.938 0.0000000000
78509  34.944  -17.243  60.620 0.0000000000
83661  41.814  -11.818  61.875 0.0000000000
82323  40.252  -12.899  60.941 0.0000000000
82312  39.632  -13.347  61.788 0.0000000000
82324  39.607  -13.321  60.691 0.0000000000
63133  30.160  -28.196  82.754 0.0000000000
61759  30.784  -28.380  82.375 0.0000000000
61771  29.992  -28.352  80.773 0.0000000000
63200  28.889  -28.698  79.317 0.0000000000
63254  27.902  -28.625  77.128 0.0000000000
63273  27.502  -28.370  76.376 0.0000000000
63231  24.753  -27.233  78.179 0.0000000000
64678  25.415  -27.332  77.538 0.0000000000
63256  25.704  -27.418  76.886 0.0000000000
61835  27.279  -27.931  75.437 0.0000000000
64699  25.621  -27.765  73.923 0.0000000000
66073  25.062  -27.528  73.234 0.0000000000
146498  24.047  -27.384  73.456 0.0000000000
64735  24.575  -27.482  72.852 0.0000000000
64734  24.796  -27.431  72.671 0.0000000000
63388  23.944  -26.530  70.238 0.0000000000
63349  19.195  -28.631  71.866 0.0000000000
72978  27.882  -23.129  69.366 0.0000000000
87756  49.517  -10.438  52.405 0.0000000000
86463  47.382  -10.887  52.372 0.0000000000
87759  47.073  -10.511  51.826 0.0000000000
86475  48.704  -10.557  52.473 0.0000000000
87768  50.432  -9.830  51.616 0.0000000000
88957  50.190  -9.304  51.036 0.0000000000
90073  49.117  -9.319  50.678 0.0000000000
90072  49.687  -9.130  50.676 0.0000000000
90083  50.017  -8.678  50.286 0.0000000000
90097  50.494  -8.382  49.917 0.0000000000
92481  50.436  -7.724  48.237 0.0000000000
64640  17.732  -27.811  79.480 0.0000000000
64631  16.972  -27.662  80.124 0.0000000000
63186  17.226  -28.054  80.892 0.0000000000
63185  18.322  -27.600  80.931 0.0000000000
63116  16.091  -27.165  83.883 0.0000000000
63059  18.724  -27.917  85.527 0.0000000000
63089  15.357  -28.319  84.642 0.0000000000
63038  14.662  -28.806  86.202 0.0000000000
61727  14.633  -28.708  86.828 0.0000000000
63101  31.130  -28.525  83.484 0.0000000000
63134  29.227  -28.152  82.854 0.0000000000
63136  27.221  -27.929  82.842 0.0000000000
146462  24.566  -27.224  80.620 0.0000000000
63204  22.208  -27.236  79.702 0.0000000000
146474  20.479  -27.267  79.422 0.0000000000
63235  19.595  -27.288  79.285 0.0000000000
85042  47.756  -12.318  55.847 0.0000000000
86430  43.578  -12.198  52.997 0.0000000000
61810  15.092  -29.991  78.028 0.0000000000
61794  15.150  -29.545  78.767 0.0000000000
60534  14.654  -31.090  78.055 0.0000000000
63149  14.018  -28.849  82.191 0.0000000000
63171  12.983  -28.816  81.577 0.0000000000
61772  12.143  -30.369  81.465 0.0000000000
61797  12.422  -30.626  80.082 0.0000000000
61796  12.841  -30.343  79.495 0.0000000000
60520  12.941  -31.272  78.984 0.0000000000
57712  13.697  -32.472  78.263 0.0000000000
57733  13.500  -33.182  78.125 0.0000000000
57756  12.759  -33.485  77.853 0.0000000000
56420  12.379  -34.033  77.974 0.0000000000
56393  12.314  -33.785  79.507 0.0000000000
55218  12.026  -34.548  78.453 0.0000000000
55232  12.379  -35.145  77.289 0.0000000000
59061  11.696  -31.715  85.574 0.0000000000
57639  11.513  -33.034  83.605 0.0000000000
56328  11.507  -33.305  83.226 0.0000000000
53884  10.209  -34.620  85.805 0.0000000000
53900  10.070  -34.611  84.866 0.0000000000
53914  10.350  -34.713  83.875 0.0000000000
52608  10.187  -35.371  83.630 0.0000000000
55156  11.133  -34.298  83.283 0.0000000000
55155  11.539  -33.993  82.881 0.0000000000
56341  11.536  -33.483  82.583 0.0000000000
55176  11.374  -34.220  81.265 0.0000000000
53974  10.788  -35.161  79.703 0.0000000000
52670  10.265  -36.162  80.305 0.0000000000
53975  10.417  -35.911  79.479 0.0000000000
47099  4.290  -39.583  84.305 0.0000000000
47118  4.253  -41.344  83.322 0.0000000000
77058  37.130  -17.342  67.131 0.0000000000
77060  32.344  -17.335  68.376 0.0000000000
75703  30.825  -19.309  70.149 0.0000000000
74414  28.899  -21.061  69.679 0.0000000000
72976  28.768  -21.719  70.068 0.0000000000
75670  30.742  -20.253  72.643 0.0000000000
72922  29.896  -22.030  72.931 0.0000000000
74360  29.585  -21.570  71.797 0.0000000000
74378  29.674  -21.520  71.481 0.0000000000
72939  28.839  -21.843  71.120 0.0000000000
72958  28.699  -22.126  70.714 0.0000000000
71532  28.275  -23.646  69.698 0.0000000000
70005  28.846  -24.657  70.034 0.0000000000
70017  30.139  -25.608  69.806 0.0000000000
67306  32.161  -26.437  68.717 0.0000000000
71480  31.485  -25.435  73.060 0.0000000000
71495  31.441  -25.897  72.504 0.0000000000
69988  31.219  -25.973  71.668 0.0000000000
68503  32.477  -26.569  72.298 0.0000000000
69987  31.583  -26.329  71.645 0.0000000000
68514  31.518  -25.940  70.966 0.0000000000
67290  32.006  -26.393  69.296 0.0000000000
67319  33.629  -27.123  67.531 0.0000000000
66137  33.818  -27.378  67.265 0.0000000000
64876  32.890  -27.678  66.107 0.0000000000
64841  32.807  -28.085  67.643 0.0000000000
64877  32.641  -28.093  65.438 0.0000000000
67216  34.400  -26.556  77.327 0.0000000000
61758  31.333  -28.769  82.352 0.0000000000
61769  31.666  -28.763  81.219 0.0000000000
61768  31.960  -29.173  80.571 0.0000000000
60505  31.269  -28.752  79.822 0.0000000000
61779  31.951  -29.172  80.044 0.0000000000
59072  32.039  -29.068  80.779 0.0000000000
60515  33.117  -30.360  79.020 0.0000000000
60559  29.111  -28.946  75.838 0.0000000000
59142  29.678  -29.613  76.245 0.0000000000
59140  30.553  -30.430  76.901 0.0000000000
57767  30.320  -30.647  76.000 0.0000000000
59158  30.534  -30.670  76.556 0.0000000000
57722  31.215  -30.379  77.256 0.0000000000
59122  32.054  -30.444  78.068 0.0000000000
59100  33.044  -30.359  78.275 0.0000000000
60514  33.349  -30.090  78.765 0.0000000000
61807  33.406  -29.749  78.509 0.0000000000
60556  32.660  -29.556  76.621 0.0000000000
61831  32.989  -29.027  77.007 0.0000000000
63249  33.876  -28.115  77.252 0.0000000000
64676  34.107  -27.614  76.714 0.0000000000
66045  34.431  -27.090  76.278 0.0000000000
67228  34.448  -26.837  76.269 0.0000000000
66056  34.328  -27.488  75.275 0.0000000000
64712  33.198  -28.304  73.627 0.0000000000
63321  33.058  -29.464  73.380 0.0000000000
63338  33.341  -29.119  73.122 0.0000000000
64729  33.234  -28.620  72.626 0.0000000000
64749  33.151  -28.465  71.936 0.0000000000
63381  32.915  -28.353  71.021 0.0000000000
60681  30.839  -29.831  70.866 0.0000000000
60704  29.310  -29.668  68.944 0.0000000000
61944  30.949  -29.389  70.035 0.0000000000
63383  31.625  -29.215  70.086 0.0000000000
63406  31.991  -28.855  69.734 0.0000000000
64794  31.537  -28.272  68.565 0.0000000000
63427  31.080  -28.530  68.155 0.0000000000
63471  30.259  -28.950  66.297 0.0000000000
63492  30.731  -29.145  65.207 0.0000000000
77074  36.504  -17.455  66.083 0.0000000000
77096  35.749  -17.194  65.069 0.0000000000
77076  34.894  -16.993  65.853 0.0000000000
77097  34.854  -17.071  64.976 0.0000000000
77117  34.812  -17.466  64.128 0.0000000000
77143  33.763  -18.012  63.291 0.0000000000
77168  32.667  -18.066  62.420 0.0000000000
77100  31.793  -17.785  65.300 0.0000000000
77120  31.682  -17.324  64.311 0.0000000000
77146  31.246  -18.224  63.715 0.0000000000
77145  31.647  -17.134  63.130 0.0000000000
78477  32.012  -17.408  62.763 0.0000000000
92489  50.511  -7.623  47.584 0.0000000000
92499  50.628  -7.514  46.963 0.0000000000
90121  50.954  -9.298  45.585 0.0000000000
47098  4.486  -39.439  84.045 0.0000000000
48596  5.810  -38.891  82.005 0.0000000000
51308  9.251  -36.725  80.679 0.0000000000
52559  8.916  -36.290  86.432 0.0000000000
52577  9.400  -35.481  85.351 0.0000000000
52578  9.183  -35.860  85.670 0.0000000000
52637  10.336  -35.467  82.148 0.0000000000
53956  10.885  -35.279  80.810 0.0000000000
55166  11.404  -34.198  82.327 0.0000000000
56342  11.454  -33.718  83.183 0.0000000000
56378  12.267  -33.689  79.880 0.0000000000
56394  12.306  -33.727  79.715 0.0000000000
56406  12.385  -34.004  78.734 0.0000000000
56407  12.508  -33.870  78.568 0.0000000000
57694  12.293  -33.475  79.998 0.0000000000
57723  30.914  -30.392  77.167 0.0000000000
57735  12.652  -33.737  78.677 0.0000000000
57742  31.383  -30.565  76.737 0.0000000000
57743  30.979  -30.863  76.888 0.0000000000
57744  30.816  -30.659  76.848 0.0000000000
57757  12.569  -33.735  78.367 0.0000000000
57765  31.356  -31.084  76.256 0.0000000000
57786  30.976  -31.168  75.825 0.0000000000
57807  31.502  -31.079  75.711 0.0000000000
57808  31.251  -31.016  75.540 0.0000000000
57809  30.869  -30.790  75.444 0.0000000000
59055  11.604  -31.739  85.778 0.0000000000
59071  32.242  -29.253  80.647 0.0000000000
59078  32.034  -29.224  80.332 0.0000000000
59079  12.451  -32.169  80.474 0.0000000000
59087  31.730  -29.762  79.590 0.0000000000
59120  32.885  -30.221  77.650 0.0000000000
59125  30.647  -29.625  77.774 0.0000000000
59139  32.037  -30.338  77.214 0.0000000000
59154  32.484  -29.846  76.705 0.0000000000
59155  32.029  -29.889  76.266 0.0000000000
59157  31.611  -30.958  76.196 0.0000000000
59160  29.681  -29.595  75.876 0.0000000000
59174  31.795  -30.531  75.749 0.0000000000
59175  31.693  -31.065  75.931 0.0000000000
59176  30.194  -30.402  75.461 0.0000000000
59178  29.255  -29.697  75.225 0.0000000000
59197  31.751  -30.584  75.338 0.0000000000
59200  30.383  -30.434  75.066 0.0000000000
59202  29.133  -30.035  74.496 0.0000000000
59222  30.514  -30.544  74.350 0.0000000000
59242  30.656  -30.463  73.945 0.0000000000
59245  29.104  -30.723  73.041 0.0000000000
59247  28.129  -30.209  72.199 0.0000000000
59268  29.986  -30.816  72.867 0.0000000000
59271  28.483  -30.186  71.817 0.0000000000
59272  28.104  -30.190  71.838 0.0000000000
59298  29.036  -30.129  71.509 0.0000000000
60462  11.688  -31.546  85.913 0.0000000000
60468  11.798  -31.542  85.704 0.0000000000
60479  11.242  -30.624  83.159 0.0000000000
60485  31.888  -29.338  80.753 0.0000000000
60488  11.272  -30.507  82.953 0.0000000000
60493  32.004  -29.546  80.120 0.0000000000
60494  30.955  -28.429  80.531 0.0000000000
60501  33.439  -29.982  79.754 0.0000000000
60503  31.929  -29.524  79.905 0.0000000000
60504  31.593  -29.407  79.639 0.0000000000
60507  12.481  -31.690  80.019 0.0000000000
60517  31.121  -29.563  79.193 0.0000000000
60531  30.080  -29.603  77.815 0.0000000000
60532  30.343  -29.538  78.200 0.0000000000
60541  32.905  -29.514  77.166 0.0000000000
60542  32.938  -29.911  77.484 0.0000000000
60543  29.957  -29.706  77.618 0.0000000000
60555  32.965  -29.260  76.958 0.0000000000
60557  32.290  -29.751  76.423 0.0000000000
60558  29.662  -29.271  76.054 0.0000000000
60568  32.551  -29.498  75.515 0.0000000000
60570  31.857  -30.191  75.597 0.0000000000
60572  28.119  -29.061  75.442 0.0000000000
60573  27.717  -28.783  75.213 0.0000000000
60584  32.433  -29.994  74.723 0.0000000000
60585  31.950  -30.361  75.180 0.0000000000
60587  28.387  -29.557  74.697 0.0000000000
60604  28.356  -30.065  73.366 0.0000000000
60620  31.830  -29.461  73.487 0.0000000000
60622  30.593  -30.161  73.373 0.0000000000
60636  31.287  -29.632  72.304 0.0000000000
60663  28.224  -30.080  71.213 0.0000000000
60682  30.171  -29.394  70.475 0.0000000000
60706  28.095  -29.470  68.689 0.0000000000
61745  31.784  -29.160  82.588 0.0000000000
61747  12.563  -29.835  83.387 0.0000000000
61749  11.439  -30.493  83.153 0.0000000000
61761  11.800  -30.188  82.638 0.0000000000
61762  11.470  -30.400  82.926 0.0000000000
61783  12.607  -29.787  80.180 0.0000000000
61784  12.348  -30.520  80.716 0.0000000000
61791  33.847  -29.204  78.750 0.0000000000
61792  33.846  -29.675  79.150 0.0000000000
61793  29.801  -29.391  78.865 0.0000000000
61808  29.811  -29.561  77.826 0.0000000000
61820  29.744  -29.745  77.476 0.0000000000
61822  28.860  -29.239  76.761 0.0000000000
61832  33.061  -29.130  76.620 0.0000000000
61834  27.681  -28.439  75.777 0.0000000000
61844  33.358  -28.959  76.318 0.0000000000
61848  16.357  -28.902  74.431 0.0000000000
61857  32.887  -29.008  75.045 0.0000000000
61859  27.332  -28.713  74.452 0.0000000000
61871  32.540  -29.451  73.338 0.0000000000
61872  32.404  -29.297  73.028 0.0000000000
61886  32.229  -29.528  73.603 0.0000000000
61888  32.208  -29.235  72.926 0.0000000000
61889  27.364  -29.379  72.508 0.0000000000
61923  28.365  -29.947  70.744 0.0000000000
63119  12.926  -29.323  83.411 0.0000000000
63120  12.507  -29.723  83.099 0.0000000000
63148  14.861  -28.111  82.157 0.0000000000
63150  12.818  -29.316  82.557 0.0000000000
63182  21.081  -27.891  80.654 0.0000000000
63209  18.327  -27.762  79.753 0.0000000000
63227  29.500  -29.447  77.920 0.0000000000
63234  21.822  -27.073  78.905 0.0000000000
63251  29.656  -29.616  77.654 0.0000000000
63252  29.423  -29.529  77.637 0.0000000000
63259  22.689  -27.281  77.970 0.0000000000
63270  33.867  -28.027  76.862 0.0000000000
63272  28.109  -28.683  76.409 0.0000000000
63287  33.567  -28.491  75.812 0.0000000000
63292  18.074  -28.378  74.311 0.0000000000
63306  33.187  -29.585  73.990 0.0000000000
63308  26.258  -28.098  74.375 0.0000000000
63319  33.141  -28.557  74.419 0.0000000000
63322  32.689  -29.341  72.950 0.0000000000
63323  32.440  -29.241  72.829 0.0000000000
63326  23.946  -27.435  73.070 0.0000000000
63339  33.009  -29.161  72.772 0.0000000000
63340  32.413  -29.115  72.550 0.0000000000
63344  23.985  -27.218  72.638 0.0000000000
63361  33.417  -28.462  71.481 0.0000000000
63362  32.994  -28.452  71.553 0.0000000000
63364  26.609  -28.273  72.193 0.0000000000
63380  33.555  -28.655  71.192 0.0000000000
63384  27.752  -29.494  70.336 0.0000000000
63385  27.542  -29.359  70.254 0.0000000000
63409  27.457  -29.298  70.002 0.0000000000
63429  27.833  -29.164  68.223 0.0000000000
63430  27.627  -29.010  68.287 0.0000000000
63451  29.492  -29.225  67.275 0.0000000000
63452  27.721  -28.965  68.022 0.0000000000
63453  27.537  -28.816  68.164 0.0000000000
64588  13.776  -28.457  83.974 0.0000000000
64605  21.427  -27.320  82.144 0.0000000000
64607  19.507  -27.969  82.215 0.0000000000
64608  19.228  -27.989  82.145 0.0000000000
64610  14.606  -28.236  82.841 0.0000000000
64612  13.313  -28.975  82.798 0.0000000000
64618  21.522  -27.412  81.610 0.0000000000
64619  21.168  -27.799  81.413 0.0000000000
64620  19.430  -28.046  81.969 0.0000000000
64621  19.186  -28.016  81.925 0.0000000000
64627  21.486  -27.553  81.040 0.0000000000
64677  33.802  -27.939  76.623 0.0000000000
64688  17.673  -28.511  74.025 0.0000000000
64697  34.562  -27.657  75.297 0.0000000000
64702  18.132  -28.444  74.058 0.0000000000
64703  17.935  -28.496  73.904 0.0000000000
64713  33.373  -28.815  73.272 0.0000000000
64714  25.887  -28.088  73.439 0.0000000000
64715  25.196  -27.460  73.569 0.0000000000
64716  24.330  -27.441  72.861 0.0000000000
64731  32.555  -28.789  72.143 0.0000000000
64732  26.276  -28.282  72.870 0.0000000000
64747  33.689  -28.253  71.632 0.0000000000
64750  32.741  -28.609  71.945 0.0000000000
64751  26.508  -28.304  72.492 0.0000000000
64769  32.470  -28.596  69.763 0.0000000000
64770  24.167  -26.763  69.682 0.0000000000
64817  32.813  -27.894  69.066 0.0000000000
64858  33.005  -28.058  66.943 0.0000000000
64859  32.379  -28.356  66.485 0.0000000000
65983  15.105  -27.623  83.120 0.0000000000
65989  14.983  -27.779  82.978 0.0000000000
65994  21.355  -27.715  81.227 0.0000000000
65995  21.337  -27.982  81.137 0.0000000000
66000  21.308  -27.892  80.910 0.0000000000
66001  21.382  -28.079  80.883 0.0000000000
66046  34.524  -27.171  75.830 0.0000000000
66055  34.566  -27.272  75.585 0.0000000000
66057  24.701  -27.202  74.002 0.0000000000
66058  24.549  -27.383  73.550 0.0000000000
66066  24.779  -27.483  73.251 0.0000000000
66074  24.988  -27.655  72.739 0.0000000000
66075  24.482  -27.502  73.081 0.0000000000
66087  33.577  -27.878  71.751 0.0000000000
67185  15.012  -27.800  83.229 0.0000000000
67215  34.494  -26.544  77.760 0.0000000000
67221  34.640  -26.815  76.891 0.0000000000
67237  33.627  -27.006  74.809 0.0000000000
67258  33.551  -26.607  72.813 0.0000000000
68441  32.230  -25.012  76.870 0.0000000000
68448  32.332  -24.969  76.557 0.0000000000
68465  32.769  -26.848  74.511 0.0000000000
68479  33.260  -26.210  73.200 0.0000000000
68502  32.986  -26.495  72.444 0.0000000000
68513  32.003  -26.701  71.218 0.0000000000
68515  31.079  -25.526  71.068 0.0000000000
68537  31.719  -26.214  68.837 0.0000000000
69912  31.861  -24.467  77.251 0.0000000000
69939  32.663  -26.398  73.870 0.0000000000
69952  32.975  -26.283  73.375 0.0000000000
69963  33.003  -25.943  72.963 0.0000000000
69965  31.855  -26.157  72.500 0.0000000000
69975  31.899  -26.513  72.178 0.0000000000
70016  30.573  -25.766  69.977 0.0000000000
71439  29.729  -22.815  76.139 0.0000000000
71455  29.644  -22.896  75.953 0.0000000000
71469  29.339  -23.107  73.674 0.0000000000
71496  30.512  -25.561  72.281 0.0000000000
71508  31.182  -26.151  72.124 0.0000000000
71518  30.824  -25.985  72.069 0.0000000000
71533  27.915  -23.360  69.323 0.0000000000
72852  29.893  -22.716  76.282 0.0000000000
72867  29.825  -22.602  76.071 0.0000000000
72907  29.812  -22.021  73.285 0.0000000000
72937  29.697  -21.478  71.264 0.0000000000
72997  27.648  -23.127  69.191 0.0000000000
74400  28.953  -21.152  70.269 0.0000000000
75713  30.734  -19.197  69.822 0.0000000000
77016  30.837  -19.359  70.367 0.0000000000
77034  31.762  -18.049  69.248 0.0000000000
78340  31.688  -18.242  69.795 0.0000000000
78412  32.597  -17.650  66.321 0.0000000000
78421  34.238  -16.709  65.522 0.0000000000
78435  34.001  -16.431  65.687 0.0000000000
78436  34.063  -16.440  65.414 0.0000000000
78437  34.058  -16.702  65.550 0.0000000000
78438  33.798  -17.221  65.923 0.0000000000
78456  32.302  -17.454  62.868 0.0000000000
78493  37.024  -16.369  62.408 0.0000000000
78522  35.354  -16.627  59.858 0.0000000000
79656  33.619  -16.786  66.000 0.0000000000
79668  39.344  -16.302  65.899 0.0000000000
79669  33.922  -16.642  65.784 0.0000000000
79670  33.626  -16.839  65.740 0.0000000000
79685  39.031  -15.856  65.238 0.0000000000
79687  33.941  -15.763  65.383 0.0000000000
79688  33.869  -16.601  65.517 0.0000000000
79689  33.618  -16.956  65.552 0.0000000000
79722  37.444  -16.381  63.303 0.0000000000
79742  35.992  -16.719  61.301 0.0000000000
80947  39.646  -15.888  66.110 0.0000000000
80960  39.188  -15.939  65.426 0.0000000000
80977  38.035  -15.141  63.227 0.0000000000
80978  37.987  -15.032  63.242 0.0000000000
80995  37.830  -15.299  63.052 0.0000000000
80996  37.859  -15.251  62.840 0.0000000000
82288  38.186  -14.937  62.946 0.0000000000
82289  38.105  -15.004  62.768 0.0000000000
82301  38.158  -14.941  62.592 0.0000000000
82302  38.049  -15.063  62.940 0.0000000000
82335  41.050  -12.188  59.477 0.0000000000
82340  37.123  -14.455  58.948 0.0000000000
83663  39.896  -12.781  62.009 0.0000000000
85044  45.753  -12.728  56.330 0.0000000000
85045  41.439  -13.437  55.983 0.0000000000
86464  45.721  -11.158  52.402 0.0000000000
86476  48.343  -10.460  52.244 0.0000000000
87758  47.777  -10.511  52.150 0.0000000000
88941  49.847  -9.260  50.928 0.0000000000
88943  49.103  -9.497  51.099 0.0000000000
88944  47.042  -10.270  51.448 0.0000000000
88981  50.947  -8.564  50.258 0.0000000000
88983  48.059  -9.818  48.552 0.0000000000
90087  46.715  -9.640  49.904 0.0000000000
91301  49.893  -8.577  50.079 0.0000000000
91311  50.051  -8.440  49.802 0.0000000000
146459  24.630  -27.155  80.844 0.0000000000
146463  24.387  -27.313  80.275 0.0000000000
146464  24.754  -27.101  80.514 0.0000000000
146465  24.589  -27.227  80.360 0.0000000000
146468  24.539  -27.262  80.106 0.0000000000
146469  24.787  -27.124  80.270 0.0000000000
146470  25.984  -27.405  77.231 0.0000000000
146473  25.246  -27.168  77.884 0.0000000000
146477  20.492  -27.377  78.028 0.0000000000
146480  20.409  -27.388  77.795 0.0000000000
146487  21.752  -27.309  77.978 0.0000000000
146489  21.971  -27.069  77.600 0.0000000000
146490  22.058  -26.682  77.020 0.0000000000
146491  22.107  -26.837  77.280 0.0000000000
146492  22.415  -26.766  77.156 0.0000000000
146494  22.304  -26.900  77.383 0.0000000000
146512  14.864  -27.941  83.109 0.0000000000
146537  30.576  -25.826  71.893 0.0000000000
