#!ascii label  , from subject 3788 vox2ras=TkReg
689
87150  19.427  -12.684  2.290 0.2500000000
88443  20.138  -12.068  1.644 0.2500000000
87149  20.150  -12.886  1.855 0.7500000000
90736  18.688  -9.580  2.602 0.2500000000
89600  18.896  -10.484  2.357 0.1250000000
90745  19.186  -9.558  1.837 0.3750000000
88445  18.764  -11.594  2.230 0.2500000000
87151  18.481  -12.554  2.197 0.2500000000
88444  19.339  -11.888  1.995 0.3750000000
85824  21.368  -13.000  0.007 0.8750000000
87163  20.380  -12.732  0.916 0.8750000000
89609  19.250  -10.503  1.402 0.3750000000
88457  19.252  -11.314  1.713 0.3750000000
89607  20.273  -10.797  0.259 0.8750000000
88456  19.643  -11.344  1.251 0.7500000000
88467  21.786  -11.994  -0.679 1.0000000000
88468  21.136  -11.564  -0.576 1.0000000000
88455  20.264  -11.567  0.479 0.8750000000
87171  21.976  -12.674  -0.526 1.0000000000
87173  20.901  -12.367  0.089 0.8750000000
85822  22.282  -13.003  -0.576 1.0000000000
90752  19.648  -9.574  0.497 0.7500000000
90751  20.229  -10.174  0.151 0.8750000000
89608  19.829  -10.668  0.613 0.7500000000
88475  22.112  -11.465  -0.967 1.0000000000
88476  21.640  -11.435  -0.806 1.0000000000
89618  21.073  -10.849  -0.635 1.0000000000
87181  23.332  -12.442  -0.853 1.0000000000
88474  22.825  -11.546  -1.103 1.0000000000
87182  22.463  -12.353  -0.726 1.0000000000
91930  18.927  -8.678  2.113 0.1250000000
90753  19.080  -9.555  1.095 0.6250000000
90765  20.597  -9.678  -0.392 1.0000000000
90774  21.013  -9.756  -0.690 1.0000000000
88466  23.527  -11.484  -0.750 1.0000000000
89624  22.393  -10.734  -1.202 1.0000000000
89625  21.593  -10.733  -0.909 1.0000000000
90773  21.389  -9.800  -0.875 1.0000000000
88464  25.312  -11.490  -0.339 1.0000000000
87170  23.924  -12.125  -0.654 1.0000000000
95486  19.939  -5.669  1.234 0.2500000000
93101  19.467  -7.865  1.402 0.3750000000
91943  19.333  -8.621  1.188 0.5000000000
91941  20.330  -8.077  -0.115 1.0000000000
91942  19.987  -8.392  0.217 0.6250000000
91957  20.144  -9.125  -0.112 1.0000000000
91965  22.034  -8.903  -1.197 1.0000000000
91966  21.443  -9.043  -1.125 1.0000000000
89617  23.807  -10.574  -0.531 1.0000000000
89623  23.083  -10.695  -1.152 1.0000000000
90763  22.419  -9.181  -1.014 1.0000000000
89616  24.803  -10.550  -0.222 1.0000000000
89615  25.852  -10.439  -0.357 1.0000000000
94273  19.680  -6.649  1.072 0.3750000000
94284  20.233  -6.845  0.714 0.5000000000
93099  20.483  -7.506  0.146 0.8750000000
93115  20.890  -7.543  -0.311 1.0000000000
94299  21.075  -6.857  -0.181 1.0000000000
91954  22.523  -8.498  -0.681 1.0000000000
91955  21.694  -8.288  -0.826 1.0000000000
90761  24.201  -9.597  -0.084 1.0000000000
91953  23.617  -8.539  -0.259 1.0000000000
90760  25.316  -9.612  0.271 1.0000000000
89614  26.666  -10.240  -0.303 0.8750000000
95485  20.708  -5.214  0.906 0.5000000000
95499  20.118  -6.173  0.655 0.5000000000
95498  20.690  -5.569  0.470 0.6250000000
95514  21.243  -5.779  -0.156 0.6250000000
94298  21.700  -6.538  -0.520 1.0000000000
94283  20.645  -6.419  0.273 0.7500000000
93113  22.125  -7.408  -0.740 1.0000000000
93110  25.343  -7.613  0.422 1.0000000000
93111  24.146  -7.541  0.145 1.0000000000
93112  22.984  -7.499  -0.172 1.0000000000
91951  25.871  -8.611  0.402 1.0000000000
91952  24.726  -8.605  0.368 1.0000000000
90759  26.338  -9.495  0.038 0.8750000000
96674  21.215  -5.195  0.226 0.8750000000
95512  23.024  -5.435  -0.139 1.0000000000
94297  22.499  -6.459  -0.298 1.0000000000
94296  23.464  -6.506  0.279 1.0000000000
94294  26.039  -6.674  0.485 1.0000000000
93108  27.434  -7.609  -0.136 1.0000000000
93109  26.480  -7.651  0.220 1.0000000000
96658  21.081  -4.661  0.500 0.5000000000
96673  21.724  -4.752  0.081 1.0000000000
96671  23.605  -4.420  0.258 1.0000000000
95513  22.102  -5.542  -0.317 1.0000000000
96669  26.208  -4.541  0.711 1.0000000000
95510  25.441  -5.582  0.586 1.0000000000
95509  26.820  -5.717  0.622 1.0000000000
94293  27.279  -6.785  0.366 1.0000000000
94292  28.058  -6.697  -0.479 0.8750000000
99951  23.092  -1.345  0.473 1.0000000000
98825  22.286  -2.181  1.608 0.3750000000
98838  22.975  -2.224  0.510 0.8750000000
97741  24.250  -3.346  0.570 1.0000000000
96670  24.812  -4.448  0.587 1.0000000000
101072  23.584  -0.555  0.599 0.8750000000
101088  23.950  -0.874  -0.258 1.0000000000
99971  23.549  -1.605  0.035 1.0000000000
98861  23.423  -2.440  0.422 1.0000000000
99970  24.274  -1.526  -0.256 1.0000000000
97739  26.917  -3.469  0.427 1.0000000000
97740  25.505  -3.376  0.556 1.0000000000
99969  25.212  -1.412  0.002 1.0000000000
98858  26.057  -2.345  0.183 1.0000000000
101087  24.615  -0.730  -0.208 1.0000000000
105051  25.303  3.486  0.351 0.1250000000
106102  25.883  3.970  0.629 0.1250000000
105066  25.428  3.338  -0.555 0.2500000000
106123  26.169  3.839  -0.973 0.1250000000
105077  25.850  3.367  -1.299 0.3750000000
105088  25.007  4.174  -2.791 0.3750000000
106131  26.311  4.408  -1.292 0.2500000000
106132  25.952  4.258  -1.834 0.2500000000
107270  26.072  5.257  -2.573 0.2500000000
106143  25.382  4.483  -2.690 0.2500000000
106144  24.946  4.582  -3.241 0.2500000000
105099  24.951  4.137  -3.227 0.3750000000
106157  24.657  4.603  -3.797 0.2500000000
85801  17.616  -13.313  1.686 0.1250000000
88436  18.386  -11.219  2.717 0.1250000000
87169  24.439  -12.402  -0.346 1.0000000000
95511  24.093  -5.492  0.469 1.0000000000
85789  18.320  -13.343  2.421 0.1250000000
85798  20.342  -13.630  1.459 0.6250000000
84475  21.639  -14.364  0.163 0.7500000000
89593  18.412  -10.401  2.994 0.1250000000
84491  21.965  -14.669  -0.477 1.0000000000
87152  17.723  -12.552  2.044 0.1250000000
85838  22.806  -13.441  -0.743 1.0000000000
85837  23.726  -13.338  -0.950 1.0000000000
87162  24.771  -12.632  0.101 1.0000000000
93089  19.115  -7.927  1.779 0.3750000000
94258  19.357  -6.624  1.959 0.2500000000
88462  26.858  -10.727  -0.282 0.8750000000
91949  27.608  -8.341  -0.302 0.8750000000
90758  27.231  -9.357  -0.385 0.8750000000
93107  28.222  -7.437  -0.431 0.8750000000
99945  21.862  -1.647  2.437 0.1250000000
97726  20.746  -4.117  0.720 0.3750000000
97744  21.713  -4.118  0.210 0.6250000000
95508  27.870  -5.814  -0.039 1.0000000000
99952  22.662  -1.582  1.022 0.5000000000
98839  22.435  -2.686  0.978 0.3750000000
97723  23.154  -2.809  0.710 0.8750000000
96668  27.517  -4.691  0.344 1.0000000000
97738  28.074  -3.709  -0.162 1.0000000000
101071  24.292  -0.266  0.282 0.8750000000
101070  24.804  -0.070  0.243 1.0000000000
99968  26.368  -1.289  0.198 1.0000000000
105041  25.621  3.223  1.589 0.1250000000
105052  24.694  3.032  0.780 0.1250000000
104066  25.038  2.545  -0.650 0.6250000000
104065  25.430  3.005  -0.979 0.6250000000
104090  25.971  3.511  -1.735 0.5000000000
106111  25.934  3.964  -0.172 0.2500000000
105087  25.567  3.797  -2.289 0.5000000000
107269  26.440  5.180  -1.546 0.2500000000
105098  25.502  3.917  -3.442 0.5000000000
108430  25.991  6.321  -3.233 0.1250000000
107283  25.414  5.355  -3.407 0.2500000000
107295  24.555  5.238  -4.232 0.2500000000
105110  24.910  4.220  -4.138 0.3750000000
106184  24.266  4.667  -5.464 0.2500000000
108438  25.283  6.362  -3.856 0.1250000000
85800  18.243  -13.413  2.124 0.1250000000
88446  18.254  -11.904  2.555 0.1250000000
85812  21.141  -13.644  0.534 0.7500000000
85811  21.654  -13.843  0.226 1.0000000000
85823  21.881  -13.535  -0.247 1.0000000000
89619  20.611  -10.824  -0.260 1.0000000000
87172  21.500  -12.507  -0.332 1.0000000000
87180  23.940  -12.745  -0.756 1.0000000000
88465  24.300  -11.458  -0.456 1.0000000000
90771  22.655  -10.193  -1.160 1.0000000000
90772  22.108  -9.758  -1.197 1.0000000000
93088  19.472  -7.326  1.573 0.3750000000
93100  19.815  -7.587  0.917 0.5000000000
91956  20.737  -8.422  -0.476 1.0000000000
90762  23.054  -9.617  -0.795 1.0000000000
93114  21.381  -7.495  -0.515 1.0000000000
91950  26.788  -8.500  -0.216 0.8750000000
89613  27.195  -10.286  -0.236 0.8750000000
94295  24.741  -6.569  0.409 1.0000000000
96657  21.500  -4.275  0.285 0.6250000000
96672  22.615  -4.519  -0.139 1.0000000000
97742  23.219  -3.404  0.494 1.0000000000
98860  23.883  -2.371  0.210 1.0000000000
98859  24.821  -2.309  0.308 1.0000000000
101086  25.508  -0.376  0.242 1.0000000000
106122  26.376  4.575  -0.731 0.2500000000
105067  24.835  3.056  -0.025 0.3750000000
107284  24.736  5.085  -3.652 0.2500000000
106171  24.598  4.691  -4.692 0.2500000000
85799  19.642  -13.464  2.390 0.2500000000
85788  19.274  -13.667  2.926 0.1250000000
84459  20.619  -14.439  1.197 0.7500000000
85839  22.376  -14.218  -0.591 1.0000000000
98840  21.900  -2.916  1.273 0.5000000000
97725  21.499  -3.607  0.587 0.6250000000
97743  22.191  -3.883  0.157 0.8750000000
97724  22.627  -3.156  0.665 0.8750000000
99967  27.191  -1.088  -0.040 1.0000000000
104079  25.239  2.220  -0.974 0.7500000000
104078  25.748  2.768  -1.285 0.7500000000
105122  24.296  3.886  -5.201 0.2500000000
80546  23.156  -17.973  1.024 0.7500000000
80544  24.890  -17.731  0.933 0.7500000000
79294  22.807  -17.966  1.143 0.7500000000
79295  22.430  -17.630  1.111 0.7500000000
80545  23.724  -17.889  0.976 0.7500000000
80561  22.934  -17.517  0.554 0.7500000000
80562  22.148  -17.100  0.829 0.7500000000
81853  25.405  -16.717  0.557 0.7500000000
80559  24.833  -16.973  0.072 0.7500000000
80560  23.990  -17.259  0.248 0.7500000000
83120  21.778  -15.505  0.105 0.7500000000
84476  21.137  -14.906  0.726 0.6250000000
81875  22.788  -16.250  -0.327 0.7500000000
83142  22.745  -15.598  -0.573 0.8750000000
81836  26.042  -16.166  0.969 0.7500000000
80574  24.668  -16.538  -0.134 0.7500000000
81873  24.201  -16.102  -0.169 0.7500000000
83161  22.817  -15.001  -0.729 0.8750000000
84513  22.395  -14.842  -0.741 0.8750000000
83116  25.630  -15.239  0.572 0.7500000000
83140  24.488  -15.182  -0.145 0.7500000000
84490  23.987  -14.684  -0.400 0.8750000000
84512  22.833  -14.407  -0.751 0.8750000000
84473  25.016  -14.192  0.425 0.7500000000
84489  24.291  -14.146  -0.137 0.8750000000
84510  23.965  -13.755  -0.689 0.8750000000
85809  25.552  -13.280  0.503 0.8750000000
85810  24.895  -12.997  0.373 0.8750000000
87161  25.396  -12.424  0.252 0.8750000000
88454  25.441  -11.953  -0.059 0.8750000000
88441  27.937  -11.020  0.934 0.3750000000
88452  27.114  -11.250  0.214 0.7500000000
88453  25.954  -11.708  0.104 0.7500000000
89599  28.519  -10.556  1.378 0.5000000000
88451  27.698  -10.638  0.518 0.7500000000
90744  29.293  -9.383  1.077 0.1250000000
89605  28.240  -10.183  0.619 0.6250000000
89606  27.636  -10.252  0.124 0.6250000000
90750  27.539  -9.825  -0.231 0.6250000000
91915  29.892  -8.509  2.196 0.1250000000
91929  29.602  -8.541  1.398 0.1250000000
91939  29.328  -8.455  0.421 0.1250000000
91938  29.831  -7.885  0.925 0.1250000000
91947  29.062  -8.267  -0.240 0.6250000000
91948  28.357  -8.344  -0.262 0.6250000000
94282  30.427  -6.465  0.397 0.1250000000
93097  29.848  -7.425  0.041 0.1250000000
93106  29.078  -7.401  -0.540 0.5000000000
93064  30.697  -7.019  1.983 0.1250000000
93105  29.666  -7.011  -0.646 0.5000000000
94290  29.368  -6.442  -1.212 0.5000000000
94291  28.734  -6.396  -1.352 0.6250000000
102081  23.445  0.438  1.340 0.6250000000
103078  24.017  0.995  1.421 0.5000000000
102091  24.187  0.338  0.928 0.7500000000
95524  28.991  -5.897  -2.196 0.6250000000
95507  28.357  -5.800  -1.192 0.6250000000
95506  28.628  -5.687  -1.938 0.6250000000
98857  27.528  -2.271  -0.040 0.8750000000
96667  28.243  -4.848  -0.686 0.7500000000
98856  28.395  -2.957  -0.737 0.8750000000
98874  28.047  -2.130  -0.921 0.8750000000
96685  29.207  -4.911  -1.661 0.3750000000
96686  28.834  -4.920  -1.888 0.5000000000
96666  28.678  -4.895  -1.611 0.6250000000
97755  29.940  -4.045  -1.699 0.2500000000
103077  24.480  1.368  0.750 0.6250000000
103076  24.862  1.139  0.190 0.7500000000
102090  24.622  0.499  0.456 0.8750000000
102089  25.128  0.527  0.223 0.8750000000
97737  28.373  -3.910  -1.387 0.6250000000
97756  29.173  -4.162  -2.276 0.3750000000
97757  28.673  -3.864  -2.431 0.5000000000
98873  28.322  -2.753  -1.860 0.7500000000
102104  25.888  0.570  0.015 0.8750000000
101085  26.594  -0.273  0.138 0.8750000000
102103  26.842  0.609  -0.568 0.7500000000
101084  27.399  -0.364  -0.340 0.8750000000
99987  28.393  -1.346  -1.410 0.7500000000
97776  28.960  -3.156  -3.544 0.2500000000
97767  28.778  -3.198  -3.365 0.5000000000
97765  29.817  -3.654  -2.509 0.2500000000
104052  24.587  2.402  0.265 0.5000000000
103093  24.726  1.772  -0.248 0.5000000000
103106  24.957  1.878  -0.867 0.6250000000
103105  25.490  1.845  -0.933 0.7500000000
103091  25.950  1.238  -0.564 0.7500000000
103104  26.411  1.684  -1.136 0.7500000000
102114  27.086  1.137  -1.126 0.7500000000
102113  27.815  0.632  -1.174 0.7500000000
103103  27.348  1.698  -1.480 0.7500000000
101102  28.451  -0.249  -1.427 0.7500000000
102112  28.591  0.497  -1.870 0.7500000000
99998  28.557  -1.855  -2.507 0.5000000000
99997  28.773  -1.376  -2.891 0.3750000000
97777  28.806  -2.928  -3.672 0.2500000000
98883  28.578  -2.759  -3.012 0.3750000000
100008  28.445  -1.842  -3.520 0.3750000000
104077  26.732  2.636  -1.617 0.7500000000
103113  28.543  1.273  -2.375 0.7500000000
102122  28.683  0.268  -2.824 0.6250000000
100007  28.750  -1.337  -3.177 0.3750000000
101128  28.854  -0.865  -3.264 0.3750000000
98893  28.987  -2.809  -3.927 0.1250000000
98906  28.192  -2.615  -5.331 0.1250000000
100018  28.002  -2.206  -4.760 0.2500000000
104089  26.259  3.202  -1.667 0.6250000000
105076  26.574  3.211  -1.832 0.7500000000
104076  27.895  2.617  -1.979 0.6250000000
104075  28.333  1.928  -2.140 0.7500000000
102134  28.924  0.231  -3.856 0.3750000000
103121  28.711  1.180  -3.219 0.3750000000
101140  28.332  -1.098  -4.344 0.2500000000
98928  28.449  -2.974  -6.216 0.1250000000
98918  27.810  -3.270  -6.094 0.1250000000
98905  28.766  -2.598  -4.820 0.1250000000
105085  27.237  3.379  -2.746 0.3750000000
105075  27.004  3.188  -1.996 0.3750000000
104088  28.127  2.893  -3.175 0.3750000000
103131  28.796  1.156  -4.682 0.2500000000
102133  29.171  0.828  -4.051 0.3750000000
104087  28.391  2.029  -2.772 0.3750000000
101170  27.763  -2.306  -6.585 0.1250000000
100043  29.480  -1.988  -6.350 0.1250000000
101155  27.859  -2.781  -6.425 0.1250000000
106156  25.981  4.322  -3.841 0.3750000000
105096  27.316  3.479  -3.898 0.3750000000
104109  28.740  2.073  -4.868 0.3750000000
104100  28.194  2.899  -4.350 0.3750000000
103144  28.700  1.124  -5.572 0.3750000000
103130  29.150  1.206  -4.197 0.3750000000
104099  28.895  2.056  -3.754 0.3750000000
101182  28.533  -1.024  -7.918 0.1250000000
102159  28.314  -0.115  -6.224 0.1250000000
101168  29.172  -1.801  -7.536 0.1250000000
105108  26.254  3.793  -4.618 0.2500000000
105107  27.295  3.268  -5.009 0.2500000000
104119  28.788  2.227  -6.059 0.1250000000
104110  28.084  2.795  -5.404 0.3750000000
102186  28.698  -0.054  -8.307 0.1250000000
105109  25.273  3.970  -4.460 0.3750000000
105120  26.366  3.163  -5.978 0.2500000000
104120  27.615  2.894  -6.395 0.1250000000
104130  28.412  2.267  -7.234 0.1250000000
104131  27.565  3.295  -7.478 0.1250000000
102197  29.001  -0.168  -8.879 0.1250000000
103168  28.817  1.107  -7.804 0.1250000000
105150  26.049  3.853  -8.126 0.1250000000
104141  28.585  2.441  -8.235 0.1250000000
104152  29.280  1.494  -8.966 0.1250000000
103177  29.324  0.389  -8.985 0.1250000000
84511  23.559  -14.208  -0.647 0.8750000000
87160  26.289  -12.386  0.543 0.6250000000
94308  29.039  -6.279  -1.860 0.6250000000
97766  29.167  -3.518  -3.053 0.3750000000
103092  25.223  1.310  -0.356 0.8750000000
102102  27.522  0.109  -0.736 0.7500000000
101103  28.045  -0.388  -0.812 0.7500000000
102173  28.392  -0.028  -7.375 0.1250000000
105119  27.300  2.969  -5.711 0.2500000000
103178  29.089  0.881  -8.597 0.1250000000
91940  28.757  -8.800  0.008 0.5000000000
90749  28.054  -9.384  -0.058 0.6250000000
94307  29.232  -6.144  -1.883 0.3750000000
103157  29.012  1.150  -6.742 0.1250000000
79262  24.286  -18.989  2.304 0.7500000000
79263  23.605  -18.964  1.913 0.7500000000
79282  22.373  -18.026  1.753 0.7500000000
79283  21.797  -17.514  1.933 0.7500000000
79261  25.000  -18.458  2.388 0.7500000000
79280  24.130  -18.470  1.509 0.7500000000
80527  25.421  -17.657  2.142 0.7500000000
83121  21.183  -15.904  0.894 0.6250000000
81856  22.449  -16.473  0.253 0.7500000000
81837  25.672  -16.997  1.433 0.6250000000
81852  25.550  -16.001  0.353 0.7500000000
84472  26.026  -14.089  1.012 0.6250000000
87148  26.709  -12.738  0.987 0.5000000000
88435  27.569  -12.063  1.677 0.3750000000
87159  27.054  -12.207  0.774 0.5000000000
89592  28.738  -10.620  2.036 0.1250000000
90734  29.495  -9.302  1.986 0.1250000000
91914  30.569  -7.990  2.670 0.1250000000
94247  30.805  -6.511  1.867 0.1250000000
94272  30.771  -6.203  1.469 0.1250000000
95497  30.802  -5.456  0.768 0.1250000000
95505  29.903  -5.987  -0.912 0.1250000000
95523  29.510  -5.708  -1.517 0.2500000000
96684  29.926  -4.815  -1.179 0.2500000000
103065  24.002  1.616  1.416 0.5000000000
98892  29.661  -2.467  -3.597 0.1250000000
98904  29.409  -2.388  -4.303 0.1250000000
100016  29.414  -1.928  -5.078 0.1250000000
100028  29.560  -2.054  -5.851 0.1250000000
101167  29.626  -1.317  -7.133 0.1250000000
101153  29.996  -1.243  -5.893 0.1250000000
100061  29.016  -1.717  -9.109 0.1250000000
101198  29.900  -0.641  -9.364 0.1250000000
106110  26.374  4.715  0.178 0.1250000000
105121  25.098  3.487  -5.487 0.2500000000
105135  25.088  3.578  -6.654 0.1250000000
105151  25.092  3.738  -7.763 0.1250000000
104142  27.885  3.376  -7.589 0.1250000000
105133  26.779  3.617  -7.842 0.1250000000
103187  29.736  0.581  -9.270 0.1250000000
88463  26.369  -11.041  -0.468 0.7500000000
101064  22.464  -0.540  1.494 0.3750000000
85821  24.342  -13.217  0.198 0.8750000000
83143  22.205  -15.318  -0.609 0.8750000000
90757  27.784  -8.841  -0.248 0.6250000000
99988  27.876  -1.257  -0.494 0.8750000000
79281  23.187  -18.466  1.473 0.7500000000
79279  24.793  -18.332  1.801 0.7500000000
80547  21.940  -17.398  1.384 0.7500000000
80563  21.605  -16.901  1.144 0.7500000000
81855  23.221  -16.764  -0.015 0.7500000000
81854  23.840  -16.631  -0.111 0.7500000000
81857  21.862  -16.303  0.877 0.7500000000
81874  23.372  -16.137  -0.336 0.8750000000
81871  25.356  -15.875  0.123 0.7500000000
83141  23.525  -15.198  -0.441 0.8750000000
83160  23.165  -14.692  -0.652 0.8750000000
83117  24.912  -14.892  0.222 0.7500000000
84488  24.565  -13.774  0.233 0.8750000000
85808  26.291  -13.193  0.823 0.6250000000
88434  28.102  -11.462  2.059 0.2500000000
88442  27.581  -11.821  1.099 0.5000000000
89604  28.996  -10.062  0.893 0.5000000000
89598  29.141  -10.077  1.587 0.2500000000
90748  28.724  -9.318  0.589 0.3750000000
91928  30.191  -7.880  1.686 0.1250000000
93087  30.296  -7.170  1.079 0.1250000000
93098  29.412  -7.956  -0.180 0.5000000000
94289  30.107  -6.602  -0.558 0.1250000000
98882  29.277  -3.017  -3.440 0.1250000000
98881  29.913  -2.820  -2.836 0.1250000000
103102  28.186  1.500  -1.752 0.7500000000
101115  28.708  -0.743  -2.343 0.6250000000
98894  28.564  -2.626  -4.072 0.1250000000
100030  27.690  -2.690  -5.603 0.1250000000
98917  28.509  -2.969  -5.657 0.1250000000
102145  28.955  0.685  -4.348 0.3750000000
104098  29.213  1.581  -3.998 0.3750000000
101154  27.783  -1.622  -5.707 0.2500000000
98929  28.038  -2.775  -6.476 0.1250000000
100044  28.807  -2.143  -6.832 0.1250000000
100029  29.106  -2.631  -5.951 0.1250000000
97797  27.424  -3.141  -6.485 0.1250000000
105086  26.277  3.555  -2.347 0.3750000000
102146  28.528  0.027  -4.958 0.2500000000
100045  28.290  -1.972  -7.175 0.1250000000
101169  27.984  -1.250  -6.896 0.1250000000
105097  26.421  3.858  -3.529 0.3750000000
104108  29.083  1.665  -4.305 0.3750000000
101191  28.544  -0.899  -9.004 0.1250000000
101181  29.362  -1.520  -7.873 0.1250000000
100053  29.402  -1.516  -8.273 0.1250000000
105134  26.154  3.697  -7.217 0.1250000000
104132  26.846  3.522  -7.393 0.1250000000
102196  29.337  -0.219  -9.167 0.1250000000
105168  25.173  3.991  -8.527 0.1250000000
77997  23.325  -19.483  2.529 0.7500000000
78012  22.663  -18.722  2.036 0.7500000000
78011  23.017  -19.108  2.007 0.7500000000
81839  21.107  -16.399  1.555 0.5000000000
85797  26.714  -13.350  1.327 0.5000000000
95504  30.470  -5.706  -0.259 0.1250000000
100067  29.553  -1.290  -9.218 0.1250000000
100068  29.144  -1.237  -9.453 0.1250000000
77998  22.396  -19.413  2.582 0.7500000000
77977  24.186  -19.586  3.388 0.6250000000
79242  24.792  -18.827  3.023 0.6250000000
80509  26.262  -17.510  3.174 0.3750000000
80510  25.471  -18.239  2.793 0.6250000000
80508  26.796  -16.731  3.818 0.2500000000
80526  25.901  -17.158  2.389 0.3750000000
87147  27.236  -12.589  1.374 0.3750000000
104043  23.754  1.970  1.581 0.2500000000
79243  24.292  -19.192  2.910 0.6250000000
81818  26.100  -16.377  2.220 0.5000000000
83100  26.266  -15.190  1.535 0.5000000000
79226  26.182  -18.472  3.853 0.5000000000
79241  25.609  -18.583  3.360 0.6250000000
76648  24.164  -20.333  3.818 0.6250000000
79266  21.108  -17.722  2.836 0.3750000000
77999  21.754  -18.832  2.659 0.3750000000
77996  23.892  -19.357  2.888 0.6250000000
77956  26.046  -19.230  4.473 0.3750000000
77975  25.685  -19.090  3.845 0.5000000000
77958  24.641  -19.787  3.886 0.6250000000
80529  20.934  -17.061  2.768 0.2500000000
79225  26.702  -18.362  4.353 0.3750000000
81806  26.862  -16.250  3.168 0.2500000000
80495  26.978  -17.293  4.432 0.2500000000
83087  26.981  -15.118  2.543 0.3750000000
84447  27.153  -14.314  2.383 0.2500000000
85796  27.282  -13.326  1.821 0.2500000000
95471  18.894  -6.586  2.607 0.1250000000
96646  20.624  -4.777  1.184 0.2500000000
97711  20.555  -3.900  1.446 0.2500000000
101073  22.956  -0.835  0.931 0.2500000000
104042  24.293  2.310  1.353 0.2500000000
95470  19.166  -5.784  2.405 0.1250000000
94259  18.991  -7.106  2.484 0.2500000000
84460  20.123  -14.490  1.869 0.2500000000
79264  22.206  -18.597  2.318 0.5000000000
79265  21.684  -18.058  2.393 0.5000000000
81819  25.770  -17.049  2.050 0.5000000000
87140  27.588  -12.503  2.027 0.2500000000
81820  21.291  -16.684  2.068 0.3750000000
80564  21.388  -16.688  1.379 0.3750000000
83102  20.187  -15.065  2.001 0.2500000000
81821  20.849  -16.398  2.281 0.3750000000
84458  26.753  -14.152  1.897 0.2500000000
77976  25.062  -19.287  3.576 0.6250000000
80496  26.473  -17.877  4.033 0.2500000000
79244  21.254  -18.485  3.021 0.3750000000
77978  23.526  -19.742  3.124 0.6250000000
77957  25.225  -19.586  4.169 0.5000000000
84457  27.302  -13.848  2.256 0.2500000000
94232  18.502  -7.146  2.852 0.1250000000
76626  22.949  -21.050  4.102 0.5000000000
76624  25.369  -20.014  4.644 0.2500000000
76610  24.874  -20.582  4.801 0.3750000000
76625  24.648  -20.271  4.327 0.5000000000
76649  23.361  -20.489  3.621 0.5000000000
75308  22.508  -21.582  4.320 0.3750000000
76628  21.793  -20.408  4.265 0.5000000000
76669  23.104  -20.042  2.984 0.5000000000
76627  22.473  -20.855  4.038 0.5000000000
77979  22.100  -19.722  3.198 0.3750000000
76670  22.833  -19.891  2.754 0.5000000000
73948  20.924  -22.154  4.790 0.1250000000
75309  21.705  -21.451  4.404 0.3750000000
77980  21.554  -19.281  3.373 0.2500000000
72493  21.330  -23.321  5.364 0.1250000000
72505  21.142  -22.784  4.835 0.2500000000
73946  22.712  -22.212  4.640 0.3750000000
76609  25.501  -20.547  5.064 0.2500000000
75295  23.808  -21.366  5.024 0.3750000000
75307  23.444  -21.279  4.338 0.5000000000
73935  20.342  -22.466  5.606 0.1250000000
73947  21.764  -22.416  4.625 0.3750000000
73945  23.319  -21.926  4.940 0.3750000000
76611  20.519  -20.722  5.215 0.1250000000
76630  20.332  -19.505  4.881 0.1250000000
75324  23.831  -20.815  3.896 0.5000000000
76623  25.986  -19.957  4.844 0.2500000000
75323  24.159  -20.845  4.094 0.3750000000
75306  24.258  -20.930  4.639 0.3750000000
77959  21.509  -19.669  4.202 0.1250000000
76651  22.008  -19.774  3.762 0.1250000000
76650  22.516  -20.177  3.304 0.5000000000
72506  20.794  -22.884  5.167 0.1250000000
75296  20.439  -21.518  5.319 0.1250000000
75310  21.021  -21.079  4.764 0.1250000000
72494  20.426  -23.455  5.765 0.1250000000
73934  22.166  -22.800  4.991 0.3750000000
75294  24.658  -21.203  5.218 0.2500000000
76629  20.837  -20.098  4.689 0.1250000000
72492  22.126  -23.008  5.462 0.2500000000
73933  22.815  -22.589  5.353 0.2500000000
83088  20.407  -15.351  2.575 0.2500000000
101063  23.056  -0.209  1.314 0.1250000000
102072  22.365  0.803  2.791 0.1250000000
103067  22.677  1.426  2.320 0.1250000000
103057  22.685  1.472  3.237 0.1250000000
102083  21.961  -0.005  1.750 0.1250000000
103056  23.380  2.149  2.767 0.1250000000
103044  23.462  2.843  3.608 0.1250000000
79245  20.786  -18.081  3.427 0.1250000000
81807  20.623  -16.571  3.211 0.1250000000
97710  21.366  -3.306  1.452 0.1250000000
101065  21.860  -0.600  2.034 0.1250000000
102073  21.848  0.149  2.386 0.1250000000
103046  22.102  1.464  4.184 0.1250000000
103038  23.087  2.555  4.457 0.1250000000
104023  24.000  3.388  3.237 0.1250000000
104031  24.001  2.802  2.345 0.1250000000
99944  22.275  -1.302  1.715 0.1250000000
84449  20.014  -14.329  2.652 0.1250000000
83101  20.589  -15.416  1.570 0.1250000000
103066  23.308  1.502  1.740 0.1250000000
104032  23.647  2.242  1.876 0.1250000000
83089  20.161  -14.818  2.229 0.1250000000
84448  20.318  -14.716  3.258 0.1250000000
83077  20.525  -15.518  3.653 0.1250000000
102082  22.450  0.580  1.725 0.1250000000
103055  23.613  3.075  2.945 0.1250000000
103040  21.557  1.643  5.067 0.1250000000
104020  23.856  3.040  4.426 0.1250000000
77955  26.951  -19.039  4.641 0.1250000000
79224  27.407  -18.260  4.778 0.1250000000
81805  27.573  -16.216  3.972 0.1250000000
83076  27.508  -15.593  3.216 0.1250000000
83086  27.772  -14.984  2.988 0.1250000000
84435  28.797  -14.297  3.772 0.1250000000
84445  28.300  -13.914  3.227 0.1250000000
84446  27.707  -14.173  2.720 0.1250000000
85776  28.679  -13.247  3.491 0.1250000000
85787  27.705  -13.280  2.363 0.1250000000
87129  29.234  -12.372  3.594 0.1250000000
87130  28.574  -12.464  3.051 0.1250000000
88427  28.419  -11.961  2.666 0.1250000000
73931  24.835  -21.920  5.715 0.1250000000
73932  23.812  -21.988  5.514 0.1250000000
75293  25.677  -21.199  5.590 0.1250000000
76608  26.431  -20.293  5.243 0.1250000000
79209  28.119  -18.476  5.134 0.1250000000
77954  27.643  -19.008  4.773 0.1250000000
80494  28.185  -17.440  4.983 0.1250000000
81790  28.590  -16.310  4.531 0.1250000000
81804  28.227  -15.755  4.095 0.1250000000
83075  28.097  -15.240  3.649 0.1250000000
84416  29.293  -14.757  4.313 0.1250000000
85775  29.442  -13.271  3.925 0.1250000000
88426  29.087  -11.504  2.849 0.1250000000
88425  29.785  -11.428  3.788 0.1250000000
88433  28.834  -10.965  2.364 0.1250000000
77942  26.550  -19.658  4.793 0.1250000000
87139  28.061  -12.479  2.545 0.1250000000
81791  27.826  -16.802  4.502 0.1250000000
77941  27.220  -19.632  4.958 0.1250000000
84436  28.130  -14.526  3.272 0.1250000000
85786  28.219  -13.283  2.863 0.1250000000
87128  30.053  -12.355  4.213 0.1250000000
73930  25.534  -21.908  5.966 0.1250000000
75283  26.120  -21.552  6.039 0.1250000000
80478  28.555  -18.023  5.412 0.1250000000
80528  21.390  -17.158  2.331 0.5000000000
80548  21.506  -16.966  1.707 0.7500000000
80549  21.332  -16.680  1.607 0.3750000000
80575  24.347  -16.743  -0.082 0.7500000000
81838  21.311  -16.671  1.832 0.3750000000
81858  21.362  -16.483  1.121 0.6250000000
81872  25.075  -16.163  -0.095 0.7500000000
83118  24.587  -14.673  0.013 0.7500000000
83119  22.357  -15.853  -0.317 0.8750000000
83138  25.443  -15.688  0.296 0.7500000000
83139  25.162  -15.530  0.164 0.7500000000
83162  22.484  -15.197  -0.711 0.8750000000
84451  17.075  -14.003  1.999 0.1250000000
84452  16.922  -13.789  1.599 0.1250000000
84462  17.428  -13.895  1.719 0.1250000000
84463  17.237  -13.651  1.587 0.1250000000
84474  24.676  -14.478  0.147 0.7500000000
85791  16.821  -13.378  1.901 0.1250000000
85802  16.995  -13.223  1.532 0.1250000000
85820  24.818  -13.508  0.391 0.8750000000
85836  24.034  -13.282  -0.498 1.0000000000
87153  16.929  -12.894  1.820 0.1250000000
87168  25.094  -12.202  -0.166 0.8750000000
88469  20.630  -11.613  -0.184 1.0000000000
90764  21.044  -10.267  -0.642 1.0000000000
90766  20.163  -9.619  0.035 0.8750000000
91967  21.005  -9.325  -0.799 1.0000000000
93075  19.172  -7.361  2.100 0.2500000000
97807  27.613  -3.171  -6.401 0.1250000000
100017  28.935  -2.678  -5.386 0.1250000000
100054  28.920  -1.754  -8.120 0.1250000000
100055  28.672  -1.540  -8.590 0.1250000000
100060  29.492  -1.471  -8.729 0.1250000000
100062  28.753  -1.315  -9.346 0.1250000000
100069  28.876  -1.122  -9.520 0.1250000000
101114  28.908  -1.030  -2.836 0.3750000000
101127  28.891  -1.169  -3.039 0.3750000000
101188  30.518  -0.275  -9.185 0.1250000000
101190  28.881  -0.698  -9.297 0.1250000000
101197  30.436  -0.086  -9.321 0.1250000000
101199  29.164  -0.811  -9.469 0.1250000000
101200  28.713  -0.986  -9.456 0.1250000000
103120  29.134  1.202  -3.812 0.3750000000
103188  29.400  0.902  -8.999 0.1250000000
104121  26.901  3.390  -6.872 0.1250000000
105042  24.760  2.870  1.396 0.1250000000
106155  26.220  4.250  -4.060 0.3750000000
106169  25.906  4.292  -4.194 0.3750000000
106170  25.664  4.302  -3.984 0.3750000000
146625  27.439  -2.787  -6.598 0.1250000000
146626  27.611  -2.826  -6.524 0.1250000000
146627  27.505  -2.977  -6.475 0.1250000000
