#!ascii label  , from subject 3469 vox2ras=TkReg
1483
65850  -45.147  -25.043  40.284 0.0000000000
82154  -59.210  -11.094  35.936 0.0000000000
75068  -51.023  -17.268  37.609 0.0000000000
35045  -14.022  -52.121  57.312 0.0000000000
61200  -46.612  -28.900  46.252 0.0000000000
46979  -30.086  -41.994  57.444 0.0000000000
51155  -39.514  -38.969  59.796 0.0000000000
53428  -48.528  -35.973  56.527 0.0000000000
58928  -50.185  -30.758  53.164 0.0000000000
42287  -22.937  -45.699  52.264 0.0000000000
43336  -25.684  -44.682  56.886 0.0000000000
47032  -27.688  -41.958  51.326 0.0000000000
51258  -37.722  -37.940  54.377 0.0000000000
50125  -43.919  -39.614  56.435 0.0000000000
64637  -49.979  -25.916  47.034 0.0000000000
66885  -51.533  -23.340  43.328 0.0000000000
77639  -55.813  -15.278  37.094 0.0000000000
70278  -47.830  -20.985  38.879 0.0000000000
82194  -58.667  -10.748  31.046 0.0000000000
31411  -9.631  -54.538  57.494 0.0000000000
64578  -48.787  -26.580  51.060 0.0000000000
63516  -45.134  -26.830  44.063 0.0000000000
51285  -32.320  -38.673  52.510 0.0000000000
49053  -34.725  -40.500  57.711 0.0000000000
73786  -52.947  -18.275  44.001 0.0000000000
89028  -63.528  -4.409  27.514 0.0000000000
52377  -48.270  -36.491  53.914 0.0000000000
54560  -49.462  -34.156  52.397 0.0000000000
44539  -25.444  -43.712  52.053 0.0000000000
50177  -42.683  -39.090  53.400 0.0000000000
50164  -45.905  -38.632  54.282 0.0000000000
51228  -46.315  -38.479  56.196 0.0000000000
64695  -48.353  -26.257  43.193 0.0000000000
64684  -51.216  -25.963  44.508 0.0000000000
66902  -48.694  -24.329  41.600 0.0000000000
78804  -57.786  -13.281  36.095 0.0000000000
78767  -58.690  -13.918  38.897 0.0000000000
84009  -60.604  -8.552  35.276 0.0000000000
36344  -11.735  -51.320  54.049 0.0000000000
33860  -11.472  -53.236  56.679 0.0000000000
60037  -49.468  -29.305  50.298 0.0000000000
62293  -49.800  -27.914  52.638 0.0000000000
62324  -47.476  -27.412  49.030 0.0000000000
63484  -47.282  -26.706  47.405 0.0000000000
62354  -45.705  -27.983  45.191 0.0000000000
45703  -27.792  -43.081  57.443 0.0000000000
44437  -26.859  -43.990  59.735 0.0000000000
45664  -29.487  -42.456  60.616 0.0000000000
46919  -31.638  -41.780  60.849 0.0000000000
51341  -31.028  -37.815  49.620 0.0000000000
53490  -33.792  -36.414  50.714 0.0000000000
51208  -38.204  -38.899  57.232 0.0000000000
51223  -36.175  -38.474  56.063 0.0000000000
49055  -37.532  -40.074  58.485 0.0000000000
45667  -36.433  -43.389  59.923 0.0000000000
38801  -17.760  -48.644  54.076 0.0000000000
38765  -19.733  -48.402  57.019 0.0000000000
37515  -19.525  -49.487  60.082 0.0000000000
72675  -49.482  -18.708  38.600 0.0000000000
71460  -50.191  -19.803  40.704 0.0000000000
75029  -51.751  -17.436  40.451 0.0000000000
88032  -63.504  -4.417  26.192 0.0000000000
33822  -13.156  -52.915  59.776 0.0000000000
54490  -48.885  -34.668  57.952 0.0000000000
57811  -49.879  -31.451  56.926 0.0000000000
55626  -49.723  -33.176  54.866 0.0000000000
57851  -50.061  -31.638  51.365 0.0000000000
41073  -22.643  -46.964  55.429 0.0000000000
41033  -24.405  -46.638  57.607 0.0000000000
43364  -24.882  -45.176  54.733 0.0000000000
44486  -26.525  -43.620  55.086 0.0000000000
47007  -29.449  -42.306  53.893 0.0000000000
52431  -36.192  -36.849  50.959 0.0000000000
51290  -39.590  -38.044  52.105 0.0000000000
50158  -40.408  -38.985  54.748 0.0000000000
50086  -41.843  -38.935  58.092 0.0000000000
51195  -44.463  -38.369  58.479 0.0000000000
52316  -47.500  -36.444  58.100 0.0000000000
42285  -20.643  -46.316  52.379 0.0000000000
65708  -51.279  -25.838  49.214 0.0000000000
64602  -55.057  -26.775  49.469 0.0000000000
65766  -52.616  -24.944  47.359 0.0000000000
65806  -54.050  -24.717  44.882 0.0000000000
76403  -53.898  -16.027  37.464 0.0000000000
75043  -54.389  -16.455  40.096 0.0000000000
76375  -56.642  -15.490  39.116 0.0000000000
25021  -5.865  -59.025  59.358 0.0000000000
68044  -47.231  -22.843  39.379 0.0000000000
72685  -46.468  -19.256  36.704 0.0000000000
76428  -50.296  -16.580  35.169 0.0000000000
77667  -52.755  -15.230  35.403 0.0000000000
78829  -55.212  -13.741  34.140 0.0000000000
79981  -57.529  -13.054  33.710 0.0000000000
81111  -59.603  -11.454  32.769 0.0000000000
81120  -56.484  -11.726  31.094 0.0000000000
32617  -10.971  -54.356  60.500 0.0000000000
30176  -8.690  -55.848  60.737 0.0000000000
28964  -7.324  -57.243  60.774 0.0000000000
62265  -52.907  -28.613  53.837 0.0000000000
59983  -50.510  -29.792  55.793 0.0000000000
63400  -50.899  -27.406  53.720 0.0000000000
64581  -50.875  -26.775  50.976 0.0000000000
64624  -48.722  -25.857  48.389 0.0000000000
63506  -47.920  -26.988  45.544 0.0000000000
64709  -45.448  -26.049  42.326 0.0000000000
42147  -25.390  -45.716  60.016 0.0000000000
49134  -30.693  -40.308  51.804 0.0000000000
48099  -31.632  -40.508  54.727 0.0000000000
51271  -35.161  -37.676  53.616 0.0000000000
50116  -34.216  -39.762  55.461 0.0000000000
49064  -32.636  -40.636  57.830 0.0000000000
46902  -33.834  -41.889  60.851 0.0000000000
37592  -13.671  -50.434  54.128 0.0000000000
37594  -15.574  -49.829  54.436 0.0000000000
36303  -15.755  -50.863  57.088 0.0000000000
69096  -49.281  -22.015  41.009 0.0000000000
70238  -51.644  -20.848  43.437 0.0000000000
71399  -53.730  -19.821  46.225 0.0000000000
75000  -55.168  -16.297  43.732 0.0000000000
84029  -61.125  -8.906  32.724 0.0000000000
85914  -62.016  -6.942  31.894 0.0000000000
87988  -62.925  -5.809  30.972 0.0000000000
88000  -62.103  -5.306  28.950 0.0000000000
86982  -64.204  -5.793  28.788 0.0000000000
52396  -47.671  -36.793  53.074 0.0000000000
52397  -48.234  -36.148  52.837 0.0000000000
52416  -48.208  -35.852  52.039 0.0000000000
50179  -44.639  -38.920  53.374 0.0000000000
51277  -46.411  -37.954  53.265 0.0000000000
51261  -46.966  -37.739  54.153 0.0000000000
64727  -46.772  -25.663  41.684 0.0000000000
65828  -48.012  -25.126  41.776 0.0000000000
65838  -48.035  -24.464  41.252 0.0000000000
79964  -58.692  -12.479  35.824 0.0000000000
79933  -59.002  -12.331  37.294 0.0000000000
82133  -59.537  -10.831  37.475 0.0000000000
83999  -60.063  -9.099  36.893 0.0000000000
83103  -59.945  -9.441  35.010 0.0000000000
35081  -12.783  -51.673  55.232 0.0000000000
35080  -11.926  -51.915  55.162 0.0000000000
35044  -13.210  -52.571  57.069 0.0000000000
60071  -48.275  -29.118  48.236 0.0000000000
61157  -48.130  -28.283  49.169 0.0000000000
61171  -47.312  -28.012  48.133 0.0000000000
61170  -46.909  -27.748  47.684 0.0000000000
61199  -45.976  -28.278  45.807 0.0000000000
38737  -21.854  -48.659  59.610 0.0000000000
45717  -29.378  -42.468  57.100 0.0000000000
45691  -28.168  -42.948  58.730 0.0000000000
45693  -29.670  -42.330  59.001 0.0000000000
46917  -30.182  -41.983  60.659 0.0000000000
46955  -30.903  -41.733  58.957 0.0000000000
51171  -39.081  -38.931  59.127 0.0000000000
50083  -38.011  -39.186  58.219 0.0000000000
50059  -38.300  -39.609  59.144 0.0000000000
48037  -38.730  -40.698  59.969 0.0000000000
39940  -21.429  -47.783  56.235 0.0000000000
39899  -20.959  -48.294  57.373 0.0000000000
38736  -21.246  -48.767  59.025 0.0000000000
61125  -54.041  -29.212  52.251 0.0000000000
75050  -50.278  -18.003  38.052 0.0000000000
73832  -50.685  -17.955  39.464 0.0000000000
75040  -51.435  -17.418  39.783 0.0000000000
54501  -48.934  -34.706  56.961 0.0000000000
55614  -49.272  -33.757  56.488 0.0000000000
54516  -49.379  -34.618  55.594 0.0000000000
56774  -49.889  -32.556  51.923 0.0000000000
56803  -49.739  -32.110  50.018 0.0000000000
58981  -49.693  -30.799  49.559 0.0000000000
42266  -22.552  -46.263  53.505 0.0000000000
42227  -23.911  -46.313  55.324 0.0000000000
42267  -23.732  -45.582  53.286 0.0000000000
45775  -26.680  -42.772  52.076 0.0000000000
44521  -26.344  -43.507  53.765 0.0000000000
45757  -27.526  -42.770  53.508 0.0000000000
45740  -27.712  -42.818  54.491 0.0000000000
47020  -28.685  -42.157  52.651 0.0000000000
51307  -38.796  -37.513  51.121 0.0000000000
49110  -43.087  -39.700  54.997 0.0000000000
50159  -41.369  -39.161  54.531 0.0000000000
50142  -41.990  -39.465  55.298 0.0000000000
50122  -40.878  -39.244  56.495 0.0000000000
50105  -42.416  -39.383  57.341 0.0000000000
50087  -42.823  -38.966  58.099 0.0000000000
50107  -44.529  -39.076  57.329 0.0000000000
52345  -47.503  -37.204  56.331 0.0000000000
52329  -46.861  -37.342  57.466 0.0000000000
53427  -47.858  -36.527  57.007 0.0000000000
53421  -48.487  -35.474  57.689 0.0000000000
42286  -21.774  -45.982  52.353 0.0000000000
65750  -50.864  -25.099  48.007 0.0000000000
65751  -51.811  -24.884  48.131 0.0000000000
65765  -51.597  -25.134  47.232 0.0000000000
65818  -51.570  -24.721  43.451 0.0000000000
64686  -52.595  -25.374  44.836 0.0000000000
65804  -52.410  -24.485  43.949 0.0000000000
66868  -53.841  -23.493  44.665 0.0000000000
67966  -53.158  -22.633  44.496 0.0000000000
76416  -54.832  -15.645  36.704 0.0000000000
76386  -54.774  -16.028  38.390 0.0000000000
77622  -56.141  -15.472  37.845 0.0000000000
78757  -59.753  -13.794  39.762 0.0000000000
76451  -51.481  -15.735  35.127 0.0000000000
77694  -50.974  -14.660  33.513 0.0000000000
78842  -53.401  -13.785  33.136 0.0000000000
78856  -54.828  -13.483  32.844 0.0000000000
78846  -56.282  -13.495  33.961 0.0000000000
79994  -55.736  -13.206  32.609 0.0000000000
80008  -57.528  -12.577  32.192 0.0000000000
32668  -10.196  -53.500  55.834 0.0000000000
31410  -8.653  -55.166  58.016 0.0000000000
33800  -12.849  -52.979  62.256 0.0000000000
32626  -12.032  -53.669  60.457 0.0000000000
32611  -11.554  -53.874  61.741 0.0000000000
31384  -9.907  -55.741  61.795 0.0000000000
30166  -9.109  -56.612  62.189 0.0000000000
30175  -7.862  -56.446  60.806 0.0000000000
27727  -8.463  -57.515  61.812 0.0000000000
26383  -8.195  -58.252  60.956 0.0000000000
57823  -49.833  -31.436  54.961 0.0000000000
58908  -50.112  -30.610  56.397 0.0000000000
59992  -50.427  -29.731  54.702 0.0000000000
63445  -48.788  -27.078  51.314 0.0000000000
62279  -50.252  -27.752  53.342 0.0000000000
63433  -50.115  -26.894  52.777 0.0000000000
63417  -51.161  -26.903  53.033 0.0000000000
64579  -49.386  -26.389  51.163 0.0000000000
64596  -49.642  -26.023  50.127 0.0000000000
64613  -48.825  -25.805  49.344 0.0000000000
63492  -46.351  -27.125  45.741 0.0000000000
63493  -47.168  -26.915  46.229 0.0000000000
63517  -46.020  -26.869  44.148 0.0000000000
63534  -46.703  -26.597  43.527 0.0000000000
63552  -45.098  -26.311  42.984 0.0000000000
43335  -25.188  -45.442  57.337 0.0000000000
42158  -24.795  -46.178  58.776 0.0000000000
42159  -25.308  -45.606  59.129 0.0000000000
51325  -31.768  -37.864  50.772 0.0000000000
50218  -30.538  -39.324  50.391 0.0000000000
50188  -31.478  -39.768  52.193 0.0000000000
48116  -30.936  -40.699  53.054 0.0000000000
50172  -32.119  -39.355  53.680 0.0000000000
52395  -36.617  -37.413  52.372 0.0000000000
52411  -35.243  -36.942  52.012 0.0000000000
51272  -35.958  -37.632  53.553 0.0000000000
50099  -35.528  -39.229  56.627 0.0000000000
50118  -35.207  -38.967  55.911 0.0000000000
49079  -34.672  -39.942  56.783 0.0000000000
49086  -33.304  -40.231  56.411 0.0000000000
49066  -33.760  -40.390  57.749 0.0000000000
48034  -33.218  -41.081  59.844 0.0000000000
48049  -34.144  -40.890  58.915 0.0000000000
51160  -43.743  -37.779  60.436 0.0000000000
38800  -16.839  -49.156  54.116 0.0000000000
37582  -16.469  -49.805  55.417 0.0000000000
37568  -15.843  -50.515  56.119 0.0000000000
36246  -19.444  -50.307  61.682 0.0000000000
69122  -47.597  -21.819  39.104 0.0000000000
68027  -47.784  -22.652  39.989 0.0000000000
69108  -49.151  -21.263  40.279 0.0000000000
72617  -51.819  -19.194  42.516 0.0000000000
71436  -51.240  -19.932  42.201 0.0000000000
72593  -52.518  -19.768  43.568 0.0000000000
71419  -52.856  -20.214  44.645 0.0000000000
72584  -53.516  -19.060  45.068 0.0000000000
76349  -55.754  -16.004  41.383 0.0000000000
75018  -54.261  -16.635  41.561 0.0000000000
76327  -56.657  -15.756  43.383 0.0000000000
81122  -59.193  -11.551  31.934 0.0000000000
82176  -60.358  -10.387  32.995 0.0000000000
82196  -60.489  -10.062  31.875 0.0000000000
84929  -61.127  -8.148  30.982 0.0000000000
84941  -61.580  -7.113  30.586 0.0000000000
85921  -62.314  -6.510  31.508 0.0000000000
86954  -62.239  -6.051  30.633 0.0000000000
89001  -62.684  -4.311  27.898 0.0000000000
88009  -62.436  -4.813  28.460 0.0000000000
89002  -63.028  -4.548  28.312 0.0000000000
88011  -63.546  -5.248  29.061 0.0000000000
88024  -63.982  -4.900  28.133 0.0000000000
86991  -64.278  -5.633  27.657 0.0000000000
87010  -63.954  -5.994  25.363 0.0000000000
53438  -48.826  -35.965  54.946 0.0000000000
54530  -49.424  -34.932  54.178 0.0000000000
53449  -48.859  -35.692  53.562 0.0000000000
54559  -48.990  -34.704  52.068 0.0000000000
43411  -24.294  -44.788  52.180 0.0000000000
50193  -43.035  -38.791  52.435 0.0000000000
50162  -44.330  -39.370  54.394 0.0000000000
50144  -45.112  -39.219  55.221 0.0000000000
50126  -45.123  -39.182  56.290 0.0000000000
51244  -46.289  -38.511  54.983 0.0000000000
52360  -47.360  -37.515  55.059 0.0000000000
63521  -49.350  -26.739  44.572 0.0000000000
64669  -50.788  -26.239  45.430 0.0000000000
64696  -49.517  -26.157  43.376 0.0000000000
65817  -50.459  -25.079  43.052 0.0000000000
66884  -50.742  -23.906  42.994 0.0000000000
77653  -56.656  -14.104  36.399 0.0000000000
77624  -57.532  -14.463  37.857 0.0000000000
78780  -58.759  -13.264  37.954 0.0000000000
79908  -59.441  -12.800  38.527 0.0000000000
84898  -61.791  -7.522  34.940 0.0000000000
33869  -10.567  -53.068  55.481 0.0000000000
32645  -10.704  -53.825  57.217 0.0000000000
60023  -49.787  -29.490  51.247 0.0000000000
60013  -50.040  -29.624  52.529 0.0000000000
61133  -49.338  -28.738  50.878 0.0000000000
62312  -48.551  -27.736  50.352 0.0000000000
63468  -47.666  -26.931  49.642 0.0000000000
64622  -47.560  -26.306  48.900 0.0000000000
62323  -46.978  -27.044  48.666 0.0000000000
63483  -46.626  -26.984  46.593 0.0000000000
63502  -44.757  -27.252  44.515 0.0000000000
44464  -26.937  -43.551  56.978 0.0000000000
43326  -26.423  -44.298  58.598 0.0000000000
44456  -27.381  -43.532  58.345 0.0000000000
45677  -28.031  -43.014  59.931 0.0000000000
46877  -30.953  -41.896  62.250 0.0000000000
53510  -32.082  -36.666  49.907 0.0000000000
52427  -32.585  -37.371  51.407 0.0000000000
51243  -38.444  -38.425  55.445 0.0000000000
51241  -36.434  -37.964  55.367 0.0000000000
51207  -37.404  -39.016  56.937 0.0000000000
50081  -36.755  -39.539  57.310 0.0000000000
49069  -36.619  -40.108  57.719 0.0000000000
46939  -35.859  -41.728  58.440 0.0000000000
46940  -37.026  -41.364  58.686 0.0000000000
39979  -18.989  -47.369  53.119 0.0000000000
39951  -18.807  -48.158  54.616 0.0000000000
38764  -18.446  -48.984  57.206 0.0000000000
38733  -18.523  -49.418  58.721 0.0000000000
38716  -19.784  -49.151  59.465 0.0000000000
71485  -48.338  -19.782  38.553 0.0000000000
71458  -49.208  -20.202  39.755 0.0000000000
72660  -49.536  -19.227  39.448 0.0000000000
73812  -51.211  -18.516  41.023 0.0000000000
73803  -52.084  -18.275  42.107 0.0000000000
83145  -58.347  -9.432  30.349 0.0000000000
83146  -59.321  -9.308  30.495 0.0000000000
84044  -58.958  -8.534  30.123 0.0000000000
90024  -62.527  -3.541  27.079 0.0000000000
88033  -63.789  -4.726  27.108 0.0000000000
89027  -63.264  -3.853  26.636 0.0000000000
89039  -63.169  -3.585  25.699 0.0000000000
35028  -14.818  -51.825  58.210 0.0000000000
33835  -13.300  -52.811  58.682 0.0000000000
56673  -49.917  -32.942  57.886 0.0000000000
56704  -49.305  -33.027  56.979 0.0000000000
56720  -49.664  -32.418  55.544 0.0000000000
57830  -49.964  -31.488  53.984 0.0000000000
54531  -49.714  -33.974  54.514 0.0000000000
56761  -49.929  -32.417  52.961 0.0000000000
57844  -50.090  -31.623  52.433 0.0000000000
58951  -50.061  -30.686  50.897 0.0000000000
60072  -48.953  -29.999  48.329 0.0000000000
41053  -22.394  -47.535  56.384 0.0000000000
41032  -23.579  -47.187  57.350 0.0000000000
41054  -23.293  -46.913  56.133 0.0000000000
42209  -24.308  -46.192  55.930 0.0000000000
43348  -25.057  -45.357  55.979 0.0000000000
43395  -25.014  -44.538  53.560 0.0000000000
44501  -25.703  -44.193  54.405 0.0000000000
44463  -26.179  -43.962  56.467 0.0000000000
45714  -27.365  -43.192  56.129 0.0000000000
45729  -28.722  -42.654  55.840 0.0000000000
46989  -29.917  -42.163  56.173 0.0000000000
51306  -37.754  -37.419  51.460 0.0000000000
51274  -38.066  -37.876  53.300 0.0000000000
50191  -40.774  -38.551  52.353 0.0000000000
50174  -39.692  -38.643  53.973 0.0000000000
51259  -38.744  -38.296  54.221 0.0000000000
50139  -39.353  -38.785  56.073 0.0000000000
50102  -39.775  -38.824  57.481 0.0000000000
51191  -40.394  -38.718  58.731 0.0000000000
51157  -41.012  -38.653  60.315 0.0000000000
51174  -41.532  -38.455  59.651 0.0000000000
51176  -43.536  -37.966  59.541 0.0000000000
51177  -44.799  -37.613  59.528 0.0000000000
51211  -45.405  -38.600  57.492 0.0000000000
51196  -45.713  -37.720  58.479 0.0000000000
52302  -46.716  -36.833  59.545 0.0000000000
53403  -47.510  -36.558  59.471 0.0000000000
41104  -20.389  -46.738  53.155 0.0000000000
63456  -52.530  -27.302  49.861 0.0000000000
65710  -53.184  -25.732  49.413 0.0000000000
65735  -53.901  -25.258  49.313 0.0000000000
65768  -54.554  -24.995  48.032 0.0000000000
64654  -51.797  -25.799  45.902 0.0000000000
65781  -53.509  -25.264  46.609 0.0000000000
75069  -52.038  -16.723  37.695 0.0000000000
75053  -52.809  -16.564  38.699 0.0000000000
76385  -53.636  -16.333  38.476 0.0000000000
76363  -55.723  -15.948  40.345 0.0000000000
76350  -56.742  -15.786  41.179 0.0000000000
77604  -57.988  -14.851  39.537 0.0000000000
76352  -58.652  -14.989  41.058 0.0000000000
66951  -44.795  -23.913  38.929 0.0000000000
66937  -45.990  -24.239  39.652 0.0000000000
66970  -45.079  -23.438  38.637 0.0000000000
68055  -46.226  -22.290  38.373 0.0000000000
70291  -46.370  -20.923  37.670 0.0000000000
71483  -47.015  -20.176  37.642 0.0000000000
72686  -47.687  -19.132  37.281 0.0000000000
73848  -48.328  -18.459  36.886 0.0000000000
75081  -49.062  -17.898  36.345 0.0000000000
75082  -50.310  -17.347  36.339 0.0000000000
76413  -51.940  -16.366  36.501 0.0000000000
77649  -53.015  -15.504  35.912 0.0000000000
77668  -53.824  -14.789  35.389 0.0000000000
77695  -52.128  -14.436  33.666 0.0000000000
77684  -54.093  -14.256  34.631 0.0000000000
77669  -54.917  -14.389  35.338 0.0000000000
78819  -56.142  -13.743  35.033 0.0000000000
79972  -57.586  -13.150  34.620 0.0000000000
81100  -58.934  -12.204  34.228 0.0000000000
81095  -59.362  -11.522  34.605 0.0000000000
81110  -58.656  -12.400  32.909 0.0000000000
81121  -57.873  -12.027  31.694 0.0000000000
82193  -57.345  -11.052  30.936 0.0000000000
82202  -56.571  -10.471  30.430 0.0000000000
33834  -12.354  -53.401  58.825 0.0000000000
32638  -11.598  -53.762  58.447 0.0000000000
31402  -10.391  -54.752  59.120 0.0000000000
31386  -11.165  -54.427  62.041 0.0000000000
31395  -9.847  -55.049  60.443 0.0000000000
31406  -9.649  -54.901  58.581 0.0000000000
30188  -8.544  -55.560  59.050 0.0000000000
30186  -7.266  -56.335  58.705 0.0000000000
28973  -6.163  -57.237  59.095 0.0000000000
27731  -6.454  -58.011  60.163 0.0000000000
62282  -53.258  -28.236  52.923 0.0000000000
61066  -51.336  -29.629  56.455 0.0000000000
61100  -50.590  -28.746  53.976 0.0000000000
61101  -50.909  -28.458  54.362 0.0000000000
62264  -52.092  -28.223  54.063 0.0000000000
63418  -52.131  -27.264  52.907 0.0000000000
63435  -52.187  -27.376  51.753 0.0000000000
64598  -51.428  -26.583  49.744 0.0000000000
65731  -50.281  -25.494  48.641 0.0000000000
65762  -49.361  -25.918  47.629 0.0000000000
64634  -48.069  -26.281  47.941 0.0000000000
64649  -48.396  -26.450  47.381 0.0000000000
63507  -48.969  -26.863  45.676 0.0000000000
63535  -47.601  -26.681  43.729 0.0000000000
64710  -46.392  -25.936  42.149 0.0000000000
64725  -45.203  -25.596  41.222 0.0000000000
61212  -45.619  -29.115  45.280 0.0000000000
61210  -44.559  -28.234  44.637 0.0000000000
62384  -43.838  -27.441  44.477 0.0000000000
63514  -43.185  -26.810  44.089 0.0000000000
63550  -43.666  -26.243  42.584 0.0000000000
64707  -43.614  -25.893  41.820 0.0000000000
64743  -44.148  -25.458  40.614 0.0000000000
65849  -43.918  -25.073  39.997 0.0000000000
43313  -25.818  -45.019  59.564 0.0000000000
48133  -28.266  -40.973  50.017 0.0000000000
49143  -29.176  -40.532  50.204 0.0000000000
47033  -28.750  -41.652  51.481 0.0000000000
47021  -29.780  -41.727  52.703 0.0000000000
46998  -30.215  -41.963  54.861 0.0000000000
46990  -30.824  -41.582  55.699 0.0000000000
52452  -34.825  -36.404  50.649 0.0000000000
52410  -34.396  -36.978  52.125 0.0000000000
51287  -33.362  -37.700  52.624 0.0000000000
51240  -35.664  -38.127  55.250 0.0000000000
51254  -34.319  -38.299  54.263 0.0000000000
51252  -33.045  -38.744  54.062 0.0000000000
49108  -32.778  -39.759  54.831 0.0000000000
48083  -32.375  -40.625  56.594 0.0000000000
48073  -31.608  -41.266  57.629 0.0000000000
48046  -32.136  -41.194  59.378 0.0000000000
48017  -32.421  -41.642  61.008 0.0000000000
36346  -13.150  -50.867  54.320 0.0000000000
36329  -13.693  -51.217  55.252 0.0000000000
38817  -15.906  -49.011  53.145 0.0000000000
38816  -14.813  -49.067  52.903 0.0000000000
37593  -14.559  -50.296  54.524 0.0000000000
36330  -14.605  -50.757  55.350 0.0000000000
35046  -14.863  -51.504  57.218 0.0000000000
35029  -15.456  -51.325  58.024 0.0000000000
37514  -18.547  -49.894  60.206 0.0000000000
66940  -47.973  -23.500  40.643 0.0000000000
68011  -49.058  -23.064  41.446 0.0000000000
67994  -50.276  -22.562  42.441 0.0000000000
70257  -49.757  -20.868  40.691 0.0000000000
69080  -50.418  -21.772  42.289 0.0000000000
69069  -51.484  -21.677  43.534 0.0000000000
69059  -52.747  -21.530  44.664 0.0000000000
75031  -53.419  -16.801  40.736 0.0000000000
75017  -53.457  -16.920  41.817 0.0000000000
74998  -53.822  -17.292  44.104 0.0000000000
83110  -60.166  -9.991  33.932 0.0000000000
84015  -60.718  -8.508  34.379 0.0000000000
84913  -61.162  -8.214  33.456 0.0000000000
83137  -60.477  -9.608  31.356 0.0000000000
84030  -61.442  -8.245  32.526 0.0000000000
85906  -61.964  -7.108  33.038 0.0000000000
85916  -63.157  -6.643  32.357 0.0000000000
85922  -63.358  -6.488  31.670 0.0000000000
86973  -61.708  -5.882  29.307 0.0000000000
87993  -62.757  -5.642  30.341 0.0000000000
88003  -63.365  -5.765  30.039 0.0000000000
87002  -63.956  -5.477  26.343 0.0000000000
51278  -47.096  -37.377  53.217 0.0000000000
51276  -45.862  -38.302  53.067 0.0000000000
65836  -45.932  -25.267  40.864 0.0000000000
65837  -47.156  -25.115  41.152 0.0000000000
65851  -46.402  -24.712  40.322 0.0000000000
81085  -59.091  -11.800  36.253 0.0000000000
82147  -59.386  -10.437  36.533 0.0000000000
83083  -59.733  -9.822  37.207 0.0000000000
83096  -59.669  -9.596  36.206 0.0000000000
82155  -59.471  -10.358  35.558 0.0000000000
35063  -13.223  -52.045  56.274 0.0000000000
61186  -47.528  -28.775  47.423 0.0000000000
61185  -46.720  -28.040  46.982 0.0000000000
39882  -22.344  -48.317  59.081 0.0000000000
39901  -22.285  -48.088  58.107 0.0000000000
45705  -29.559  -42.427  58.066 0.0000000000
46968  -30.209  -41.972  58.466 0.0000000000
46954  -30.316  -41.942  59.348 0.0000000000
46969  -30.884  -41.696  58.006 0.0000000000
50071  -38.403  -39.153  58.876 0.0000000000
50060  -38.945  -39.186  59.749 0.0000000000
50047  -39.572  -39.516  60.256 0.0000000000
38753  -21.297  -48.540  58.315 0.0000000000
75067  -49.984  -17.977  37.394 0.0000000000
75051  -50.733  -17.741  38.593 0.0000000000
75052  -51.696  -16.976  38.716 0.0000000000
55675  -49.512  -33.392  50.807 0.0000000000
56788  -49.736  -32.686  50.634 0.0000000000
42288  -23.584  -45.437  52.532 0.0000000000
45794  -27.157  -42.404  51.728 0.0000000000
45776  -27.585  -42.493  52.421 0.0000000000
45777  -28.048  -42.529  53.060 0.0000000000
47019  -28.152  -42.000  51.993 0.0000000000
49101  -43.555  -39.725  55.600 0.0000000000
49109  -42.567  -39.633  55.225 0.0000000000
49089  -42.666  -39.707  56.087 0.0000000000
50123  -42.028  -39.541  56.289 0.0000000000
50124  -42.952  -39.655  56.630 0.0000000000
50106  -43.431  -39.362  57.362 0.0000000000
52346  -48.269  -36.530  55.722 0.0000000000
65764  -50.614  -25.536  47.188 0.0000000000
65778  -50.890  -25.760  46.569 0.0000000000
66866  -52.156  -23.749  43.665 0.0000000000
66867  -52.864  -23.618  44.099 0.0000000000
67965  -52.153  -22.588  43.951 0.0000000000
77638  -55.163  -15.538  36.799 0.0000000000
76405  -55.728  -15.650  37.616 0.0000000000
79887  -60.067  -13.905  39.835 0.0000000000
77681  -50.446  -15.294  34.066 0.0000000000
78857  -55.330  -13.512  33.094 0.0000000000
79993  -54.735  -13.022  32.140 0.0000000000
80006  -55.589  -12.546  31.627 0.0000000000
32654  -9.870  -53.779  56.180 0.0000000000
31419  -9.506  -54.203  56.625 0.0000000000
31418  -8.726  -54.645  56.631 0.0000000000
32612  -12.202  -53.441  62.060 0.0000000000
32603  -12.628  -53.535  62.810 0.0000000000
28961  -8.583  -57.036  62.040 0.0000000000
27720  -8.523  -57.943  61.780 0.0000000000
58920  -50.101  -30.582  54.325 0.0000000000
63431  -49.032  -26.983  52.003 0.0000000000
64561  -49.293  -26.716  51.801 0.0000000000
64562  -49.986  -26.701  52.184 0.0000000000
64595  -48.731  -26.102  50.401 0.0000000000
63503  -45.568  -27.186  44.630 0.0000000000
63504  -46.295  -27.250  44.869 0.0000000000
63532  -44.737  -26.534  43.469 0.0000000000
43324  -25.258  -45.493  57.994 0.0000000000
43325  -25.762  -44.823  58.270 0.0000000000
51304  -31.998  -38.240  51.483 0.0000000000
51303  -31.473  -38.699  50.968 0.0000000000
50205  -31.969  -38.943  51.978 0.0000000000
50189  -31.845  -39.379  52.622 0.0000000000
51267  -32.309  -38.915  53.202 0.0000000000
51273  -36.912  -37.682  53.307 0.0000000000
51257  -36.701  -37.805  54.435 0.0000000000
49068  -35.413  -40.281  57.454 0.0000000000
50079  -35.181  -39.766  56.964 0.0000000000
49067  -34.548  -40.253  57.365 0.0000000000
49078  -33.967  -40.118  56.878 0.0000000000
49052  -34.220  -40.546  58.077 0.0000000000
48050  -34.965  -40.874  58.134 0.0000000000
51161  -44.657  -37.570  60.449 0.0000000000
37546  -17.362  -50.108  58.512 0.0000000000
69136  -47.472  -21.312  38.588 0.0000000000
69123  -48.225  -21.254  39.340 0.0000000000
72606  -52.576  -18.779  43.299 0.0000000000
72594  -52.912  -19.312  44.135 0.0000000000
72595  -53.420  -18.551  44.582 0.0000000000
76337  -56.691  -15.779  42.273 0.0000000000
76336  -55.542  -16.075  42.490 0.0000000000
82195  -59.903  -10.591  31.720 0.0000000000
83136  -59.623  -9.993  30.892 0.0000000000
85920  -61.943  -6.543  30.940 0.0000000000
85929  -61.587  -6.651  30.022 0.0000000000
89003  -63.289  -4.826  28.660 0.0000000000
89017  -63.425  -4.647  28.197 0.0000000000
52361  -47.976  -36.803  55.017 0.0000000000
53480  -48.527  -35.260  51.621 0.0000000000
53463  -48.729  -35.461  52.512 0.0000000000
50194  -44.029  -38.740  52.420 0.0000000000
50180  -45.489  -38.638  53.396 0.0000000000
50163  -45.220  -38.945  54.305 0.0000000000
50145  -45.781  -38.837  55.124 0.0000000000
52376  -47.587  -37.141  54.076 0.0000000000
63537  -49.001  -26.722  44.108 0.0000000000
64683  -50.245  -26.463  44.589 0.0000000000
64713  -48.819  -25.872  42.799 0.0000000000
65829  -49.123  -25.161  42.300 0.0000000000
66883  -49.996  -24.432  42.530 0.0000000000
66903  -49.414  -23.806  41.944 0.0000000000
78803  -57.176  -13.682  36.114 0.0000000000
78788  -57.201  -13.937  36.800 0.0000000000
78789  -57.986  -13.381  37.018 0.0000000000
81038  -59.701  -12.235  38.363 0.0000000000
81039  -59.952  -12.205  38.606 0.0000000000
81040  -60.160  -12.048  38.643 0.0000000000
84891  -61.169  -7.992  35.513 0.0000000000
84897  -61.075  -7.901  34.698 0.0000000000
33870  -11.684  -52.566  55.733 0.0000000000
33859  -10.898  -53.304  56.177 0.0000000000
32646  -11.285  -53.681  57.507 0.0000000000
60022  -49.530  -29.174  50.812 0.0000000000
61146  -48.324  -28.069  49.668 0.0000000000
62311  -48.098  -27.621  49.882 0.0000000000
62302  -48.401  -27.286  50.641 0.0000000000
63467  -47.391  -26.640  49.106 0.0000000000
62342  -46.230  -27.508  46.357 0.0000000000
62355  -45.966  -27.631  45.506 0.0000000000
62369  -45.985  -27.477  45.086 0.0000000000
62368  -45.424  -27.680  44.838 0.0000000000
44465  -27.193  -43.531  57.699 0.0000000000
45678  -28.989  -42.638  59.640 0.0000000000
45663  -28.684  -42.844  60.695 0.0000000000
46918  -31.067  -41.799  60.572 0.0000000000
46898  -30.611  -41.928  61.417 0.0000000000
46899  -31.469  -41.772  61.436 0.0000000000
52450  -32.612  -36.766  50.580 0.0000000000
52428  -33.511  -36.815  51.272 0.0000000000
51226  -38.681  -38.720  56.589 0.0000000000
51225  -37.822  -38.569  56.315 0.0000000000
50070  -37.860  -39.474  58.385 0.0000000000
50082  -37.446  -39.329  57.671 0.0000000000
49070  -37.268  -39.670  57.898 0.0000000000
49054  -36.960  -40.301  58.238 0.0000000000
46957  -36.785  -40.904  58.432 0.0000000000
48051  -37.085  -40.633  58.503 0.0000000000
46922  -38.258  -41.584  59.731 0.0000000000
39966  -19.735  -47.374  54.067 0.0000000000
39965  -18.786  -47.877  53.966 0.0000000000
39952  -19.386  -47.847  54.784 0.0000000000
38751  -19.416  -48.808  58.098 0.0000000000
38750  -18.615  -49.196  58.220 0.0000000000
38718  -21.373  -48.944  60.206 0.0000000000
38717  -20.407  -49.051  59.731 0.0000000000
72674  -48.654  -19.232  38.339 0.0000000000
72659  -48.916  -19.381  39.054 0.0000000000
73833  -51.058  -17.771  40.068 0.0000000000
73823  -50.819  -18.257  40.263 0.0000000000
73824  -51.527  -17.765  40.640 0.0000000000
73813  -51.777  -18.080  41.391 0.0000000000
73825  -51.962  -17.664  41.168 0.0000000000
90037  -62.584  -3.149  26.577 0.0000000000
35010  -14.741  -51.886  59.314 0.0000000000
33802  -14.042  -52.652  62.589 0.0000000000
55588  -49.185  -33.932  57.976 0.0000000000
56687  -49.443  -33.284  57.674 0.0000000000
55601  -49.099  -33.846  57.380 0.0000000000
55615  -49.536  -33.458  55.663 0.0000000000
56719  -49.453  -32.966  56.255 0.0000000000
56734  -49.811  -32.296  54.478 0.0000000000
54544  -49.672  -34.087  53.424 0.0000000000
42228  -24.406  -45.867  55.083 0.0000000000
43394  -24.497  -44.879  53.119 0.0000000000
44538  -24.908  -44.309  52.545 0.0000000000
44502  -26.158  -43.732  54.332 0.0000000000
44485  -25.911  -44.028  55.089 0.0000000000
44473  -26.743  -43.581  55.932 0.0000000000
45727  -27.138  -43.129  55.237 0.0000000000
45741  -28.603  -42.647  54.762 0.0000000000
45728  -27.900  -42.843  55.479 0.0000000000
46988  -29.323  -42.473  55.888 0.0000000000
46997  -29.407  -42.449  55.221 0.0000000000
51289  -38.450  -37.789  52.258 0.0000000000
51275  -39.078  -38.198  53.152 0.0000000000
50192  -42.012  -38.764  52.450 0.0000000000
50176  -41.647  -38.956  53.481 0.0000000000
50175  -40.632  -38.834  53.682 0.0000000000
50157  -39.454  -38.749  55.034 0.0000000000
50140  -40.202  -39.032  55.761 0.0000000000
50104  -41.434  -39.219  57.297 0.0000000000
50103  -40.553  -38.951  57.343 0.0000000000
50085  -40.949  -38.843  58.060 0.0000000000
50084  -40.231  -38.789  58.014 0.0000000000
51192  -41.247  -38.655  58.846 0.0000000000
50088  -43.822  -38.875  58.025 0.0000000000
51194  -43.218  -38.516  58.796 0.0000000000
51227  -45.548  -38.854  56.763 0.0000000000
51212  -46.302  -37.951  57.455 0.0000000000
52330  -47.404  -36.760  57.522 0.0000000000
51197  -46.406  -37.477  57.999 0.0000000000
52315  -46.743  -36.940  58.560 0.0000000000
52314  -45.933  -37.286  58.959 0.0000000000
53411  -47.117  -36.631  58.893 0.0000000000
53413  -48.585  -35.354  58.273 0.0000000000
41072  -21.590  -47.397  55.349 0.0000000000
64599  -52.438  -26.425  49.483 0.0000000000
65709  -52.258  -25.800  49.199 0.0000000000
65752  -52.794  -24.806  48.350 0.0000000000
65734  -52.988  -25.162  49.067 0.0000000000
65753  -53.757  -24.856  48.634 0.0000000000
65754  -54.633  -25.201  48.833 0.0000000000
65767  -53.640  -24.888  47.668 0.0000000000
64670  -51.594  -25.930  45.246 0.0000000000
65792  -53.410  -25.312  45.504 0.0000000000
65791  -52.813  -25.447  45.253 0.0000000000
65782  -54.609  -25.279  47.040 0.0000000000
65793  -54.401  -25.339  45.760 0.0000000000
65807  -54.871  -24.826  44.925 0.0000000000
66869  -54.627  -24.014  44.734 0.0000000000
76402  -52.758  -16.303  37.499 0.0000000000
76384  -52.947  -16.404  38.172 0.0000000000
76374  -55.691  -15.851  39.296 0.0000000000
76364  -56.686  -15.679  40.121 0.0000000000
78766  -58.014  -14.239  38.357 0.0000000000
77611  -57.751  -14.715  38.698 0.0000000000
77612  -58.306  -14.509  39.244 0.0000000000
77592  -59.177  -14.581  40.653 0.0000000000
26397  -5.695  -58.355  59.233 0.0000000000
27742  -5.147  -58.163  58.573 0.0000000000
26396  -5.315  -58.792  58.911 0.0000000000
69134  -45.657  -21.614  37.979 0.0000000000
70290  -45.703  -21.108  37.606 0.0000000000
70303  -46.312  -20.256  37.250 0.0000000000
71500  -46.794  -19.707  37.166 0.0000000000
71501  -47.330  -19.681  37.543 0.0000000000
72702  -47.711  -18.529  36.544 0.0000000000
73862  -48.185  -18.095  36.208 0.0000000000
75066  -49.388  -18.082  36.934 0.0000000000
75097  -50.089  -17.104  35.576 0.0000000000
76411  -50.463  -17.036  35.714 0.0000000000
76412  -51.009  -16.834  35.956 0.0000000000
76429  -51.267  -16.171  35.521 0.0000000000
77666  -52.212  -15.394  35.196 0.0000000000
76430  -52.140  -15.715  35.567 0.0000000000
77650  -53.591  -15.384  36.002 0.0000000000
78828  -54.468  -13.864  34.021 0.0000000000
78827  -53.661  -14.024  33.885 0.0000000000
77685  -54.789  -13.960  34.625 0.0000000000
78818  -55.422  -13.873  34.841 0.0000000000
77670  -55.708  -14.037  35.462 0.0000000000
79980  -56.718  -13.285  33.547 0.0000000000
78831  -56.718  -13.484  34.469 0.0000000000
79971  -57.142  -13.273  34.077 0.0000000000
79973  -58.447  -12.623  34.902 0.0000000000
79982  -58.233  -12.792  33.936 0.0000000000
79997  -58.003  -12.853  33.319 0.0000000000
80007  -56.779  -12.689  32.034 0.0000000000
81109  -57.918  -12.548  32.351 0.0000000000
31417  -8.025  -55.190  57.139 0.0000000000
32625  -11.496  -53.995  60.065 0.0000000000
32633  -11.967  -53.685  59.614 0.0000000000
32631  -10.990  -54.290  58.754 0.0000000000
32624  -10.988  -54.391  59.621 0.0000000000
31378  -11.155  -55.053  62.433 0.0000000000
30172  -9.321  -55.848  61.367 0.0000000000
31390  -9.913  -55.326  61.196 0.0000000000
30177  -9.387  -55.461  60.630 0.0000000000
31401  -9.651  -55.062  59.597 0.0000000000
30182  -9.011  -55.366  59.848 0.0000000000
31405  -9.155  -55.260  59.090 0.0000000000
28970  -7.344  -56.883  60.810 0.0000000000
30180  -7.383  -56.370  59.837 0.0000000000
28969  -6.901  -57.055  60.311 0.0000000000
28974  -6.768  -56.862  59.382 0.0000000000
28968  -6.467  -57.352  59.755 0.0000000000
27736  -5.992  -57.785  59.730 0.0000000000
27737  -6.572  -57.646  60.094 0.0000000000
25000  -8.310  -58.594  60.912 0.0000000000
62266  -53.520  -29.065  53.499 0.0000000000
62283  -53.617  -28.846  53.077 0.0000000000
56688  -49.675  -32.391  57.353 0.0000000000
57804  -50.262  -31.716  57.671 0.0000000000
59972  -50.529  -30.120  56.766 0.0000000000
59973  -50.890  -29.566  56.376 0.0000000000
59984  -50.944  -29.239  55.608 0.0000000000
61123  -49.671  -28.616  52.064 0.0000000000
61114  -50.075  -28.681  53.070 0.0000000000
62280  -50.639  -27.645  53.658 0.0000000000
62261  -50.698  -28.024  53.893 0.0000000000
62262  -50.996  -27.844  54.063 0.0000000000
62247  -51.379  -28.543  54.430 0.0000000000
62248  -51.730  -28.805  54.533 0.0000000000
62263  -51.534  -28.006  54.067 0.0000000000
64563  -50.650  -26.692  52.067 0.0000000000
63434  -51.458  -26.917  51.967 0.0000000000
63446  -51.679  -27.178  50.716 0.0000000000
64614  -49.713  -25.726  49.208 0.0000000000
65707  -50.404  -25.795  49.286 0.0000000000
65730  -49.496  -25.677  48.614 0.0000000000
65749  -50.093  -25.551  48.033 0.0000000000
65748  -49.388  -25.798  47.998 0.0000000000
64633  -47.558  -26.324  48.300 0.0000000000
63505  -47.030  -27.100  45.251 0.0000000000
63494  -48.166  -26.788  46.688 0.0000000000
63495  -48.845  -26.710  46.470 0.0000000000
63520  -48.576  -26.898  44.723 0.0000000000
63519  -47.739  -26.950  44.583 0.0000000000
64692  -46.036  -26.159  42.626 0.0000000000
64693  -46.599  -26.185  42.763 0.0000000000
61211  -45.133  -28.436  44.897 0.0000000000
61227  -43.976  -28.529  44.360 0.0000000000
62403  -42.297  -27.029  43.705 0.0000000000
63530  -42.916  -26.615  43.176 0.0000000000
63549  -42.666  -26.126  42.201 0.0000000000
64706  -43.116  -25.854  41.603 0.0000000000
41011  -23.749  -47.352  58.686 0.0000000000
41012  -24.348  -46.764  58.261 0.0000000000
42146  -24.818  -46.252  59.636 0.0000000000
44446  -26.848  -43.940  58.879 0.0000000000
43314  -26.413  -44.500  59.192 0.0000000000
43303  -26.451  -44.625  60.109 0.0000000000
50203  -30.616  -39.862  51.046 0.0000000000
49154  -29.758  -39.789  49.962 0.0000000000
49144  -29.775  -40.385  50.625 0.0000000000
48125  -29.703  -41.138  51.643 0.0000000000
47034  -29.255  -41.715  52.088 0.0000000000
48107  -31.135  -40.718  53.613 0.0000000000
47009  -30.943  -41.118  54.063 0.0000000000
46999  -30.859  -41.355  54.642 0.0000000000
48090  -31.298  -40.944  55.268 0.0000000000
52430  -35.360  -36.743  51.179 0.0000000000
52393  -35.200  -37.337  52.811 0.0000000000
52392  -34.448  -37.448  52.879 0.0000000000
52409  -33.580  -37.316  52.220 0.0000000000
51270  -34.412  -37.819  53.581 0.0000000000
50117  -34.737  -39.411  55.706 0.0000000000
51238  -34.524  -38.725  54.815 0.0000000000
50156  -34.046  -38.711  54.515 0.0000000000
51253  -33.551  -38.490  54.028 0.0000000000
50155  -33.569  -38.955  54.488 0.0000000000
50154  -32.887  -39.268  54.417 0.0000000000
50135  -33.240  -39.737  54.947 0.0000000000
49077  -33.298  -40.327  57.244 0.0000000000
49085  -32.897  -40.383  56.733 0.0000000000
48074  -32.225  -40.801  57.381 0.0000000000
48060  -31.582  -41.388  58.650 0.0000000000
48061  -32.370  -40.827  58.379 0.0000000000
48019  -33.617  -41.424  60.171 0.0000000000
48018  -33.068  -41.510  60.714 0.0000000000
45680  -35.834  -42.647  59.168 0.0000000000
46921  -35.143  -42.143  59.160 0.0000000000
51158  -41.797  -38.278  60.439 0.0000000000
36347  -13.934  -50.709  54.714 0.0000000000
39964  -18.144  -48.224  53.756 0.0000000000
39977  -17.394  -48.192  52.842 0.0000000000
37595  -16.389  -49.571  54.563 0.0000000000
38799  -16.036  -49.446  53.949 0.0000000000
37612  -15.410  -49.463  53.567 0.0000000000
37611  -14.653  -49.687  53.570 0.0000000000
36316  -15.601  -50.736  56.345 0.0000000000
36331  -15.132  -50.745  55.829 0.0000000000
36315  -14.821  -51.023  56.141 0.0000000000
36302  -15.197  -51.074  56.804 0.0000000000
35047  -15.435  -51.125  57.390 0.0000000000
37534  -18.866  -49.572  59.657 0.0000000000
37533  -18.262  -49.694  59.225 0.0000000000
37495  -19.163  -49.860  60.694 0.0000000000
63459  -55.442  -27.469  49.555 0.0000000000
66953  -46.543  -23.548  39.334 0.0000000000
66938  -46.782  -23.943  39.940 0.0000000000
66954  -47.054  -23.470  39.677 0.0000000000
69095  -48.689  -22.415  40.598 0.0000000000
68010  -48.738  -22.789  40.938 0.0000000000
67993  -49.763  -22.620  41.926 0.0000000000
71459  -49.742  -19.910  40.199 0.0000000000
70269  -49.359  -20.616  40.102 0.0000000000
71446  -50.083  -20.210  40.835 0.0000000000
70237  -51.076  -20.800  42.887 0.0000000000
69068  -50.843  -21.678  43.020 0.0000000000
69058  -52.042  -21.649  44.145 0.0000000000
70228  -52.141  -20.831  44.100 0.0000000000
71398  -53.393  -20.081  45.931 0.0000000000
70220  -52.923  -20.687  45.264 0.0000000000
69029  -53.937  -20.840  46.371 0.0000000000
75042  -53.677  -16.596  39.691 0.0000000000
75041  -52.519  -16.828  39.778 0.0000000000
75007  -54.528  -16.527  42.697 0.0000000000
75006  -53.425  -17.204  42.936 0.0000000000
74999  -54.371  -16.714  43.899 0.0000000000
81101  -59.497  -11.598  33.744 0.0000000000
82166  -59.760  -10.710  34.522 0.0000000000
82175  -60.016  -10.772  33.421 0.0000000000
83120  -60.691  -9.704  33.195 0.0000000000
84021  -60.914  -8.693  33.559 0.0000000000
84904  -61.031  -8.011  33.876 0.0000000000
84022  -61.251  -8.383  33.115 0.0000000000
83147  -60.038  -9.264  30.743 0.0000000000
84046  -60.685  -8.699  30.819 0.0000000000
84930  -61.586  -7.593  31.307 0.0000000000
84037  -61.557  -8.030  31.973 0.0000000000
84922  -61.710  -7.605  32.344 0.0000000000
85907  -62.580  -6.849  33.365 0.0000000000
85915  -62.595  -6.629  32.070 0.0000000000
86955  -62.602  -6.049  31.066 0.0000000000
86948  -62.813  -6.213  31.605 0.0000000000
86956  -63.143  -6.092  31.329 0.0000000000
86957  -63.458  -6.377  31.361 0.0000000000
86966  -63.572  -6.181  30.760 0.0000000000
86974  -62.154  -5.720  29.848 0.0000000000
88001  -62.488  -5.387  29.531 0.0000000000
88002  -63.083  -5.311  29.830 0.0000000000
86975  -63.916  -6.032  29.801 0.0000000000
85938  -64.336  -6.768  29.476 0.0000000000
87001  -63.555  -4.799  25.860 0.0000000000
50195  -45.007  -38.484  52.410 0.0000000000
50196  -45.538  -38.390  52.777 0.0000000000
50181  -46.047  -38.389  53.644 0.0000000000
51260  -46.442  -38.265  54.228 0.0000000000
64711  -47.282  -25.706  42.050 0.0000000000
64712  -48.191  -25.745  42.489 0.0000000000
65827  -47.502  -25.332  41.645 0.0000000000
79949  -58.351  -12.928  36.342 0.0000000000
79950  -58.880  -12.390  36.620 0.0000000000
81076  -59.128  -11.764  37.006 0.0000000000
83084  -60.048  -9.643  37.779 0.0000000000
83990  -60.539  -9.246  37.661 0.0000000000
83991  -61.331  -9.012  37.526 0.0000000000
84008  -60.132  -8.913  35.995 0.0000000000
36345  -12.274  -51.287  54.293 0.0000000000
33871  -12.402  -52.137  55.800 0.0000000000
33861  -12.461  -52.635  56.503 0.0000000000
60054  -48.996  -29.377  49.186 0.0000000000
61158  -48.635  -28.680  49.293 0.0000000000
60053  -48.520  -28.848  48.961 0.0000000000
61184  -46.277  -27.887  46.395 0.0000000000
45704  -28.773  -42.745  57.794 0.0000000000
45692  -29.036  -42.636  58.641 0.0000000000
45679  -29.826  -42.167  59.882 0.0000000000
46936  -30.454  -41.900  60.043 0.0000000000
48031  -31.372  -41.750  60.047 0.0000000000
51209  -38.999  -38.831  57.488 0.0000000000
51189  -38.551  -38.974  58.201 0.0000000000
49039  -38.205  -40.259  59.319 0.0000000000
38766  -20.494  -48.335  57.297 0.0000000000
38752  -20.605  -48.564  57.981 0.0000000000
38735  -20.097  -48.920  58.907 0.0000000000
73840  -49.270  -18.608  37.870 0.0000000000
73831  -50.040  -18.429  39.066 0.0000000000
73842  -50.354  -18.063  38.843 0.0000000000
75039  -50.938  -17.671  39.283 0.0000000000
54517  -49.630  -33.814  55.168 0.0000000000
55650  -49.756  -33.324  52.666 0.0000000000
55661  -49.549  -33.583  51.500 0.0000000000
57859  -49.916  -31.575  50.423 0.0000000000
57871  -49.672  -31.493  49.622 0.0000000000
42246  -22.843  -46.501  54.314 0.0000000000
41092  -22.954  -46.648  54.801 0.0000000000
42247  -23.545  -46.212  54.464 0.0000000000
42248  -24.298  -45.541  54.180 0.0000000000
45774  -25.999  -43.041  51.585 0.0000000000
44520  -25.634  -43.907  53.373 0.0000000000
45755  -26.076  -43.299  52.451 0.0000000000
45756  -26.653  -43.105  53.128 0.0000000000
45739  -26.844  -43.197  54.230 0.0000000000
45758  -28.350  -42.573  53.715 0.0000000000
50160  -42.379  -39.401  54.443 0.0000000000
50141  -41.132  -39.318  55.517 0.0000000000
50089  -44.394  -38.779  57.933 0.0000000000
52344  -46.784  -37.773  56.880 0.0000000000
53420  -47.923  -36.156  57.589 0.0000000000
42264  -20.888  -46.554  53.060 0.0000000000
42265  -21.447  -46.423  53.117 0.0000000000
65732  -51.115  -25.351  48.680 0.0000000000
65733  -52.051  -25.252  48.799 0.0000000000
64698  -51.504  -25.556  43.917 0.0000000000
64685  -52.102  -25.403  44.389 0.0000000000
65805  -53.087  -24.804  44.567 0.0000000000
67967  -53.701  -22.677  44.807 0.0000000000
76404  -55.056  -15.835  37.338 0.0000000000
76387  -55.792  -15.725  38.281 0.0000000000
79897  -59.520  -13.377  39.259 0.0000000000
78756  -59.316  -14.045  40.018 0.0000000000
85917  -63.575  -7.315  32.841 0.0000000000
72701  -46.886  -18.732  36.401 0.0000000000
76449  -49.776  -15.810  34.256 0.0000000000
76450  -50.821  -15.801  34.797 0.0000000000
77682  -51.760  -15.214  34.643 0.0000000000
78843  -54.216  -13.758  33.309 0.0000000000
78844  -54.966  -13.665  33.482 0.0000000000
78830  -55.922  -13.658  34.324 0.0000000000
78845  -55.795  -13.518  33.521 0.0000000000
79979  -56.211  -13.315  33.101 0.0000000000
79995  -56.589  -13.105  32.801 0.0000000000
79996  -57.487  -12.890  32.819 0.0000000000
31409  -8.176  -55.345  57.690 0.0000000000
33815  -12.990  -52.961  60.751 0.0000000000
33807  -12.673  -53.144  61.476 0.0000000000
32619  -12.089  -53.573  61.261 0.0000000000
31377  -10.327  -55.806  62.055 0.0000000000
30167  -9.377  -56.157  61.986 0.0000000000
30171  -8.637  -56.458  61.574 0.0000000000
28965  -7.756  -57.089  61.255 0.0000000000
27733  -7.661  -57.464  60.855 0.0000000000
27725  -7.764  -57.797  60.759 0.0000000000
27726  -8.162  -57.684  61.323 0.0000000000
26384  -8.457  -58.248  61.526 0.0000000000
57818  -49.782  -31.416  55.985 0.0000000000
58914  -49.981  -30.521  55.393 0.0000000000
62292  -49.273  -27.664  51.915 0.0000000000
63432  -49.785  -27.148  52.628 0.0000000000
63416  -50.516  -27.198  53.289 0.0000000000
63401  -51.138  -27.344  53.756 0.0000000000
64546  -50.479  -26.803  52.734 0.0000000000
64580  -50.123  -26.478  51.136 0.0000000000
63518  -46.881  -26.960  44.352 0.0000000000
63533  -45.710  -26.437  43.257 0.0000000000
42171  -24.861  -46.083  57.909 0.0000000000
42172  -25.196  -45.629  58.427 0.0000000000
44423  -26.954  -44.174  60.494 0.0000000000
51324  -31.182  -38.249  50.327 0.0000000000
51323  -30.489  -38.741  49.804 0.0000000000
50219  -31.147  -38.899  50.774 0.0000000000
50204  -31.368  -39.372  51.476 0.0000000000
49125  -30.847  -40.482  52.395 0.0000000000
49126  -31.244  -40.229  52.792 0.0000000000
49118  -31.362  -40.358  53.417 0.0000000000
49119  -31.676  -40.114  53.889 0.0000000000
52412  -36.042  -37.027  51.841 0.0000000000
52394  -35.981  -37.344  52.660 0.0000000000
50119  -35.747  -38.825  56.255 0.0000000000
51222  -35.591  -38.566  55.723 0.0000000000
50098  -35.004  -39.523  56.399 0.0000000000
50097  -34.485  -39.897  56.224 0.0000000000
49087  -33.816  -40.089  55.985 0.0000000000
49065  -33.065  -40.460  58.113 0.0000000000
48062  -32.887  -40.590  58.645 0.0000000000
49051  -33.596  -40.492  58.516 0.0000000000
48035  -33.740  -41.103  59.606 0.0000000000
46920  -34.333  -41.748  59.758 0.0000000000
38787  -17.706  -48.995  55.103 0.0000000000
37583  -17.256  -49.424  55.590 0.0000000000
38786  -16.939  -49.404  54.958 0.0000000000
37569  -16.414  -50.320  56.540 0.0000000000
36304  -16.307  -50.642  57.362 0.0000000000
36289  -15.917  -50.872  57.796 0.0000000000
37496  -19.822  -49.842  61.175 0.0000000000
69121  -46.876  -22.327  38.747 0.0000000000
69106  -47.751  -22.296  39.636 0.0000000000
69107  -48.366  -21.910  40.049 0.0000000000
72630  -51.219  -19.282  41.590 0.0000000000
71447  -50.593  -19.970  41.256 0.0000000000
72616  -51.455  -19.475  42.085 0.0000000000
71437  -51.619  -19.854  42.667 0.0000000000
71428  -51.873  -20.089  43.262 0.0000000000
71418  -52.579  -20.115  43.862 0.0000000000
72583  -53.155  -19.614  45.021 0.0000000000
71410  -53.539  -19.525  45.545 0.0000000000
76362  -54.943  -16.252  40.571 0.0000000000
75032  -54.293  -16.573  40.672 0.0000000000
76348  -54.939  -16.328  41.447 0.0000000000
75008  -55.246  -16.177  43.125 0.0000000000
81123  -59.711  -11.129  32.218 0.0000000000
82184  -60.025  -10.784  32.570 0.0000000000
82185  -60.468  -10.250  32.404 0.0000000000
83128  -60.836  -9.582  32.188 0.0000000000
87987  -62.844  -5.788  30.734 0.0000000000
88022  -61.717  -4.363  27.737 0.0000000000
88023  -62.355  -4.327  27.868 0.0000000000
88010  -63.019  -4.969  29.008 0.0000000000
88040  -63.301  -4.281  25.437 0.0000000000
87009  -63.523  -5.123  25.392 0.0000000000
54543  -49.263  -34.878  53.013 0.0000000000
54575  -49.262  -34.223  51.741 0.0000000000
43410  -23.630  -45.182  51.972 0.0000000000
44555  -25.387  -43.428  51.017 0.0000000000
45793  -26.705  -42.435  51.070 0.0000000000
47031  -27.218  -41.946  50.680 0.0000000000
50207  -42.418  -38.393  51.567 0.0000000000
50178  -43.679  -39.101  53.366 0.0000000000
50161  -43.324  -39.475  54.230 0.0000000000
49111  -43.745  -39.629  54.936 0.0000000000
50143  -44.336  -39.554  55.483 0.0000000000
50127  -45.616  -38.962  55.720 0.0000000000
51245  -46.749  -38.069  55.057 0.0000000000
51229  -46.985  -37.807  55.670 0.0000000000
64668  -49.870  -26.490  45.765 0.0000000000
64652  -50.405  -25.994  46.390 0.0000000000
64697  -50.831  -25.784  43.694 0.0000000000
65816  -49.812  -25.241  42.762 0.0000000000
77652  -55.869  -14.532  36.175 0.0000000000
77640  -56.794  -14.535  37.059 0.0000000000
78779  -58.062  -13.864  37.928 0.0000000000
78790  -58.808  -12.914  37.407 0.0000000000
79909  -59.788  -12.908  38.793 0.0000000000
79898  -59.990  -13.094  39.017 0.0000000000
84001  -61.670  -8.502  36.661 0.0000000000
85896  -62.233  -7.311  34.930 0.0000000000
85895  -62.153  -7.186  34.671 0.0000000000
35079  -11.165  -52.258  54.893 0.0000000000
33879  -10.444  -52.492  54.503 0.0000000000
32655  -10.622  -53.567  56.410 0.0000000000
31412  -10.340  -54.186  57.554 0.0000000000
61134  -49.520  -28.781  51.425 0.0000000000
61122  -49.340  -28.305  51.459 0.0000000000
61147  -48.769  -28.354  49.938 0.0000000000
62303  -48.907  -27.853  50.946 0.0000000000
63444  -48.354  -26.743  50.864 0.0000000000
64594  -48.327  -26.480  50.552 0.0000000000
64612  -47.883  -26.249  49.646 0.0000000000
64611  -47.635  -26.373  49.194 0.0000000000
63475  -47.187  -26.643  48.394 0.0000000000
62331  -46.836  -27.292  47.895 0.0000000000
62343  -46.616  -27.214  47.083 0.0000000000
44454  -26.168  -44.109  57.348 0.0000000000
44455  -26.627  -43.905  58.035 0.0000000000
44447  -27.490  -43.552  59.311 0.0000000000
44438  -27.480  -43.676  60.241 0.0000000000
46897  -29.889  -42.250  61.384 0.0000000000
52472  -31.711  -36.874  49.583 0.0000000000
52449  -31.784  -37.330  50.314 0.0000000000
52426  -31.992  -37.652  51.027 0.0000000000
51305  -32.598  -37.801  51.865 0.0000000000
51242  -37.364  -38.038  55.408 0.0000000000
51224  -36.965  -38.399  56.167 0.0000000000
51206  -36.697  -38.830  56.602 0.0000000000
50101  -36.882  -39.269  57.028 0.0000000000
50100  -36.207  -39.036  56.784 0.0000000000
50080  -35.956  -39.646  57.093 0.0000000000
48063  -35.997  -40.790  57.907 0.0000000000
46956  -36.465  -41.082  58.290 0.0000000000
45681  -36.792  -42.403  59.081 0.0000000000
46941  -37.782  -41.314  59.140 0.0000000000
45682  -37.586  -41.922  59.228 0.0000000000
45668  -37.717  -42.586  59.940 0.0000000000
38802  -18.407  -48.320  54.248 0.0000000000
39937  -19.008  -48.205  55.191 0.0000000000
38788  -18.458  -48.551  54.847 0.0000000000
37559  -18.167  -49.350  57.799 0.0000000000
37547  -18.067  -49.552  58.328 0.0000000000
38734  -19.102  -49.181  59.090 0.0000000000
37516  -20.495  -49.392  60.526 0.0000000000
71467  -48.084  -20.289  38.673 0.0000000000
70279  -48.375  -20.661  39.116 0.0000000000
71468  -48.798  -19.914  39.148 0.0000000000
71469  -49.325  -19.799  39.639 0.0000000000
72646  -49.860  -19.411  40.069 0.0000000000
72661  -50.290  -18.596  39.749 0.0000000000
72647  -50.378  -19.199  40.485 0.0000000000
72631  -51.672  -18.683  41.690 0.0000000000
72618  -52.396  -18.400  42.737 0.0000000000
82204  -58.435  -10.108  30.621 0.0000000000
83135  -58.901  -9.947  30.641 0.0000000000
84045  -59.984  -8.611  30.255 0.0000000000
89015  -62.300  -3.887  27.433 0.0000000000
89016  -62.974  -4.034  27.446 0.0000000000
90054  -62.956  -2.946  25.938 0.0000000000
35027  -14.085  -52.322  58.482 0.0000000000
35009  -13.949  -52.413  59.587 0.0000000000
33801  -13.461  -52.799  62.451 0.0000000000
56705  -49.596  -32.252  56.532 0.0000000000
55638  -49.821  -33.075  53.802 0.0000000000
56747  -49.899  -32.195  53.695 0.0000000000
57836  -50.022  -31.697  53.249 0.0000000000
58940  -50.152  -30.625  51.933 0.0000000000
60038  -49.851  -30.060  50.428 0.0000000000
58967  -49.882  -30.789  50.085 0.0000000000
58966  -49.661  -30.147  49.695 0.0000000000
60085  -47.933  -29.711  47.224 0.0000000000
39925  -22.803  -47.766  57.642 0.0000000000
42188  -23.919  -46.624  56.442 0.0000000000
42208  -23.787  -46.554  55.830 0.0000000000
42189  -24.562  -46.289  56.923 0.0000000000
43393  -23.935  -45.154  52.631 0.0000000000
42268  -24.331  -45.264  53.624 0.0000000000
43379  -24.695  -44.975  53.916 0.0000000000
43380  -25.256  -44.591  54.173 0.0000000000
43365  -25.495  -44.681  55.034 0.0000000000
43349  -25.774  -44.446  55.864 0.0000000000
45702  -27.518  -43.183  56.739 0.0000000000
45715  -27.964  -42.887  56.410 0.0000000000
45716  -28.636  -42.719  56.819 0.0000000000
52433  -37.953  -37.139  50.629 0.0000000000
52413  -36.847  -37.229  51.639 0.0000000000
51288  -37.432  -37.595  52.394 0.0000000000
50190  -39.927  -38.538  53.031 0.0000000000
50120  -39.358  -38.803  56.879 0.0000000000
50121  -40.021  -38.936  56.681 0.0000000000
51190  -39.531  -38.822  58.379 0.0000000000
51172  -39.865  -38.812  59.351 0.0000000000
51156  -40.243  -38.936  60.156 0.0000000000
51173  -40.675  -38.648  59.561 0.0000000000
51175  -42.473  -38.238  59.641 0.0000000000
51193  -42.184  -38.635  58.881 0.0000000000
51159  -42.721  -37.963  60.449 0.0000000000
52300  -45.117  -37.328  59.994 0.0000000000
51210  -44.715  -38.727  57.828 0.0000000000
51178  -45.549  -37.431  59.156 0.0000000000
52301  -45.776  -37.172  59.567 0.0000000000
53412  -47.979  -36.054  58.643 0.0000000000
54479  -48.597  -35.802  59.120 0.0000000000
41102  -19.064  -46.991  52.555 0.0000000000
39980  -19.583  -47.178  53.420 0.0000000000
39967  -20.372  -47.305  54.460 0.0000000000
41105  -21.055  -46.719  53.585 0.0000000000
41089  -20.507  -46.981  54.011 0.0000000000
39941  -21.875  -47.825  56.734 0.0000000000
62313  -53.137  -27.762  49.899 0.0000000000
65711  -54.033  -25.894  49.576 0.0000000000
65712  -54.763  -26.222  49.440 0.0000000000
65736  -54.670  -25.710  49.273 0.0000000000
64653  -51.162  -25.946  46.043 0.0000000000
65779  -51.416  -25.613  46.560 0.0000000000
65780  -52.453  -25.532  46.262 0.0000000000
64671  -52.257  -25.656  45.298 0.0000000000
65783  -55.045  -25.245  47.651 0.0000000000
75054  -53.482  -16.458  39.006 0.0000000000
76372  -53.852  -16.446  39.155 0.0000000000
76373  -54.587  -16.252  39.498 0.0000000000
76338  -57.715  -15.510  42.031 0.0000000000
77623  -56.790  -15.030  37.939 0.0000000000
77610  -57.000  -15.162  38.668 0.0000000000
76376  -57.367  -15.113  39.188 0.0000000000
77605  -58.672  -14.470  39.807 0.0000000000
77591  -58.320  -14.952  40.323 0.0000000000
76365  -57.472  -15.281  39.873 0.0000000000
76351  -57.779  -15.414  40.913 0.0000000000
28978  -5.837  -57.079  58.221 0.0000000000
65867  -45.224  -24.346  39.372 0.0000000000
66952  -45.651  -23.577  38.925 0.0000000000
68042  -45.774  -23.129  38.653 0.0000000000
68054  -45.334  -22.775  38.416 0.0000000000
69135  -46.855  -21.621  38.294 0.0000000000
70292  -47.404  -20.747  38.200 0.0000000000
71484  -47.794  -19.756  38.056 0.0000000000
72673  -47.950  -19.262  38.006 0.0000000000
72687  -48.635  -18.748  37.464 0.0000000000
73850  -49.593  -18.309  37.632 0.0000000000
75083  -51.369  -16.885  36.855 0.0000000000
76401  -52.165  -16.536  37.164 0.0000000000
76414  -53.014  -15.811  36.439 0.0000000000
76415  -54.203  -15.738  36.651 0.0000000000
77651  -54.777  -15.190  36.247 0.0000000000
77683  -53.015  -14.608  34.457 0.0000000000
78802  -56.363  -13.913  35.770 0.0000000000
78820  -56.818  -13.612  35.294 0.0000000000
78832  -57.125  -13.400  34.954 0.0000000000
78821  -57.415  -13.360  35.436 0.0000000000
79963  -58.044  -12.990  35.535 0.0000000000
81094  -59.050  -11.856  35.287 0.0000000000
82165  -59.381  -11.108  35.196 0.0000000000
82203  -57.766  -10.222  30.547 0.0000000000
33848  -13.481  -52.618  57.821 0.0000000000
33847  -12.594  -52.947  57.640 0.0000000000
33846  -11.883  -53.424  57.909 0.0000000000
33821  -12.558  -53.410  60.039 0.0000000000
33833  -11.943  -53.510  58.393 0.0000000000
32637  -10.863  -54.009  57.960 0.0000000000
31407  -10.345  -54.503  58.221 0.0000000000
32602  -11.667  -53.983  62.484 0.0000000000
32610  -10.995  -54.353  61.367 0.0000000000
31385  -10.531  -55.031  61.782 0.0000000000
31391  -10.421  -54.773  60.924 0.0000000000
31396  -10.395  -54.749  60.039 0.0000000000
30181  -8.140  -55.771  59.920 0.0000000000
30187  -7.889  -55.868  58.994 0.0000000000
27743  -5.684  -57.719  58.824 0.0000000000
26392  -6.122  -58.465  59.984 0.0000000000
26388  -7.032  -58.275  60.055 0.0000000000
61115  -53.917  -29.578  52.950 0.0000000000
62296  -53.644  -28.648  52.506 0.0000000000
57805  -50.724  -32.025  57.772 0.0000000000
58899  -50.472  -30.739  57.172 0.0000000000
60002  -50.322  -29.671  53.633 0.0000000000
61087  -50.816  -29.111  54.918 0.0000000000
61075  -51.246  -29.307  55.676 0.0000000000
61076  -51.604  -29.456  55.455 0.0000000000
62249  -52.162  -28.921  54.447 0.0000000000
63403  -52.362  -27.797  53.642 0.0000000000
63402  -51.760  -27.474  53.692 0.0000000000
63419  -52.745  -27.835  53.232 0.0000000000
62281  -52.752  -27.769  52.420 0.0000000000
63447  -52.279  -27.636  50.840 0.0000000000
63455  -51.896  -26.962  49.795 0.0000000000
64597  -50.543  -26.303  50.052 0.0000000000
64623  -47.957  -25.908  48.763 0.0000000000
63485  -47.961  -26.597  47.425 0.0000000000
64635  -48.858  -26.038  47.640 0.0000000000
64650  -48.937  -26.413  46.959 0.0000000000
64667  -49.271  -26.588  46.349 0.0000000000
64651  -49.651  -26.266  46.663 0.0000000000
63536  -48.476  -26.715  43.908 0.0000000000
64694  -47.455  -26.174  42.976 0.0000000000
64726  -46.168  -25.684  41.519 0.0000000000
65835  -45.434  -25.311  40.787 0.0000000000
60094  -46.134  -29.501  45.808 0.0000000000
61198  -45.663  -28.226  45.245 0.0000000000
62367  -44.584  -27.872  44.668 0.0000000000
63515  -44.211  -26.803  44.108 0.0000000000
63531  -43.855  -26.548  43.405 0.0000000000
63551  -44.536  -26.279  42.808 0.0000000000
64708  -44.455  -25.931  42.022 0.0000000000
64722  -42.680  -25.787  41.207 0.0000000000
64723  -43.517  -25.704  41.134 0.0000000000
64724  -44.278  -25.693  41.272 0.0000000000
64744  -44.702  -25.467  40.842 0.0000000000
39902  -23.032  -47.809  58.356 0.0000000000
41001  -24.300  -46.826  59.211 0.0000000000
47045  -27.831  -41.517  50.254 0.0000000000
48115  -30.602  -40.912  52.629 0.0000000000
47008  -30.584  -41.508  53.653 0.0000000000
46980  -30.864  -41.707  56.892 0.0000000000
53491  -34.245  -36.250  50.526 0.0000000000
52429  -34.473  -36.674  51.208 0.0000000000
52408  -32.971  -37.605  52.132 0.0000000000
51286  -32.792  -38.042  52.487 0.0000000000
51256  -35.830  -37.829  54.463 0.0000000000
51255  -35.053  -37.964  54.423 0.0000000000
51239  -35.038  -38.490  55.109 0.0000000000
51269  -33.559  -37.985  53.370 0.0000000000
51268  -32.862  -38.506  53.355 0.0000000000
50173  -32.604  -38.907  53.765 0.0000000000
50153  -32.331  -39.681  54.370 0.0000000000
49107  -32.267  -40.063  55.023 0.0000000000
49097  -33.105  -40.007  55.509 0.0000000000
49096  -32.677  -40.337  55.983 0.0000000000
48091  -31.961  -40.566  55.676 0.0000000000
48082  -31.587  -41.056  56.448 0.0000000000
48045  -31.502  -41.611  59.518 0.0000000000
48032  -31.898  -41.653  60.316 0.0000000000
48047  -32.827  -40.781  59.214 0.0000000000
48033  -32.619  -41.312  60.073 0.0000000000
48016  -31.956  -41.731  61.049 0.0000000000
46938  -34.835  -41.480  58.845 0.0000000000
45665  -34.460  -42.412  60.511 0.0000000000
36328  -12.986  -51.277  54.759 0.0000000000
35082  -13.494  -51.659  55.730 0.0000000000
38818  -16.953  -48.621  53.166 0.0000000000
37581  -15.474  -50.428  55.500 0.0000000000
37580  -14.874  -50.478  55.132 0.0000000000
36314  -14.330  -51.141  55.746 0.0000000000
35064  -14.190  -51.557  56.254 0.0000000000
36245  -18.768  -50.283  61.221 0.0000000000
65852  -47.186  -24.324  40.384 0.0000000000
66920  -47.754  -24.097  40.748 0.0000000000
66921  -48.434  -23.601  41.080 0.0000000000
68028  -48.212  -22.893  40.510 0.0000000000
66922  -48.912  -23.697  41.513 0.0000000000
67979  -50.173  -23.313  42.468 0.0000000000
67980  -50.787  -22.586  43.035 0.0000000000
70268  -48.835  -20.852  39.639 0.0000000000
70246  -50.053  -21.323  41.451 0.0000000000
70247  -50.609  -20.730  41.886 0.0000000000
69079  -49.904  -21.936  41.656 0.0000000000
67981  -51.496  -22.536  43.440 0.0000000000
67948  -53.540  -22.044  45.088 0.0000000000
70229  -52.675  -20.806  44.663 0.0000000000
69045  -53.441  -21.140  45.604 0.0000000000
75030  -52.317  -17.233  40.925 0.0000000000
75016  -52.921  -17.415  42.037 0.0000000000
73804  -52.745  -17.763  42.536 0.0000000000
73796  -53.254  -17.669  43.664 0.0000000000
74989  -53.967  -17.420  44.539 0.0000000000
73787  -53.709  -17.797  44.538 0.0000000000
73777  -53.861  -18.295  45.308 0.0000000000
83104  -60.378  -8.876  34.694 0.0000000000
83119  -60.336  -10.231  33.393 0.0000000000
83111  -60.410  -9.167  34.108 0.0000000000
84905  -61.500  -7.459  34.017 0.0000000000
85899  -62.053  -7.080  34.124 0.0000000000
84036  -61.215  -8.655  31.702 0.0000000000
84914  -61.453  -7.837  33.221 0.0000000000
85923  -63.719  -6.888  31.665 0.0000000000
85937  -61.384  -6.475  29.471 0.0000000000
86963  -61.965  -6.018  30.205 0.0000000000
86964  -62.396  -5.787  30.270 0.0000000000
87995  -63.288  -5.925  30.498 0.0000000000
25001  -8.592  -58.807  61.441 0.0000000000
25008  -8.396  -58.808  60.916 0.0000000000
25020  -5.488  -59.057  59.010 0.0000000000
26389  -7.618  -58.125  60.480 0.0000000000
27732  -7.153  -57.696  60.393 0.0000000000
28960  -8.240  -57.240  61.617 0.0000000000
28966  -8.232  -56.931  61.617 0.0000000000
30170  -8.104  -56.760  61.349 0.0000000000
30174  -7.328  -56.675  60.481 0.0000000000
30183  -9.466  -55.214  60.138 0.0000000000
31376  -9.810  -56.044  62.100 0.0000000000
31379  -11.979  -54.302  62.833 0.0000000000
31400  -9.275  -55.230  59.511 0.0000000000
32618  -11.516  -53.943  60.915 0.0000000000
32632  -11.487  -53.970  59.255 0.0000000000
32639  -11.859  -53.705  59.031 0.0000000000
32644  -10.081  -53.951  56.938 0.0000000000
32656  -11.021  -53.569  56.952 0.0000000000
33808  -13.457  -52.695  61.631 0.0000000000
33814  -12.510  -53.396  60.808 0.0000000000
35065  -14.785  -51.312  56.594 0.0000000000
35099  -12.146  -51.635  54.743 0.0000000000
36317  -16.037  -50.669  56.828 0.0000000000
38819  -17.684  -48.354  53.373 0.0000000000
39922  -20.658  -48.092  56.774 0.0000000000
41074  -23.390  -46.649  55.318 0.0000000000
41088  -19.948  -46.990  53.547 0.0000000000
44472  -26.194  -43.886  55.699 0.0000000000
44519  -25.008  -44.397  53.160 0.0000000000
45730  -29.202  -42.518  56.356 0.0000000000
46937  -30.932  -41.785  59.751 0.0000000000
48036  -38.189  -40.905  59.372 0.0000000000
48048  -33.432  -40.719  59.170 0.0000000000
48052  -37.648  -40.733  58.905 0.0000000000
48064  -36.643  -40.603  58.183 0.0000000000
48098  -31.200  -40.859  54.400 0.0000000000
48106  -30.813  -40.966  53.223 0.0000000000
48108  -31.431  -40.567  54.141 0.0000000000
49050  -33.164  -40.536  58.757 0.0000000000
49076  -32.773  -40.525  57.339 0.0000000000
49088  -42.389  -39.650  56.055 0.0000000000
49090  -43.216  -39.757  56.089 0.0000000000
49098  -33.653  -39.929  55.312 0.0000000000
49099  -42.435  -39.652  55.768 0.0000000000
49100  -42.928  -39.753  55.630 0.0000000000
49127  -31.738  -39.769  53.236 0.0000000000
49135  -31.208  -39.928  52.046 0.0000000000
50061  -39.716  -39.168  60.195 0.0000000000
50108  -45.174  -38.955  56.985 0.0000000000
50136  -33.677  -39.498  54.875 0.0000000000
50137  -34.267  -39.173  54.977 0.0000000000
50138  -34.786  -38.952  55.305 0.0000000000
51188  -37.888  -39.072  57.712 0.0000000000
52391  -33.875  -37.625  52.938 0.0000000000
52448  -31.294  -37.640  49.845 0.0000000000
52451  -33.212  -36.420  50.509 0.0000000000
61088  -51.164  -28.860  54.827 0.0000000000
61089  -51.409  -29.104  54.945 0.0000000000
61103  -53.404  -29.419  53.822 0.0000000000
62332  -47.099  -27.415  48.447 0.0000000000
63415  -50.152  -27.293  53.131 0.0000000000
63454  -47.937  -26.853  50.314 0.0000000000
63508  -49.635  -26.714  45.147 0.0000000000
64545  -50.298  -26.856  52.782 0.0000000000
64560  -48.931  -26.759  51.587 0.0000000000
64577  -48.476  -26.529  50.834 0.0000000000
64600  -53.337  -26.464  49.548 0.0000000000
64636  -49.412  -26.025  47.250 0.0000000000
65763  -49.819  -25.805  47.559 0.0000000000
66939  -47.525  -23.473  40.142 0.0000000000
68043  -46.275  -22.964  38.767 0.0000000000
69028  -53.553  -20.812  46.021 0.0000000000
69150  -45.373  -21.164  37.607 0.0000000000
70188  -54.033  -20.281  46.989 0.0000000000
70212  -53.418  -20.458  45.976 0.0000000000
70213  -53.811  -20.337  46.367 0.0000000000
70258  -50.242  -20.620  41.212 0.0000000000
71409  -53.123  -20.004  45.606 0.0000000000
71427  -51.460  -20.174  42.748 0.0000000000
72605  -52.369  -19.434  43.326 0.0000000000
72684  -45.969  -19.297  36.558 0.0000000000
73795  -52.723  -18.017  43.260 0.0000000000
73805  -52.982  -17.601  43.115 0.0000000000
73814  -52.338  -17.765  41.660 0.0000000000
73841  -50.008  -18.272  38.231 0.0000000000
73849  -49.110  -18.298  37.127 0.0000000000
73863  -48.655  -18.191  36.656 0.0000000000
75005  -53.022  -17.437  42.500 0.0000000000
75070  -52.635  -16.506  38.009 0.0000000000
75084  -51.891  -16.666  37.029 0.0000000000
76326  -55.822  -16.007  43.584 0.0000000000
76335  -54.819  -16.390  42.042 0.0000000000
76388  -56.482  -15.416  38.366 0.0000000000
76431  -52.728  -15.581  35.818 0.0000000000
77641  -57.511  -14.044  37.335 0.0000000000
81050  -59.533  -12.193  38.169 0.0000000000
82132  -59.326  -11.363  37.237 0.0000000000
82146  -59.201  -11.176  36.760 0.0000000000
83989  -60.054  -9.369  37.436 0.0000000000
86949  -62.919  -6.285  31.891 0.0000000000
86965  -63.265  -5.963  30.772 0.0000000000
87994  -63.083  -5.750  30.563 0.0000000000
