#!ascii label  , from subject 3469 vox2ras=TkReg
999
35030  -20.357  -51.696  58.323 0.0000000000
55560  -50.182  -34.499  58.546 0.0000000000
62305  -53.280  -28.453  51.050 0.0000000000
67934  -57.047  -22.301  46.052 0.0000000000
52270  -45.658  -37.441  60.508 0.0000000000
64639  -56.158  -25.884  48.144 0.0000000000
76328  -57.692  -15.467  43.150 0.0000000000
79900  -60.808  -13.606  39.483 0.0000000000
51231  -52.923  -37.232  56.266 0.0000000000
55640  -54.193  -32.785  51.798 0.0000000000
59974  -52.020  -30.113  56.132 0.0000000000
36228  -21.883  -50.494  61.856 0.0000000000
39843  -25.358  -47.473  61.099 0.0000000000
44410  -28.475  -43.855  61.835 0.0000000000
46855  -32.717  -42.805  63.871 0.0000000000
43280  -38.116  -44.885  61.476 0.0000000000
46884  -42.460  -41.030  60.688 0.0000000000
48041  -48.308  -39.472  59.334 0.0000000000
57883  -57.240  -30.452  48.776 0.0000000000
79924  -61.891  -12.233  37.552 0.0000000000
53407  -52.025  -35.482  58.225 0.0000000000
55602  -53.117  -33.204  56.412 0.0000000000
57806  -51.137  -31.907  57.792 0.0000000000
38718  -21.373  -48.944  60.206 0.0000000000
37482  -23.636  -49.374  61.094 0.0000000000
46903  -39.185  -41.837  60.595 0.0000000000
45611  -40.537  -42.719  60.893 0.0000000000
49006  -41.634  -39.687  61.358 0.0000000000
53405  -48.471  -36.232  59.466 0.0000000000
51132  -47.323  -38.033  60.146 0.0000000000
52290  -50.013  -37.449  59.999 0.0000000000
50109  -51.118  -38.709  57.607 0.0000000000
60004  -54.344  -30.165  52.723 0.0000000000
55664  -55.713  -31.647  50.140 0.0000000000
61139  -56.009  -29.349  49.698 0.0000000000
65795  -56.329  -25.001  44.987 0.0000000000
63486  -59.308  -26.480  46.578 0.0000000000
65810  -59.571  -24.688  44.675 0.0000000000
69073  -58.205  -22.414  43.635 0.0000000000
76316  -60.360  -16.023  43.421 0.0000000000
76277  -58.378  -15.732  46.116 0.0000000000
51159  -42.721  -37.963  60.449 0.0000000000
67949  -54.194  -22.638  45.158 0.0000000000
77581  -59.720  -15.091  41.559 0.0000000000
76353  -61.128  -15.708  41.020 0.0000000000
77671  -62.241  -13.917  36.221 0.0000000000
50197  -52.333  -38.290  52.821 0.0000000000
53439  -53.353  -35.421  54.245 0.0000000000
57825  -53.543  -31.265  54.575 0.0000000000
33813  -21.726  -51.506  61.357 0.0000000000
39870  -26.519  -47.343  60.265 0.0000000000
42119  -26.583  -45.791  61.183 0.0000000000
42136  -28.082  -45.042  61.122 0.0000000000
43276  -29.990  -44.016  62.019 0.0000000000
43250  -32.039  -44.623  63.952 0.0000000000
40936  -33.979  -45.487  63.928 0.0000000000
44398  -35.256  -44.479  62.741 0.0000000000
40954  -39.168  -45.861  61.540 0.0000000000
50025  -44.083  -39.072  61.501 0.0000000000
46907  -45.676  -40.471  59.982 0.0000000000
44457  -45.953  -41.981  57.693 0.0000000000
45708  -49.110  -40.787  56.447 0.0000000000
46992  -51.308  -40.240  54.704 0.0000000000
62325  -57.911  -28.178  48.805 0.0000000000
74956  -55.407  -17.449  46.622 0.0000000000
70192  -56.779  -20.287  46.789 0.0000000000
33819  -20.355  -52.208  60.561 0.0000000000
54473  -50.990  -35.050  58.739 0.0000000000
55575  -51.888  -33.858  58.277 0.0000000000
57795  -50.876  -32.728  58.090 0.0000000000
49027  -39.397  -40.148  60.371 0.0000000000
48005  -40.672  -40.793  60.704 0.0000000000
50048  -40.474  -39.195  60.720 0.0000000000
55548  -49.664  -35.418  58.858 0.0000000000
53395  -49.285  -36.321  59.620 0.0000000000
54464  -50.354  -35.477  59.062 0.0000000000
52303  -51.281  -36.600  59.058 0.0000000000
60025  -55.053  -29.993  51.031 0.0000000000
61137  -54.707  -29.617  51.189 0.0000000000
66854  -56.987  -23.918  44.877 0.0000000000
65797  -58.416  -24.816  45.140 0.0000000000
66856  -58.622  -24.069  44.678 0.0000000000
67969  -58.792  -23.478  44.158 0.0000000000
67936  -57.902  -22.111  45.473 0.0000000000
73798  -60.615  -17.058  42.790 0.0000000000
73790  -60.487  -16.834  43.734 0.0000000000
72624  -60.157  -17.777  42.154 0.0000000000
78742  -59.478  -14.364  40.436 0.0000000000
78744  -60.201  -14.599  40.502 0.0000000000
77583  -60.571  -15.605  41.518 0.0000000000
78746  -60.867  -14.823  40.291 0.0000000000
76378  -61.439  -15.126  39.523 0.0000000000
78759  -61.145  -14.298  39.723 0.0000000000
78791  -62.368  -12.952  36.965 0.0000000000
50165  -52.822  -37.710  54.581 0.0000000000
50183  -53.044  -37.078  53.806 0.0000000000
52362  -53.265  -36.644  55.157 0.0000000000
57813  -52.716  -31.532  56.809 0.0000000000
56721  -53.202  -32.231  55.719 0.0000000000
58909  -53.122  -30.607  55.788 0.0000000000
59986  -53.323  -30.059  54.516 0.0000000000
62250  -52.456  -29.331  54.573 0.0000000000
34996  -22.354  -51.288  60.739 0.0000000000
34970  -22.790  -50.468  61.430 0.0000000000
38687  -24.595  -48.380  60.962 0.0000000000
44424  -27.503  -43.948  61.091 0.0000000000
43291  -27.469  -44.417  61.282 0.0000000000
42120  -27.336  -45.453  61.303 0.0000000000
42121  -27.987  -44.828  61.507 0.0000000000
43292  -29.165  -44.219  61.213 0.0000000000
44395  -29.100  -43.620  62.480 0.0000000000
45583  -32.548  -43.520  64.108 0.0000000000
42086  -32.686  -44.957  64.236 0.0000000000
44369  -33.264  -44.145  64.307 0.0000000000
45651  -37.488  -43.475  60.558 0.0000000000
44428  -36.111  -43.992  60.943 0.0000000000
44413  -36.637  -44.482  61.547 0.0000000000
43253  -36.056  -45.458  62.629 0.0000000000
43265  -37.540  -45.459  61.797 0.0000000000
40947  -37.615  -46.410  61.982 0.0000000000
43266  -38.714  -45.057  61.504 0.0000000000
45613  -41.391  -42.382  60.795 0.0000000000
44417  -40.922  -43.878  61.154 0.0000000000
44419  -41.719  -43.163  60.626 0.0000000000
45655  -43.280  -41.837  59.967 0.0000000000
51127  -43.122  -38.370  61.541 0.0000000000
51129  -44.865  -38.215  61.290 0.0000000000
49031  -47.906  -39.066  59.687 0.0000000000
49020  -46.018  -39.196  60.502 0.0000000000
48039  -46.805  -39.996  59.680 0.0000000000
45684  -45.907  -41.432  58.547 0.0000000000
46943  -47.224  -40.702  58.484 0.0000000000
46960  -48.789  -40.384  57.536 0.0000000000
50128  -52.224  -38.247  56.314 0.0000000000
48085  -51.383  -39.652  55.936 0.0000000000
49103  -52.233  -38.637  55.326 0.0000000000
48110  -51.700  -39.753  53.648 0.0000000000
37478  -20.417  -49.893  61.566 0.0000000000
36212  -20.498  -50.955  62.340 0.0000000000
33798  -20.412  -51.524  62.192 0.0000000000
53481  -53.851  -34.633  51.752 0.0000000000
53502  -54.190  -34.115  51.114 0.0000000000
56804  -56.262  -31.308  49.500 0.0000000000
65738  -55.925  -26.371  48.949 0.0000000000
64604  -56.328  -27.137  49.145 0.0000000000
64618  -57.206  -26.964  48.469 0.0000000000
62371  -59.672  -26.868  45.448 0.0000000000
62356  -58.912  -27.353  46.216 0.0000000000
73742  -58.816  -17.139  46.869 0.0000000000
74958  -57.033  -16.320  46.707 0.0000000000
73741  -58.013  -17.586  47.334 0.0000000000
72529  -56.503  -18.749  47.738 0.0000000000
71379  -57.308  -18.857  47.006 0.0000000000
71411  -57.280  -19.614  45.924 0.0000000000
81027  -60.290  -12.277  38.718 0.0000000000
81029  -61.009  -12.889  38.948 0.0000000000
82116  -60.772  -11.271  38.475 0.0000000000
82134  -61.995  -10.620  37.518 0.0000000000
52331  -52.670  -36.712  57.112 0.0000000000
53422  -53.159  -35.358  56.315 0.0000000000
54482  -52.640  -34.451  57.484 0.0000000000
56689  -52.333  -32.464  57.647 0.0000000000
58901  -51.720  -30.471  56.986 0.0000000000
37480  -21.861  -49.892  61.703 0.0000000000
37481  -22.715  -49.811  61.584 0.0000000000
39855  -24.387  -47.838  60.784 0.0000000000
45652  -38.723  -43.000  60.739 0.0000000000
44400  -39.556  -44.141  61.204 0.0000000000
45631  -40.451  -42.232  60.806 0.0000000000
46867  -41.227  -41.458  60.779 0.0000000000
47996  -42.186  -40.178  61.316 0.0000000000
52288  -47.002  -36.937  60.126 0.0000000000
51145  -45.852  -38.049  60.980 0.0000000000
52273  -47.609  -37.412  60.016 0.0000000000
51148  -48.930  -38.261  60.043 0.0000000000
50053  -49.593  -38.357  59.989 0.0000000000
49071  -49.686  -39.246  58.525 0.0000000000
51163  -50.409  -37.841  59.578 0.0000000000
51199  -51.805  -37.400  58.138 0.0000000000
37516  -20.495  -49.392  60.526 0.0000000000
57838  -54.339  -31.167  52.551 0.0000000000
55651  -54.703  -32.518  51.203 0.0000000000
57845  -55.207  -31.139  51.303 0.0000000000
57852  -55.945  -30.919  50.143 0.0000000000
58968  -57.204  -29.968  49.332 0.0000000000
64657  -56.601  -25.916  46.970 0.0000000000
64641  -58.124  -26.069  47.412 0.0000000000
64675  -58.034  -25.540  45.770 0.0000000000
65784  -59.615  -25.380  45.649 0.0000000000
76314  -59.707  -15.282  44.041 0.0000000000
76312  -57.610  -15.473  44.286 0.0000000000
76298  -59.818  -15.942  44.404 0.0000000000
73765  -59.747  -16.814  45.418 0.0000000000
56652  -49.598  -34.367  58.395 0.0000000000
54480  -48.839  -35.250  58.662 0.0000000000
62314  -53.776  -28.266  50.057 0.0000000000
64672  -55.152  -25.496  46.402 0.0000000000
65794  -55.372  -25.315  45.417 0.0000000000
66852  -55.183  -23.521  45.025 0.0000000000
67932  -55.368  -22.207  46.038 0.0000000000
77571  -59.334  -15.081  42.291 0.0000000000
77573  -60.150  -15.622  42.627 0.0000000000
76340  -60.626  -15.996  42.404 0.0000000000
73815  -60.793  -16.649  40.764 0.0000000000
78769  -61.606  -13.350  38.233 0.0000000000
77642  -61.605  -13.902  37.719 0.0000000000
51317  -52.726  -36.960  52.058 0.0000000000
52398  -53.445  -35.817  52.979 0.0000000000
54533  -53.474  -34.261  53.560 0.0000000000
54502  -53.245  -34.449  55.668 0.0000000000
55627  -53.384  -33.105  54.506 0.0000000000
56748  -53.757  -32.190  53.152 0.0000000000
58921  -53.851  -30.487  53.401 0.0000000000
60003  -53.850  -29.850  53.312 0.0000000000
57804  -50.262  -31.716  57.671 0.0000000000
59961  -50.853  -30.161  57.273 0.0000000000
62248  -51.730  -28.805  54.533 0.0000000000
33827  -20.684  -52.054  59.626 0.0000000000
35013  -22.050  -51.511  59.528 0.0000000000
39885  -27.120  -46.823  59.780 0.0000000000
40989  -24.346  -47.065  60.171 0.0000000000
40974  -24.935  -46.864  60.770 0.0000000000
40962  -26.026  -46.650  61.164 0.0000000000
40977  -27.357  -45.962  60.824 0.0000000000
43277  -30.794  -44.343  61.925 0.0000000000
42094  -31.507  -44.818  63.204 0.0000000000
45627  -33.678  -42.470  62.499 0.0000000000
44426  -34.511  -43.119  61.686 0.0000000000
45594  -33.826  -43.288  63.459 0.0000000000
43251  -34.592  -44.780  63.571 0.0000000000
42098  -35.061  -45.543  63.252 0.0000000000
43268  -40.092  -44.461  61.280 0.0000000000
51125  -41.808  -38.574  61.421 0.0000000000
50023  -42.623  -39.063  61.695 0.0000000000
47998  -43.553  -39.888  61.250 0.0000000000
50038  -45.448  -38.751  60.815 0.0000000000
49018  -44.435  -39.734  60.992 0.0000000000
46886  -44.190  -40.523  60.603 0.0000000000
45671  -44.606  -41.640  59.390 0.0000000000
44449  -45.215  -42.321  58.264 0.0000000000
44494  -48.857  -41.824  54.957 0.0000000000
48076  -50.437  -39.879  57.016 0.0000000000
46982  -50.497  -40.487  55.953 0.0000000000
45766  -49.994  -40.863  54.065 0.0000000000
47024  -50.504  -40.612  52.551 0.0000000000
33804  -20.274  -51.978  62.030 0.0000000000
62316  -55.824  -28.216  49.565 0.0000000000
61152  -56.783  -28.991  49.383 0.0000000000
60056  -58.189  -29.128  48.678 0.0000000000
63477  -58.613  -26.957  47.694 0.0000000000
61187  -58.572  -28.352  47.754 0.0000000000
59017  -58.128  -29.643  47.561 0.0000000000
69046  -54.085  -21.707  45.763 0.0000000000
69031  -55.811  -21.524  46.657 0.0000000000
76311  -56.564  -15.775  44.473 0.0000000000
74991  -55.335  -16.492  44.780 0.0000000000
72571  -54.408  -18.596  46.534 0.0000000000
70168  -55.854  -19.995  47.186 0.0000000000
69005  -56.719  -20.925  46.825 0.0000000000
69048  -57.491  -21.264  45.851 0.0000000000
33839  -19.884  -51.974  58.785 0.0000000000
55561  -50.666  -34.432  58.574 0.0000000000
56655  -51.031  -33.411  58.386 0.0000000000
56654  -50.550  -33.575  58.351 0.0000000000
49040  -38.810  -39.834  59.899 0.0000000000
49028  -40.067  -39.752  60.473 0.0000000000
54463  -49.833  -35.711  59.292 0.0000000000
55550  -50.212  -35.140  58.769 0.0000000000
61124  -53.796  -28.752  51.989 0.0000000000
61148  -53.844  -28.744  50.913 0.0000000000
67952  -56.597  -23.042  45.454 0.0000000000
66855  -57.875  -23.908  44.865 0.0000000000
67953  -57.424  -22.986  45.272 0.0000000000
67954  -58.094  -22.844  44.785 0.0000000000
67935  -57.689  -22.220  45.706 0.0000000000
72638  -60.416  -17.083  41.030 0.0000000000
72625  -60.474  -17.329  41.973 0.0000000000
79899  -60.362  -13.268  39.239 0.0000000000
79888  -60.430  -14.101  39.892 0.0000000000
78745  -60.578  -14.805  40.470 0.0000000000
78758  -60.814  -14.398  39.992 0.0000000000
51262  -53.113  -37.140  54.642 0.0000000000
51246  -53.134  -37.153  55.258 0.0000000000
58903  -52.692  -30.744  56.395 0.0000000000
57819  -53.100  -31.386  56.184 0.0000000000
59975  -52.553  -30.125  55.895 0.0000000000
59985  -52.999  -30.056  55.218 0.0000000000
62240  -52.161  -29.689  55.080 0.0000000000
34969  -22.044  -50.840  61.726 0.0000000000
39842  -24.849  -47.761  61.051 0.0000000000
44425  -28.040  -43.755  61.517 0.0000000000
44409  -27.799  -44.121  61.518 0.0000000000
43274  -27.739  -44.628  61.455 0.0000000000
43275  -28.865  -44.104  61.899 0.0000000000
46854  -32.359  -42.713  63.673 0.0000000000
45591  -32.097  -43.104  63.764 0.0000000000
45592  -32.606  -43.085  64.039 0.0000000000
44368  -32.836  -43.937  64.425 0.0000000000
45593  -33.162  -43.057  63.992 0.0000000000
44430  -37.944  -43.818  61.036 0.0000000000
44429  -37.120  -44.021  61.037 0.0000000000
44414  -37.626  -44.427  61.350 0.0000000000
43279  -37.130  -45.011  61.713 0.0000000000
43281  -38.717  -44.703  61.440 0.0000000000
46883  -41.842  -41.883  60.649 0.0000000000
45632  -41.658  -42.621  60.676 0.0000000000
45633  -42.150  -42.254  60.490 0.0000000000
45654  -42.581  -42.335  60.212 0.0000000000
45634  -42.729  -41.651  60.337 0.0000000000
51142  -43.909  -37.891  61.120 0.0000000000
51143  -45.038  -37.727  60.922 0.0000000000
49041  -48.199  -39.321  59.510 0.0000000000
48025  -47.151  -39.453  59.734 0.0000000000
48040  -47.657  -39.698  59.415 0.0000000000
46927  -47.613  -40.159  58.924 0.0000000000
48053  -48.067  -39.777  58.996 0.0000000000
46959  -48.174  -40.670  57.809 0.0000000000
48054  -48.726  -39.627  58.927 0.0000000000
51230  -52.592  -37.683  56.436 0.0000000000
50147  -52.678  -38.031  55.563 0.0000000000
49113  -52.383  -38.505  54.732 0.0000000000
36227  -21.122  -50.433  62.079 0.0000000000
36213  -21.125  -50.871  62.155 0.0000000000
34968  -21.313  -51.035  62.039 0.0000000000
54545  -53.915  -33.824  52.050 0.0000000000
53482  -54.096  -34.088  51.427 0.0000000000
54562  -54.341  -33.465  51.294 0.0000000000
56805  -56.889  -31.127  49.195 0.0000000000
56822  -56.438  -31.353  49.022 0.0000000000
57893  -56.523  -30.972  47.885 0.0000000000
57907  -57.288  -30.375  47.628 0.0000000000
65770  -55.670  -25.769  48.593 0.0000000000
64625  -56.304  -26.370  48.788 0.0000000000
64626  -56.903  -26.481  48.386 0.0000000000
76327  -56.657  -15.756  43.383 0.0000000000
73763  -58.629  -17.683  46.637 0.0000000000
72531  -57.444  -18.346  47.393 0.0000000000
52317  -52.414  -36.333  57.653 0.0000000000
53414  -52.518  -35.301  57.672 0.0000000000
54481  -52.197  -34.567  58.018 0.0000000000
57797  -51.654  -32.757  58.083 0.0000000000
56674  -52.075  -32.990  58.049 0.0000000000
57807  -51.752  -32.123  57.726 0.0000000000
58892  -51.883  -31.438  57.320 0.0000000000
58891  -51.447  -31.024  57.320 0.0000000000
37498  -21.656  -49.372  61.040 0.0000000000
39869  -23.934  -47.685  60.439 0.0000000000
46923  -38.829  -41.422  60.282 0.0000000000
45669  -38.576  -42.095  60.294 0.0000000000
45630  -39.815  -43.074  60.870 0.0000000000
45653  -39.609  -42.222  60.741 0.0000000000
48006  -41.199  -39.994  60.963 0.0000000000
47993  -40.968  -41.123  60.702 0.0000000000
47994  -41.291  -40.666  60.852 0.0000000000
47995  -41.708  -40.397  61.154 0.0000000000
53393  -48.059  -36.801  60.029 0.0000000000
52289  -47.298  -37.178  60.146 0.0000000000
53383  -48.210  -36.853  59.759 0.0000000000
53386  -49.324  -37.062  59.842 0.0000000000
52275  -48.872  -37.445  59.839 0.0000000000
52276  -49.397  -37.388  59.947 0.0000000000
51162  -49.961  -38.131  59.947 0.0000000000
50064  -50.136  -38.306  59.628 0.0000000000
53406  -51.419  -35.677  58.774 0.0000000000
51180  -51.543  -37.010  58.694 0.0000000000
52304  -51.788  -36.409  58.479 0.0000000000
37517  -21.065  -49.319  60.757 0.0000000000
58929  -54.622  -30.676  52.334 0.0000000000
57839  -54.855  -31.150  51.870 0.0000000000
58930  -54.934  -30.760  51.737 0.0000000000
60016  -55.304  -30.389  50.831 0.0000000000
60026  -55.862  -30.066  50.194 0.0000000000
58952  -56.101  -30.410  50.004 0.0000000000
60027  -56.475  -29.995  49.779 0.0000000000
64674  -57.035  -25.679  45.853 0.0000000000
64658  -57.636  -25.902  46.719 0.0000000000
65798  -59.333  -24.902  45.126 0.0000000000
65799  -59.865  -24.923  45.036 0.0000000000
64678  -60.056  -25.524  45.074 0.0000000000
66888  -59.554  -24.622  44.090 0.0000000000
76315  -60.058  -15.706  43.734 0.0000000000
76299  -60.160  -16.074  43.879 0.0000000000
73779  -59.603  -17.514  45.347 0.0000000000
55574  -49.259  -34.455  58.327 0.0000000000
66850  -54.156  -23.144  44.969 0.0000000000
66851  -54.476  -23.283  45.029 0.0000000000
67951  -55.729  -22.954  45.497 0.0000000000
67950  -54.929  -22.809  45.457 0.0000000000
77593  -59.557  -14.776  41.109 0.0000000000
77580  -59.237  -14.894  41.463 0.0000000000
76339  -58.587  -15.157  41.788 0.0000000000
77572  -59.832  -15.314  42.568 0.0000000000
77584  -60.954  -15.684  41.187 0.0000000000
76341  -60.847  -15.905  41.597 0.0000000000
75019  -61.049  -16.248  41.234 0.0000000000
73826  -60.797  -16.671  39.990 0.0000000000
75034  -61.330  -15.834  40.585 0.0000000000
81042  -61.206  -12.198  38.400 0.0000000000
79901  -61.297  -13.284  39.000 0.0000000000
79910  -61.605  -12.827  38.109 0.0000000000
77655  -62.386  -13.448  36.574 0.0000000000
77643  -61.887  -13.455  37.348 0.0000000000
50211  -52.213  -38.149  52.154 0.0000000000
51332  -52.363  -37.446  51.406 0.0000000000
50212  -52.505  -37.580  52.300 0.0000000000
52378  -53.345  -36.078  53.848 0.0000000000
51280  -53.145  -36.584  53.358 0.0000000000
53450  -53.459  -35.359  53.441 0.0000000000
53464  -53.672  -34.952  52.656 0.0000000000
54491  -53.031  -34.376  56.778 0.0000000000
53429  -53.296  -35.462  55.567 0.0000000000
56722  -53.384  -31.886  55.002 0.0000000000
56735  -53.345  -32.526  54.975 0.0000000000
56736  -53.542  -32.179  54.205 0.0000000000
55628  -53.543  -33.078  53.688 0.0000000000
57831  -53.802  -31.248  53.469 0.0000000000
58916  -53.623  -30.559  54.168 0.0000000000
61102  -52.910  -29.221  54.181 0.0000000000
59993  -53.678  -29.987  53.851 0.0000000000
33820  -21.421  -51.906  60.461 0.0000000000
33828  -21.374  -51.874  59.726 0.0000000000
34997  -23.130  -50.964  60.185 0.0000000000
37500  -23.164  -49.349  61.316 0.0000000000
38721  -26.139  -48.079  60.023 0.0000000000
39884  -26.593  -47.496  59.470 0.0000000000
42146  -24.818  -46.252  59.636 0.0000000000
42118  -25.967  -46.174  61.105 0.0000000000
40963  -26.648  -46.360  61.111 0.0000000000
42135  -27.437  -45.603  61.117 0.0000000000
40964  -27.168  -45.985  61.156 0.0000000000
40990  -27.514  -46.080  60.093 0.0000000000
40978  -27.971  -45.454  60.424 0.0000000000
40991  -28.169  -45.478  59.647 0.0000000000
44365  -31.642  -43.799  63.669 0.0000000000
44381  -31.046  -43.496  63.381 0.0000000000
43249  -31.425  -44.165  63.549 0.0000000000
42095  -32.030  -45.123  63.728 0.0000000000
42085  -32.312  -44.910  64.115 0.0000000000
42087  -33.132  -45.035  64.273 0.0000000000
40934  -33.162  -45.547  64.019 0.0000000000
40942  -33.763  -46.035  63.477 0.0000000000
39820  -33.796  -46.559  62.874 0.0000000000
40943  -34.463  -45.847  63.322 0.0000000000
44412  -35.529  -44.233  62.084 0.0000000000
44427  -34.971  -43.504  61.210 0.0000000000
44411  -34.623  -43.469  62.162 0.0000000000
45609  -34.080  -43.065  62.786 0.0000000000
44397  -34.602  -43.990  63.026 0.0000000000
43262  -35.152  -44.690  63.066 0.0000000000
42099  -36.087  -45.799  62.615 0.0000000000
43252  -35.464  -45.240  63.035 0.0000000000
40944  -35.561  -46.093  62.744 0.0000000000
40953  -38.394  -46.170  61.685 0.0000000000
39835  -38.898  -46.423  61.538 0.0000000000
45610  -39.993  -43.481  60.996 0.0000000000
44401  -40.069  -43.872  61.128 0.0000000000
51139  -41.307  -38.749  61.030 0.0000000000
51140  -42.072  -38.204  61.146 0.0000000000
50035  -43.222  -38.677  61.660 0.0000000000
50024  -43.319  -39.044  61.641 0.0000000000
49008  -42.715  -39.519  61.531 0.0000000000
49009  -43.446  -39.505  61.476 0.0000000000
51131  -46.456  -38.122  60.548 0.0000000000
51130  -45.527  -38.255  60.954 0.0000000000
50039  -46.557  -38.554  60.409 0.0000000000
48023  -45.792  -39.937  60.362 0.0000000000
48010  -45.315  -39.714  60.621 0.0000000000
48022  -45.177  -40.082  60.552 0.0000000000
48009  -44.700  -40.025  60.759 0.0000000000
46906  -44.833  -40.645  60.202 0.0000000000
45656  -44.079  -41.411  59.886 0.0000000000
46924  -45.322  -40.915  59.642 0.0000000000
45694  -46.355  -41.482  58.089 0.0000000000
45683  -45.115  -41.828  58.792 0.0000000000
45707  -48.416  -41.283  56.624 0.0000000000
44480  -48.883  -41.573  55.384 0.0000000000
49072  -50.211  -39.088  58.249 0.0000000000
48067  -50.171  -39.565  57.576 0.0000000000
49080  -50.700  -39.142  57.531 0.0000000000
48093  -51.515  -39.870  55.258 0.0000000000
48092  -51.080  -40.132  55.770 0.0000000000
46991  -50.834  -40.479  55.203 0.0000000000
45746  -50.064  -40.836  54.793 0.0000000000
47000  -50.911  -40.561  54.252 0.0000000000
47011  -50.398  -40.760  53.321 0.0000000000
48100  -51.436  -40.198  54.037 0.0000000000
49128  -52.048  -38.907  53.032 0.0000000000
48118  -51.511  -39.826  52.804 0.0000000000
49137  -51.476  -39.327  51.775 0.0000000000
33805  -21.198  -51.417  61.893 0.0000000000
33812  -20.904  -52.024  61.391 0.0000000000
55663  -55.280  -32.165  50.554 0.0000000000
54576  -54.687  -33.063  50.656 0.0000000000
55676  -55.494  -32.237  50.015 0.0000000000
63458  -54.527  -27.406  49.643 0.0000000000
62315  -54.934  -28.220  49.868 0.0000000000
63462  -57.344  -27.904  48.941 0.0000000000
62318  -57.137  -28.271  49.164 0.0000000000
62319  -57.579  -28.212  48.965 0.0000000000
61153  -57.403  -28.784  49.155 0.0000000000
61160  -58.095  -28.607  48.792 0.0000000000
64642  -58.866  -26.108  47.172 0.0000000000
64628  -58.338  -26.485  47.710 0.0000000000
61201  -58.571  -28.269  46.965 0.0000000000
60086  -58.384  -29.171  47.713 0.0000000000
60097  -58.221  -29.108  46.944 0.0000000000
69030  -54.815  -21.436  46.451 0.0000000000
69002  -54.507  -20.713  46.919 0.0000000000
76296  -58.500  -15.462  45.127 0.0000000000
76295  -57.464  -15.613  45.412 0.0000000000
74957  -56.058  -16.794  46.678 0.0000000000
74978  -56.186  -16.266  45.777 0.0000000000
74977  -55.324  -16.865  45.858 0.0000000000
74990  -54.429  -17.275  44.956 0.0000000000
74976  -54.913  -17.480  46.048 0.0000000000
73760  -54.205  -18.264  46.087 0.0000000000
73761  -54.873  -17.943  46.672 0.0000000000
71357  -56.601  -19.181  47.337 0.0000000000
71356  -56.182  -19.347  47.409 0.0000000000
70169  -56.340  -19.983  47.040 0.0000000000
69004  -56.245  -20.751  46.986 0.0000000000
70191  -56.514  -20.523  46.907 0.0000000000
69033  -57.200  -21.357  46.272 0.0000000000
70214  -57.220  -20.525  46.210 0.0000000000
54474  -51.625  -34.745  58.445 0.0000000000
55562  -51.292  -34.079  58.479 0.0000000000
56656  -51.528  -33.273  58.270 0.0000000000
57796  -51.306  -32.688  58.096 0.0000000000
48020  -39.341  -40.955  60.495 0.0000000000
46904  -39.860  -41.339  60.713 0.0000000000
48021  -40.020  -40.430  60.584 0.0000000000
49016  -40.742  -39.742  60.748 0.0000000000
49017  -41.292  -39.429  61.174 0.0000000000
54461  -49.049  -35.880  59.337 0.0000000000
53394  -48.752  -36.299  59.520 0.0000000000
53396  -49.866  -36.505  59.794 0.0000000000
52291  -50.642  -36.983  59.570 0.0000000000
53397  -50.771  -35.990  59.292 0.0000000000
61116  -54.395  -29.959  52.586 0.0000000000
60014  -54.715  -30.053  52.054 0.0000000000
60024  -54.781  -30.086  51.659 0.0000000000
61138  -55.573  -29.653  50.283 0.0000000000
65796  -57.482  -24.885  45.122 0.0000000000
66872  -59.166  -24.198  44.413 0.0000000000
67955  -58.648  -23.673  44.408 0.0000000000
67968  -58.634  -22.746  44.061 0.0000000000
75001  -60.571  -16.298  43.120 0.0000000000
74993  -60.350  -16.371  43.746 0.0000000000
73797  -60.567  -17.596  43.072 0.0000000000
78743  -59.745  -14.527  40.619 0.0000000000
78733  -59.980  -15.018  41.125 0.0000000000
77582  -60.076  -15.394  41.795 0.0000000000
78734  -60.285  -15.167  41.066 0.0000000000
77594  -60.753  -15.172  40.713 0.0000000000
77595  -61.014  -15.251  40.560 0.0000000000
76367  -61.288  -15.514  40.367 0.0000000000
77606  -61.395  -14.740  39.706 0.0000000000
77613  -61.620  -14.416  38.979 0.0000000000
79911  -61.750  -12.949  37.857 0.0000000000
79925  -62.138  -12.469  37.324 0.0000000000
76434  -62.317  -14.331  35.353 0.0000000000
49121  -52.490  -38.289  53.762 0.0000000000
50198  -52.611  -37.709  52.922 0.0000000000
50182  -52.824  -37.543  53.789 0.0000000000
51263  -53.217  -36.771  54.236 0.0000000000
52363  -53.337  -36.222  54.815 0.0000000000
56706  -53.033  -32.146  56.514 0.0000000000
57824  -53.293  -31.300  55.413 0.0000000000
61090  -52.934  -29.661  54.508 0.0000000000
33806  -21.840  -51.179  61.665 0.0000000000
34980  -22.346  -50.980  61.421 0.0000000000
34981  -23.121  -50.563  60.998 0.0000000000
39857  -26.479  -47.010  60.843 0.0000000000
43273  -27.067  -45.196  61.401 0.0000000000
43259  -29.405  -43.707  62.569 0.0000000000
43236  -32.234  -44.366  64.068 0.0000000000
43237  -32.737  -44.447  64.346 0.0000000000
43238  -33.165  -44.555  64.352 0.0000000000
42088  -33.617  -45.115  64.155 0.0000000000
45650  -36.802  -43.770  60.621 0.0000000000
45667  -36.433  -43.389  59.923 0.0000000000
43263  -35.790  -44.913  62.642 0.0000000000
42109  -36.879  -45.793  62.250 0.0000000000
42111  -38.894  -45.530  61.561 0.0000000000
45612  -41.078  -42.357  60.886 0.0000000000
44402  -40.694  -43.505  61.081 0.0000000000
44403  -41.099  -42.900  61.011 0.0000000000
44418  -41.249  -43.340  60.953 0.0000000000
44432  -42.706  -42.865  59.941 0.0000000000
44441  -43.344  -42.762  59.588 0.0000000000
51141  -42.942  -38.005  61.181 0.0000000000
51128  -44.021  -38.250  61.456 0.0000000000
50036  -44.024  -38.643  61.529 0.0000000000
50040  -47.301  -38.512  60.015 0.0000000000
49021  -46.869  -38.930  60.094 0.0000000000
49030  -46.910  -39.061  59.993 0.0000000000
48024  -46.531  -39.657  60.053 0.0000000000
48038  -46.196  -40.136  59.953 0.0000000000
46925  -46.116  -40.658  59.379 0.0000000000
46942  -46.577  -40.830  58.761 0.0000000000
45695  -46.913  -41.360  57.793 0.0000000000
46958  -47.633  -40.857  57.951 0.0000000000
45697  -48.254  -40.902  57.295 0.0000000000
46970  -49.077  -40.511  56.864 0.0000000000
50110  -51.595  -38.293  57.409 0.0000000000
49081  -51.115  -38.922  57.208 0.0000000000
49092  -51.411  -39.078  56.546 0.0000000000
49102  -51.873  -39.041  55.701 0.0000000000
49112  -51.935  -39.170  54.928 0.0000000000
48101  -51.662  -39.854  54.438 0.0000000000
49120  -52.029  -39.095  54.105 0.0000000000
36226  -20.130  -50.375  61.999 0.0000000000
33799  -20.905  -51.278  62.098 0.0000000000
56789  -56.078  -31.234  49.834 0.0000000000
55677  -55.776  -31.751  49.892 0.0000000000
55692  -55.916  -31.732  49.503 0.0000000000
64615  -55.507  -26.599  49.280 0.0000000000
64603  -55.791  -27.003  49.347 0.0000000000
64616  -56.019  -26.664  49.081 0.0000000000
64617  -56.679  -26.920  48.822 0.0000000000
63470  -57.742  -27.454  48.503 0.0000000000
63497  -60.060  -26.293  45.958 0.0000000000
62345  -59.361  -26.826  46.474 0.0000000000
74960  -59.034  -16.370  46.572 0.0000000000
76276  -57.598  -15.859  46.287 0.0000000000
74935  -58.398  -16.791  47.140 0.0000000000
74934  -57.640  -16.823  47.391 0.0000000000
74933  -56.716  -17.013  47.392 0.0000000000
73738  -55.626  -18.161  47.351 0.0000000000
73718  -56.846  -18.164  48.032 0.0000000000
71358  -57.043  -18.873  47.385 0.0000000000
71400  -57.116  -19.586  46.619 0.0000000000
81028  -60.709  -12.407  38.747 0.0000000000
81041  -61.180  -11.781  38.423 0.0000000000
82117  -61.085  -11.384  38.294 0.0000000000
82123  -61.117  -10.813  38.210 0.0000000000
81052  -61.722  -11.854  37.762 0.0000000000
82125  -62.005  -11.173  37.531 0.0000000000
51214  -52.776  -36.896  56.832 0.0000000000
52347  -53.263  -36.300  55.708 0.0000000000
52332  -52.968  -36.251  56.859 0.0000000000
53415  -52.901  -35.254  57.140 0.0000000000
55589  -52.822  -33.531  57.308 0.0000000000
55576  -52.392  -33.715  57.841 0.0000000000
56675  -52.568  -33.012  57.693 0.0000000000
56690  -52.787  -32.493  57.182 0.0000000000
58902  -52.099  -30.896  56.891 0.0000000000
59963  -51.833  -30.167  56.583 0.0000000000
38686  -24.035  -48.779  60.999 0.0000000000
38703  -24.163  -48.454  60.955 0.0000000000
46863  -32.162  -42.199  63.132 0.0000000000
44415  -38.642  -44.145  61.215 0.0000000000
44399  -39.075  -44.456  61.362 0.0000000000
45629  -39.182  -43.583  61.005 0.0000000000
46881  -40.275  -41.852  60.773 0.0000000000
46866  -40.879  -41.650  60.747 0.0000000000
46868  -41.709  -41.199  60.836 0.0000000000
46869  -42.246  -40.560  61.062 0.0000000000
52287  -45.957  -36.919  59.977 0.0000000000
52271  -46.015  -37.453  60.533 0.0000000000
52272  -46.631  -37.614  60.447 0.0000000000
52259  -47.017  -37.853  60.499 0.0000000000
53384  -48.629  -36.822  59.708 0.0000000000
52274  -48.356  -37.370  59.791 0.0000000000
51133  -47.548  -38.149  59.928 0.0000000000
50051  -48.187  -38.528  59.795 0.0000000000
49032  -48.545  -38.846  59.867 0.0000000000
49043  -49.256  -39.008  59.618 0.0000000000
49057  -49.436  -39.093  59.102 0.0000000000
50072  -49.917  -38.846  59.258 0.0000000000
50073  -50.375  -38.524  59.116 0.0000000000
50090  -51.078  -38.462  58.205 0.0000000000
51179  -51.183  -37.635  58.954 0.0000000000
50091  -51.520  -38.040  58.069 0.0000000000
51213  -52.382  -37.349  57.021 0.0000000000
37497  -20.745  -49.623  61.150 0.0000000000
37479  -20.993  -49.891  61.677 0.0000000000
56749  -54.132  -32.040  52.278 0.0000000000
54546  -54.291  -33.167  51.519 0.0000000000
56762  -54.546  -32.112  51.622 0.0000000000
56763  -55.003  -31.705  51.297 0.0000000000
56764  -55.356  -31.412  50.899 0.0000000000
58941  -55.241  -30.748  51.118 0.0000000000
57846  -55.504  -31.029  50.744 0.0000000000
56776  -55.658  -31.380  50.394 0.0000000000
57860  -56.085  -30.955  49.990 0.0000000000
57861  -56.546  -30.623  49.627 0.0000000000
57872  -57.020  -30.425  49.202 0.0000000000
64640  -57.230  -26.140  47.675 0.0000000000
64659  -58.524  -25.821  46.505 0.0000000000
64676  -58.871  -25.448  45.682 0.0000000000
63496  -59.784  -25.983  46.240 0.0000000000
63509  -60.086  -26.128  44.992 0.0000000000
76329  -58.621  -15.173  42.790 0.0000000000
76313  -58.739  -15.110  44.008 0.0000000000
76297  -59.318  -15.588  44.799 0.0000000000
76279  -59.536  -16.065  45.164 0.0000000000
74981  -60.058  -16.440  44.282 0.0000000000
74980  -59.809  -16.475  45.001 0.0000000000
74961  -59.512  -16.454  45.705 0.0000000000
73764  -59.438  -17.222  46.018 0.0000000000
72587  -59.104  -17.899  45.586 0.0000000000
56653  -49.999  -33.801  58.329 0.0000000000
56672  -49.584  -33.781  58.114 0.0000000000
53403  -47.510  -36.558  59.471 0.0000000000
53404  -48.226  -36.136  59.289 0.0000000000
54470  -48.671  -35.908  59.335 0.0000000000
55558  -49.327  -34.980  58.591 0.0000000000
55559  -49.668  -34.963  58.626 0.0000000000
62304  -52.832  -28.027  50.453 0.0000000000
63457  -53.585  -27.282  49.658 0.0000000000
64601  -54.226  -26.605  49.565 0.0000000000
65755  -55.292  -25.694  48.904 0.0000000000
64638  -55.711  -25.574  47.917 0.0000000000
64656  -55.522  -25.574  47.274 0.0000000000
64673  -55.982  -25.702  46.086 0.0000000000
65808  -55.580  -24.761  44.860 0.0000000000
65809  -55.924  -24.531  44.770 0.0000000000
66853  -56.004  -23.886  44.810 0.0000000000
67933  -56.221  -22.280  46.111 0.0000000000
77554  -59.464  -15.100  43.248 0.0000000000
77555  -59.810  -15.315  43.400 0.0000000000
77556  -60.210  -15.798  43.255 0.0000000000
77574  -60.439  -15.957  42.743 0.0000000000
76330  -60.620  -16.151  42.953 0.0000000000
75009  -60.754  -16.246  42.063 0.0000000000
73806  -60.698  -16.756  41.677 0.0000000000
76377  -61.289  -15.732  39.962 0.0000000000
78768  -61.585  -13.828  38.937 0.0000000000
77625  -61.566  -14.156  38.312 0.0000000000
78782  -61.777  -13.209  37.742 0.0000000000
77626  -61.602  -13.666  37.965 0.0000000000
51296  -52.893  -36.904  52.836 0.0000000000
51297  -53.229  -36.181  52.387 0.0000000000
52417  -53.603  -35.461  52.279 0.0000000000
54519  -53.327  -34.811  54.753 0.0000000000
55616  -53.267  -33.245  55.348 0.0000000000
54518  -53.339  -33.935  54.668 0.0000000000
55639  -53.769  -33.041  52.686 0.0000000000
57837  -53.939  -31.599  52.785 0.0000000000
57832  -53.845  -30.895  53.133 0.0000000000
58922  -54.206  -30.503  52.801 0.0000000000
59994  -53.942  -30.144  53.164 0.0000000000
62295  -53.323  -28.322  52.007 0.0000000000
57794  -50.432  -32.815  57.959 0.0000000000
58890  -50.849  -30.993  57.623 0.0000000000
58900  -50.724  -30.704  57.434 0.0000000000
59950  -50.884  -30.501  57.524 0.0000000000
59951  -51.121  -30.474  57.459 0.0000000000
59962  -51.483  -30.112  57.036 0.0000000000
61067  -51.618  -29.785  56.315 0.0000000000
61076  -51.604  -29.456  55.455 0.0000000000
62238  -51.817  -29.216  54.800 0.0000000000
62294  -52.727  -27.954  51.444 0.0000000000
35012  -21.222  -51.835  59.234 0.0000000000
36229  -22.816  -50.195  61.527 0.0000000000
39856  -24.908  -47.319  60.912 0.0000000000
40975  -25.483  -46.754  61.043 0.0000000000
39871  -27.028  -46.666  60.508 0.0000000000
43260  -30.118  -43.768  62.840 0.0000000000
43261  -30.897  -44.246  62.738 0.0000000000
42096  -32.672  -45.451  63.936 0.0000000000
40941  -33.191  -46.118  63.554 0.0000000000
46879  -32.945  -41.918  62.439 0.0000000000
45608  -33.435  -42.636  63.185 0.0000000000
45649  -34.761  -42.959  60.697 0.0000000000
45628  -34.154  -42.812  62.058 0.0000000000
44383  -33.745  -43.928  63.913 0.0000000000
43239  -33.743  -44.654  64.113 0.0000000000
42097  -34.264  -45.290  63.877 0.0000000000
43267  -39.526  -44.747  61.387 0.0000000000
42112  -39.602  -45.216  61.433 0.0000000000
43269  -40.562  -44.323  61.180 0.0000000000
42113  -40.142  -44.974  61.343 0.0000000000
40955  -39.753  -45.635  61.378 0.0000000000
51138  -40.733  -38.927  60.631 0.0000000000
50049  -41.153  -38.966  61.168 0.0000000000
50033  -41.622  -38.947  61.530 0.0000000000
51126  -42.309  -38.478  61.528 0.0000000000
50022  -42.083  -39.158  61.677 0.0000000000
49007  -42.140  -39.611  61.537 0.0000000000
47997  -42.804  -40.075  61.208 0.0000000000
48007  -43.225  -40.286  60.892 0.0000000000
51144  -45.697  -37.891  60.899 0.0000000000
50037  -44.754  -38.645  61.244 0.0000000000
50027  -44.861  -39.060  60.956 0.0000000000
49010  -44.228  -39.503  61.249 0.0000000000
48008  -43.987  -40.112  60.979 0.0000000000
46885  -43.400  -40.876  60.509 0.0000000000
45670  -43.844  -42.073  59.620 0.0000000000
44442  -43.950  -42.639  59.180 0.0000000000
45672  -45.412  -41.290  59.160 0.0000000000
44448  -44.565  -42.493  58.731 0.0000000000
48055  -49.262  -39.475  58.523 0.0000000000
46961  -49.467  -40.190  57.265 0.0000000000
46971  -49.757  -40.443  56.687 0.0000000000
48084  -50.930  -39.928  56.412 0.0000000000
46972  -50.353  -40.304  56.469 0.0000000000
46981  -49.977  -40.618  56.184 0.0000000000
47037  -50.301  -40.617  52.219 0.0000000000
48128  -51.264  -39.981  52.248 0.0000000000
33811  -19.927  -52.281  61.392 0.0000000000
55662  -54.733  -32.776  50.913 0.0000000000
61149  -54.463  -28.910  50.560 0.0000000000
61150  -55.286  -29.038  50.087 0.0000000000
61151  -56.094  -28.983  49.616 0.0000000000
63460  -56.189  -27.555  49.357 0.0000000000
62317  -56.567  -28.216  49.365 0.0000000000
60040  -57.009  -29.558  49.391 0.0000000000
58982  -57.841  -29.814  48.819 0.0000000000
64627  -57.711  -26.607  48.075 0.0000000000
63476  -58.126  -26.847  48.003 0.0000000000
63471  -58.312  -27.554  48.136 0.0000000000
62333  -58.645  -27.766  47.976 0.0000000000
62326  -58.215  -28.019  48.457 0.0000000000
60073  -58.371  -29.067  48.280 0.0000000000
58995  -58.218  -29.604  48.304 0.0000000000
59004  -57.806  -30.124  47.842 0.0000000000
69047  -54.665  -22.171  45.807 0.0000000000
76310  -55.794  -16.109  44.301 0.0000000000
74979  -56.971  -15.905  45.948 0.0000000000
74992  -56.069  -16.021  44.948 0.0000000000
72570  -53.828  -18.915  45.989 0.0000000000
72551  -54.089  -19.102  46.843 0.0000000000
72553  -55.516  -18.721  47.330 0.0000000000
71354  -55.352  -19.470  47.241 0.0000000000
70189  -54.918  -20.206  47.181 0.0000000000
69003  -55.458  -20.678  47.079 0.0000000000
69032  -56.602  -21.557  46.605 0.0000000000
69034  -57.692  -21.734  45.785 0.0000000000
69062  -57.845  -21.764  44.474 0.0000000000
70221  -57.370  -20.857  45.455 0.0000000000
70232  -57.563  -21.236  44.965 0.0000000000
40935  -33.657  -45.523  63.944 0.0000000000
43235  -31.880  -44.048  63.827 0.0000000000
44366  -32.056  -43.869  63.865 0.0000000000
44367  -32.476  -43.937  64.155 0.0000000000
44382  -33.112  -43.681  64.288 0.0000000000
44416  -39.324  -43.937  61.141 0.0000000000
45581  -31.624  -43.524  63.620 0.0000000000
45584  -32.814  -43.449  64.268 0.0000000000
45685  -46.600  -41.148  58.322 0.0000000000
45719  -49.221  -41.125  55.931 0.0000000000
45720  -49.933  -40.737  55.909 0.0000000000
45732  -49.989  -40.797  55.518 0.0000000000
46864  -32.797  -42.481  63.479 0.0000000000
46865  -40.708  -41.452  60.714 0.0000000000
46882  -40.606  -41.817  60.744 0.0000000000
46905  -43.956  -41.021  60.242 0.0000000000
46926  -47.031  -40.353  59.152 0.0000000000
46944  -48.020  -40.276  58.474 0.0000000000
46945  -48.525  -40.168  58.217 0.0000000000
47001  -51.373  -40.245  54.355 0.0000000000
48065  -48.964  -39.855  58.225 0.0000000000
48066  -49.592  -39.748  57.911 0.0000000000
48075  -49.934  -40.000  57.310 0.0000000000
48109  -51.235  -40.309  53.458 0.0000000000
48117  -51.019  -40.349  52.685 0.0000000000
49011  -44.632  -39.237  61.077 0.0000000000
49019  -44.915  -39.380  60.851 0.0000000000
49029  -46.328  -39.456  60.282 0.0000000000
49042  -48.749  -39.147  59.679 0.0000000000
49056  -49.026  -39.194  59.369 0.0000000000
49058  -49.990  -39.027  58.919 0.0000000000
49091  -50.921  -39.425  56.954 0.0000000000
49129  -52.387  -38.319  53.132 0.0000000000
50026  -44.652  -39.017  61.181 0.0000000000
50032  -41.092  -39.138  61.046 0.0000000000
50034  -42.471  -38.759  61.710 0.0000000000
50041  -47.743  -38.307  59.816 0.0000000000
50050  -47.564  -38.755  59.820 0.0000000000
50052  -49.090  -38.594  60.045 0.0000000000
50062  -49.252  -38.902  59.860 0.0000000000
50063  -49.697  -38.657  59.669 0.0000000000
50129  -52.690  -37.840  56.164 0.0000000000
50146  -52.279  -38.497  55.707 0.0000000000
50166  -53.020  -37.253  54.227 0.0000000000
51146  -47.799  -37.677  59.852 0.0000000000
51147  -48.085  -37.941  59.756 0.0000000000
51149  -49.489  -37.972  60.041 0.0000000000
51198  -51.425  -37.898  58.367 0.0000000000
51247  -53.244  -36.806  54.839 0.0000000000
51279  -52.898  -37.168  53.359 0.0000000000
51316  -52.456  -37.530  51.991 0.0000000000
52260  -47.156  -37.900  60.281 0.0000000000
52286  -45.396  -37.362  60.326 0.0000000000
52318  -52.739  -35.778  57.373 0.0000000000
52348  -53.340  -35.902  55.296 0.0000000000
53385  -49.104  -36.907  59.754 0.0000000000
53392  -47.727  -36.674  59.725 0.0000000000
53430  -53.342  -35.522  55.018 0.0000000000
54462  -49.386  -35.761  59.224 0.0000000000
54471  -48.977  -35.672  59.188 0.0000000000
54472  -49.433  -35.504  58.933 0.0000000000
54503  -53.301  -35.091  55.277 0.0000000000
54532  -53.452  -33.617  54.112 0.0000000000
54561  -54.050  -34.031  51.622 0.0000000000
54577  -55.139  -32.502  50.386 0.0000000000
55549  -49.895  -35.297  58.824 0.0000000000
55652  -55.147  -31.813  51.216 0.0000000000
55709  -55.931  -31.870  48.937 0.0000000000
56750  -54.601  -31.592  51.879 0.0000000000
56775  -55.319  -31.748  50.825 0.0000000000
56790  -56.562  -30.860  49.479 0.0000000000
56823  -56.805  -30.876  48.810 0.0000000000
56839  -56.645  -31.067  48.658 0.0000000000
57812  -52.283  -31.797  57.302 0.0000000000
57853  -56.157  -30.610  50.161 0.0000000000
57894  -57.002  -30.658  48.284 0.0000000000
58889  -50.585  -31.009  57.530 0.0000000000
58899  -50.472  -30.739  57.172 0.0000000000
58915  -53.370  -30.587  54.999 0.0000000000
58942  -55.623  -30.615  50.492 0.0000000000
58953  -56.879  -30.137  50.018 0.0000000000
58983  -58.210  -29.423  48.539 0.0000000000
58994  -57.823  -30.100  48.339 0.0000000000
59005  -58.179  -29.800  47.967 0.0000000000
59016  -57.772  -29.809  47.200 0.0000000000
59960  -50.607  -30.292  57.130 0.0000000000
59964  -52.227  -30.357  56.375 0.0000000000
60005  -54.819  -30.363  51.942 0.0000000000
60015  -54.913  -30.406  51.522 0.0000000000
60039  -56.512  -29.689  49.655 0.0000000000
60055  -57.730  -29.199  49.064 0.0000000000
60096  -57.922  -29.326  46.679 0.0000000000
61068  -51.794  -29.949  56.211 0.0000000000
61077  -51.965  -29.876  55.668 0.0000000000
61078  -52.457  -29.824  55.160 0.0000000000
61091  -53.311  -29.762  54.161 0.0000000000
61126  -54.450  -29.813  52.211 0.0000000000
61135  -53.692  -28.644  51.506 0.0000000000
61136  -54.129  -28.994  51.452 0.0000000000
61159  -57.784  -28.589  48.998 0.0000000000
61172  -58.371  -28.505  48.352 0.0000000000
62239  -51.969  -29.494  54.961 0.0000000000
63461  -56.889  -27.585  49.032 0.0000000000
63469  -57.095  -27.251  48.689 0.0000000000
63487  -59.606  -26.611  46.291 0.0000000000
64655  -55.108  -25.413  46.902 0.0000000000
64660  -59.329  -25.764  46.190 0.0000000000
64661  -59.914  -25.610  45.847 0.0000000000
64677  -59.222  -25.455  45.703 0.0000000000
64687  -59.879  -25.484  44.498 0.0000000000
65713  -55.186  -26.422  49.339 0.0000000000
65737  -55.410  -26.218  49.157 0.0000000000
65756  -55.817  -26.060  48.817 0.0000000000
65769  -55.351  -25.444  48.219 0.0000000000
65785  -59.842  -25.214  45.402 0.0000000000
66870  -55.320  -24.239  44.737 0.0000000000
66871  -55.708  -24.371  44.729 0.0000000000
66873  -59.460  -24.529  44.294 0.0000000000
67984  -58.899  -23.362  43.805 0.0000000000
68976  -55.937  -20.420  47.062 0.0000000000
68977  -56.132  -20.275  47.041 0.0000000000
69001  -54.148  -20.597  46.783 0.0000000000
69049  -57.835  -21.691  45.334 0.0000000000
70167  -55.367  -19.794  47.225 0.0000000000
70170  -56.595  -19.692  47.035 0.0000000000
70190  -55.430  -20.155  47.168 0.0000000000
70222  -57.714  -21.388  45.086 0.0000000000
71355  -55.735  -19.416  47.313 0.0000000000
71376  -53.973  -19.654  46.995 0.0000000000
71377  -54.750  -19.542  47.174 0.0000000000
71378  -56.859  -19.413  47.072 0.0000000000
71401  -57.543  -18.790  46.452 0.0000000000
72527  -55.399  -19.125  47.303 0.0000000000
72528  -55.928  -18.800  47.549 0.0000000000
72530  -57.017  -18.580  47.723 0.0000000000
72552  -54.934  -18.667  47.123 0.0000000000
72573  -58.954  -17.770  46.180 0.0000000000
72588  -59.673  -17.843  44.978 0.0000000000
72612  -60.524  -17.614  42.659 0.0000000000
73716  -55.948  -18.447  47.638 0.0000000000
73717  -56.218  -18.339  47.792 0.0000000000
73719  -57.386  -18.055  47.778 0.0000000000
73737  -55.106  -18.224  47.120 0.0000000000
73739  -56.441  -17.747  47.695 0.0000000000
73740  -57.227  -17.525  47.762 0.0000000000
73762  -55.345  -17.769  46.987 0.0000000000
73778  -54.372  -17.812  45.713 0.0000000000
73781  -60.234  -16.696  44.070 0.0000000000
74931  -55.587  -17.691  47.073 0.0000000000
74932  -55.960  -17.439  47.208 0.0000000000
74955  -55.073  -17.620  46.446 0.0000000000
74959  -58.078  -16.147  46.913 0.0000000000
75010  -61.061  -15.937  41.391 0.0000000000
75020  -61.258  -15.870  40.884 0.0000000000
75033  -61.188  -16.139  40.450 0.0000000000
76278  -59.172  -15.838  45.705 0.0000000000
76294  -56.625  -15.832  45.338 0.0000000000
76366  -61.334  -15.810  40.371 0.0000000000
77557  -60.422  -16.040  43.171 0.0000000000
78732  -59.750  -14.940  41.133 0.0000000000
78756  -59.316  -14.045  40.018 0.0000000000
78781  -61.597  -13.779  38.415 0.0000000000
79889  -60.628  -14.247  39.955 0.0000000000
81026  -60.090  -12.432  38.686 0.0000000000
81053  -62.192  -11.677  37.338 0.0000000000
82124  -61.527  -11.015  37.932 0.0000000000
