#!ascii label  , from subject 3469 vox2ras=TkReg
1065
89400  15.486  -2.364  -15.320 0.2500000000
90494  16.239  -1.958  -16.454 0.2500000000
89420  16.574  -2.637  -16.708 0.7500000000
92528  12.982  0.297  -13.539 0.2500000000
91507  13.366  -0.262  -14.174 0.1250000000
92546  13.472  0.494  -14.282 0.3750000000
91506  13.815  -0.840  -14.527 0.2500000000
89383  14.383  -1.934  -14.519 0.2500000000
90495  15.699  -1.829  -15.773 0.3750000000
89419  17.078  -2.932  -17.434 0.8750000000
90512  16.685  -2.027  -17.093 0.8750000000
89437  18.104  -2.989  -18.826 0.8750000000
92545  14.014  0.191  -14.789 0.3750000000
91519  14.633  -0.732  -15.173 0.3750000000
91534  15.899  -0.998  -16.466 0.8750000000
91518  15.306  -1.160  -15.654 0.7500000000
91563  18.431  -1.161  -19.352 1.0000000000
91549  17.338  -1.348  -18.064 1.0000000000
91550  16.743  -1.049  -17.372 0.8750000000
89449  18.836  -2.790  -19.486 1.0000000000
90511  17.127  -2.028  -17.781 0.8750000000
89448  19.552  -2.563  -19.903 1.0000000000
93559  13.451  1.432  -14.176 0.2500000000
92557  14.817  0.430  -15.722 0.7500000000
92568  15.533  0.241  -16.533 0.8750000000
91551  16.185  -0.160  -17.112 0.8750000000
92556  15.258  -0.446  -15.894 0.7500000000
91577  18.901  -0.625  -20.008 1.0000000000
91564  17.878  -1.037  -18.678 1.0000000000
92599  17.586  0.174  -18.738 1.0000000000
90555  20.362  -1.473  -20.353 1.0000000000
90542  19.605  -1.609  -20.104 1.0000000000
89466  20.253  -2.425  -20.227 1.0000000000
90543  18.916  -1.784  -19.673 1.0000000000
93539  12.771  1.405  -12.986 0.1250000000
93577  14.059  1.425  -15.260 0.6250000000
92587  16.080  0.803  -17.274 1.0000000000
92569  15.201  0.856  -16.294 0.8750000000
92586  16.809  0.239  -17.825 1.0000000000
91594  21.318  -0.343  -20.522 1.0000000000
91596  19.535  -0.123  -20.476 1.0000000000
91578  18.209  -0.407  -19.303 1.0000000000
92607  18.377  0.616  -19.636 1.0000000000
90554  21.165  -1.342  -20.465 1.0000000000
91576  19.745  -0.825  -20.318 1.0000000000
90551  23.501  -1.452  -20.659 1.0000000000
90553  22.000  -1.328  -20.510 1.0000000000
97699  14.719  5.604  -15.747 0.2500000000
94615  13.240  2.461  -13.560 0.2500000000
94630  13.894  2.625  -15.217 0.3750000000
93578  13.684  2.001  -14.815 0.5000000000
94648  15.401  2.417  -16.798 1.0000000000
94649  14.541  2.504  -16.013 0.6250000000
93613  16.004  1.844  -17.387 1.0000000000
93633  18.946  1.390  -20.291 1.0000000000
93625  17.645  1.378  -19.060 1.0000000000
92619  22.325  0.293  -20.547 1.0000000000
92621  20.758  0.606  -20.712 1.0000000000
91591  23.612  -0.759  -20.609 1.0000000000
92617  23.870  -0.209  -20.601 1.0000000000
92616  24.371  -0.472  -20.726 1.0000000000
97719  15.248  5.477  -16.625 0.5000000000
97700  14.309  5.361  -15.086 0.3750000000
96691  14.278  4.618  -15.350 0.3750000000
95683  14.358  3.589  -15.681 0.5000000000
96711  15.449  4.510  -16.944 0.5000000000
95704  16.526  3.544  -17.924 0.8750000000
94666  16.063  2.758  -17.453 1.0000000000
95718  17.102  3.908  -18.534 1.0000000000
93648  19.645  1.972  -20.537 1.0000000000
94676  17.696  2.518  -19.072 1.0000000000
93662  22.113  1.537  -20.634 1.0000000000
93647  20.443  1.570  -20.732 1.0000000000
93660  23.875  1.266  -20.532 1.0000000000
92630  23.440  0.601  -20.576 1.0000000000
92629  24.567  0.092  -20.753 0.8750000000
98749  15.644  6.243  -17.057 0.5000000000
97733  16.496  5.434  -17.902 0.6250000000
97745  17.538  5.459  -19.253 0.6250000000
96723  17.305  4.629  -18.905 1.0000000000
95725  18.841  3.588  -20.092 1.0000000000
95735  23.368  3.083  -20.251 1.0000000000
95736  22.429  2.940  -20.598 1.0000000000
95737  21.561  2.789  -20.691 1.0000000000
94698  19.533  2.965  -20.404 1.0000000000
94693  23.850  2.209  -20.303 1.0000000000
94709  23.156  1.875  -20.512 1.0000000000
94711  21.648  2.146  -20.669 1.0000000000
93644  25.354  1.626  -20.619 0.8750000000
93645  24.552  1.671  -20.499 1.0000000000
93659  24.986  1.008  -20.753 0.8750000000
97732  17.012  5.479  -18.603 0.8750000000
97762  20.128  4.936  -20.593 1.0000000000
97759  22.355  4.456  -20.509 1.0000000000
95739  20.035  3.440  -20.561 1.0000000000
96741  25.180  4.285  -19.699 1.0000000000
94690  26.504  2.263  -20.703 1.0000000000
94692  24.931  2.262  -20.327 1.0000000000
96742  23.880  3.961  -19.899 1.0000000000
95733  25.645  3.051  -20.121 1.0000000000
98748  16.206  6.242  -17.551 0.5000000000
98760  17.345  6.380  -18.890 0.8750000000
98780  17.911  6.268  -19.500 1.0000000000
99818  21.675  7.190  -19.675 1.0000000000
98794  20.579  5.672  -20.437 1.0000000000
98796  19.177  5.726  -20.188 1.0000000000
98772  25.236  6.320  -19.404 1.0000000000
97740  24.598  5.549  -19.501 1.0000000000
97756  27.108  5.474  -20.614 1.0000000000
98791  26.080  6.169  -19.659 1.0000000000
96730  24.842  4.997  -19.546 1.0000000000
96740  26.700  4.111  -20.336 1.0000000000
97757  26.258  5.249  -19.862 1.0000000000
96758  27.088  3.484  -20.795 0.8750000000
102788  20.519  10.420  -18.447 1.0000000000
102789  19.472  10.386  -18.226 0.3750000000
102787  21.534  10.371  -18.416 0.8750000000
100846  22.175  8.162  -19.152 1.0000000000
99814  26.125  7.184  -19.667 1.0000000000
99815  24.945  7.293  -19.233 1.0000000000
103701  21.727  12.130  -17.780 0.8750000000
103719  22.165  11.330  -18.055 1.0000000000
102786  22.590  10.415  -18.314 1.0000000000
100825  22.805  8.792  -18.687 1.0000000000
100843  25.720  8.230  -19.343 1.0000000000
101829  26.308  9.060  -19.753 1.0000000000
100842  26.592  8.070  -20.000 1.0000000000
104686  22.054  12.986  -17.841 0.7500000000
103718  23.188  11.482  -18.304 1.0000000000
102785  23.614  10.556  -18.457 1.0000000000
102811  26.129  10.308  -21.065 1.0000000000
102802  25.193  10.267  -19.348 1.0000000000
101830  25.516  9.317  -19.178 1.0000000000
104700  23.643  12.476  -18.590 1.0000000000
103717  24.190  11.583  -18.826 1.0000000000
103729  25.431  10.823  -19.920 1.0000000000
110467  21.227  18.673  -17.779 0.1250000000
109560  20.163  18.284  -18.827 0.2500000000
110474  20.417  19.067  -18.606 0.1250000000
109561  19.672  18.422  -19.412 0.3750000000
109568  19.355  18.283  -20.153 0.5000000000
110480  19.086  19.174  -19.855 0.2500000000
110485  18.766  19.161  -21.237 0.3750000000
111238  20.767  20.029  -18.371 0.2500000000
110475  19.660  19.249  -19.262 0.2500000000
111239  19.922  20.210  -19.112 0.2500000000
111985  20.005  21.182  -19.849 0.2500000000
111249  18.920  19.824  -20.910 0.2500000000
111248  19.458  20.482  -21.266 0.2500000000
111252  18.779  19.814  -21.917 0.3750000000
111244  19.423  20.186  -20.167 0.2500000000
111255  19.081  19.773  -22.819 0.3750000000
89382  15.037  -2.453  -14.694 0.1250000000
90480  14.241  -1.420  -14.697 0.2500000000
91495  13.035  -0.588  -13.671 0.1250000000
89464  21.902  -2.321  -20.560 1.0000000000
97744  18.191  5.371  -19.684 0.8750000000
97741  23.728  5.460  -19.741 1.0000000000
88278  15.671  -3.118  -14.805 0.1250000000
88311  16.795  -3.510  -16.628 0.6250000000
88324  18.378  -3.893  -18.735 0.7500000000
91486  12.832  -0.603  -12.981 0.1250000000
87313  18.876  -4.382  -18.908 1.0000000000
90454  13.619  -1.941  -13.353 0.1250000000
88348  20.149  -3.158  -20.050 1.0000000000
88346  21.818  -3.354  -20.457 1.0000000000
88344  23.469  -3.260  -20.726 1.0000000000
95665  13.479  3.105  -14.011 0.3750000000
96676  13.829  4.837  -14.659 0.2500000000
95652  13.488  4.351  -14.178 0.2500000000
91607  24.858  -0.915  -20.926 0.8750000000
93658  26.106  1.216  -20.984 0.8750000000
92628  25.681  0.147  -21.202 0.8750000000
94707  26.899  2.006  -21.098 0.8750000000
102770  18.620  10.412  -17.711 0.1250000000
101797  17.975  9.792  -17.629 0.1250000000
99785  16.470  7.258  -17.560 0.3750000000
99798  17.895  7.391  -19.207 0.6250000000
96739  27.340  4.744  -20.916 1.0000000000
95748  27.219  3.018  -21.130 0.8750000000
103720  21.158  11.219  -18.043 0.8750000000
102790  18.880  9.877  -18.166 0.3750000000
101835  19.540  8.977  -18.967 0.8750000000
99834  26.899  7.210  -20.504 1.0000000000
99847  27.112  7.724  -21.283 1.0000000000
100866  26.991  8.149  -22.009 1.0000000000
104701  22.703  12.515  -18.107 1.0000000000
102800  26.423  9.467  -20.235 1.0000000000
105750  22.528  13.643  -18.146 0.8750000000
105769  23.941  13.772  -20.105 1.0000000000
104718  24.739  12.215  -20.824 1.0000000000
103735  25.617  10.862  -20.664 1.0000000000
110456  21.527  17.993  -16.274 0.1250000000
109548  20.510  16.915  -17.031 0.1250000000
108570  20.789  16.848  -19.556 0.6250000000
108571  20.111  17.686  -19.530 0.6250000000
108601  19.190  17.260  -21.956 0.5000000000
109596  18.735  18.017  -22.237 0.5000000000
111980  20.300  21.226  -18.925 0.2500000000
111253  18.586  19.306  -22.229 0.5000000000
110497  18.527  18.752  -23.436 0.5000000000
112731  20.794  22.054  -18.990 0.1250000000
111988  20.192  21.193  -20.639 0.2500000000
111247  20.614  20.492  -21.304 0.2500000000
110493  19.194  19.529  -23.240 0.3750000000
110484  20.546  19.930  -21.694 0.2500000000
112736  20.424  22.092  -19.808 0.1250000000
88295  15.729  -2.878  -15.218 0.1250000000
89399  16.136  -2.698  -15.924 0.3750000000
90466  13.694  -1.607  -14.151 0.1250000000
88325  17.717  -3.686  -18.181 0.7500000000
88333  18.872  -3.733  -19.206 1.0000000000
92585  17.296  -0.595  -18.097 1.0000000000
90531  17.667  -2.022  -18.454 1.0000000000
89465  21.051  -2.377  -20.446 1.0000000000
93595  14.894  1.476  -16.177 0.8750000000
92600  17.080  1.027  -18.459 1.0000000000
91593  22.129  -0.425  -20.505 1.0000000000
92606  19.025  0.410  -20.361 1.0000000000
90552  22.793  -1.387  -20.579 1.0000000000
89463  22.735  -2.312  -20.607 1.0000000000
95664  13.672  3.687  -14.677 0.3750000000
93626  17.032  1.967  -18.574 1.0000000000
93634  18.354  1.924  -19.606 1.0000000000
92618  23.088  0.067  -20.547 1.0000000000
92620  21.553  0.557  -20.618 1.0000000000
92622  19.781  0.791  -20.697 1.0000000000
93646  21.129  1.295  -20.740 1.0000000000
92632  21.894  1.036  -20.632 1.0000000000
95682  15.019  3.523  -16.516 0.6250000000
96710  16.182  4.510  -17.572 0.6250000000
94677  17.116  3.020  -18.514 1.0000000000
96733  18.502  4.517  -19.872 1.0000000000
94697  20.261  2.534  -20.617 1.0000000000
94683  18.920  2.496  -20.140 1.0000000000
94684  18.258  3.036  -19.656 1.0000000000
93661  22.883  1.385  -20.571 1.0000000000
91605  26.330  -0.769  -21.840 0.8750000000
96734  17.859  4.601  -19.471 1.0000000000
96747  19.755  4.259  -20.502 1.0000000000
95734  24.432  3.080  -19.942 1.0000000000
94694  22.998  2.429  -20.474 1.0000000000
95738  20.772  3.131  -20.661 1.0000000000
96744  22.033  3.810  -20.633 1.0000000000
94708  26.329  1.736  -20.839 0.8750000000
98792  21.839  5.482  -20.363 1.0000000000
97764  18.813  5.201  -20.069 1.0000000000
97760  21.814  4.828  -20.522 1.0000000000
97761  20.920  4.829  -20.621 1.0000000000
96745  21.243  3.895  -20.669 1.0000000000
96732  23.512  4.688  -20.078 1.0000000000
99822  18.270  6.787  -19.600 0.7500000000
98778  19.377  6.467  -20.035 1.0000000000
98777  20.222  6.484  -20.109 1.0000000000
99819  20.738  7.234  -19.716 1.0000000000
98775  22.091  6.104  -20.097 1.0000000000
99817  22.700  7.205  -19.507 1.0000000000
99816  23.792  7.266  -19.212 1.0000000000
98790  26.710  6.197  -20.157 1.0000000000
98773  24.232  6.350  -19.410 1.0000000000
98774  23.195  6.258  -19.695 1.0000000000
101814  20.859  9.578  -18.834 1.0000000000
101815  19.939  9.610  -18.723 0.7500000000
100847  21.265  7.985  -19.349 1.0000000000
100845  23.257  8.110  -18.915 1.0000000000
100848  20.395  8.071  -19.402 1.0000000000
101832  21.605  8.545  -19.114 1.0000000000
100844  24.505  8.462  -18.825 1.0000000000
101813  21.953  9.271  -18.754 1.0000000000
101831  24.676  9.589  -18.824 1.0000000000
101812  23.092  9.604  -18.458 1.0000000000
101844  26.635  8.955  -20.516 1.0000000000
104710  24.681  12.213  -19.740 1.0000000000
101811  23.968  9.733  -18.555 1.0000000000
103736  25.125  11.492  -20.294 1.0000000000
105758  24.300  13.136  -19.549 1.0000000000
105748  23.967  13.133  -18.921 1.0000000000
110468  21.436  17.997  -16.981 0.1250000000
109546  20.767  17.913  -18.169 0.1250000000
109547  20.965  17.371  -17.273 0.1250000000
111233  21.661  19.771  -17.640 0.2500000000
108543  20.935  16.950  -17.830 0.3750000000
108559  20.146  17.905  -19.107 0.5000000000
109582  18.937  18.391  -21.442 0.5000000000
109581  19.407  17.842  -20.947 0.7500000000
111251  19.691  20.177  -22.179 0.2500000000
88261  15.862  -3.005  -14.402 0.1250000000
88294  16.305  -3.609  -15.618 0.1250000000
88310  17.325  -3.850  -17.421 0.7500000000
88332  19.701  -3.608  -19.678 1.0000000000
101818  17.724  9.233  -17.811 0.5000000000
99799  17.147  7.298  -18.356 0.6250000000
99820  19.804  7.307  -19.724 0.8750000000
100850  18.756  7.986  -19.407 0.7500000000
101816  19.121  9.336  -18.582 0.7500000000
100827  18.534  8.464  -18.987 0.8750000000
100849  19.371  8.259  -19.364 1.0000000000
101834  20.185  8.891  -19.115 1.0000000000
105749  23.302  13.510  -18.625 1.0000000000
105777  23.916  13.694  -21.146 1.0000000000
104727  24.570  12.071  -21.748 1.0000000000
108586  20.819  16.587  -20.440 0.7500000000
108587  20.102  17.380  -20.349 0.7500000000
108558  20.732  17.213  -18.696 0.5000000000
108600  19.994  16.747  -21.476 0.7500000000
110487  20.355  19.632  -22.239 0.2500000000
109613  20.112  18.929  -23.508 0.3750000000
83194  20.810  -8.571  -18.778 0.7500000000
83206  22.984  -8.588  -19.602 0.7500000000
83195  19.966  -8.209  -18.614 0.7500000000
84232  19.729  -7.601  -18.678 0.7500000000
84245  23.277  -7.911  -20.010 0.7500000000
83208  21.002  -8.140  -19.039 0.7500000000
84247  21.189  -7.452  -19.362 0.7500000000
84249  19.645  -7.282  -18.711 0.7500000000
84246  22.277  -7.422  -19.772 0.7500000000
86266  18.345  -5.510  -18.039 0.7500000000
87302  17.797  -4.579  -17.795 0.6250000000
85282  20.384  -6.569  -19.287 0.7500000000
86276  20.460  -5.576  -19.495 0.8750000000
87300  19.132  -4.988  -18.837 0.8750000000
84265  23.457  -7.229  -20.297 0.7500000000
85301  22.518  -6.515  -20.264 0.7500000000
85302  21.732  -6.154  -20.108 0.7500000000
87311  20.544  -4.579  -19.729 0.8750000000
85300  23.478  -6.319  -20.591 0.7500000000
86294  22.619  -5.396  -20.436 0.7500000000
87329  21.730  -4.423  -20.256 0.8750000000
88331  20.450  -3.782  -19.960 0.8750000000
86292  24.068  -5.173  -21.078 0.7500000000
87328  22.676  -4.330  -20.432 0.8750000000
87344  24.686  -4.374  -21.388 0.8750000000
88364  24.122  -3.368  -21.065 0.8750000000
88363  24.770  -3.479  -21.399 0.8750000000
89461  24.036  -2.135  -20.863 0.8750000000
88373  27.660  -3.509  -22.633 0.3750000000
89492  26.940  -2.592  -22.430 0.6250000000
89481  25.445  -2.557  -21.604 0.7500000000
90569  24.823  -1.699  -21.085 0.7500000000
89491  27.908  -2.609  -22.848 0.5000000000
90581  26.980  -1.668  -22.404 0.7500000000
90567  26.207  -1.674  -21.945 0.7500000000
89498  29.667  -2.393  -23.646 0.1250000000
90591  29.063  -1.765  -23.551 0.3750000000
90580  27.580  -1.570  -22.756 0.6250000000
91620  27.054  -0.790  -22.389 0.6250000000
92627  26.588  0.131  -21.832 0.6250000000
90589  30.890  -2.062  -24.220 0.1250000000
90597  30.418  -1.413  -24.371 0.1250000000
92652  29.150  -0.041  -23.673 0.1250000000
92651  29.808  0.170  -24.078 0.1250000000
93670  28.064  0.928  -22.928 0.6250000000
93656  27.636  1.175  -22.344 0.6250000000
94706  27.608  1.658  -22.167 0.7500000000
92650  30.477  0.028  -24.392 0.1250000000
93692  31.078  1.426  -25.087 0.1250000000
94726  28.783  1.902  -24.125 0.1250000000
94719  28.391  1.589  -23.452 0.5000000000
94720  28.062  2.092  -22.815 0.6250000000
95747  27.697  2.810  -21.993 0.7500000000
91644  31.836  -0.434  -24.929 0.1250000000
95772  28.850  2.879  -24.346 0.5000000000
95761  28.235  2.982  -22.865 0.6250000000
96771  28.148  3.838  -22.612 0.7500000000
104687  21.327  12.880  -17.659 0.6250000000
106723  21.680  14.824  -17.995 0.5000000000
97799  28.439  4.611  -23.907 0.6250000000
97789  28.057  5.146  -22.834 0.6250000000
97776  27.596  5.350  -21.549 0.8750000000
97810  28.740  4.992  -25.063 0.5000000000
97800  27.868  5.522  -24.270 0.6250000000
98814  27.545  6.315  -22.345 0.7500000000
106722  22.215  14.240  -18.166 0.7500000000
98805  27.464  6.278  -21.287 0.8750000000
101852  26.534  9.053  -21.550 0.8750000000
101853  26.228  9.566  -21.868 0.8750000000
100875  26.833  7.794  -22.694 0.8750000000
100876  26.392  8.276  -22.971 0.8750000000
101864  26.078  9.283  -22.541 0.8750000000
101872  25.415  9.385  -23.398 0.8750000000
97821  28.446  5.764  -25.840 0.3750000000
98831  27.133  6.264  -24.813 0.5000000000
99866  26.776  7.046  -23.620 0.6250000000
97811  27.854  5.795  -25.276 0.3750000000
106734  21.982  15.292  -18.638 0.6250000000
107649  22.123  15.470  -19.820 0.7500000000
106732  23.341  14.106  -19.058 0.8750000000
106733  22.639  14.675  -18.857 0.7500000000
106756  23.385  14.373  -20.610 0.8750000000
103745  25.129  11.457  -21.227 0.8750000000
103754  24.926  11.124  -22.289 0.7500000000
102832  24.957  9.983  -23.455 0.8750000000
99867  26.265  7.540  -23.854 0.6250000000
98843  26.439  6.705  -25.361 0.5000000000
100896  24.678  8.337  -24.644 0.7500000000
98841  27.979  6.372  -26.100 0.2500000000
107640  21.486  16.036  -18.729 0.6250000000
106744  22.792  14.923  -20.105 0.8750000000
105787  24.193  12.619  -22.091 0.8750000000
106778  22.865  14.208  -22.354 0.7500000000
104736  24.203  12.137  -22.644 0.8750000000
102840  23.863  10.005  -24.637 0.7500000000
99877  25.293  7.677  -24.764 0.5000000000
99895  26.615  7.510  -26.210 0.2500000000
98852  25.830  7.005  -25.768 0.5000000000
98844  25.779  7.096  -25.167 0.5000000000
98849  28.165  6.910  -26.235 0.2500000000
107650  21.440  16.067  -19.677 0.5000000000
107661  21.434  15.889  -20.540 0.6250000000
107671  22.076  15.154  -21.305 0.7500000000
106779  22.109  14.324  -22.741 0.7500000000
106768  21.574  14.941  -22.283 0.7500000000
106789  21.578  14.186  -23.339 0.7500000000
104746  22.485  12.483  -24.202 0.7500000000
105800  22.397  13.332  -23.575 0.7500000000
104745  23.180  12.198  -23.840 0.7500000000
103769  23.150  11.220  -24.477 0.7500000000
103770  22.399  11.170  -25.085 0.7500000000
100907  23.364  8.549  -26.072 0.5000000000
100908  22.984  8.806  -26.676 0.3750000000
101888  23.286  9.331  -25.600 0.6250000000
99896  25.570  7.509  -26.275 0.2500000000
99897  24.512  7.747  -26.307 0.3750000000
100917  23.629  8.298  -26.887 0.3750000000
108599  20.913  16.261  -21.034 0.6250000000
107672  21.222  15.595  -21.622 0.7500000000
106781  20.521  14.907  -23.223 0.7500000000
105801  21.263  13.893  -23.883 0.7500000000
105815  21.465  13.173  -24.635 0.7500000000
103778  21.759  11.237  -25.804 0.6250000000
100925  22.976  9.144  -27.533 0.3750000000
102850  22.358  10.277  -26.175 0.3750000000
100915  25.861  8.297  -26.317 0.1250000000
101895  24.404  9.235  -27.181 0.1250000000
100923  23.989  8.656  -27.465 0.2500000000
107673  20.355  16.015  -22.019 0.6250000000
107693  20.139  15.190  -23.303 0.7500000000
105802  20.696  14.224  -23.872 0.6250000000
102851  21.869  10.787  -26.518 0.3750000000
104755  21.527  12.228  -25.332 0.3750000000
104754  22.034  12.175  -24.719 0.7500000000
102862  23.458  10.241  -27.553 0.2500000000
102863  22.821  10.316  -27.552 0.3750000000
103777  22.245  10.759  -25.636 0.6250000000
103775  25.487  11.174  -25.605 0.1250000000
103776  24.795  11.051  -26.284 0.1250000000
102847  25.850  10.129  -25.668 0.1250000000
107687  19.637  15.962  -22.750 0.6250000000
106803  19.966  14.444  -24.689 0.3750000000
106792  19.699  15.129  -24.287 0.3750000000
105850  20.834  13.823  -25.818 0.3750000000
105870  22.522  12.918  -27.828 0.2500000000
104761  21.359  12.220  -26.183 0.3750000000
105828  21.166  13.076  -25.619 0.3750000000
104772  24.688  11.843  -27.702 0.1250000000
103788  23.222  11.131  -27.753 0.3750000000
103789  22.404  11.222  -27.563 0.3750000000
103768  25.706  11.755  -25.290 0.1250000000
103787  23.902  11.065  -27.546 0.1250000000
109651  19.266  17.618  -24.481 0.3750000000
108616  19.083  16.707  -22.625 0.3750000000
107694  19.587  15.676  -23.479 0.3750000000
107720  20.173  15.527  -25.611 0.3750000000
107704  19.633  15.873  -24.450 0.3750000000
106832  21.740  14.255  -26.641 0.3750000000
106833  20.950  14.347  -26.209 0.3750000000
106815  20.169  14.613  -25.577 0.3750000000
105848  22.099  13.585  -27.255 0.3750000000
105871  21.815  12.864  -27.375 0.3750000000
105849  21.392  13.302  -26.544 0.3750000000
105866  26.177  12.808  -28.371 0.1250000000
104773  23.882  11.885  -28.193 0.1250000000
105869  23.622  13.063  -28.045 0.2500000000
104765  25.296  12.270  -26.649 0.1250000000
108644  20.737  16.954  -25.128 0.2500000000
108664  21.243  16.284  -25.478 0.2500000000
108665  20.430  16.207  -25.435 0.3750000000
108645  19.748  16.663  -24.942 0.3750000000
107740  23.276  14.889  -26.410 0.1250000000
107742  21.297  15.045  -26.317 0.3750000000
107719  20.875  15.666  -25.868 0.3750000000
106831  22.673  14.199  -26.900 0.1250000000
106828  25.854  13.991  -27.745 0.1250000000
105847  22.937  13.560  -27.499 0.1250000000
110498  19.895  18.501  -24.236 0.3750000000
109650  20.200  17.862  -24.582 0.3750000000
108643  21.631  16.827  -24.985 0.2500000000
107717  22.710  15.611  -25.775 0.1250000000
108662  23.048  16.194  -25.130 0.1250000000
107716  23.879  15.684  -25.574 0.1250000000
108661  23.733  16.252  -24.962 0.1250000000
107715  25.033  15.457  -25.812 0.1250000000
109629  23.852  17.075  -23.600 0.1250000000
107701  25.549  16.013  -25.114 0.1250000000
108640  24.208  16.531  -24.549 0.1250000000
107713  27.013  15.392  -26.474 0.1250000000
107737  26.440  14.677  -27.189 0.1250000000
88362  25.464  -3.454  -21.678 0.6250000000
96770  28.547  3.601  -23.550 0.6250000000
99856  27.007  7.228  -22.953 0.8750000000
99876  25.930  7.346  -24.509 0.5000000000
98842  27.277  6.395  -25.686 0.3750000000
107639  21.970  15.537  -19.118 0.6250000000
106766  23.212  14.309  -21.617 0.8750000000
106767  22.255  14.768  -21.842 0.7500000000
105788  23.550  13.296  -22.456 0.8750000000
105799  23.213  12.850  -23.267 0.7500000000
103762  23.803  11.273  -23.934 0.7500000000
99887  24.406  7.653  -25.593 0.5000000000
99898  23.809  7.866  -26.129 0.5000000000
100897  24.099  8.674  -24.854 0.7500000000
99886  25.167  7.327  -25.690 0.5000000000
106849  25.281  13.355  -28.023 0.1250000000
108663  22.141  16.265  -25.359 0.2500000000
107702  24.679  16.052  -25.045 0.1250000000
107714  26.145  15.539  -25.940 0.1250000000
92653  28.501  -0.105  -23.369 0.5000000000
93671  27.620  0.440  -22.577 0.6250000000
96783  28.863  3.912  -24.578 0.3750000000
97820  29.528  5.237  -25.921 0.2500000000
106830  23.772  13.971  -27.321 0.1250000000
98840  28.912  6.482  -26.228 0.1250000000
80950  21.906  -10.140  -18.492 0.7500000000
82061  20.505  -9.090  -18.450 0.7500000000
82062  19.745  -8.900  -18.150 0.7500000000
83196  19.338  -8.258  -18.122 0.7500000000
80960  23.147  -9.963  -19.266 0.7500000000
83207  21.937  -8.477  -19.152 0.7500000000
82071  24.130  -9.339  -19.871 0.7500000000
85283  19.553  -6.622  -18.775 0.7500000000
84244  24.110  -8.090  -20.274 0.6250000000
84264  24.313  -7.236  -20.617 0.7500000000
85299  24.443  -6.197  -21.070 0.6250000000
86309  24.763  -5.416  -21.374 0.6250000000
87343  25.510  -4.413  -21.750 0.5000000000
86314  27.191  -4.660  -22.447 0.3750000000
87342  26.220  -4.312  -22.029 0.5000000000
88372  28.534  -3.694  -22.693 0.1250000000
89497  30.176  -2.303  -23.974 0.1250000000
90578  31.895  -1.425  -23.575 0.1250000000
91632  32.805  -0.306  -24.425 0.1250000000
92663  32.508  0.625  -24.706 0.1250000000
93691  32.086  1.651  -24.810 0.1250000000
105738  21.847  13.731  -17.814 0.3750000000
94736  31.218  2.459  -25.565 0.1250000000
94737  30.223  2.265  -25.495 0.1250000000
96792  29.734  4.020  -25.837 0.1250000000
96793  29.246  4.158  -25.261 0.2500000000
99893  28.497  7.286  -26.116 0.1250000000
98848  28.620  6.932  -26.295 0.2500000000
100904  27.770  8.492  -25.400 0.1250000000
101886  26.681  9.398  -25.443 0.1250000000
102846  26.473  10.310  -25.153 0.1250000000
107627  21.023  15.958  -17.781 0.3750000000
103767  26.354  11.312  -24.833 0.1250000000
104752  25.805  12.280  -25.216 0.1250000000
104751  26.196  12.314  -24.625 0.1250000000
105826  26.373  12.925  -27.149 0.1250000000
106826  27.500  13.445  -27.648 0.1250000000
109611  21.653  17.927  -22.990 0.2500000000
109610  22.739  17.403  -22.911 0.1250000000
109591  23.347  17.286  -21.953 0.1250000000
108639  25.229  16.565  -24.446 0.1250000000
108627  24.525  16.929  -23.735 0.1250000000
107736  27.313  14.470  -27.415 0.1250000000
108660  26.806  15.949  -25.666 0.1250000000
91590  24.275  -0.929  -20.732 0.7500000000
96757  27.558  4.062  -21.468 0.7500000000
103702  20.806  11.971  -17.687 0.3750000000
102818  25.930  10.103  -21.918 0.8750000000
88345  22.703  -3.295  -20.518 0.8750000000
87301  18.436  -4.670  -18.467 0.7500000000
87312  19.620  -4.637  -19.252 0.8750000000
88347  20.902  -3.391  -20.255 0.8750000000
90568  25.491  -1.697  -21.475 0.7500000000
93657  27.247  0.930  -22.004 0.6250000000
99846  27.328  7.210  -21.722 0.8750000000
105768  24.441  13.052  -20.471 0.8750000000
103753  25.474  10.567  -22.122 0.8750000000
109634  18.597  18.173  -23.992 0.3750000000
110499  19.385  18.456  -24.298 0.3750000000
109594  20.693  19.056  -22.439 0.1250000000
109612  20.627  18.687  -23.075 0.2500000000
83209  20.505  -8.121  -18.870 0.7500000000
82060  21.512  -9.211  -18.708 0.7500000000
82073  22.744  -9.343  -19.224 0.7500000000
82072  23.638  -9.581  -19.600 0.7500000000
83205  23.790  -8.783  -19.976 0.7500000000
84220  18.635  -7.412  -17.729 0.7500000000
84233  19.111  -7.331  -18.279 0.7500000000
85281  21.304  -6.491  -19.741 0.7500000000
86265  18.994  -5.629  -18.601 0.7500000000
86267  17.831  -5.193  -17.491 0.6250000000
86277  19.696  -5.667  -19.037 0.7500000000
86275  21.186  -5.522  -19.907 0.8750000000
86295  21.828  -5.482  -20.222 0.8750000000
87310  21.259  -4.839  -20.032 0.8750000000
86293  23.479  -5.284  -20.732 0.7500000000
87326  24.199  -4.646  -21.176 0.7500000000
87327  23.538  -4.278  -20.775 0.8750000000
89482  24.695  -2.519  -21.220 0.7500000000
87351  28.057  -4.111  -22.626 0.2500000000
88374  26.866  -3.457  -22.379 0.5000000000
88361  26.168  -3.429  -21.993 0.6250000000
90592  28.305  -1.864  -23.148 0.5000000000
89499  28.997  -2.519  -23.333 0.2500000000
89490  28.801  -3.065  -23.061 0.1250000000
91636  29.156  -0.908  -23.645 0.2500000000
91637  28.407  -0.945  -23.305 0.3750000000
91619  27.721  -0.880  -22.881 0.6250000000
90595  31.428  -0.996  -24.904 0.1250000000
90588  31.928  -1.423  -24.724 0.1250000000
91635  29.895  -0.777  -24.082 0.1250000000
93681  28.579  0.416  -23.484 0.5000000000
93679  29.614  0.848  -24.344 0.1250000000
92666  30.202  0.558  -24.430 0.1250000000
93669  28.394  1.144  -23.412 0.5000000000
92664  31.809  0.592  -24.932 0.1250000000
93693  30.114  1.293  -24.765 0.1250000000
94738  29.402  2.139  -24.797 0.1250000000
95760  28.470  2.520  -23.522 0.6250000000
95785  29.399  3.185  -25.269 0.1250000000
98822  27.193  6.445  -23.676 0.6250000000
100887  25.894  8.231  -23.718 0.7500000000
101873  24.796  9.420  -23.985 0.7500000000
98832  26.372  6.927  -24.522 0.5000000000
107660  22.085  15.349  -20.735 0.6250000000
102833  24.332  10.326  -23.946 0.7500000000
98851  26.482  6.926  -26.012 0.3750000000
104737  23.636  12.498  -23.139 0.7500000000
100898  23.627  8.665  -25.348 0.6250000000
102834  23.684  10.618  -24.438 0.7500000000
100906  26.454  8.680  -25.935 0.1250000000
100914  26.846  8.100  -26.084 0.1250000000
99894  27.623  7.557  -26.070 0.2500000000
99885  27.791  8.006  -25.833 0.1250000000
107685  21.103  15.238  -22.375 0.7500000000
102849  22.908  9.946  -25.767 0.6250000000
100924  23.353  8.884  -27.522 0.3750000000
101896  22.546  9.450  -26.812 0.3750000000
100916  24.700  8.345  -26.791 0.1250000000
105829  20.538  13.733  -25.135 0.3750000000
101900  23.736  9.399  -27.572 0.3750000000
101894  25.111  9.100  -26.571 0.1250000000
102861  24.060  10.144  -27.269 0.1250000000
102848  25.194  10.427  -26.055 0.1250000000
103790  21.848  11.601  -27.269 0.3750000000
104760  25.019  11.754  -26.151 0.1250000000
104759  25.379  12.174  -25.767 0.1250000000
103774  26.048  10.741  -25.311 0.1250000000
103782  24.325  11.037  -26.957 0.1250000000
108630  18.966  16.861  -23.967 0.3750000000
104774  22.886  12.015  -28.199 0.2500000000
104766  24.826  11.757  -26.851 0.1250000000
104771  25.271  12.227  -27.385 0.1250000000
107741  22.224  14.975  -26.367 0.3750000000
105846  25.833  12.594  -27.349 0.1250000000
105868  24.618  12.692  -28.144 0.1250000000
106848  26.109  13.202  -28.270 0.1250000000
106827  26.780  13.523  -27.891 0.1250000000
106851  23.947  13.489  -27.731 0.1250000000
105813  25.717  12.637  -25.736 0.1250000000
109649  21.302  17.421  -24.568 0.2500000000
109632  21.070  18.030  -23.887 0.2500000000
108642  22.476  16.798  -24.686 0.2500000000
107739  24.384  14.901  -26.630 0.1250000000
107738  25.465  14.854  -26.878 0.1250000000
106829  24.868  14.135  -27.479 0.1250000000
109631  22.203  17.424  -23.954 0.1250000000
108629  23.018  17.031  -24.195 0.1250000000
108628  23.722  16.952  -24.064 0.1250000000
109630  23.245  17.188  -23.619 0.1250000000
82059  22.352  -9.679  -18.866 0.7500000000
80949  22.767  -10.347  -18.876 0.7500000000
80952  20.131  -9.536  -18.009 0.7500000000
80951  20.925  -9.959  -18.159 0.7500000000
86252  18.098  -5.802  -17.551 0.5000000000
85268  18.876  -6.306  -18.352 0.6250000000
85314  25.001  -6.096  -21.397 0.6250000000
86307  26.483  -5.503  -22.043 0.5000000000
94752  30.991  3.121  -26.097 0.1250000000
94735  31.837  3.002  -24.893 0.1250000000
95784  29.998  3.097  -25.941 0.1250000000
100905  27.070  8.604  -25.686 0.1250000000
106814  26.872  13.193  -27.013 0.1250000000
82045  19.502  -9.377  -17.593 0.7500000000
83180  18.775  -8.019  -17.607 0.5000000000
79889  23.061  -11.183  -18.660 0.6250000000
80947  24.559  -10.405  -18.824 0.3750000000
82058  23.993  -10.022  -19.580 0.6250000000
83192  25.256  -8.949  -19.209 0.2500000000
83204  24.548  -8.937  -19.981 0.3750000000
86315  26.840  -4.803  -22.323 0.3750000000
84243  25.190  -8.176  -20.234 0.5000000000
84263  25.144  -7.239  -20.993 0.5000000000
85298  25.354  -6.598  -21.339 0.3750000000
80932  24.816  -10.722  -18.075 0.5000000000
86308  25.475  -5.301  -21.700 0.5000000000
79874  22.449  -11.831  -18.243 0.6250000000
83181  18.223  -8.128  -16.852 0.3750000000
82046  18.817  -8.895  -17.128 0.3750000000
79891  21.460  -10.694  -18.165 0.6250000000
80935  20.030  -10.254  -17.533 0.6250000000
79871  24.844  -11.304  -17.496 0.3750000000
79872  24.259  -11.716  -18.026 0.5000000000
79873  23.342  -11.938  -18.302 0.6250000000
84222  17.700  -7.378  -16.465 0.2500000000
82030  25.268  -10.185  -17.778 0.3750000000
83191  25.612  -8.448  -19.054 0.2500000000
82043  25.609  -9.343  -18.164 0.2500000000
87286  17.351  -4.541  -17.010 0.3750000000
84242  25.891  -7.440  -20.582 0.3750000000
84262  25.705  -7.079  -21.187 0.2500000000
85312  25.924  -5.952  -21.828 0.2500000000
99786  15.994  6.711  -17.288 0.2500000000
87340  28.333  -4.609  -22.316 0.2500000000
100828  17.558  8.436  -18.243 0.3750000000
100829  16.987  7.905  -17.907 0.2500000000
103721  20.224  11.184  -18.030 0.2500000000
97683  14.223  5.693  -14.532 0.1250000000
95653  13.215  3.726  -13.451 0.2500000000
87287  16.880  -4.251  -16.280 0.2500000000
82063  19.240  -8.699  -17.726 0.5000000000
80948  23.771  -10.511  -19.230 0.6250000000
82057  24.460  -9.772  -19.452 0.5000000000
86306  27.506  -5.170  -22.345 0.2500000000
84221  18.205  -7.268  -17.235 0.3750000000
85269  18.495  -6.393  -17.900 0.3750000000
85256  17.701  -6.445  -16.736 0.3750000000
85313  25.459  -6.047  -21.598 0.2500000000
79888  23.772  -11.314  -18.629 0.6250000000
82044  25.170  -9.782  -18.427 0.2500000000
83178  25.873  -8.736  -18.357 0.2500000000
80933  24.305  -11.004  -18.644 0.5000000000
80917  25.275  -10.645  -17.335 0.3750000000
79875  21.413  -11.551  -17.879 0.6250000000
79855  24.646  -11.922  -17.323 0.3750000000
85297  26.322  -6.618  -21.345 0.2500000000
95642  13.082  3.730  -12.066 0.1250000000
78801  20.842  -12.523  -17.235 0.5000000000
78797  24.233  -12.393  -17.460 0.2500000000
77653  23.039  -13.097  -17.745 0.3750000000
78799  22.798  -12.593  -18.000 0.5000000000
78800  21.907  -12.516  -17.780 0.5000000000
78784  20.297  -12.665  -16.730 0.3750000000
79857  19.369  -11.584  -16.178 0.5000000000
79876  20.259  -11.398  -17.239 0.5000000000
79877  19.538  -10.753  -16.868 0.3750000000
80934  20.835  -10.771  -17.783 0.5000000000
77623  18.978  -13.238  -14.959 0.1250000000
77640  19.910  -13.242  -16.152 0.3750000000
80919  18.598  -9.906  -16.033 0.2500000000
75412  19.998  -15.599  -15.659 0.1250000000
76458  19.984  -13.728  -16.090 0.2500000000
76457  20.521  -14.277  -16.428 0.3750000000
77635  24.019  -13.258  -16.961 0.2500000000
77637  21.990  -13.908  -17.314 0.3750000000
77655  21.551  -13.200  -17.358 0.5000000000
76421  19.228  -14.757  -14.680 0.1250000000
77638  21.142  -13.741  -16.962 0.3750000000
78751  18.432  -12.284  -14.598 0.1250000000
80903  18.270  -10.430  -15.344 0.1250000000
80936  19.109  -9.895  -16.908 0.3750000000
78798  23.570  -12.641  -17.739 0.3750000000
80937  18.587  -9.295  -16.550 0.2500000000
82031  18.144  -8.961  -16.059 0.2500000000
78782  24.580  -12.626  -16.845 0.2500000000
77656  20.995  -13.193  -17.058 0.5000000000
79856  20.070  -12.190  -16.784 0.5000000000
77654  22.428  -13.205  -17.631 0.3750000000
77636  23.251  -13.676  -17.233 0.3750000000
77639  20.454  -13.255  -16.604 0.3750000000
78768  19.303  -12.415  -15.718 0.2500000000
79858  18.783  -10.782  -15.773 0.1250000000
80918  19.092  -10.569  -16.335 0.1250000000
77606  19.173  -13.876  -14.796 0.1250000000
77622  19.481  -13.277  -15.558 0.2500000000
78769  18.839  -12.574  -15.136 0.1250000000
77607  18.679  -13.147  -14.307 0.1250000000
76454  23.052  -14.449  -16.721 0.2500000000
79840  18.965  -12.027  -15.554 0.1250000000
79841  18.496  -11.529  -15.136 0.1250000000
76439  20.300  -15.054  -16.141 0.2500000000
75424  22.226  -15.479  -16.578 0.2500000000
86253  17.652  -5.551  -16.983 0.2500000000
76440  19.749  -14.519  -15.545 0.1250000000
76456  21.361  -14.525  -16.859 0.2500000000
75425  21.457  -15.402  -16.695 0.1250000000
86240  17.301  -5.597  -16.250 0.1250000000
104688  20.448  12.736  -17.511 0.1250000000
105739  21.039  13.719  -17.466 0.1250000000
105740  20.086  13.475  -17.242 0.1250000000
106725  19.675  13.970  -16.840 0.1250000000
106724  20.569  14.689  -17.177 0.1250000000
106719  19.164  13.909  -16.366 0.1250000000
108544  20.483  16.407  -17.264 0.1250000000
104689  19.557  12.513  -17.350 0.1250000000
106717  20.258  15.186  -16.922 0.1250000000
107616  20.180  15.658  -16.846 0.1250000000
107612  19.827  15.784  -15.833 0.1250000000
103704  19.071  11.487  -17.535 0.1250000000
103703  19.927  11.846  -17.671 0.1250000000
83167  18.025  -8.405  -16.381 0.1250000000
85244  17.352  -6.423  -16.051 0.1250000000
100809  17.409  8.942  -17.669 0.1250000000
103705  18.301  11.140  -17.027 0.1250000000
104690  18.727  12.240  -16.883 0.1250000000
105741  19.278  13.197  -17.018 0.1250000000
105736  18.652  13.412  -15.926 0.1250000000
106712  19.402  15.072  -15.364 0.1250000000
107608  19.878  15.755  -14.954 0.1250000000
108530  20.195  16.442  -16.270 0.1250000000
102769  19.152  10.878  -17.864 0.1250000000
107628  20.528  15.563  -17.182 0.1250000000
84210  17.351  -7.119  -15.785 0.1250000000
87274  16.822  -4.671  -15.719 0.1250000000
87273  17.190  -4.917  -16.451 0.1250000000
86241  17.146  -5.558  -15.568 0.1250000000
106726  19.195  13.587  -16.727 0.1250000000
106718  19.815  14.915  -16.379 0.1250000000
106713  19.011  14.282  -15.698 0.1250000000
107617  20.004  15.793  -16.430 0.1250000000
105733  18.744  13.606  -15.151 0.1250000000
107599  20.167  15.547  -14.232 0.1250000000
79854  25.209  -11.523  -16.776 0.1250000000
82012  26.104  -10.057  -16.558 0.1250000000
82029  25.846  -9.637  -17.347 0.1250000000
84230  26.014  -7.893  -19.291 0.1250000000
85266  27.236  -6.464  -19.244 0.1250000000
85279  26.658  -7.095  -20.001 0.1250000000
87325  27.995  -5.232  -20.297 0.1250000000
86291  26.975  -6.223  -21.674 0.1250000000
86289  28.139  -5.271  -21.974 0.1250000000
77621  23.488  -14.140  -16.652 0.1250000000
76455  22.310  -14.681  -16.934 0.1250000000
77620  24.170  -13.678  -16.399 0.1250000000
78781  25.245  -12.275  -16.352 0.1250000000
80902  26.234  -10.535  -16.103 0.1250000000
79853  25.800  -11.161  -16.246 0.1250000000
83166  26.474  -8.641  -17.371 0.1250000000
84219  26.687  -7.825  -17.955 0.1250000000
85267  26.841  -7.185  -18.715 0.1250000000
85253  27.598  -6.758  -17.835 0.1250000000
87309  28.058  -5.165  -19.234 0.1250000000
88360  28.774  -3.783  -21.730 0.1250000000
88343  28.623  -3.856  -20.498 0.1250000000
80916  25.725  -10.573  -16.688 0.1250000000
86290  27.618  -5.793  -21.316 0.1250000000
85278  27.152  -6.426  -20.544 0.1250000000
78783  23.948  -12.935  -17.260 0.1250000000
78767  25.018  -12.944  -16.209 0.1250000000
76437  23.406  -14.657  -16.176 0.1250000000
79839  25.636  -11.775  -16.148 0.1250000000
82028  26.505  -9.073  -16.857 0.1250000000
86274  27.596  -5.770  -19.868 0.1250000000
87324  28.364  -4.808  -21.155 0.1250000000
87308  28.278  -4.530  -19.815 0.1250000000
77619  25.183  -13.519  -15.530 0.1250000000
82011  26.715  -9.604  -16.290 0.1250000000
75426  20.811  -15.028  -16.565 0.2500000000
78785  19.828  -12.665  -16.258 0.3750000000
79890  22.192  -10.973  -18.402 0.6250000000
80961  22.774  -9.853  -19.083 0.7500000000
82047  18.352  -8.751  -16.596 0.3750000000
82074  22.175  -9.171  -18.951 0.7500000000
83179  25.474  -9.198  -18.532 0.2500000000
83193  21.333  -8.596  -18.902 0.7500000000
84231  25.520  -8.374  -19.458 0.2500000000
84234  18.498  -6.972  -17.719 0.3750000000
84248  20.234  -7.518  -18.968 0.7500000000
84266  22.891  -7.283  -20.109 0.7500000000
85255  18.106  -6.407  -17.360 0.3750000000
85280  21.956  -6.659  -20.003 0.7500000000
85296  27.077  -6.361  -21.270 0.1250000000
86305  28.052  -5.075  -22.374 0.2500000000
87330  20.968  -4.204  -20.074 0.8750000000
87341  27.909  -4.854  -22.474 0.2500000000
87345  23.989  -3.980  -21.063 0.8750000000
87352  27.559  -4.358  -22.520 0.3750000000
87353  26.811  -4.187  -22.313 0.5000000000
88371  29.100  -3.489  -22.946 0.1250000000
89369  14.306  -2.167  -13.999 0.1250000000
89438  17.474  -2.742  -18.176 0.8750000000
89462  23.565  -2.375  -20.748 0.8750000000
89480  26.156  -2.568  -22.017 0.7500000000
89483  24.241  -2.772  -21.047 0.8750000000
89500  28.507  -2.571  -23.154 0.2500000000
90455  13.150  -1.253  -13.506 0.1250000000
90467  13.284  -0.967  -14.066 0.1250000000
90479  14.926  -1.750  -15.121 0.3750000000
90530  18.284  -1.964  -19.090 1.0000000000
90550  24.161  -1.579  -20.800 1.0000000000
90587  32.450  -1.002  -24.564 0.1250000000
90590  29.860  -1.728  -24.042 0.1250000000
90596  31.014  -1.291  -24.651 0.1250000000
91533  16.389  -1.515  -16.839 0.7500000000
91592  22.888  -0.578  -20.546 1.0000000000
91595  20.375  -0.363  -20.533 1.0000000000
91606  25.538  -0.802  -21.294 0.8750000000
91633  32.313  -0.860  -24.761 0.1250000000
91634  30.333  -0.428  -24.329 0.1250000000
91643  32.282  0.078  -24.830 0.1250000000
91645  30.911  -0.554  -24.728 0.1250000000
91646  30.490  -0.930  -24.506 0.1250000000
92631  22.584  0.850  -20.592 1.0000000000
92633  21.492  1.158  -20.671 1.0000000000
92638  27.909  -0.091  -22.937 0.5000000000
92639  27.291  -0.021  -22.498 0.6250000000
92665  30.931  0.399  -24.759 0.1250000000
93558  13.719  0.875  -14.654 0.3750000000
93594  15.518  1.273  -16.750 0.8750000000
93612  16.541  1.383  -17.953 1.0000000000
93643  25.786  1.614  -20.703 0.8750000000
93663  21.511  1.623  -20.668 1.0000000000
93680  28.787  0.896  -23.868 0.5000000000
93694  29.301  1.405  -24.423 0.1250000000
94631  13.575  2.549  -14.420 0.3750000000
94665  16.518  2.426  -17.996 1.0000000000
94691  26.003  2.038  -20.595 1.0000000000
94695  21.420  2.341  -20.664 1.0000000000
94696  21.116  2.147  -20.706 1.0000000000
94710  22.407  2.104  -20.614 1.0000000000
94712  21.402  1.968  -20.666 1.0000000000
94751  31.420  3.262  -25.762 0.1250000000
94753  30.582  2.833  -25.988 0.1250000000
95705  15.755  3.546  -17.233 0.6250000000
95717  17.652  3.678  -19.124 1.0000000000
95726  18.202  3.900  -19.677 1.0000000000
95732  26.619  2.818  -20.576 1.0000000000
95740  19.453  3.728  -20.381 1.0000000000
95749  21.910  2.462  -20.679 1.0000000000
95750  21.660  2.439  -20.660 1.0000000000
96690  14.788  4.567  -16.195 0.3750000000
96724  16.762  4.590  -18.267 0.6250000000
96731  24.261  4.804  -19.685 1.0000000000
96743  22.913  4.016  -20.443 1.0000000000
96746  20.463  4.069  -20.622 1.0000000000
96748  19.113  4.389  -20.253 1.0000000000
97718  15.851  5.410  -17.307 0.5000000000
97742  22.729  5.179  -20.289 1.0000000000
97743  22.109  5.405  -20.341 1.0000000000
97758  25.374  5.414  -19.530 1.0000000000
97763  19.430  5.040  -20.389 1.0000000000
97788  28.367  4.328  -23.202 0.6250000000
97809  29.298  4.603  -25.571 0.2500000000
97822  27.878  6.072  -25.759 0.2500000000
98761  16.751  6.357  -18.181 0.5000000000
98776  21.111  6.402  -20.137 1.0000000000
98779  18.616  6.164  -19.861 1.0000000000
98789  27.123  6.395  -20.697 1.0000000000
98793  21.384  5.564  -20.412 1.0000000000
98795  19.796  5.731  -20.350 1.0000000000
98823  26.640  6.980  -23.932 0.5000000000
98833  25.819  7.241  -24.762 0.5000000000
98850  27.340  6.893  -26.194 0.3750000000
99775  15.776  7.015  -16.901 0.1250000000
99797  18.461  7.801  -19.360 0.7500000000
99813  26.602  7.484  -19.995 1.0000000000
99821  18.783  7.298  -19.659 0.8750000000
99833  27.242  6.787  -21.042 0.8750000000
99835  26.513  6.694  -19.926 1.0000000000
99857  26.621  7.702  -23.128 0.8750000000
99868  25.692  8.009  -24.152 0.5000000000
99878  24.296  8.045  -25.063 0.7500000000
99879  23.905  8.317  -25.180 0.7500000000
99888  23.801  8.076  -25.541 0.5000000000
99892  28.892  7.069  -26.269 0.2500000000
100823  24.210  9.182  -18.638 1.0000000000
100824  23.642  8.959  -18.585 1.0000000000
100826  19.123  8.779  -19.011 0.8750000000
100858  26.905  8.229  -20.952 1.0000000000
100865  27.117  7.621  -22.372 0.8750000000
100877  25.827  8.759  -23.375 0.8750000000
100888  25.268  8.577  -24.085 0.7500000000
100889  24.598  8.867  -24.428 0.7500000000
100913  27.432  8.143  -25.870 0.1250000000
100918  22.923  8.892  -27.225 0.3750000000
101817  18.334  9.372  -18.167 0.5000000000
101833  21.045  8.746  -19.154 1.0000000000
101863  26.514  8.701  -22.277 0.8750000000
101880  24.235  9.432  -24.500 0.7500000000
101881  23.709  9.371  -25.009 0.6250000000
101885  27.272  8.988  -25.317 0.1250000000
101887  25.869  9.195  -26.045 0.1250000000
101889  22.903  9.361  -26.215 0.3750000000
101901  23.143  9.541  -27.617 0.3750000000
101902  22.720  9.568  -27.357 0.3750000000
102784  24.443  10.495  -18.877 1.0000000000
102801  26.073  10.089  -20.005 1.0000000000
102810  26.430  9.647  -20.789 1.0000000000
102817  26.286  9.761  -21.440 0.8750000000
102825  25.398  10.173  -22.717 0.8750000000
102826  24.793  10.572  -23.134 0.7500000000
102841  23.252  10.289  -25.128 0.7500000000
102842  22.624  10.479  -25.562 0.6250000000
102855  25.324  9.761  -26.207 0.1250000000
102856  24.660  10.066  -26.606 0.1250000000
102857  22.198  10.386  -27.054 0.3750000000
102858  21.882  10.904  -26.852 0.3750000000
103722  19.545  11.173  -17.898 0.2500000000
103730  24.833  11.148  -19.508 1.0000000000
103744  25.572  10.777  -21.550 1.0000000000
103760  26.591  11.812  -24.277 0.1250000000
103761  24.367  11.247  -23.254 0.7500000000
103771  21.869  11.668  -25.196 0.7500000000
103783  21.959  11.091  -27.105 0.3750000000
103784  21.631  11.407  -26.701 0.3750000000
104666  18.868  12.836  -14.865 0.1250000000
104699  24.250  12.537  -19.057 1.0000000000
104744  23.898  11.911  -23.409 0.7500000000
104753  22.623  11.828  -24.439 0.7500000000
104767  21.578  12.250  -27.010 0.3750000000
104775  22.093  12.138  -27.656 0.3750000000
105742  18.827  13.174  -16.555 0.1250000000
105759  23.766  13.706  -19.286 1.0000000000
105776  24.318  12.875  -21.478 0.8750000000
105789  22.783  13.845  -22.826 0.7500000000
105812  26.201  13.098  -25.734 0.1250000000
105814  22.104  12.803  -24.302 0.7500000000
105816  20.635  13.999  -24.339 0.6250000000
105827  25.762  12.682  -26.402 0.1250000000
105845  26.520  12.672  -28.106 0.1250000000
105867  25.632  12.569  -28.133 0.1250000000
106743  23.375  14.315  -19.649 0.8750000000
106757  22.688  14.877  -21.047 0.7500000000
106780  21.153  14.780  -22.864 0.7500000000
106790  20.872  14.426  -23.488 0.7500000000
106791  20.176  14.690  -23.811 0.6250000000
106804  19.714  15.143  -24.950 0.3750000000
106816  19.882  15.248  -25.359 0.3750000000
106850  24.379  13.447  -27.809 0.1250000000
107686  20.379  15.504  -22.663 0.7500000000
107703  24.133  16.154  -25.027 0.1250000000
107718  21.733  15.662  -25.890 0.3750000000
107721  19.828  15.740  -25.111 0.3750000000
107743  20.595  15.059  -26.048 0.3750000000
108615  19.849  16.173  -22.303 0.6250000000
108641  23.371  16.624  -24.581 0.1250000000
108666  20.010  16.033  -25.293 0.3750000000
109569  19.047  18.587  -20.840 0.5000000000
109595  19.208  17.644  -21.585 0.5000000000
109597  18.406  18.432  -22.811 0.5000000000
109609  23.866  17.165  -22.984 0.1250000000
109614  18.458  17.814  -23.206 0.3750000000
109615  18.377  18.465  -23.198 0.5000000000
109633  20.306  18.567  -23.932 0.3750000000
109635  18.404  18.316  -23.484 0.3750000000
109648  21.904  17.128  -24.558 0.1250000000
110481  18.894  19.134  -20.525 0.2500000000
110486  20.896  19.173  -22.059 0.1250000000
110488  19.800  19.807  -22.542 0.2500000000
110489  18.630  18.970  -21.906 0.5000000000
110490  18.480  18.876  -22.449 0.5000000000
110491  20.354  19.207  -22.703 0.2500000000
110492  19.764  19.390  -23.052 0.3750000000
110494  18.407  18.923  -22.958 0.5000000000
110495  19.739  18.907  -23.852 0.3750000000
110496  19.030  19.138  -23.674 0.3750000000
111245  18.961  19.639  -20.345 0.2500000000
111250  20.264  20.132  -21.893 0.2500000000
111254  19.540  19.834  -22.652 0.3750000000
111256  18.640  19.375  -22.600 0.5000000000
111257  18.958  19.505  -23.253 0.3750000000
111258  18.715  19.306  -23.150 0.5000000000
112739  20.192  21.804  -20.255 0.1250000000
