#!ascii label  , from subject 3768 vox2ras=TkReg
1354
61189  -9.253  -22.483  61.308 0.0000000000
66156  -30.916  -18.129  48.334 0.0000000000
71316  -32.915  -13.716  42.772 0.0000000000
59032  -26.974  -22.126  49.671 0.0000000000
84553  -38.621  -2.897  32.599 0.0000000000
73811  -36.865  -10.616  34.564 0.0000000000
66132  -32.555  -18.358  52.940 0.0000000000
59067  -30.029  -22.412  48.731 0.0000000000
90250  -45.564  2.325  35.316 0.0000000000
87853  -50.356  1.114  32.643 0.0000000000
89096  -51.827  2.395  29.707 0.0000000000
76257  -37.273  -8.687  43.486 0.0000000000
75051  -33.361  -11.201  37.291 0.0000000000
75007  -40.137  -9.483  38.801 0.0000000000
77611  -42.340  -8.872  36.634 0.0000000000
63718  -20.371  -20.364  51.047 0.0000000000
59992  -6.608  -23.197  65.259 0.0000000000
66231  -33.074  -15.759  45.182 0.0000000000
72475  -36.909  -12.504  46.177 0.0000000000
62590  -22.452  -21.359  47.186 0.0000000000
57924  -25.804  -24.815  44.868 0.0000000000
89148  -50.286  0.737  22.330 0.0000000000
91527  -53.587  4.335  26.214 0.0000000000
79868  -37.563  -7.669  33.529 0.0000000000
85606  -43.451  -2.783  36.780 0.0000000000
61250  -11.026  -22.500  57.566 0.0000000000
52824  -4.117  -28.351  62.354 0.0000000000
90266  -47.638  1.864  33.864 0.0000000000
76299  -38.351  -8.470  40.748 0.0000000000
62547  -17.518  -21.406  50.273 0.0000000000
59999  -7.834  -22.815  63.854 0.0000000000
68709  -30.142  -16.533  43.669 0.0000000000
67404  -31.981  -15.754  47.108 0.0000000000
61370  -25.372  -21.409  48.619 0.0000000000
60242  -24.097  -23.349  46.116 0.0000000000
60229  -26.879  -22.164  47.150 0.0000000000
63765  -30.701  -20.339  49.414 0.0000000000
59110  -29.638  -22.922  45.931 0.0000000000
63812  -29.688  -20.797  45.792 0.0000000000
59001  -26.492  -23.000  52.234 0.0000000000
61352  -23.671  -20.925  50.927 0.0000000000
87908  -45.203  -0.571  27.371 0.0000000000
89140  -48.226  0.797  23.682 0.0000000000
91518  -52.840  3.509  29.029 0.0000000000
75107  -35.309  -10.836  35.479 0.0000000000
76401  -37.270  -9.903  33.944 0.0000000000
82202  -42.791  -5.521  36.656 0.0000000000
63677  -15.534  -19.688  54.715 0.0000000000
63652  -14.182  -19.918  56.709 0.0000000000
63615  -12.975  -20.048  59.164 0.0000000000
62469  -12.243  -21.828  55.621 0.0000000000
53989  -5.465  -28.578  60.991 0.0000000000
66148  -31.464  -17.885  50.737 0.0000000000
67363  -32.547  -15.869  48.880 0.0000000000
68590  -34.369  -15.525  51.692 0.0000000000
57795  -29.516  -23.520  52.637 0.0000000000
57847  -28.894  -22.668  50.021 0.0000000000
57834  -31.120  -22.845  51.605 0.0000000000
62553  -32.049  -20.322  51.353 0.0000000000
86735  -41.959  -0.510  33.238 0.0000000000
87867  -44.555  0.171  31.748 0.0000000000
85684  -47.423  -0.292  30.734 0.0000000000
89091  -47.772  0.428  28.574 0.0000000000
89116  -48.787  1.427  26.771 0.0000000000
89071  -51.420  1.424  31.603 0.0000000000
73683  -34.249  -11.097  42.691 0.0000000000
73692  -32.434  -11.841  40.561 0.0000000000
76276  -35.019  -9.577  40.923 0.0000000000
77580  -36.583  -9.376  38.348 0.0000000000
73767  -38.105  -10.179  36.510 0.0000000000
73814  -39.488  -10.249  35.678 0.0000000000
73743  -41.823  -10.420  37.531 0.0000000000
63681  -19.143  -20.140  54.139 0.0000000000
63702  -16.864  -20.024  52.719 0.0000000000
91561  -53.677  3.501  21.067 0.0000000000
59990  -5.029  -23.310  65.547 0.0000000000
67475  -31.814  -16.397  42.769 0.0000000000
68733  -33.390  -15.130  43.660 0.0000000000
67389  -34.417  -15.366  47.896 0.0000000000
68675  -36.075  -14.930  45.664 0.0000000000
71304  -34.586  -13.068  44.686 0.0000000000
74940  -36.622  -10.439  45.285 0.0000000000
57898  -27.683  -22.980  46.260 0.0000000000
60164  -22.236  -21.643  52.726 0.0000000000
63743  -21.348  -20.351  49.011 0.0000000000
91531  -50.340  2.858  25.601 0.0000000000
91541  -51.277  3.385  24.387 0.0000000000
91552  -53.027  3.204  22.809 0.0000000000
92666  -54.971  4.305  24.437 0.0000000000
57666  -8.762  -24.894  58.366 0.0000000000
57638  -7.210  -25.414  60.445 0.0000000000
82245  -37.543  -5.299  33.230 0.0000000000
78795  -40.169  -7.935  35.590 0.0000000000
80988  -40.294  -5.575  35.265 0.0000000000
85627  -40.909  -2.738  34.486 0.0000000000
89005  -43.636  0.778  36.061 0.0000000000
61199  -10.395  -22.376  60.001 0.0000000000
57594  -6.020  -25.221  62.092 0.0000000000
57575  -5.225  -25.663  63.321 0.0000000000
56383  -3.097  -26.549  63.206 0.0000000000
61184  -8.588  -22.475  62.626 0.0000000000
66174  -29.844  -18.088  47.689 0.0000000000
68642  -30.104  -16.899  46.510 0.0000000000
67385  -31.236  -16.516  47.646 0.0000000000
59031  -26.372  -21.723  49.925 0.0000000000
60228  -26.032  -21.939  47.387 0.0000000000
60214  -26.537  -22.154  48.387 0.0000000000
64971  -30.476  -19.415  48.669 0.0000000000
63777  -30.157  -20.199  47.579 0.0000000000
64970  -29.822  -18.962  48.263 0.0000000000
65002  -28.834  -19.495  45.964 0.0000000000
57810  -27.434  -23.280  52.318 0.0000000000
57809  -26.942  -23.333  52.889 0.0000000000
59015  -26.160  -21.977  50.950 0.0000000000
60185  -25.338  -21.743  50.719 0.0000000000
89139  -47.459  0.519  24.265 0.0000000000
68749  -32.655  -15.437  41.679 0.0000000000
71327  -32.201  -13.842  41.098 0.0000000000
73794  -35.981  -11.102  34.984 0.0000000000
73822  -35.667  -12.290  33.795 0.0000000000
73824  -36.845  -11.058  33.840 0.0000000000
62482  -13.953  -20.686  54.002 0.0000000000
63665  -14.417  -19.852  55.525 0.0000000000
63664  -13.484  -20.589  55.214 0.0000000000
62455  -13.552  -20.320  56.647 0.0000000000
61290  -12.415  -22.292  54.530 0.0000000000
66131  -32.498  -18.180  52.114 0.0000000000
67331  -32.737  -16.190  51.138 0.0000000000
67322  -33.453  -16.304  52.591 0.0000000000
57755  -31.213  -23.014  53.482 0.0000000000
57797  -30.973  -23.442  52.394 0.0000000000
58986  -31.870  -22.868  52.749 0.0000000000
64932  -32.974  -19.210  53.674 0.0000000000
62539  -32.754  -20.379  52.256 0.0000000000
64938  -32.579  -19.248  52.388 0.0000000000
64952  -31.652  -19.179  51.289 0.0000000000
87817  -43.924  1.314  34.617 0.0000000000
87847  -43.058  0.116  33.124 0.0000000000
87831  -44.771  1.568  33.607 0.0000000000
89033  -49.093  1.541  33.245 0.0000000000
87850  -47.397  0.604  31.928 0.0000000000
87869  -48.253  0.172  31.163 0.0000000000
87886  -47.666  0.121  29.364 0.0000000000
89076  -48.758  0.941  30.290 0.0000000000
89085  -49.871  1.518  29.648 0.0000000000
89054  -50.681  0.940  32.104 0.0000000000
74951  -35.210  -9.921  43.289 0.0000000000
74968  -34.424  -10.241  41.940 0.0000000000
76277  -35.629  -9.348  41.761 0.0000000000
76313  -39.346  -8.932  39.327 0.0000000000
76312  -38.173  -8.747  39.347 0.0000000000
76328  -38.213  -9.385  38.451 0.0000000000
76327  -37.437  -9.535  37.788 0.0000000000
75057  -39.433  -9.749  37.813 0.0000000000
73740  -39.647  -9.936  37.596 0.0000000000
75033  -40.520  -9.960  38.312 0.0000000000
61321  -20.793  -21.233  53.558 0.0000000000
61305  -20.656  -20.910  54.744 0.0000000000
63705  -19.397  -20.344  52.432 0.0000000000
62532  -16.735  -21.089  51.354 0.0000000000
92676  -55.207  4.144  22.580 0.0000000000
92683  -55.219  4.315  21.219 0.0000000000
59991  -5.853  -23.288  65.515 0.0000000000
67442  -31.840  -15.893  44.777 0.0000000000
68710  -30.944  -16.451  43.602 0.0000000000
67443  -32.373  -15.907  44.452 0.0000000000
67476  -32.575  -15.713  42.706 0.0000000000
67460  -33.447  -15.361  44.160 0.0000000000
67345  -34.559  -15.183  49.696 0.0000000000
67364  -33.574  -15.333  48.952 0.0000000000
67366  -35.457  -14.852  48.576 0.0000000000
71239  -37.627  -13.307  46.856 0.0000000000
68658  -36.485  -14.941  46.598 0.0000000000
70011  -36.457  -13.712  45.957 0.0000000000
70029  -35.364  -14.193  45.232 0.0000000000
71290  -35.722  -13.095  45.620 0.0000000000
73664  -35.581  -11.437  44.699 0.0000000000
72485  -36.881  -11.888  45.472 0.0000000000
59104  -25.133  -24.001  45.525 0.0000000000
57862  -29.816  -22.958  49.614 0.0000000000
57878  -28.180  -22.927  47.569 0.0000000000
57901  -29.268  -23.019  47.720 0.0000000000
59127  -28.446  -24.004  44.470 0.0000000000
58982  -23.530  -22.331  53.237 0.0000000000
62564  -23.609  -20.439  48.985 0.0000000000
62551  -22.463  -20.552  50.431 0.0000000000
62575  -22.295  -20.620  48.202 0.0000000000
61382  -20.244  -22.048  47.676 0.0000000000
89106  -50.556  1.991  28.301 0.0000000000
90303  -50.002  2.480  26.935 0.0000000000
90300  -51.448  2.848  28.176 0.0000000000
92649  -53.396  4.354  27.538 0.0000000000
90316  -52.057  3.477  26.283 0.0000000000
91534  -53.031  4.161  25.754 0.0000000000
92668  -52.402  3.425  23.820 0.0000000000
92664  -53.468  3.859  24.656 0.0000000000
92665  -54.166  4.095  24.641 0.0000000000
92653  -54.500  4.348  26.061 0.0000000000
75003  -32.613  -11.145  38.711 0.0000000000
72534  -32.548  -13.102  38.308 0.0000000000
81002  -37.364  -6.590  32.595 0.0000000000
79882  -37.560  -6.734  33.473 0.0000000000
75126  -41.404  -9.566  35.820 0.0000000000
76404  -39.755  -9.175  35.401 0.0000000000
77623  -41.142  -8.721  35.916 0.0000000000
84511  -43.147  -3.777  36.660 0.0000000000
82216  -41.909  -5.456  36.218 0.0000000000
83395  -41.947  -4.288  35.886 0.0000000000
83405  -40.856  -4.039  35.449 0.0000000000
85617  -42.113  -2.621  35.924 0.0000000000
86714  -42.422  -1.496  35.911 0.0000000000
86705  -43.325  -1.550  36.783 0.0000000000
63626  -12.282  -20.845  58.308 0.0000000000
62404  -11.707  -21.052  59.625 0.0000000000
62381  -11.191  -21.469  60.326 0.0000000000
61236  -10.880  -22.256  58.694 0.0000000000
60060  -9.608  -23.504  58.193 0.0000000000
60077  -10.255  -23.455  57.323 0.0000000000
55171  -6.994  -27.268  59.905 0.0000000000
57616  -6.649  -24.875  61.479 0.0000000000
55170  -6.493  -27.531  60.732 0.0000000000
52842  -5.021  -28.672  61.668 0.0000000000
55141  -5.320  -27.347  62.350 0.0000000000
53943  -4.589  -28.017  62.481 0.0000000000
56384  -3.918  -26.496  63.272 0.0000000000
55119  -3.495  -27.438  62.904 0.0000000000
61306  -33.403  -21.454  53.715 0.0000000000
91466  -47.523  2.798  35.986 0.0000000000
90265  -46.805  1.895  34.133 0.0000000000
91467  -48.492  2.789  35.586 0.0000000000
76279  -37.558  -8.467  42.247 0.0000000000
63741  -19.618  -20.557  49.422 0.0000000000
63726  -18.800  -20.353  50.460 0.0000000000
61169  -8.416  -22.107  65.379 0.0000000000
59998  -7.348  -23.328  64.304 0.0000000000
67440  -29.717  -17.042  44.803 0.0000000000
67422  -30.932  -15.936  45.954 0.0000000000
67424  -32.607  -15.631  46.189 0.0000000000
73648  -37.869  -11.375  46.846 0.0000000000
62577  -24.060  -21.163  47.414 0.0000000000
61400  -23.409  -22.335  46.533 0.0000000000
61401  -24.477  -21.783  46.846 0.0000000000
61416  -25.101  -22.539  46.149 0.0000000000
60264  -25.775  -23.299  45.521 0.0000000000
61405  -30.656  -21.486  49.397 0.0000000000
59088  -29.361  -22.877  46.804 0.0000000000
61403  -30.464  -21.596  47.981 0.0000000000
61430  -30.013  -21.988  45.798 0.0000000000
62652  -29.392  -21.771  44.182 0.0000000000
58984  -25.633  -23.190  53.380 0.0000000000
58999  -24.208  -22.105  52.664 0.0000000000
60184  -24.566  -21.677  51.293 0.0000000000
61369  -24.704  -21.053  49.283 0.0000000000
148745  -43.763  -0.895  27.924 0.0000000000
89141  -48.967  1.069  23.258 0.0000000000
91506  -53.996  1.969  31.609 0.0000000000
91517  -52.150  3.002  28.809 0.0000000000
75083  -33.881  -11.252  36.510 0.0000000000
76414  -37.171  -9.976  32.882 0.0000000000
77644  -37.620  -9.033  33.571 0.0000000000
80953  -43.662  -6.412  37.671 0.0000000000
80962  -42.638  -6.441  36.750 0.0000000000
82182  -44.265  -5.176  37.624 0.0000000000
62483  -17.100  -19.813  55.470 0.0000000000
62472  -16.098  -19.323  56.371 0.0000000000
63629  -14.858  -19.615  58.451 0.0000000000
63640  -14.119  -20.057  57.650 0.0000000000
62438  -12.687  -20.816  57.446 0.0000000000
61261  -11.713  -22.197  56.792 0.0000000000
60090  -10.600  -23.314  56.507 0.0000000000
60102  -11.301  -23.088  55.272 0.0000000000
66157  -30.952  -18.086  48.949 0.0000000000
67362  -31.691  -16.383  48.676 0.0000000000
67342  -31.585  -16.683  49.812 0.0000000000
67344  -33.947  -15.588  50.071 0.0000000000
59017  -27.734  -23.008  51.006 0.0000000000
59033  -27.750  -22.542  50.283 0.0000000000
57830  -29.223  -23.231  50.976 0.0000000000
57848  -29.530  -23.131  50.189 0.0000000000
59034  -30.807  -22.691  50.110 0.0000000000
60170  -32.888  -21.838  52.791 0.0000000000
61338  -31.922  -21.486  51.766 0.0000000000
60202  -31.551  -21.300  50.469 0.0000000000
63757  -31.522  -20.286  50.420 0.0000000000
64951  -31.062  -18.742  50.525 0.0000000000
57794  -28.832  -23.443  52.820 0.0000000000
85653  -40.824  -1.633  33.128 0.0000000000
84581  -39.684  -2.530  30.593 0.0000000000
86734  -41.639  -0.731  32.507 0.0000000000
86746  -42.506  -0.504  31.605 0.0000000000
86757  -43.840  -0.324  30.520 0.0000000000
89050  -45.729  1.294  32.511 0.0000000000
86748  -45.782  -0.314  30.856 0.0000000000
85682  -45.050  -0.335  29.647 0.0000000000
85705  -45.854  -0.396  28.891 0.0000000000
87896  -46.507  -0.045  27.756 0.0000000000
87922  -46.802  0.375  26.604 0.0000000000
89124  -47.679  0.723  26.153 0.0000000000
89104  -49.086  1.212  27.726 0.0000000000
89094  -50.357  1.657  28.924 0.0000000000
89080  -51.941  1.798  31.036 0.0000000000
89024  -52.853  1.391  34.260 0.0000000000
89057  -53.803  1.496  32.318 0.0000000000
72504  -33.935  -11.866  42.917 0.0000000000
72513  -32.124  -12.920  41.227 0.0000000000
73682  -33.604  -11.451  42.143 0.0000000000
74986  -33.400  -10.812  40.345 0.0000000000
75005  -34.307  -10.144  39.553 0.0000000000
76298  -36.943  -8.659  40.477 0.0000000000
76310  -35.896  -9.076  39.233 0.0000000000
76325  -34.918  -9.636  37.827 0.0000000000
76345  -35.852  -9.737  36.785 0.0000000000
75109  -36.467  -10.458  35.579 0.0000000000
73795  -37.044  -10.375  35.448 0.0000000000
73812  -37.820  -10.387  35.119 0.0000000000
73797  -38.983  -10.526  35.927 0.0000000000
73799  -40.777  -10.250  36.377 0.0000000000
75113  -42.610  -9.818  36.391 0.0000000000
76347  -43.294  -9.256  37.635 0.0000000000
78778  -43.264  -7.992  37.711 0.0000000000
62485  -18.589  -20.209  55.133 0.0000000000
63704  -18.511  -20.145  52.566 0.0000000000
63703  -17.679  -20.008  52.700 0.0000000000
63679  -17.712  -19.745  54.412 0.0000000000
63691  -15.748  -20.241  53.999 0.0000000000
70044  -33.133  -14.163  43.227 0.0000000000
67387  -32.415  -15.884  47.933 0.0000000000
67405  -32.991  -15.691  47.006 0.0000000000
67406  -33.873  -15.238  46.917 0.0000000000
68657  -35.801  -15.200  46.369 0.0000000000
67445  -34.415  -15.296  45.109 0.0000000000
67462  -34.933  -14.947  44.732 0.0000000000
70027  -34.260  -14.148  44.261 0.0000000000
71302  -33.401  -13.434  43.477 0.0000000000
72493  -34.791  -12.301  44.379 0.0000000000
74938  -35.485  -10.443  44.131 0.0000000000
76241  -36.616  -9.203  44.073 0.0000000000
76234  -37.720  -10.256  46.170 0.0000000000
76233  -37.708  -9.602  45.567 0.0000000000
59063  -27.177  -22.479  47.620 0.0000000000
60230  -27.094  -22.630  46.559 0.0000000000
59106  -26.615  -23.538  45.273 0.0000000000
57916  -28.621  -23.280  46.225 0.0000000000
59107  -27.335  -23.548  45.216 0.0000000000
60148  -22.032  -21.711  53.574 0.0000000000
61334  -21.580  -21.431  52.574 0.0000000000
61336  -23.255  -21.446  51.772 0.0000000000
62538  -22.137  -21.006  51.206 0.0000000000
63728  -20.587  -20.385  50.219 0.0000000000
62562  -20.077  -21.315  48.460 0.0000000000
90324  -48.240  1.499  25.203 0.0000000000
90325  -48.966  2.238  24.933 0.0000000000
90333  -49.881  2.398  23.611 0.0000000000
90305  -51.902  3.311  27.128 0.0000000000
91532  -51.312  3.390  25.533 0.0000000000
90334  -50.560  2.473  23.079 0.0000000000
91550  -51.488  2.417  22.453 0.0000000000
91551  -52.164  2.539  22.325 0.0000000000
90349  -52.302  1.941  21.178 0.0000000000
92674  -53.743  3.550  22.724 0.0000000000
92675  -54.525  3.816  22.705 0.0000000000
60021  -9.369  -23.295  59.996 0.0000000000
58839  -8.262  -23.991  60.766 0.0000000000
57655  -8.257  -25.343  59.302 0.0000000000
72521  -32.388  -13.039  39.980 0.0000000000
83428  -38.373  -3.978  33.176 0.0000000000
73826  -38.349  -10.154  35.035 0.0000000000
77633  -38.948  -8.723  35.259 0.0000000000
78804  -38.451  -7.923  34.985 0.0000000000
79862  -41.342  -7.238  36.230 0.0000000000
80974  -39.951  -6.710  35.318 0.0000000000
80986  -38.749  -6.137  34.635 0.0000000000
82228  -38.497  -5.256  34.618 0.0000000000
83429  -39.202  -3.461  33.955 0.0000000000
84554  -39.816  -2.300  33.105 0.0000000000
85641  -41.151  -2.016  34.031 0.0000000000
86722  -42.782  -0.571  35.211 0.0000000000
89011  -44.064  1.389  35.636 0.0000000000
62344  -10.529  -20.827  62.816 0.0000000000
62361  -10.904  -20.955  61.208 0.0000000000
61190  -9.896  -21.929  60.752 0.0000000000
60038  -9.524  -23.482  59.118 0.0000000000
58873  -9.133  -24.218  57.827 0.0000000000
58838  -7.542  -24.166  61.330 0.0000000000
60007  -6.741  -23.813  62.561 0.0000000000
58807  -6.301  -24.457  63.270 0.0000000000
55157  -6.100  -27.358  61.454 0.0000000000
56387  -5.780  -26.116  62.320 0.0000000000
57555  -5.990  -24.504  64.162 0.0000000000
57538  -5.331  -24.414  64.770 0.0000000000
57552  -4.020  -24.620  64.528 0.0000000000
52839  -3.162  -28.546  62.013 0.0000000000
55118  -2.933  -27.415  62.572 0.0000000000
61185  -9.300  -22.197  62.199 0.0000000000
61188  -8.644  -22.581  61.886 0.0000000000
66175  -30.622  -17.851  47.854 0.0000000000
67360  -31.004  -17.401  47.864 0.0000000000
60200  -26.321  -21.879  49.250 0.0000000000
64960  -30.524  -18.767  48.549 0.0000000000
66155  -30.306  -18.349  48.231 0.0000000000
64969  -29.424  -18.812  47.540 0.0000000000
59016  -27.159  -22.857  51.250 0.0000000000
59002  -27.049  -23.074  51.964 0.0000000000
87941  -46.792  -0.329  24.611 0.0000000000
70060  -32.967  -14.385  42.107 0.0000000000
70076  -32.438  -15.030  40.698 0.0000000000
71315  -32.710  -13.588  42.054 0.0000000000
73810  -36.218  -11.420  34.434 0.0000000000
73823  -36.237  -12.001  33.538 0.0000000000
62498  -13.755  -21.440  53.334 0.0000000000
63675  -13.869  -20.416  54.692 0.0000000000
62481  -13.279  -21.272  54.362 0.0000000000
67321  -32.601  -16.865  52.285 0.0000000000
67310  -32.817  -17.251  53.179 0.0000000000
58950  -31.634  -22.463  53.780 0.0000000000
57777  -31.412  -23.234  52.903 0.0000000000
58968  -32.249  -22.402  53.641 0.0000000000
64939  -32.754  -19.449  52.852 0.0000000000
57730  -30.990  -22.482  53.950 0.0000000000
89018  -44.778  1.855  34.954 0.0000000000
87830  -43.670  0.898  33.710 0.0000000000
87818  -44.941  1.922  34.203 0.0000000000
87835  -49.792  1.378  32.907 0.0000000000
87834  -48.903  1.165  32.633 0.0000000000
87851  -48.829  0.750  31.821 0.0000000000
89068  -49.161  0.628  30.997 0.0000000000
89053  -49.822  0.915  31.643 0.0000000000
89069  -49.753  1.025  31.029 0.0000000000
89035  -51.038  0.976  32.912 0.0000000000
76256  -36.405  -9.272  43.224 0.0000000000
76255  -36.013  -9.312  42.545 0.0000000000
76329  -38.919  -9.199  38.660 0.0000000000
75006  -39.506  -9.415  38.507 0.0000000000
75031  -39.092  -9.587  38.074 0.0000000000
75032  -39.852  -9.728  38.070 0.0000000000
62520  -20.426  -21.147  52.805 0.0000000000
62519  -20.073  -20.775  53.320 0.0000000000
62535  -20.063  -20.697  52.391 0.0000000000
92680  -55.155  4.243  21.757 0.0000000000
93727  -55.860  4.509  22.422 0.0000000000
59993  -7.471  -22.762  65.177 0.0000000000
59986  -6.472  -22.746  66.098 0.0000000000
66230  -32.541  -15.810  45.078 0.0000000000
66238  -32.780  -15.836  44.645 0.0000000000
66239  -33.144  -15.721  44.608 0.0000000000
67365  -34.770  -15.140  48.976 0.0000000000
68630  -35.470  -14.767  49.102 0.0000000000
71255  -37.222  -13.116  46.673 0.0000000000
69999  -36.719  -13.789  46.347 0.0000000000
71272  -36.530  -13.330  46.311 0.0000000000
71271  -36.133  -13.162  45.879 0.0000000000
72474  -36.332  -12.713  45.856 0.0000000000
72484  -36.149  -12.500  45.340 0.0000000000
61398  -21.777  -22.296  46.948 0.0000000000
61399  -22.537  -22.291  46.686 0.0000000000
57881  -30.021  -22.690  49.319 0.0000000000
57879  -28.869  -22.991  48.189 0.0000000000
62576  -23.374  -20.698  47.728 0.0000000000
62589  -21.633  -21.425  47.351 0.0000000000
89095  -51.104  2.303  29.093 0.0000000000
89107  -50.931  2.424  28.342 0.0000000000
90294  -51.800  2.634  29.097 0.0000000000
92651  -53.663  4.484  26.890 0.0000000000
91526  -52.911  4.295  26.776 0.0000000000
92657  -53.107  3.958  25.096 0.0000000000
91535  -53.794  4.209  25.673 0.0000000000
91543  -53.834  4.163  25.170 0.0000000000
91528  -54.046  4.219  26.008 0.0000000000
75027  -33.259  -10.560  38.050 0.0000000000
73717  -32.405  -11.936  38.248 0.0000000000
75050  -32.652  -11.601  37.170 0.0000000000
77643  -37.413  -9.160  32.744 0.0000000000
77654  -37.486  -9.287  31.609 0.0000000000
78812  -36.993  -8.223  33.018 0.0000000000
79881  -37.321  -7.418  33.145 0.0000000000
76379  -42.015  -9.411  36.220 0.0000000000
76393  -41.288  -9.095  35.857 0.0000000000
77610  -41.613  -8.805  36.229 0.0000000000
84524  -42.805  -4.051  36.347 0.0000000000
85605  -42.785  -3.170  36.373 0.0000000000
84522  -41.577  -3.630  35.632 0.0000000000
86704  -42.727  -2.337  36.449 0.0000000000
62436  -11.528  -21.916  57.668 0.0000000000
62421  -11.745  -21.171  58.671 0.0000000000
62420  -11.394  -21.805  58.240 0.0000000000
62403  -11.247  -21.728  59.293 0.0000000000
61249  -10.466  -22.896  57.840 0.0000000000
56438  -6.791  -26.561  60.508 0.0000000000
52841  -4.595  -28.696  61.888 0.0000000000
53961  -5.000  -28.183  62.213 0.0000000000
55120  -4.204  -27.469  62.880 0.0000000000
52808  -3.897  -28.235  62.455 0.0000000000
77546  -38.258  -8.062  42.646 0.0000000000
62560  -18.903  -21.315  49.233 0.0000000000
61178  -8.518  -22.324  63.470 0.0000000000
61172  -8.486  -22.232  64.357 0.0000000000
59994  -7.907  -22.661  64.629 0.0000000000
67421  -29.477  -17.295  45.318 0.0000000000
67403  -31.179  -16.104  46.784 0.0000000000
67402  -30.605  -16.411  46.536 0.0000000000
67423  -31.858  -15.658  45.842 0.0000000000
61384  -24.902  -20.993  47.904 0.0000000000
61402  -25.254  -22.124  46.704 0.0000000000
60244  -25.747  -22.578  46.202 0.0000000000
60263  -25.345  -23.203  45.651 0.0000000000
62578  -30.809  -20.915  49.463 0.0000000000
62593  -30.506  -21.091  48.335 0.0000000000
63793  -30.020  -20.304  46.655 0.0000000000
62618  -30.043  -21.192  46.344 0.0000000000
62633  -29.842  -21.421  45.622 0.0000000000
61450  -29.705  -22.173  44.899 0.0000000000
61451  -29.827  -21.754  45.308 0.0000000000
62632  -29.503  -21.324  45.008 0.0000000000
65023  -28.461  -19.657  44.875 0.0000000000
58985  -26.465  -23.256  53.022 0.0000000000
57791  -26.693  -23.389  53.546 0.0000000000
59000  -25.205  -22.222  52.213 0.0000000000
60199  -25.675  -21.604  49.713 0.0000000000
60198  -24.907  -21.592  50.259 0.0000000000
62565  -24.259  -20.587  48.204 0.0000000000
87907  -45.106  -0.493  28.086 0.0000000000
75084  -34.740  -10.660  35.969 0.0000000000
73765  -34.083  -11.471  35.727 0.0000000000
73793  -34.820  -11.627  35.071 0.0000000000
75148  -36.744  -10.607  33.179 0.0000000000
77631  -37.520  -9.384  33.709 0.0000000000
80954  -44.160  -6.047  38.022 0.0000000000
82193  -44.238  -5.600  37.747 0.0000000000
84513  -44.644  -2.849  37.681 0.0000000000
63667  -16.370  -19.548  55.296 0.0000000000
62473  -16.806  -19.450  56.040 0.0000000000
63666  -15.577  -19.423  55.608 0.0000000000
63653  -15.334  -19.503  56.540 0.0000000000
63641  -15.084  -19.653  57.448 0.0000000000
62454  -12.941  -20.802  56.768 0.0000000000
62453  -12.269  -21.681  56.289 0.0000000000
62437  -12.127  -21.442  57.556 0.0000000000
61274  -11.221  -22.954  55.659 0.0000000000
61275  -11.770  -22.470  55.479 0.0000000000
66147  -30.765  -17.823  49.908 0.0000000000
67330  -31.978  -16.849  50.928 0.0000000000
67332  -33.578  -15.858  51.418 0.0000000000
57812  -28.972  -23.451  51.893 0.0000000000
57829  -28.337  -23.092  50.929 0.0000000000
57815  -31.090  -23.194  51.880 0.0000000000
57831  -29.910  -23.254  51.019 0.0000000000
57833  -30.741  -22.967  51.384 0.0000000000
57849  -30.164  -23.217  50.353 0.0000000000
57851  -30.929  -22.647  51.218 0.0000000000
62503  -33.307  -21.157  53.443 0.0000000000
60151  -33.314  -22.043  53.224 0.0000000000
62554  -32.538  -20.330  51.804 0.0000000000
61339  -32.362  -20.994  52.346 0.0000000000
61356  -32.156  -20.536  51.703 0.0000000000
60187  -31.485  -21.378  50.924 0.0000000000
61372  -31.757  -21.066  50.119 0.0000000000
62566  -31.702  -20.538  50.693 0.0000000000
66140  -31.962  -18.076  51.575 0.0000000000
64963  -31.292  -19.653  50.527 0.0000000000
64962  -30.796  -19.021  49.752 0.0000000000
57775  -30.028  -23.480  53.271 0.0000000000
57811  -28.259  -23.374  52.123 0.0000000000
86726  -41.406  -1.032  33.426 0.0000000000
85652  -40.465  -1.345  32.125 0.0000000000
87866  -43.731  0.285  32.602 0.0000000000
87864  -42.893  -0.472  31.895 0.0000000000
86758  -43.532  -0.244  31.548 0.0000000000
90252  -47.568  2.340  34.437 0.0000000000
89031  -46.284  1.535  33.432 0.0000000000
86749  -47.057  -0.160  31.147 0.0000000000
87868  -46.337  0.129  31.420 0.0000000000
85670  -46.778  -0.344  30.758 0.0000000000
148740  -45.156  -0.257  30.335 0.0000000000
85669  -45.918  -0.235  30.361 0.0000000000
148739  -45.177  -0.504  29.038 0.0000000000
85693  -46.405  -0.227  29.679 0.0000000000
87898  -46.849  -0.077  28.549 0.0000000000
87897  -47.193  0.253  28.013 0.0000000000
87911  -46.928  0.327  27.390 0.0000000000
89102  -47.465  0.464  27.686 0.0000000000
89114  -47.531  0.591  27.110 0.0000000000
89103  -48.059  0.706  27.826 0.0000000000
89078  -50.253  1.391  30.471 0.0000000000
89079  -51.122  1.547  30.700 0.0000000000
89086  -50.750  1.716  29.811 0.0000000000
89040  -54.262  0.004  33.221 0.0000000000
74987  -34.319  -10.161  40.674 0.0000000000
76296  -35.137  -9.616  39.900 0.0000000000
76278  -36.770  -8.743  41.852 0.0000000000
76311  -36.976  -9.132  39.092 0.0000000000
77569  -35.982  -9.242  38.601 0.0000000000
76309  -35.200  -9.502  38.752 0.0000000000
77578  -35.555  -9.482  38.026 0.0000000000
76344  -35.055  -9.653  37.110 0.0000000000
77590  -35.901  -9.505  37.584 0.0000000000
75054  -37.700  -9.781  36.833 0.0000000000
76346  -36.870  -9.651  36.817 0.0000000000
73766  -37.649  -10.155  36.409 0.0000000000
73796  -37.966  -10.469  35.764 0.0000000000
73768  -38.934  -10.061  36.868 0.0000000000
73741  -40.320  -10.266  37.518 0.0000000000
73770  -40.537  -10.302  36.899 0.0000000000
73771  -41.424  -10.455  36.874 0.0000000000
73800  -41.436  -10.274  36.335 0.0000000000
73772  -42.195  -10.568  37.000 0.0000000000
76330  -43.665  -9.066  38.340 0.0000000000
77581  -43.832  -8.239  38.554 0.0000000000
77591  -43.578  -8.692  37.795 0.0000000000
79830  -44.220  -7.276  38.433 0.0000000000
62502  -19.964  -20.529  54.330 0.0000000000
62486  -19.311  -20.313  54.823 0.0000000000
61291  -19.336  -20.376  55.322 0.0000000000
62534  -18.022  -20.688  50.498 0.0000000000
63716  -18.502  -20.251  51.432 0.0000000000
63714  -17.023  -20.309  52.069 0.0000000000
63693  -17.600  -19.683  53.550 0.0000000000
63692  -16.553  -19.843  53.551 0.0000000000
59996  -4.558  -23.690  65.193 0.0000000000
67473  -30.530  -17.110  42.462 0.0000000000
67495  -31.959  -16.698  41.539 0.0000000000
67477  -33.174  -15.334  43.406 0.0000000000
68732  -33.123  -14.951  43.058 0.0000000000
68712  -33.388  -14.501  43.540 0.0000000000
67388  -33.395  -15.706  47.916 0.0000000000
67427  -35.200  -15.265  45.789 0.0000000000
67446  -35.268  -15.149  44.995 0.0000000000
71289  -35.183  -13.265  45.276 0.0000000000
70028  -34.772  -14.098  44.927 0.0000000000
71288  -34.492  -13.576  44.564 0.0000000000
71287  -33.952  -13.700  43.985 0.0000000000
71303  -34.091  -13.091  44.210 0.0000000000
72492  -33.992  -12.580  43.465 0.0000000000
73665  -36.355  -11.283  45.184 0.0000000000
74939  -36.157  -10.106  44.486 0.0000000000
74932  -38.147  -10.937  47.015 0.0000000000
74931  -37.959  -10.835  46.573 0.0000000000
76226  -38.186  -10.026  46.492 0.0000000000
77515  -38.232  -8.974  44.845 0.0000000000
61414  -23.978  -22.645  46.318 0.0000000000
60227  -23.384  -23.412  46.379 0.0000000000
59082  -23.683  -24.110  46.403 0.0000000000
57846  -28.258  -22.501  49.677 0.0000000000
59048  -27.750  -22.457  48.915 0.0000000000
59049  -28.072  -22.603  48.747 0.0000000000
57877  -27.774  -22.790  46.728 0.0000000000
59064  -27.500  -22.586  47.457 0.0000000000
59085  -27.219  -22.985  46.112 0.0000000000
59084  -26.822  -23.153  45.772 0.0000000000
59087  -28.953  -23.280  46.388 0.0000000000
60183  -23.872  -21.405  51.570 0.0000000000
60166  -23.889  -21.679  52.186 0.0000000000
63730  -21.973  -20.296  49.536 0.0000000000
63729  -21.388  -20.355  49.852 0.0000000000
62550  -21.542  -20.638  50.774 0.0000000000
63742  -20.416  -20.511  48.954 0.0000000000
63753  -20.465  -20.970  48.506 0.0000000000
89125  -48.432  0.989  26.293 0.0000000000
90323  -47.981  1.021  25.612 0.0000000000
89126  -48.749  1.305  26.227 0.0000000000
90314  -49.978  2.407  26.066 0.0000000000
91539  -49.547  2.976  25.034 0.0000000000
90326  -49.488  2.618  24.399 0.0000000000
91520  -52.232  3.463  28.064 0.0000000000
92655  -51.910  3.651  25.020 0.0000000000
91545  -50.614  3.106  23.683 0.0000000000
90341  -50.854  1.926  22.385 0.0000000000
91546  -51.529  3.013  23.221 0.0000000000
91547  -52.543  3.207  23.216 0.0000000000
91554  -52.264  2.295  21.621 0.0000000000
91555  -52.923  3.009  21.569 0.0000000000
92671  -54.390  3.919  23.615 0.0000000000
92672  -55.157  4.193  23.485 0.0000000000
58847  -8.938  -23.888  59.437 0.0000000000
58846  -8.570  -24.291  60.018 0.0000000000
57656  -8.771  -24.784  59.000 0.0000000000
82244  -37.332  -5.750  32.645 0.0000000000
83439  -37.322  -5.351  32.065 0.0000000000
83427  -37.755  -4.726  32.589 0.0000000000
73813  -38.807  -10.309  35.441 0.0000000000
75136  -38.826  -9.886  35.224 0.0000000000
77635  -40.161  -8.721  35.491 0.0000000000
76403  -38.818  -9.288  35.119 0.0000000000
78805  -39.249  -8.320  35.435 0.0000000000
78794  -39.321  -7.791  35.450 0.0000000000
79863  -41.954  -6.602  36.525 0.0000000000
80977  -42.181  -5.887  36.492 0.0000000000
82215  -41.064  -5.377  35.732 0.0000000000
80975  -40.619  -6.346  35.604 0.0000000000
79871  -39.366  -6.633  35.042 0.0000000000
80987  -39.632  -5.965  35.005 0.0000000000
82213  -38.393  -5.697  34.611 0.0000000000
82229  -39.761  -4.851  34.665 0.0000000000
84533  -40.952  -3.316  34.961 0.0000000000
83416  -40.206  -3.861  34.790 0.0000000000
84532  -40.545  -2.980  34.536 0.0000000000
85639  -40.348  -2.733  34.297 0.0000000000
84555  -40.519  -2.281  33.684 0.0000000000
86715  -42.993  -0.654  36.040 0.0000000000
87811  -43.302  0.387  35.493 0.0000000000
87812  -43.678  1.023  35.302 0.0000000000
61200  -11.001  -22.020  59.816 0.0000000000
62380  -10.517  -21.801  60.515 0.0000000000
62360  -10.441  -21.461  61.027 0.0000000000
60022  -10.034  -23.006  59.425 0.0000000000
58893  -9.673  -24.283  57.223 0.0000000000
58845  -7.870  -24.516  60.486 0.0000000000
60012  -7.825  -23.492  61.770 0.0000000000
57615  -6.487  -25.816  61.327 0.0000000000
57595  -6.389  -24.638  61.977 0.0000000000
60002  -6.528  -23.943  62.894 0.0000000000
53979  -5.871  -28.039  61.168 0.0000000000
53963  -5.658  -27.850  61.643 0.0000000000
56386  -5.343  -26.484  62.678 0.0000000000
56402  -5.683  -26.790  62.240 0.0000000000
58806  -5.661  -24.947  63.463 0.0000000000
57554  -5.342  -24.813  64.047 0.0000000000
57574  -4.545  -25.584  63.687 0.0000000000
57573  -3.555  -25.261  63.926 0.0000000000
58782  -3.721  -24.169  64.488 0.0000000000
53960  -2.796  -28.208  62.075 0.0000000000
68641  -29.725  -17.226  46.351 0.0000000000
67384  -30.475  -17.013  47.324 0.0000000000
61385  -25.413  -21.590  47.616 0.0000000000
60213  -25.916  -21.794  48.509 0.0000000000
64972  -30.729  -19.677  49.260 0.0000000000
63778  -30.342  -20.429  48.242 0.0000000000
64986  -30.055  -19.800  48.241 0.0000000000
64985  -29.721  -19.545  47.408 0.0000000000
63792  -29.510  -20.115  45.994 0.0000000000
64984  -29.237  -19.082  46.802 0.0000000000
66173  -29.373  -18.371  46.922 0.0000000000
57793  -28.162  -23.533  53.058 0.0000000000
59014  -25.343  -21.881  51.319 0.0000000000
87909  -45.568  -0.532  26.771 0.0000000000
75108  -35.779  -10.838  35.328 0.0000000000
73809  -35.374  -12.024  34.327 0.0000000000
75134  -37.202  -10.347  34.186 0.0000000000
63676  -14.657  -20.105  54.545 0.0000000000
64904  -14.959  -19.559  55.305 0.0000000000
64911  -14.783  -19.645  55.017 0.0000000000
62471  -13.649  -20.580  56.087 0.0000000000
62470  -12.741  -21.303  55.491 0.0000000000
61276  -12.324  -21.991  55.286 0.0000000000
61289  -11.944  -22.803  54.679 0.0000000000
67320  -32.269  -17.139  51.695 0.0000000000
57796  -30.265  -23.574  52.482 0.0000000000
57776  -30.766  -23.426  53.071 0.0000000000
57798  -31.460  -23.079  52.357 0.0000000000
62521  -32.944  -20.661  53.049 0.0000000000
63706  -32.801  -20.046  53.272 0.0000000000
63720  -32.998  -19.952  52.269 0.0000000000
63731  -32.535  -19.906  51.592 0.0000000000
63745  -31.855  -20.045  50.961 0.0000000000
64944  -32.200  -19.193  52.017 0.0000000000
57754  -30.524  -23.080  53.711 0.0000000000
87829  -43.086  -0.128  33.752 0.0000000000
87828  -42.498  -0.236  33.388 0.0000000000
87848  -43.570  0.445  33.220 0.0000000000
87849  -44.340  0.973  32.974 0.0000000000
89065  -44.551  0.743  32.371 0.0000000000
90267  -48.711  1.768  33.813 0.0000000000
89032  -47.934  1.316  33.186 0.0000000000
87833  -47.998  0.876  32.485 0.0000000000
86751  -48.733  -0.959  31.128 0.0000000000
86769  -47.173  -0.162  29.626 0.0000000000
87887  -48.084  0.106  30.166 0.0000000000
89083  -48.296  0.806  29.476 0.0000000000
89092  -48.612  0.972  28.666 0.0000000000
89077  -49.391  1.268  30.371 0.0000000000
89070  -50.531  1.159  31.257 0.0000000000
89055  -51.697  1.264  32.453 0.0000000000
74950  -34.625  -10.452  42.856 0.0000000000
74969  -34.897  -9.872  42.546 0.0000000000
76300  -39.693  -8.829  40.296 0.0000000000
75030  -38.386  -9.647  37.734 0.0000000000
75056  -38.981  -9.799  37.465 0.0000000000
75088  -38.966  -9.923  37.052 0.0000000000
73719  -40.197  -10.064  37.917 0.0000000000
73720  -40.764  -10.456  38.024 0.0000000000
60128  -20.983  -21.322  54.452 0.0000000000
61320  -20.656  -20.927  54.161 0.0000000000
63695  -19.289  -20.261  53.411 0.0000000000
62533  -17.509  -20.787  50.953 0.0000000000
62501  -16.184  -20.403  52.670 0.0000000000
92679  -54.438  3.793  21.805 0.0000000000
92682  -54.467  4.123  20.863 0.0000000000
93734  -54.557  4.450  20.284 0.0000000000
58768  -5.315  -23.889  65.166 0.0000000000
68692  -30.892  -16.139  44.426 0.0000000000
68693  -31.433  -16.160  44.001 0.0000000000
67458  -31.942  -16.081  43.870 0.0000000000
67459  -32.621  -15.855  43.884 0.0000000000
67390  -35.426  -14.944  47.863 0.0000000000
68644  -36.911  -14.400  47.172 0.0000000000
68659  -36.748  -14.294  46.552 0.0000000000
68677  -36.656  -14.226  46.196 0.0000000000
69997  -36.371  -14.456  45.715 0.0000000000
68694  -35.686  -14.677  45.170 0.0000000000
70010  -36.054  -14.028  45.479 0.0000000000
71270  -35.775  -13.414  45.553 0.0000000000
72483  -35.383  -12.389  45.002 0.0000000000
73666  -36.851  -11.129  45.573 0.0000000000
76222  -38.647  -9.908  46.878 0.0000000000
60243  -24.834  -23.122  45.775 0.0000000000
57861  -29.185  -22.802  49.250 0.0000000000
57860  -28.445  -22.703  48.829 0.0000000000
57899  -28.127  -23.102  46.359 0.0000000000
59109  -28.898  -23.205  45.458 0.0000000000
60165  -22.942  -21.916  52.725 0.0000000000
61368  -23.992  -20.836  49.941 0.0000000000
62552  -23.334  -20.535  49.986 0.0000000000
62563  -22.651  -20.298  49.380 0.0000000000
63755  -21.535  -20.635  48.521 0.0000000000
63754  -20.905  -20.833  48.531 0.0000000000
62574  -21.151  -21.318  47.997 0.0000000000
61383  -20.963  -22.249  47.244 0.0000000000
90298  -50.092  1.918  27.656 0.0000000000
90302  -49.366  1.885  27.213 0.0000000000
91523  -50.484  2.711  26.347 0.0000000000
91525  -52.493  3.735  27.284 0.0000000000
91533  -52.300  3.683  25.669 0.0000000000
92656  -52.568  3.803  25.092 0.0000000000
92662  -52.100  3.496  24.351 0.0000000000
92663  -52.808  3.654  24.512 0.0000000000
92669  -53.000  3.530  23.881 0.0000000000
91548  -53.063  3.379  23.389 0.0000000000
92670  -53.583  3.632  23.680 0.0000000000
92659  -54.700  4.355  25.386 0.0000000000
57665  -8.426  -25.652  57.979 0.0000000000
74985  -32.656  -11.178  39.644 0.0000000000
73703  -32.134  -11.981  39.253 0.0000000000
73716  -32.559  -12.471  37.840 0.0000000000
79892  -37.143  -7.566  32.166 0.0000000000
81003  -37.204  -5.979  33.536 0.0000000000
75124  -39.928  -9.964  35.753 0.0000000000
75137  -39.516  -9.587  35.427 0.0000000000
76392  -40.651  -9.277  35.637 0.0000000000
77622  -40.601  -8.680  35.658 0.0000000000
78796  -40.945  -8.157  36.033 0.0000000000
83383  -43.402  -4.543  37.143 0.0000000000
82217  -42.340  -5.457  36.400 0.0000000000
83396  -42.750  -4.591  36.367 0.0000000000
83407  -42.038  -5.005  35.939 0.0000000000
83406  -41.306  -4.602  35.705 0.0000000000
82214  -40.572  -4.674  35.317 0.0000000000
83394  -41.319  -4.070  35.642 0.0000000000
84534  -41.504  -3.145  35.281 0.0000000000
85629  -41.903  -1.896  35.321 0.0000000000
87806  -43.619  -0.111  36.656 0.0000000000
63627  -12.839  -20.471  58.423 0.0000000000
63614  -12.215  -20.558  59.034 0.0000000000
63599  -12.163  -20.264  60.098 0.0000000000
62382  -11.689  -20.971  60.113 0.0000000000
61217  -10.802  -22.195  59.419 0.0000000000
60039  -10.137  -23.122  58.771 0.0000000000
61235  -10.551  -22.764  58.389 0.0000000000
60061  -10.198  -23.106  58.111 0.0000000000
58894  -10.078  -24.234  56.788 0.0000000000
56439  -7.181  -26.369  59.951 0.0000000000
57637  -6.658  -26.103  60.858 0.0000000000
56419  -6.489  -26.691  61.180 0.0000000000
53978  -5.372  -28.370  61.509 0.0000000000
53962  -5.226  -28.073  62.011 0.0000000000
53944  -5.021  -27.843  62.408 0.0000000000
55121  -4.872  -27.326  62.670 0.0000000000
56385  -4.660  -26.498  63.009 0.0000000000
60133  -33.261  -21.956  53.937 0.0000000000
64933  -33.518  -19.512  54.429 0.0000000000
91478  -46.586  2.626  35.554 0.0000000000
90251  -46.483  2.397  34.658 0.0000000000
91479  -47.520  2.627  35.156 0.0000000000
91480  -48.466  2.482  34.907 0.0000000000
89021  -50.123  1.447  33.874 0.0000000000
87821  -50.446  1.352  33.544 0.0000000000
89022  -51.010  1.301  33.798 0.0000000000
77562  -38.599  -8.332  41.651 0.0000000000
77563  -39.289  -8.539  41.062 0.0000000000
75008  -41.116  -9.601  39.047 0.0000000000
63727  -19.684  -20.349  50.362 0.0000000000
63717  -19.697  -20.284  51.450 0.0000000000
63740  -18.973  -20.592  49.719 0.0000000000
62548  -18.171  -21.169  49.744 0.0000000000
59997  -6.937  -23.386  64.674 0.0000000000
68691  -30.098  -16.607  44.560 0.0000000000
68655  -29.823  -16.995  45.932 0.0000000000
68656  -30.344  -16.467  45.929 0.0000000000
68674  -30.610  -16.230  45.236 0.0000000000
67441  -31.211  -15.791  45.233 0.0000000000
66213  -32.203  -15.646  45.573 0.0000000000
66215  -32.832  -15.686  45.593 0.0000000000
72476  -37.613  -11.823  46.392 0.0000000000
62591  -23.281  -21.528  47.010 0.0000000000
62592  -23.822  -21.664  46.901 0.0000000000
61415  -24.610  -22.545  46.247 0.0000000000
59105  -25.797  -24.087  45.135 0.0000000000
60215  -30.389  -22.161  49.177 0.0000000000
59066  -29.705  -22.782  47.897 0.0000000000
60232  -30.406  -21.923  48.753 0.0000000000
60231  -30.018  -22.298  47.630 0.0000000000
60247  -29.830  -22.427  46.449 0.0000000000
62604  -30.371  -20.917  47.491 0.0000000000
61417  -30.072  -21.735  46.934 0.0000000000
60267  -29.842  -22.538  45.761 0.0000000000
60266  -29.491  -22.629  45.329 0.0000000000
63811  -29.056  -20.407  45.277 0.0000000000
58983  -24.425  -22.519  53.381 0.0000000000
60167  -24.515  -21.817  52.149 0.0000000000
61353  -24.383  -21.283  50.347 0.0000000000
148744  -43.759  -0.741  28.332 0.0000000000
89147  -49.420  0.766  22.731 0.0000000000
90292  -52.978  2.336  30.663 0.0000000000
90295  -52.452  2.685  29.688 0.0000000000
91511  -53.859  2.424  30.970 0.0000000000
91515  -53.295  2.948  30.106 0.0000000000
93708  -54.185  4.510  27.019 0.0000000000
75082  -33.055  -11.659  36.630 0.0000000000
78813  -37.538  -8.697  33.490 0.0000000000
79852  -43.076  -7.114  37.307 0.0000000000
78786  -42.011  -8.265  36.613 0.0000000000
80963  -43.306  -6.126  37.040 0.0000000000
82181  -43.695  -4.968  37.367 0.0000000000
83384  -43.748  -4.050  37.311 0.0000000000
84512  -44.097  -3.334  37.346 0.0000000000
85607  -44.369  -2.346  37.454 0.0000000000
86706  -44.340  -1.120  37.447 0.0000000000
62456  -16.042  -19.427  56.749 0.0000000000
63628  -13.714  -20.156  58.465 0.0000000000
63651  -13.515  -20.166  57.073 0.0000000000
63639  -13.213  -20.470  57.673 0.0000000000
63638  -12.611  -20.769  57.868 0.0000000000
61251  -11.608  -22.009  57.381 0.0000000000
60078  -10.697  -22.970  56.942 0.0000000000
61260  -11.102  -22.818  56.355 0.0000000000
51761  -4.145  -29.247  61.622 0.0000000000
67361  -31.244  -17.154  48.330 0.0000000000
67341  -31.171  -17.189  49.110 0.0000000000
67343  -32.825  -16.150  49.947 0.0000000000
57813  -29.733  -23.532  51.778 0.0000000000
57863  -30.453  -23.013  49.845 0.0000000000
59050  -30.475  -22.469  49.569 0.0000000000
60132  -32.851  -22.291  53.467 0.0000000000
60150  -32.761  -22.338  52.885 0.0000000000
60169  -32.292  -22.019  52.350 0.0000000000
60168  -31.814  -22.040  51.734 0.0000000000
60186  -31.449  -21.844  51.172 0.0000000000
59051  -30.965  -22.295  50.023 0.0000000000
60216  -30.754  -21.826  49.601 0.0000000000
61371  -31.410  -21.497  49.962 0.0000000000
61388  -31.521  -20.961  49.747 0.0000000000
62579  -31.008  -20.730  49.647 0.0000000000
63756  -31.096  -20.106  49.896 0.0000000000
64961  -30.985  -18.949  48.820 0.0000000000
57773  -28.716  -23.238  53.597 0.0000000000
57828  -27.777  -23.197  51.545 0.0000000000
84567  -39.259  -1.920  31.795 0.0000000000
87846  -42.647  -0.192  32.729 0.0000000000
86745  -41.417  -0.778  30.832 0.0000000000
87832  -45.505  1.793  33.862 0.0000000000
89030  -45.188  1.431  32.948 0.0000000000
89066  -45.123  0.985  32.101 0.0000000000
89051  -46.900  1.107  32.558 0.0000000000
89067  -46.004  0.801  31.971 0.0000000000
87877  -45.143  -0.197  31.184 0.0000000000
148742  -44.277  -0.362  29.952 0.0000000000
87885  -43.678  -0.626  28.884 0.0000000000
148737  -44.599  -0.552  28.503 0.0000000000
148741  -45.188  -0.506  28.506 0.0000000000
86779  -46.909  -0.194  29.113 0.0000000000
148743  -45.918  -0.376  28.028 0.0000000000
87895  -45.878  -0.295  27.412 0.0000000000
87910  -46.225  0.046  27.050 0.0000000000
87932  -46.686  0.207  25.659 0.0000000000
89115  -48.258  0.951  26.977 0.0000000000
89093  -49.484  1.397  28.758 0.0000000000
89105  -49.958  1.512  28.133 0.0000000000
89087  -51.531  2.005  30.131 0.0000000000
89088  -52.225  2.254  30.466 0.0000000000
89036  -51.929  1.171  33.320 0.0000000000
89056  -52.573  1.233  32.812 0.0000000000
87872  -52.912  1.297  32.167 0.0000000000
89073  -53.257  1.430  31.930 0.0000000000
90290  -53.439  1.874  31.362 0.0000000000
90287  -53.856  1.660  31.973 0.0000000000
72503  -33.255  -12.774  42.667 0.0000000000
72502  -32.469  -13.075  41.856 0.0000000000
73681  -32.819  -12.250  41.667 0.0000000000
73693  -33.185  -11.413  41.249 0.0000000000
74967  -33.724  -10.756  41.320 0.0000000000
75004  -33.336  -10.522  39.152 0.0000000000
75028  -34.207  -10.062  38.435 0.0000000000
76297  -35.882  -9.041  40.235 0.0000000000
75052  -34.293  -10.354  37.222 0.0000000000
75053  -35.034  -9.976  36.563 0.0000000000
75085  -35.440  -10.287  36.242 0.0000000000
76366  -36.429  -10.193  36.210 0.0000000000
76377  -35.925  -10.613  35.586 0.0000000000
73769  -39.723  -10.211  36.849 0.0000000000
73798  -39.836  -10.270  36.122 0.0000000000
75111  -40.929  -10.160  35.972 0.0000000000
75112  -41.867  -10.078  36.050 0.0000000000
76380  -42.745  -9.344  36.603 0.0000000000
75034  -41.260  -10.129  38.436 0.0000000000
73721  -41.434  -10.419  37.993 0.0000000000
75036  -43.313  -9.605  38.863 0.0000000000
75059  -42.987  -9.735  37.777 0.0000000000
75058  -42.475  -10.305  37.470 0.0000000000
75091  -43.323  -9.763  37.151 0.0000000000
76381  -43.110  -9.206  36.907 0.0000000000
77602  -43.114  -8.761  37.307 0.0000000000
79842  -43.701  -7.110  38.035 0.0000000000
79831  -44.300  -6.705  38.267 0.0000000000
63715  -17.634  -20.307  51.799 0.0000000000
63694  -18.437  -19.842  53.589 0.0000000000
64914  -18.326  -19.710  54.037 0.0000000000
63678  -16.702  -19.721  54.682 0.0000000000
62500  -15.603  -20.588  53.027 0.0000000000
63690  -15.184  -20.260  54.211 0.0000000000
93731  -55.657  4.619  21.591 0.0000000000
93735  -55.370  4.618  20.637 0.0000000000
67496  -32.375  -16.349  41.094 0.0000000000
70061  -32.911  -14.076  42.818 0.0000000000
67386  -31.700  -16.254  47.972 0.0000000000
67425  -33.360  -15.633  45.998 0.0000000000
67408  -35.923  -15.235  47.044 0.0000000000
67407  -35.017  -15.237  46.824 0.0000000000
67426  -34.302  -15.487  45.952 0.0000000000
67444  -33.629  -15.509  45.168 0.0000000000
67461  -34.388  -14.995  44.687 0.0000000000
68713  -33.686  -14.707  44.063 0.0000000000
68715  -35.179  -14.700  44.883 0.0000000000
68714  -34.553  -14.625  44.620 0.0000000000
70026  -33.652  -14.128  43.766 0.0000000000
71301  -33.424  -13.872  43.576 0.0000000000
72491  -33.535  -12.926  43.252 0.0000000000
73672  -34.539  -11.348  43.421 0.0000000000
73673  -34.924  -10.977  44.155 0.0000000000
74952  -35.788  -9.896  43.806 0.0000000000
73658  -37.699  -11.352  46.338 0.0000000000
74936  -37.695  -10.971  46.077 0.0000000000
74935  -37.223  -10.476  45.719 0.0000000000
76242  -37.207  -9.465  44.705 0.0000000000
59047  -27.109  -22.486  48.224 0.0000000000
59065  -27.948  -22.770  48.313 0.0000000000
60245  -26.610  -22.915  45.970 0.0000000000
60265  -26.184  -23.415  45.394 0.0000000000
59124  -26.210  -24.417  44.789 0.0000000000
57900  -28.760  -23.153  47.044 0.0000000000
57915  -28.393  -23.304  45.859 0.0000000000
59108  -28.053  -23.449  45.367 0.0000000000
59086  -27.665  -23.172  45.848 0.0000000000
59125  -26.864  -24.362  44.579 0.0000000000
60129  -21.456  -21.807  54.468 0.0000000000
61322  -21.337  -21.438  53.344 0.0000000000
61333  -20.930  -21.347  52.848 0.0000000000
62536  -20.691  -20.921  51.972 0.0000000000
58998  -23.634  -22.051  52.701 0.0000000000
61335  -22.347  -21.446  51.965 0.0000000000
61351  -22.788  -21.071  51.284 0.0000000000
62537  -21.542  -21.078  51.588 0.0000000000
62549  -20.997  -20.581  51.157 0.0000000000
62561  -19.542  -21.281  48.774 0.0000000000
62573  -20.492  -21.379  48.228 0.0000000000
89133  -47.357  0.870  25.125 0.0000000000
89134  -47.878  1.119  24.516 0.0000000000
90313  -49.131  1.883  26.077 0.0000000000
90331  -48.479  1.478  24.448 0.0000000000
90332  -49.154  1.654  23.970 0.0000000000
90339  -49.462  1.535  23.217 0.0000000000
90340  -50.049  1.664  22.828 0.0000000000
90304  -50.957  2.952  27.020 0.0000000000
91524  -50.914  3.069  26.200 0.0000000000
90315  -51.452  3.253  26.441 0.0000000000
91540  -50.238  3.220  24.576 0.0000000000
90347  -51.136  1.489  21.822 0.0000000000
90342  -51.425  2.070  22.008 0.0000000000
90348  -51.696  1.620  21.479 0.0000000000
91556  -53.725  3.540  21.622 0.0000000000
92678  -53.895  3.566  22.074 0.0000000000
93723  -55.941  4.417  23.336 0.0000000000
60014  -9.089  -23.078  60.762 0.0000000000
60013  -8.424  -23.297  61.319 0.0000000000
60020  -8.744  -23.593  60.568 0.0000000000
57639  -8.064  -24.952  60.122 0.0000000000
56466  -7.760  -26.088  59.179 0.0000000000
57654  -7.602  -25.990  59.655 0.0000000000
71326  -32.255  -13.387  41.357 0.0000000000
75081  -32.549  -11.951  36.768 0.0000000000
84552  -38.302  -3.966  31.948 0.0000000000
73825  -37.745  -10.290  34.835 0.0000000000
75135  -37.892  -10.008  34.663 0.0000000000
76402  -38.002  -9.527  34.575 0.0000000000
77632  -38.029  -8.834  34.351 0.0000000000
78803  -37.708  -8.084  33.776 0.0000000000
79840  -41.664  -7.988  36.498 0.0000000000
79861  -40.436  -7.275  35.703 0.0000000000
80976  -41.466  -6.118  36.219 0.0000000000
79860  -39.608  -7.241  35.343 0.0000000000
79870  -38.801  -7.048  34.827 0.0000000000
79869  -38.051  -7.319  33.887 0.0000000000
80985  -37.857  -6.260  34.393 0.0000000000
82227  -37.560  -5.456  34.323 0.0000000000
82246  -37.843  -4.646  33.801 0.0000000000
82247  -38.694  -4.375  34.085 0.0000000000
86727  -41.961  -0.779  34.056 0.0000000000
85642  -41.758  -1.721  34.631 0.0000000000
86721  -42.235  -1.180  34.931 0.0000000000
86728  -42.698  -0.553  34.475 0.0000000000
87816  -43.258  0.169  34.509 0.0000000000
61180  -9.842  -21.537  62.468 0.0000000000
62349  -10.434  -21.142  61.867 0.0000000000
61186  -9.867  -21.789  61.630 0.0000000000
61198  -9.578  -22.610  60.544 0.0000000000
58856  -8.950  -24.121  58.746 0.0000000000
60089  -10.320  -23.893  56.373 0.0000000000
60009  -8.039  -22.973  62.121 0.0000000000
60004  -7.869  -22.922  62.961 0.0000000000
60008  -7.363  -23.542  62.285 0.0000000000
60003  -7.069  -23.552  63.282 0.0000000000
58808  -6.934  -23.963  63.977 0.0000000000
58786  -6.914  -23.697  64.333 0.0000000000
56403  -6.049  -26.506  61.793 0.0000000000
55142  -5.709  -27.352  61.951 0.0000000000
57576  -5.768  -25.505  62.873 0.0000000000
58784  -5.933  -24.583  63.898 0.0000000000
58785  -6.428  -24.105  64.410 0.0000000000
57539  -5.804  -24.403  64.527 0.0000000000
57537  -4.873  -24.284  65.029 0.0000000000
57553  -4.600  -24.685  64.530 0.0000000000
58783  -4.257  -24.156  64.958 0.0000000000
51760  -3.915  -29.275  61.649 0.0000000000
52858  -3.527  -29.264  61.656 0.0000000000
52840  -3.785  -28.938  61.830 0.0000000000
52822  -3.184  -28.334  62.223 0.0000000000
52809  -4.078  -28.163  62.552 0.0000000000
52823  -3.598  -28.319  62.358 0.0000000000
53929  -3.881  -28.032  62.610 0.0000000000
53930  -4.187  -27.970  62.615 0.0000000000
53941  -3.082  -28.048  62.430 0.0000000000
53942  -3.584  -27.941  62.642 0.0000000000
55099  -3.809  -27.757  62.781 0.0000000000
55100  -4.034  -27.819  62.740 0.0000000000
57814  -30.475  -23.388  51.699 0.0000000000
57816  -31.391  -22.863  51.940 0.0000000000
57832  -30.341  -23.058  51.049 0.0000000000
57850  -30.623  -22.834  50.672 0.0000000000
57859  -28.153  -22.484  49.015 0.0000000000
57880  -29.524  -22.790  48.682 0.0000000000
58767  -4.767  -24.062  65.162 0.0000000000
58769  -5.900  -23.901  64.955 0.0000000000
58824  -6.418  -24.349  62.462 0.0000000000
58825  -6.769  -24.175  61.978 0.0000000000
58855  -8.769  -24.557  59.341 0.0000000000
58967  -31.794  -22.807  53.254 0.0000000000
58987  -32.327  -22.591  53.080 0.0000000000
59003  -31.800  -22.582  52.208 0.0000000000
59004  -32.246  -22.544  52.659 0.0000000000
59018  -31.359  -22.453  51.538 0.0000000000
59035  -31.041  -22.357  50.722 0.0000000000
60076  -9.639  -23.825  57.610 0.0000000000
60147  -21.306  -21.400  53.982 0.0000000000
60201  -31.292  -21.803  50.372 0.0000000000
60233  -30.533  -21.637  49.206 0.0000000000
60246  -26.988  -22.873  46.225 0.0000000000
61170  -9.041  -21.756  64.768 0.0000000000
61216  -10.524  -22.680  59.150 0.0000000000
61337  -31.706  -21.679  51.512 0.0000000000
61354  -31.629  -21.392  51.328 0.0000000000
61355  -31.702  -20.893  51.241 0.0000000000
61386  -30.651  -21.052  49.326 0.0000000000
61387  -30.994  -21.212  49.621 0.0000000000
61404  -30.456  -21.332  49.007 0.0000000000
61429  -29.795  -22.351  45.430 0.0000000000
62580  -31.607  -20.664  49.994 0.0000000000
62594  -30.478  -20.746  49.058 0.0000000000
62595  -30.713  -20.622  49.429 0.0000000000
62605  -30.474  -20.798  48.260 0.0000000000
63680  -18.546  -19.919  54.377 0.0000000000
63719  -32.729  -19.645  52.010 0.0000000000
63732  -32.881  -20.159  51.852 0.0000000000
63744  -21.971  -20.318  48.920 0.0000000000
63764  -30.439  -20.087  48.839 0.0000000000
64905  -15.152  -19.537  55.074 0.0000000000
64912  -15.004  -19.680  54.810 0.0000000000
64913  -18.119  -19.706  54.179 0.0000000000
64922  -17.884  -19.618  54.039 0.0000000000
64923  -18.088  -19.654  53.898 0.0000000000
65003  -29.534  -19.684  46.524 0.0000000000
66214  -32.441  -15.658  45.587 0.0000000000
66229  -32.213  -15.717  45.339 0.0000000000
67401  -29.227  -17.498  46.099 0.0000000000
68673  -30.101  -16.834  45.293 0.0000000000
68676  -36.538  -14.548  46.067 0.0000000000
68690  -29.610  -16.941  44.445 0.0000000000
68730  -31.040  -16.729  42.989 0.0000000000
69989  -37.313  -13.723  46.914 0.0000000000
69990  -37.791  -13.285  47.121 0.0000000000
69998  -36.540  -14.156  45.892 0.0000000000
70012  -36.552  -13.639  46.207 0.0000000000
70045  -32.986  -13.867  43.112 0.0000000000
71256  -37.734  -12.749  46.781 0.0000000000
71286  -33.612  -13.779  43.718 0.0000000000
71314  -32.405  -13.474  41.578 0.0000000000
72464  -37.455  -12.653  46.604 0.0000000000
72501  -32.482  -13.272  41.714 0.0000000000
72512  -32.325  -13.229  41.533 0.0000000000
72533  -32.725  -12.848  37.964 0.0000000000
73657  -37.350  -11.512  45.901 0.0000000000
73718  -39.852  -9.953  37.830 0.0000000000
73737  -37.809  -10.016  36.650 0.0000000000
73738  -37.959  -9.878  36.789 0.0000000000
73739  -39.208  -9.876  37.389 0.0000000000
73742  -41.055  -10.518  37.503 0.0000000000
73762  -32.449  -12.381  36.917 0.0000000000
75026  -32.491  -11.170  37.770 0.0000000000
75029  -37.932  -9.642  37.385 0.0000000000
75055  -38.326  -9.770  37.086 0.0000000000
75086  -37.061  -10.102  36.189 0.0000000000
75087  -38.717  -9.881  37.013 0.0000000000
75089  -41.993  -10.395  36.548 0.0000000000
75090  -42.814  -10.301  36.739 0.0000000000
75110  -40.390  -10.207  36.034 0.0000000000
75121  -36.141  -10.631  35.437 0.0000000000
75122  -36.348  -10.581  35.398 0.0000000000
75123  -39.280  -10.151  35.525 0.0000000000
75125  -40.873  -9.798  35.768 0.0000000000
76227  -38.418  -10.578  46.930 0.0000000000
76326  -36.479  -9.506  37.565 0.0000000000
76364  -35.507  -10.545  35.771 0.0000000000
76365  -35.916  -10.368  36.071 0.0000000000
76367  -43.158  -9.673  36.719 0.0000000000
76368  -43.264  -9.237  37.243 0.0000000000
76376  -35.649  -10.709  35.514 0.0000000000
76378  -36.218  -10.478  35.701 0.0000000000
76389  -36.206  -10.399  35.378 0.0000000000
76390  -36.146  -10.610  35.477 0.0000000000
76391  -40.171  -9.570  35.592 0.0000000000
76405  -40.227  -8.958  35.485 0.0000000000
77568  -35.708  -9.384  38.373 0.0000000000
77570  -36.392  -9.180  38.827 0.0000000000
77579  -36.055  -9.415  38.093 0.0000000000
77589  -35.463  -9.557  37.462 0.0000000000
77612  -42.830  -8.923  36.924 0.0000000000
77621  -39.919  -8.390  35.476 0.0000000000
77634  -39.745  -8.738  35.422 0.0000000000
78776  -41.495  -7.951  36.387 0.0000000000
78777  -41.774  -8.167  36.505 0.0000000000
78785  -41.556  -8.182  36.378 0.0000000000
78787  -42.681  -8.235  37.088 0.0000000000
78793  -38.893  -7.509  35.213 0.0000000000
78802  -37.271  -7.870  33.370 0.0000000000
79841  -41.887  -7.933  36.591 0.0000000000
79843  -43.934  -6.538  38.069 0.0000000000
79850  -41.679  -7.764  36.472 0.0000000000
79851  -42.162  -7.454  36.732 0.0000000000
79859  -39.146  -7.369  35.267 0.0000000000
80971  -37.714  -5.863  34.448 0.0000000000
80972  -37.959  -5.816  34.564 0.0000000000
80973  -38.208  -5.898  34.601 0.0000000000
80984  -37.878  -6.038  34.512 0.0000000000
82183  -44.665  -5.522  38.052 0.0000000000
82191  -43.219  -5.125  37.062 0.0000000000
82192  -43.756  -5.632  37.422 0.0000000000
82203  -43.278  -5.586  37.042 0.0000000000
82211  -37.783  -5.634  34.513 0.0000000000
82212  -38.015  -5.588  34.622 0.0000000000
82226  -37.712  -5.865  34.462 0.0000000000
82230  -40.418  -5.165  35.249 0.0000000000
83371  -43.677  -4.707  37.344 0.0000000000
83393  -41.007  -3.997  35.535 0.0000000000
83408  -42.409  -5.178  36.270 0.0000000000
83426  -37.478  -5.277  32.612 0.0000000000
84510  -42.807  -3.586  36.362 0.0000000000
84521  -41.144  -3.802  35.476 0.0000000000
84523  -42.442  -3.683  36.117 0.0000000000
84542  -40.325  -2.916  34.450 0.0000000000
84543  -40.120  -2.805  34.303 0.0000000000
84544  -40.577  -2.421  34.060 0.0000000000
85616  -41.852  -3.126  35.607 0.0000000000
85626  -40.554  -2.787  34.389 0.0000000000
85628  -41.570  -2.625  34.961 0.0000000000
85640  -40.596  -2.593  34.237 0.0000000000
85671  -47.360  -0.226  31.065 0.0000000000
85683  -46.702  -0.273  30.247 0.0000000000
86747  -43.094  -0.422  31.757 0.0000000000
86750  -47.996  -0.147  30.926 0.0000000000
86759  -47.238  -0.214  30.033 0.0000000000
86760  -47.841  -0.198  30.590 0.0000000000
86761  -48.571  -0.793  30.917 0.0000000000
86770  -47.958  -0.083  30.258 0.0000000000
86771  -48.511  -0.187  30.886 0.0000000000
87819  -45.488  1.977  34.123 0.0000000000
87820  -50.131  1.423  33.362 0.0000000000
87822  -53.889  0.518  33.946 0.0000000000
87823  -54.313  -0.086  33.941 0.0000000000
87824  -54.493  -0.126  33.580 0.0000000000
87836  -50.486  1.256  33.167 0.0000000000
87839  -54.198  -0.040  33.307 0.0000000000
87840  -54.506  -0.118  33.367 0.0000000000
87845  -42.596  -0.444  32.161 0.0000000000
87852  -49.735  0.993  32.280 0.0000000000
87854  -52.972  1.262  32.533 0.0000000000
87855  -53.573  1.304  33.124 0.0000000000
87856  -53.655  0.673  32.986 0.0000000000
87857  -54.299  0.097  32.946 0.0000000000
87865  -43.391  -0.276  32.042 0.0000000000
87870  -48.762  -0.720  30.983 0.0000000000
87871  -48.891  -1.121  30.960 0.0000000000
87873  -53.255  1.316  32.538 0.0000000000
87874  -53.701  1.311  32.897 0.0000000000
87876  -43.954  -0.436  29.684 0.0000000000
87878  -48.373  0.495  30.037 0.0000000000
87879  -49.146  -0.505  30.386 0.0000000000
87880  -48.754  -0.818  30.708 0.0000000000
87888  -48.669  -0.087  30.522 0.0000000000
89010  -43.623  0.903  35.601 0.0000000000
89019  -45.525  2.111  34.512 0.0000000000
89020  -46.026  1.861  34.129 0.0000000000
89025  -54.047  0.380  33.800 0.0000000000
89026  -54.219  -0.024  33.538 0.0000000000
89027  -54.734  -0.051  33.415 0.0000000000
89034  -49.726  1.513  33.417 0.0000000000
89039  -54.003  0.889  33.508 0.0000000000
89049  -44.933  1.255  32.473 0.0000000000
89052  -49.391  0.796  31.379 0.0000000000
89058  -53.958  1.030  32.944 0.0000000000
89059  -54.097  0.370  32.812 0.0000000000
89074  -53.578  1.343  32.680 0.0000000000
89081  -52.741  1.801  31.213 0.0000000000
89084  -48.909  1.456  29.596 0.0000000000
89090  -47.617  0.468  28.039 0.0000000000
90243  -53.158  1.951  35.104 0.0000000000
90249  -44.801  1.891  35.657 0.0000000000
90253  -48.517  2.122  34.374 0.0000000000
90255  -50.530  1.455  34.524 0.0000000000
90257  -52.871  1.601  34.750 0.0000000000
90268  -49.453  1.630  33.789 0.0000000000
90271  -54.385  1.552  33.678 0.0000000000
90282  -54.007  1.606  32.362 0.0000000000
90283  -54.246  1.589  32.781 0.0000000000
90288  -54.264  1.863  32.117 0.0000000000
90297  -49.652  1.609  27.689 0.0000000000
90299  -50.670  2.439  27.750 0.0000000000
90306  -52.432  3.713  26.717 0.0000000000
90311  -48.210  0.885  25.952 0.0000000000
90312  -48.511  1.182  25.875 0.0000000000
90317  -52.570  3.884  26.233 0.0000000000
91500  -54.638  2.002  32.494 0.0000000000
91530  -49.583  2.499  25.540 0.0000000000
91536  -54.226  4.267  25.713 0.0000000000
91542  -53.484  4.130  25.307 0.0000000000
92652  -54.093  4.398  26.432 0.0000000000
92658  -54.147  4.236  25.359 0.0000000000
93703  -54.605  4.629  27.570 0.0000000000
148738  -43.818  -0.103  31.746 0.0000000000
