#!ascii label  , from subject 3768 vox2ras=TkReg
1605
71417  -44.900  -15.506  33.636 0.0000000000
86800  -56.036  -2.157  26.701 0.0000000000
82265  -48.272  -6.816  31.724 0.0000000000
53993  -12.751  -28.663  60.332 0.0000000000
70062  -40.418  -17.232  40.586 0.0000000000
56454  -30.361  -27.432  60.512 0.0000000000
58935  -39.063  -25.299  55.688 0.0000000000
64965  -40.131  -19.823  48.271 0.0000000000
67429  -43.740  -17.421  46.394 0.0000000000
56556  -20.653  -27.980  54.378 0.0000000000
56426  -26.513  -27.149  61.829 0.0000000000
55299  -25.704  -29.159  55.547 0.0000000000
55384  -35.061  -28.500  51.422 0.0000000000
59037  -37.775  -24.657  49.676 0.0000000000
67503  -48.705  -17.618  41.957 0.0000000000
73745  -49.702  -13.096  37.741 0.0000000000
83456  -52.367  -5.155  29.709 0.0000000000
76416  -45.722  -11.045  31.437 0.0000000000
85780  -55.057  -2.956  21.492 0.0000000000
51779  -9.862  -30.803  62.197 0.0000000000
71295  -45.204  -15.997  44.306 0.0000000000
68812  -42.800  -17.601  38.186 0.0000000000
54074  -30.156  -29.389  53.480 0.0000000000
56524  -34.798  -27.616  57.271 0.0000000000
77614  -50.822  -9.481  35.413 0.0000000000
90380  -61.194  1.876  17.993 0.0000000000
63766  -38.656  -21.578  46.799 0.0000000000
65025  -39.739  -20.481  44.707 0.0000000000
55323  -23.026  -28.017  54.934 0.0000000000
57882  -36.173  -26.206  46.880 0.0000000000
61406  -37.528  -22.969  46.650 0.0000000000
61390  -39.081  -21.892  49.056 0.0000000000
70150  -46.271  -15.771  37.667 0.0000000000
71338  -48.689  -14.864  39.618 0.0000000000
72587  -47.374  -14.189  35.461 0.0000000000
84602  -53.953  -3.689  28.078 0.0000000000
84557  -54.797  -4.471  31.858 0.0000000000
87936  -58.421  -0.551  25.984 0.0000000000
52925  -11.316  -29.823  57.504 0.0000000000
52877  -11.434  -30.082  61.093 0.0000000000
68717  -42.514  -17.381  43.162 0.0000000000
70015  -43.757  -16.196  44.587 0.0000000000
71307  -42.788  -15.917  42.091 0.0000000000
70066  -43.836  -16.876  41.357 0.0000000000
70101  -41.659  -17.421  39.352 0.0000000000
55164  -28.597  -27.472  61.164 0.0000000000
56379  -28.833  -26.830  64.171 0.0000000000
57589  -30.750  -26.494  63.045 0.0000000000
57611  -33.068  -27.044  61.853 0.0000000000
54096  -27.141  -29.745  51.141 0.0000000000
54113  -29.566  -29.854  50.502 0.0000000000
55356  -37.006  -27.358  53.837 0.0000000000
54055  -35.144  -28.764  54.782 0.0000000000
56543  -36.979  -26.427  56.781 0.0000000000
56488  -36.622  -26.137  59.390 0.0000000000
56516  -16.358  -27.099  57.341 0.0000000000
56443  -18.774  -26.856  60.060 0.0000000000
58828  -18.489  -25.383  62.818 0.0000000000
78827  -46.522  -8.410  31.394 0.0000000000
76407  -49.043  -10.440  33.522 0.0000000000
80978  -48.986  -7.466  33.657 0.0000000000
91613  -62.056  2.539  16.019 0.0000000000
55102  -11.787  -27.388  64.152 0.0000000000
67333  -42.100  -18.213  50.719 0.0000000000
68633  -43.995  -17.024  49.440 0.0000000000
66196  -41.843  -19.539  46.982 0.0000000000
66240  -42.337  -19.417  43.604 0.0000000000
56522  -21.416  -28.058  58.704 0.0000000000
55160  -23.964  -27.802  61.368 0.0000000000
55213  -23.849  -27.941  58.929 0.0000000000
55215  -26.165  -28.453  58.752 0.0000000000
55217  -28.285  -28.278  58.502 0.0000000000
54132  -32.238  -29.610  49.367 0.0000000000
55419  -34.814  -28.179  48.114 0.0000000000
56639  -36.879  -27.033  50.643 0.0000000000
57800  -38.885  -25.079  52.890 0.0000000000
61341  -38.966  -22.883  52.052 0.0000000000
63709  -40.839  -20.398  51.570 0.0000000000
55320  -18.689  -27.745  54.912 0.0000000000
70003  -50.189  -15.666  45.171 0.0000000000
73651  -52.905  -13.161  45.423 0.0000000000
71311  -51.171  -14.918  42.701 0.0000000000
73684  -51.001  -13.155  40.689 0.0000000000
81038  -50.176  -6.500  30.267 0.0000000000
82235  -50.757  -6.028  33.576 0.0000000000
83419  -53.157  -4.892  32.787 0.0000000000
46256  -5.934  -35.064  64.919 0.0000000000
72625  -45.328  -13.791  31.883 0.0000000000
78841  -44.121  -8.712  30.359 0.0000000000
79940  -47.064  -7.806  27.763 0.0000000000
81084  -50.096  -7.053  27.344 0.0000000000
83488  -52.033  -4.714  27.007 0.0000000000
84637  -53.463  -3.535  25.605 0.0000000000
85745  -55.954  -3.109  24.851 0.0000000000
84658  -52.643  -3.679  23.267 0.0000000000
53932  -10.531  -29.144  64.844 0.0000000000
52797  -7.421  -29.995  65.573 0.0000000000
50570  -6.038  -31.691  66.079 0.0000000000
73618  -48.763  -13.229  49.043 0.0000000000
71224  -45.060  -14.758  48.660 0.0000000000
72452  -46.358  -14.687  47.151 0.0000000000
71247  -48.261  -14.596  46.398 0.0000000000
68738  -46.541  -17.472  43.220 0.0000000000
68769  -45.322  -17.801  40.088 0.0000000000
70167  -44.324  -16.935  36.212 0.0000000000
56364  -26.462  -26.857  65.103 0.0000000000
55350  -27.669  -29.386  53.789 0.0000000000
55244  -30.294  -28.617  57.323 0.0000000000
54089  -32.509  -29.154  52.317 0.0000000000
55305  -31.831  -28.975  55.503 0.0000000000
56484  -32.217  -28.085  59.177 0.0000000000
57649  -34.624  -27.102  60.771 0.0000000000
54028  -13.253  -28.852  57.635 0.0000000000
56514  -14.792  -27.794  56.726 0.0000000000
56467  -14.040  -27.377  59.918 0.0000000000
73828  -48.145  -12.986  33.875 0.0000000000
75093  -50.778  -11.951  36.393 0.0000000000
75063  -53.880  -11.075  37.394 0.0000000000
80955  -51.741  -6.685  36.058 0.0000000000
85759  -58.896  -2.298  23.993 0.0000000000
87963  -60.081  -0.937  21.877 0.0000000000
90350  -61.210  1.284  21.575 0.0000000000
89194  -59.832  -0.211  18.362 0.0000000000
91563  -62.155  1.758  20.155 0.0000000000
63794  -37.433  -21.900  45.262 0.0000000000
63795  -37.979  -21.701  44.987 0.0000000000
62637  -36.728  -21.823  44.017 0.0000000000
60270  -36.695  -24.012  45.679 0.0000000000
61418  -36.763  -22.638  45.243 0.0000000000
62597  -37.930  -22.125  46.695 0.0000000000
70185  -45.606  -16.219  35.241 0.0000000000
71368  -46.892  -15.071  37.501 0.0000000000
71403  -46.082  -15.542  34.770 0.0000000000
85717  -54.975  -2.727  27.271 0.0000000000
85695  -56.048  -3.299  28.719 0.0000000000
86782  -57.191  -2.334  28.176 0.0000000000
87914  -57.581  -0.956  27.398 0.0000000000
87924  -56.977  -1.613  26.610 0.0000000000
54007  -12.239  -29.176  58.840 0.0000000000
52893  -11.674  -29.842  59.269 0.0000000000
52864  -12.318  -29.200  61.297 0.0000000000
68735  -41.231  -17.488  42.033 0.0000000000
70031  -42.365  -16.619  42.584 0.0000000000
71305  -41.750  -16.645  41.498 0.0000000000
70064  -42.388  -16.793  40.845 0.0000000000
70079  -41.119  -17.255  40.276 0.0000000000
56407  -21.654  -26.479  63.089 0.0000000000
56453  -29.252  -27.449  60.640 0.0000000000
57608  -29.786  -26.185  62.414 0.0000000000
57609  -30.467  -26.536  62.382 0.0000000000
57610  -31.270  -26.901  62.363 0.0000000000
56432  -31.976  -26.893  60.969 0.0000000000
56578  -37.999  -26.456  54.690 0.0000000000
56560  -37.241  -26.651  55.583 0.0000000000
57731  -37.620  -25.999  56.403 0.0000000000
57689  -37.634  -25.601  57.956 0.0000000000
56474  -20.196  -27.278  59.712 0.0000000000
56445  -20.375  -26.882  60.636 0.0000000000
57622  -19.729  -25.967  61.911 0.0000000000
74918  -51.107  -13.533  48.323 0.0000000000
79895  -46.992  -7.959  31.198 0.0000000000
79873  -47.726  -7.996  32.426 0.0000000000
82232  -48.542  -6.791  32.514 0.0000000000
66150  -41.094  -19.284  49.423 0.0000000000
67368  -41.921  -18.982  49.114 0.0000000000
66177  -41.109  -19.310  47.805 0.0000000000
65027  -41.613  -19.829  44.852 0.0000000000
63866  -41.173  -20.434  42.802 0.0000000000
66248  -41.484  -19.541  42.264 0.0000000000
55265  -21.150  -27.819  56.537 0.0000000000
55212  -22.614  -27.884  58.853 0.0000000000
55266  -22.255  -27.932  56.636 0.0000000000
55298  -24.583  -28.613  55.506 0.0000000000
55268  -24.392  -28.377  56.631 0.0000000000
55269  -25.493  -28.695  56.630 0.0000000000
55216  -27.233  -28.250  58.629 0.0000000000
55270  -26.620  -29.081  56.687 0.0000000000
55436  -32.998  -28.495  46.706 0.0000000000
59052  -36.884  -25.114  48.706 0.0000000000
56657  -36.732  -26.505  48.753 0.0000000000
59019  -37.658  -25.315  49.997 0.0000000000
56626  -38.261  -26.175  52.063 0.0000000000
59005  -38.180  -24.703  51.316 0.0000000000
60153  -39.015  -23.840  52.528 0.0000000000
61357  -38.566  -23.327  50.939 0.0000000000
63746  -39.651  -20.543  48.905 0.0000000000
62555  -39.753  -21.502  50.408 0.0000000000
64945  -40.379  -19.883  49.427 0.0000000000
66133  -41.329  -19.203  50.953 0.0000000000
55321  -19.368  -27.939  54.639 0.0000000000
68722  -49.517  -16.952  43.446 0.0000000000
71297  -51.002  -15.454  43.911 0.0000000000
70053  -50.154  -15.939  41.756 0.0000000000
73722  -49.039  -13.442  38.196 0.0000000000
72516  -50.263  -13.656  40.271 0.0000000000
73705  -50.087  -12.955  39.192 0.0000000000
73695  -51.432  -12.656  40.076 0.0000000000
73725  -51.277  -12.709  38.410 0.0000000000
82297  -51.070  -5.959  29.840 0.0000000000
82269  -51.298  -5.771  31.560 0.0000000000
83441  -52.878  -5.001  31.258 0.0000000000
84549  -56.821  -3.278  32.866 0.0000000000
81082  -48.614  -7.365  27.482 0.0000000000
81091  -47.716  -6.909  26.417 0.0000000000
82346  -50.229  -5.205  25.447 0.0000000000
83514  -51.511  -4.517  25.152 0.0000000000
84625  -52.852  -4.103  26.178 0.0000000000
83529  -51.939  -4.226  24.556 0.0000000000
84649  -53.704  -3.597  24.653 0.0000000000
51821  -9.749  -30.789  59.913 0.0000000000
50612  -9.108  -31.723  61.873 0.0000000000
56350  -11.798  -26.836  65.665 0.0000000000
55101  -11.313  -27.851  64.526 0.0000000000
56334  -10.718  -27.154  66.580 0.0000000000
53905  -8.346  -28.651  67.758 0.0000000000
52785  -7.722  -30.015  67.145 0.0000000000
51727  -6.878  -30.978  65.355 0.0000000000
50554  -7.226  -31.309  67.289 0.0000000000
48414  -6.452  -32.706  66.706 0.0000000000
68645  -44.210  -17.259  48.271 0.0000000000
69966  -44.554  -16.294  49.031 0.0000000000
69978  -44.635  -15.968  47.839 0.0000000000
71275  -45.080  -15.727  44.802 0.0000000000
71243  -45.313  -15.083  46.658 0.0000000000
71259  -45.874  -15.403  45.601 0.0000000000
72453  -47.171  -14.520  47.108 0.0000000000
71260  -46.854  -15.416  45.878 0.0000000000
71279  -48.209  -15.813  45.320 0.0000000000
70035  -46.208  -16.419  44.243 0.0000000000
70103  -43.327  -17.639  39.807 0.0000000000
68768  -44.242  -17.681  40.062 0.0000000000
68813  -43.611  -17.532  38.242 0.0000000000
68832  -44.805  -16.898  37.680 0.0000000000
68830  -43.473  -17.574  37.347 0.0000000000
55151  -25.620  -27.424  62.078 0.0000000000
56395  -25.165  -27.124  63.150 0.0000000000
57587  -26.750  -26.116  63.443 0.0000000000
54085  -28.630  -29.848  52.338 0.0000000000
55367  -27.104  -29.505  52.802 0.0000000000
55351  -28.517  -29.241  53.900 0.0000000000
55302  -29.068  -29.084  55.603 0.0000000000
55303  -29.894  -28.974  55.529 0.0000000000
54117  -33.697  -28.981  50.314 0.0000000000
54116  -32.699  -29.391  50.373 0.0000000000
54090  -33.456  -28.945  52.310 0.0000000000
55278  -34.659  -28.310  56.467 0.0000000000
54053  -33.848  -29.219  54.838 0.0000000000
55277  -33.575  -28.606  56.394 0.0000000000
55246  -32.231  -28.767  57.214 0.0000000000
56506  -33.616  -28.087  58.163 0.0000000000
56457  -34.060  -27.069  60.411 0.0000000000
56486  -35.024  -26.812  59.443 0.0000000000
148612  -40.518  -21.660  54.844 0.0000000000
56515  -15.508  -27.350  57.080 0.0000000000
56496  -15.578  -27.127  58.302 0.0000000000
55188  -14.208  -27.523  58.747 0.0000000000
58792  -18.260  -25.021  64.762 0.0000000000
75150  -45.458  -12.104  31.548 0.0000000000
73843  -46.748  -13.167  32.504 0.0000000000
75139  -47.608  -12.048  32.944 0.0000000000
76396  -50.408  -9.976  34.755 0.0000000000
75128  -49.816  -11.594  34.774 0.0000000000
75116  -51.420  -10.806  35.600 0.0000000000
75094  -51.749  -11.382  36.189 0.0000000000
75095  -52.505  -10.916  36.413 0.0000000000
83409  -51.879  -4.982  34.730 0.0000000000
82205  -51.015  -6.105  34.636 0.0000000000
82194  -52.027  -5.850  35.956 0.0000000000
84661  -54.922  -3.481  23.287 0.0000000000
85757  -56.789  -3.120  23.773 0.0000000000
85770  -56.381  -3.195  22.613 0.0000000000
86848  -58.511  -2.180  21.615 0.0000000000
87975  -59.325  -1.600  20.590 0.0000000000
89158  -60.390  0.341  21.916 0.0000000000
87976  -60.331  -0.437  20.861 0.0000000000
89224  -60.155  0.288  16.388 0.0000000000
89209  -58.773  -0.318  17.516 0.0000000000
89195  -60.792  0.744  18.224 0.0000000000
90365  -61.338  1.591  19.087 0.0000000000
90366  -61.661  2.066  18.703 0.0000000000
91585  -62.124  2.372  17.865 0.0000000000
90424  -63.387  1.407  15.886 0.0000000000
64973  -39.824  -20.642  47.368 0.0000000000
64988  -40.462  -20.227  46.736 0.0000000000
65004  -39.411  -20.720  45.497 0.0000000000
63817  -39.043  -21.094  44.388 0.0000000000
56558  -21.957  -27.906  55.020 0.0000000000
57919  -35.732  -25.746  45.312 0.0000000000
59090  -36.891  -24.909  46.651 0.0000000000
60234  -37.656  -23.924  47.531 0.0000000000
61373  -38.743  -23.108  49.847 0.0000000000
61407  -37.970  -22.697  47.597 0.0000000000
62581  -38.681  -21.824  47.628 0.0000000000
68771  -47.241  -16.710  40.093 0.0000000000
68773  -48.779  -16.267  40.679 0.0000000000
70129  -47.470  -15.573  38.646 0.0000000000
71369  -47.645  -14.628  37.675 0.0000000000
72567  -47.939  -13.992  36.900 0.0000000000
83469  -53.569  -4.228  29.104 0.0000000000
83442  -53.631  -4.693  30.989 0.0000000000
84583  -54.978  -3.841  29.820 0.0000000000
84570  -56.419  -3.560  31.284 0.0000000000
89135  -59.983  -0.253  25.628 0.0000000000
51822  -10.936  -30.402  59.655 0.0000000000
51780  -10.374  -30.615  61.699 0.0000000000
68696  -42.764  -17.183  44.210 0.0000000000
70001  -44.254  -16.264  45.455 0.0000000000
68695  -42.638  -16.783  43.676 0.0000000000
71273  -43.480  -15.834  43.636 0.0000000000
71309  -44.247  -15.972  42.938 0.0000000000
70050  -44.683  -16.733  42.607 0.0000000000
71320  -43.281  -16.316  41.760 0.0000000000
70081  -42.800  -17.235  40.404 0.0000000000
68789  -42.366  -17.559  38.891 0.0000000000
56427  -27.260  -27.359  61.420 0.0000000000
57606  -27.906  -26.288  62.947 0.0000000000
58832  -28.702  -25.816  63.042 0.0000000000
57570  -29.794  -26.394  63.488 0.0000000000
55153  -32.412  -27.826  62.655 0.0000000000
54112  -28.530  -29.967  50.487 0.0000000000
54099  -30.097  -29.588  51.447 0.0000000000
55370  -36.097  -28.028  52.616 0.0000000000
54079  -34.677  -28.734  53.312 0.0000000000
55335  -36.462  -27.689  54.594 0.0000000000
55309  -35.962  -27.745  55.454 0.0000000000
56525  -36.291  -26.642  57.723 0.0000000000
56508  -35.947  -26.508  58.751 0.0000000000
57688  -36.616  -25.944  58.422 0.0000000000
56555  -17.587  -27.499  55.824 0.0000000000
55231  -17.445  -27.331  57.033 0.0000000000
57659  -17.151  -26.417  60.100 0.0000000000
57643  -17.512  -26.197  60.927 0.0000000000
57621  -18.827  -25.908  61.870 0.0000000000
77645  -46.091  -9.805  31.608 0.0000000000
76418  -47.568  -10.248  32.345 0.0000000000
78816  -47.645  -8.947  32.218 0.0000000000
78807  -48.786  -8.602  33.499 0.0000000000
78788  -50.250  -8.337  35.039 0.0000000000
86844  -54.202  -1.945  20.798 0.0000000000
85781  -56.043  -2.936  21.459 0.0000000000
86856  -54.959  -1.712  20.148 0.0000000000
89225  -61.084  0.968  16.239 0.0000000000
91599  -61.718  2.335  16.599 0.0000000000
90409  -61.565  2.002  15.907 0.0000000000
90423  -61.796  2.237  14.991 0.0000000000
55145  -13.637  -27.290  61.950 0.0000000000
53966  -12.449  -28.454  62.160 0.0000000000
69943  -43.525  -16.062  50.979 0.0000000000
67348  -42.828  -17.740  50.081 0.0000000000
67392  -43.290  -18.014  48.176 0.0000000000
67409  -43.393  -18.498  46.937 0.0000000000
64989  -41.274  -19.800  46.471 0.0000000000
65008  -42.470  -19.412  45.549 0.0000000000
66241  -42.681  -18.949  44.261 0.0000000000
67464  -42.408  -18.538  43.132 0.0000000000
67479  -41.358  -18.403  42.181 0.0000000000
56475  -21.150  -27.254  60.000 0.0000000000
56447  -22.346  -27.608  60.861 0.0000000000
56504  -22.471  -27.825  59.717 0.0000000000
55190  -23.933  -27.949  59.921 0.0000000000
55191  -24.783  -28.347  59.910 0.0000000000
55267  -23.354  -28.023  56.630 0.0000000000
55214  -25.016  -28.627  58.858 0.0000000000
56478  -26.352  -28.060  60.533 0.0000000000
55193  -26.995  -28.043  59.628 0.0000000000
55194  -28.135  -27.703  59.582 0.0000000000
55195  -29.046  -27.913  59.213 0.0000000000
54154  -33.865  -28.725  48.295 0.0000000000
55406  -34.789  -28.183  49.084 0.0000000000
56673  -35.706  -26.753  47.236 0.0000000000
56647  -36.334  -27.467  49.807 0.0000000000
55397  -35.744  -27.951  50.579 0.0000000000
56625  -37.606  -26.773  51.903 0.0000000000
56611  -38.317  -26.425  52.699 0.0000000000
58952  -39.712  -25.190  54.530 0.0000000000
148609  -39.833  -24.073  55.953 0.0000000000
60135  -40.056  -23.857  53.748 0.0000000000
62505  -40.075  -22.770  53.360 0.0000000000
62523  -40.088  -21.850  53.421 0.0000000000
61358  -39.013  -22.423  50.825 0.0000000000
62524  -40.249  -21.147  52.339 0.0000000000
148614  -40.618  -20.718  53.215 0.0000000000
66110  -41.146  -19.642  52.816 0.0000000000
55292  -18.391  -27.765  55.663 0.0000000000
71249  -50.056  -14.642  46.400 0.0000000000
71265  -51.838  -14.266  45.476 0.0000000000
72477  -52.312  -13.743  44.851 0.0000000000
72487  -52.759  -13.288  43.374 0.0000000000
71321  -49.960  -14.636  41.084 0.0000000000
72494  -51.042  -14.116  41.936 0.0000000000
81037  -49.220  -6.854  30.509 0.0000000000
82251  -49.437  -6.308  32.414 0.0000000000
82268  -50.421  -5.945  31.783 0.0000000000
83417  -51.673  -5.338  33.768 0.0000000000
83410  -52.490  -4.675  34.337 0.0000000000
84556  -54.078  -4.713  32.124 0.0000000000
84536  -54.175  -3.987  34.080 0.0000000000
71447  -43.853  -14.703  32.014 0.0000000000
71434  -45.356  -14.906  33.029 0.0000000000
72624  -44.306  -13.905  31.557 0.0000000000
73863  -44.529  -12.384  31.082 0.0000000000
76431  -44.611  -10.901  30.851 0.0000000000
77656  -44.922  -9.657  30.665 0.0000000000
78825  -45.132  -8.715  30.704 0.0000000000
81015  -45.313  -7.726  30.264 0.0000000000
81035  -46.724  -7.950  29.635 0.0000000000
81036  -48.129  -7.524  30.102 0.0000000000
81057  -48.799  -7.366  29.232 0.0000000000
81073  -50.377  -6.654  28.547 0.0000000000
82310  -51.150  -6.123  28.874 0.0000000000
82335  -49.084  -6.044  26.066 0.0000000000
82336  -50.234  -6.009  26.347 0.0000000000
83477  -52.085  -4.842  27.832 0.0000000000
84601  -53.411  -4.080  27.664 0.0000000000
84614  -53.670  -3.470  27.188 0.0000000000
85725  -54.887  -2.721  26.713 0.0000000000
86807  -56.008  -2.172  26.245 0.0000000000
85744  -54.655  -3.419  24.913 0.0000000000
84660  -54.435  -3.561  23.740 0.0000000000
84668  -53.451  -3.469  22.629 0.0000000000
85767  -53.424  -3.094  21.724 0.0000000000
53965  -11.863  -28.692  62.521 0.0000000000
52845  -10.753  -29.642  62.841 0.0000000000
52844  -9.871  -30.139  62.956 0.0000000000
55069  -9.405  -27.902  67.308 0.0000000000
52799  -9.388  -29.396  65.574 0.0000000000
52825  -8.910  -30.555  64.127 0.0000000000
51748  -7.630  -31.541  64.246 0.0000000000
50583  -6.756  -31.900  64.466 0.0000000000
48449  -6.229  -33.257  64.422 0.0000000000
48438  -5.808  -33.525  65.505 0.0000000000
73629  -49.938  -13.372  48.273 0.0000000000
72415  -45.786  -14.070  49.274 0.0000000000
71242  -44.846  -15.523  46.472 0.0000000000
72436  -45.702  -14.771  47.720 0.0000000000
72429  -47.536  -13.947  48.305 0.0000000000
72440  -48.353  -13.791  47.470 0.0000000000
72456  -49.648  -14.126  46.894 0.0000000000
71262  -48.718  -15.238  45.939 0.0000000000
68699  -48.667  -16.826  44.337 0.0000000000
68739  -47.835  -17.565  43.132 0.0000000000
68737  -45.460  -17.606  42.245 0.0000000000
67481  -46.026  -17.935  41.752 0.0000000000
68755  -46.847  -17.702  40.765 0.0000000000
68793  -45.957  -17.434  39.019 0.0000000000
70148  -44.729  -16.861  36.975 0.0000000000
70184  -44.669  -16.646  35.089 0.0000000000
70077  -39.524  -17.283  39.409 0.0000000000
70125  -40.363  -17.207  38.502 0.0000000000
68810  -40.963  -17.410  37.938 0.0000000000
68828  -41.605  -17.426  37.262 0.0000000000
68847  -42.228  -17.604  36.487 0.0000000000
70201  -42.608  -16.868  34.897 0.0000000000
70202  -43.533  -16.429  34.300 0.0000000000
70216  -43.186  -15.974  33.325 0.0000000000
56378  -27.924  -26.787  64.439 0.0000000000
55347  -24.751  -28.897  52.876 0.0000000000
55349  -26.633  -29.364  53.558 0.0000000000
55326  -26.132  -29.345  54.467 0.0000000000
55301  -28.077  -29.269  55.680 0.0000000000
55243  -29.456  -28.444  57.369 0.0000000000
55219  -30.151  -28.416  58.158 0.0000000000
54131  -31.146  -29.833  49.425 0.0000000000
54100  -31.108  -29.644  51.453 0.0000000000
54075  -31.068  -29.199  53.231 0.0000000000
54078  -33.795  -28.911  53.272 0.0000000000
54064  -32.376  -29.367  53.967 0.0000000000
55331  -31.149  -29.359  54.771 0.0000000000
55275  -31.519  -28.964  56.402 0.0000000000
55220  -31.005  -28.576  58.081 0.0000000000
56455  -31.516  -27.412  60.338 0.0000000000
56433  -33.002  -26.898  60.899 0.0000000000
57632  -33.801  -27.026  61.282 0.0000000000
52926  -11.919  -29.522  57.423 0.0000000000
54008  -13.016  -28.707  59.235 0.0000000000
56536  -14.748  -28.021  55.594 0.0000000000
55291  -13.798  -28.368  55.132 0.0000000000
55259  -13.760  -28.640  57.189 0.0000000000
55207  -13.687  -28.235  58.621 0.0000000000
55173  -13.703  -27.654  60.404 0.0000000000
56420  -13.995  -26.945  61.608 0.0000000000
58840  -16.995  -25.382  62.660 0.0000000000
71419  -46.501  -14.755  34.082 0.0000000000
72601  -47.747  -13.617  34.790 0.0000000000
73802  -48.892  -13.285  35.891 0.0000000000
75140  -48.638  -11.715  33.603 0.0000000000
73817  -49.654  -12.228  35.239 0.0000000000
73775  -50.417  -12.547  36.811 0.0000000000
73747  -51.518  -12.479  37.660 0.0000000000
82218  -49.914  -6.546  33.497 0.0000000000
79854  -50.622  -7.616  35.268 0.0000000000
78779  -51.270  -8.222  35.801 0.0000000000
86815  -57.002  -1.903  25.128 0.0000000000
86817  -58.666  -1.423  24.954 0.0000000000
86818  -59.368  -0.996  24.625 0.0000000000
85771  -57.727  -2.830  22.592 0.0000000000
86837  -59.471  -1.900  22.862 0.0000000000
87949  -60.293  -0.013  23.857 0.0000000000
90343  -61.035  0.987  22.920 0.0000000000
90344  -61.713  1.398  22.802 0.0000000000
88004  -59.659  -0.345  18.880 0.0000000000
89176  -60.560  0.488  19.409 0.0000000000
91557  -61.743  1.599  20.686 0.0000000000
91601  -62.652  2.337  17.279 0.0000000000
62620  -37.151  -21.939  44.776 0.0000000000
61432  -36.190  -23.139  44.716 0.0000000000
62606  -36.788  -22.446  44.945 0.0000000000
62607  -37.151  -22.072  45.587 0.0000000000
71402  -45.267  -15.853  34.480 0.0000000000
86790  -55.630  -2.444  27.168 0.0000000000
86780  -55.891  -2.493  27.465 0.0000000000
86781  -56.572  -2.287  27.445 0.0000000000
87900  -57.242  -1.787  27.438 0.0000000000
87899  -56.938  -1.937  27.069 0.0000000000
87913  -57.112  -1.505  27.001 0.0000000000
53992  -12.317  -29.151  59.635 0.0000000000
52879  -12.483  -29.038  60.891 0.0000000000
70046  -40.601  -17.141  41.141 0.0000000000
70047  -41.345  -16.880  41.628 0.0000000000
70063  -41.015  -16.929  40.932 0.0000000000
71328  -41.346  -16.929  40.778 0.0000000000
56422  -21.567  -26.874  62.224 0.0000000000
56430  -29.908  -27.156  61.391 0.0000000000
56431  -30.901  -27.136  61.188 0.0000000000
57630  -31.207  -26.951  61.751 0.0000000000
57756  -38.540  -25.995  54.991 0.0000000000
56561  -38.023  -26.239  55.274 0.0000000000
57732  -38.404  -25.860  55.842 0.0000000000
58907  -38.573  -25.249  57.142 0.0000000000
57646  -20.439  -26.380  61.455 0.0000000000
81017  -47.674  -7.567  31.059 0.0000000000
81004  -47.726  -7.262  31.908 0.0000000000
82249  -48.138  -6.784  32.081 0.0000000000
66149  -40.625  -19.370  48.947 0.0000000000
66159  -41.314  -19.151  48.624 0.0000000000
66158  -40.551  -19.421  48.398 0.0000000000
63864  -39.590  -20.811  42.453 0.0000000000
63865  -40.554  -20.562  42.531 0.0000000000
55295  -21.641  -27.843  55.606 0.0000000000
59053  -37.293  -24.584  49.068 0.0000000000
59036  -37.206  -25.229  49.427 0.0000000000
59020  -37.900  -24.836  50.618 0.0000000000
60188  -38.308  -24.113  51.033 0.0000000000
60203  -38.352  -24.044  50.139 0.0000000000
64953  -39.905  -20.068  48.549 0.0000000000
63747  -40.144  -20.154  49.251 0.0000000000
64954  -40.152  -19.755  48.903 0.0000000000
64955  -40.529  -19.551  49.300 0.0000000000
55294  -20.458  -28.094  55.274 0.0000000000
68740  -48.902  -17.370  42.641 0.0000000000
68741  -49.958  -16.553  42.360 0.0000000000
68757  -49.037  -16.872  41.318 0.0000000000
73744  -49.125  -13.211  37.907 0.0000000000
73704  -49.668  -13.302  39.205 0.0000000000
73723  -49.426  -13.181  38.579 0.0000000000
73724  -50.288  -12.868  38.465 0.0000000000
82298  -51.769  -5.642  29.320 0.0000000000
82287  -51.710  -5.637  30.455 0.0000000000
82288  -52.465  -5.250  30.593 0.0000000000
85644  -57.123  -2.961  33.487 0.0000000000
83515  -52.291  -4.275  25.142 0.0000000000
84647  -51.883  -3.889  23.868 0.0000000000
51800  -9.776  -30.994  61.079 0.0000000000
51799  -9.476  -31.330  61.680 0.0000000000
50627  -8.868  -31.555  60.873 0.0000000000
51778  -9.270  -31.208  62.437 0.0000000000
56335  -11.333  -26.814  66.134 0.0000000000
57520  -11.200  -26.817  67.146 0.0000000000
51711  -7.313  -30.720  67.181 0.0000000000
50565  -7.934  -31.560  67.513 0.0000000000
68660  -44.089  -16.870  47.082 0.0000000000
71258  -45.101  -15.325  45.605 0.0000000000
71277  -46.370  -15.613  45.060 0.0000000000
71296  -45.919  -15.972  44.538 0.0000000000
68790  -43.071  -17.721  38.965 0.0000000000
68791  -43.912  -17.959  39.005 0.0000000000
56425  -25.947  -27.276  61.982 0.0000000000
57604  -26.133  -26.837  62.747 0.0000000000
57605  -26.752  -26.715  62.638 0.0000000000
54073  -29.181  -29.578  53.478 0.0000000000
55329  -29.282  -29.041  54.513 0.0000000000
54061  -29.758  -29.093  53.986 0.0000000000
54103  -34.085  -28.805  51.324 0.0000000000
55248  -33.981  -28.065  56.957 0.0000000000
55247  -33.167  -28.187  57.135 0.0000000000
56523  -33.904  -28.021  57.374 0.0000000000
56485  -33.880  -27.603  59.446 0.0000000000
56507  -35.023  -27.347  58.532 0.0000000000
64898  -40.858  -21.101  55.251 0.0000000000
57642  -16.612  -26.307  60.892 0.0000000000
75151  -46.439  -11.917  32.349 0.0000000000
77626  -50.246  -9.444  34.983 0.0000000000
76383  -51.572  -10.140  35.464 0.0000000000
76369  -52.035  -10.607  35.896 0.0000000000
76384  -52.162  -10.012  35.740 0.0000000000
83398  -52.703  -4.895  35.404 0.0000000000
82207  -52.370  -5.413  35.649 0.0000000000
85769  -55.147  -3.369  22.559 0.0000000000
87987  -59.914  -0.615  19.519 0.0000000000
89211  -60.968  0.882  17.188 0.0000000000
89210  -60.036  -0.006  17.308 0.0000000000
90381  -61.709  2.259  18.218 0.0000000000
91584  -61.629  2.296  17.440 0.0000000000
63767  -39.354  -21.207  47.016 0.0000000000
64987  -39.707  -20.693  46.361 0.0000000000
63781  -39.072  -21.283  46.136 0.0000000000
63816  -37.980  -21.416  44.005 0.0000000000
63838  -37.859  -21.032  43.034 0.0000000000
59111  -35.706  -25.089  44.811 0.0000000000
60248  -37.193  -23.890  46.326 0.0000000000
59113  -36.914  -24.483  46.013 0.0000000000
60235  -37.957  -23.176  48.218 0.0000000000
63758  -38.958  -21.365  47.367 0.0000000000
70104  -46.534  -16.596  38.810 0.0000000000
70083  -47.528  -16.138  39.588 0.0000000000
70128  -46.786  -15.808  38.319 0.0000000000
71385  -46.947  -14.643  36.438 0.0000000000
71386  -47.280  -14.484  37.163 0.0000000000
72566  -47.615  -14.165  36.133 0.0000000000
84591  -54.177  -3.704  29.079 0.0000000000
85685  -57.003  -3.190  30.412 0.0000000000
85672  -57.236  -3.248  31.427 0.0000000000
85686  -57.779  -2.831  30.614 0.0000000000
89127  -58.862  -0.099  26.647 0.0000000000
89128  -59.543  -0.095  26.218 0.0000000000
87937  -59.327  -0.379  25.787 0.0000000000
51802  -11.394  -30.250  60.414 0.0000000000
51801  -10.689  -30.546  60.826 0.0000000000
52862  -10.999  -30.099  61.889 0.0000000000
68718  -42.624  -17.801  43.603 0.0000000000
71291  -42.518  -16.029  42.338 0.0000000000
70032  -42.837  -16.368  43.120 0.0000000000
71292  -43.006  -15.982  42.926 0.0000000000
71293  -43.805  -15.782  43.371 0.0000000000
71308  -43.461  -16.100  42.583 0.0000000000
70080  -42.031  -17.275  40.270 0.0000000000
70102  -42.525  -17.542  39.647 0.0000000000
56428  -28.182  -27.253  61.674 0.0000000000
57627  -28.541  -26.587  62.137 0.0000000000
58834  -30.069  -26.090  62.740 0.0000000000
58821  -29.798  -25.913  63.062 0.0000000000
57571  -30.329  -26.414  63.310 0.0000000000
56413  -32.230  -27.182  62.391 0.0000000000
54098  -29.102  -29.773  51.429 0.0000000000
55371  -36.956  -27.547  52.805 0.0000000000
55355  -36.237  -27.854  53.629 0.0000000000
56559  -36.386  -27.148  55.653 0.0000000000
56542  -35.880  -27.047  56.316 0.0000000000
56526  -37.127  -26.131  57.410 0.0000000000
55262  -18.082  -27.686  56.588 0.0000000000
55261  -17.614  -27.468  56.767 0.0000000000
55232  -17.830  -27.446  57.254 0.0000000000
56472  -18.494  -26.973  59.391 0.0000000000
57660  -18.006  -26.683  60.158 0.0000000000
57644  -18.592  -26.365  60.875 0.0000000000
57603  -20.866  -26.092  63.481 0.0000000000
57601  -19.745  -25.802  62.585 0.0000000000
78815  -46.719  -8.933  31.777 0.0000000000
77646  -47.032  -9.674  32.095 0.0000000000
79874  -48.392  -7.767  33.243 0.0000000000
78806  -48.225  -8.543  32.791 0.0000000000
79864  -48.832  -7.942  33.862 0.0000000000
78798  -49.727  -8.556  34.523 0.0000000000
79865  -49.581  -7.816  34.008 0.0000000000
86845  -55.019  -2.256  20.991 0.0000000000
89233  -59.318  0.238  15.782 0.0000000000
89234  -60.202  0.496  15.552 0.0000000000
89235  -61.111  0.998  15.444 0.0000000000
56404  -13.032  -26.990  62.873 0.0000000000
57522  -12.782  -25.789  66.311 0.0000000000
67334  -42.584  -17.685  51.122 0.0000000000
68618  -43.111  -17.349  50.909 0.0000000000
66160  -42.246  -18.788  48.434 0.0000000000
66161  -42.664  -18.499  48.365 0.0000000000
66179  -42.783  -18.475  47.895 0.0000000000
66180  -43.301  -18.208  47.675 0.0000000000
66197  -42.802  -18.886  47.054 0.0000000000
65005  -40.039  -20.171  45.607 0.0000000000
65006  -40.915  -19.823  45.685 0.0000000000
65040  -41.462  -19.959  43.719 0.0000000000
65041  -42.142  -19.572  44.254 0.0000000000
66232  -42.795  -18.972  45.300 0.0000000000
66260  -40.940  -19.227  41.748 0.0000000000
56476  -22.012  -27.421  60.193 0.0000000000
55211  -21.925  -28.160  58.736 0.0000000000
55237  -23.006  -28.033  57.761 0.0000000000
55189  -23.177  -27.847  59.681 0.0000000000
55296  -22.590  -27.939  55.509 0.0000000000
55297  -23.605  -28.125  55.595 0.0000000000
55239  -25.242  -28.620  57.735 0.0000000000
55192  -26.037  -28.559  60.043 0.0000000000
55241  -27.495  -28.908  57.713 0.0000000000
55437  -33.922  -28.452  46.922 0.0000000000
54171  -33.848  -28.630  47.556 0.0000000000
55418  -34.271  -28.468  47.562 0.0000000000
54155  -34.414  -28.455  48.700 0.0000000000
56688  -35.696  -26.488  46.598 0.0000000000
56648  -36.872  -26.790  49.396 0.0000000000
56656  -36.071  -27.110  48.466 0.0000000000
56638  -36.333  -27.543  50.500 0.0000000000
55386  -36.634  -27.554  51.762 0.0000000000
57799  -38.627  -25.571  52.468 0.0000000000
57778  -38.636  -25.988  53.081 0.0000000000
56597  -39.043  -26.109  53.999 0.0000000000
57779  -39.207  -25.516  53.461 0.0000000000
58953  -39.979  -24.666  54.261 0.0000000000
58970  -39.698  -24.623  53.519 0.0000000000
61324  -39.855  -23.118  52.786 0.0000000000
61389  -38.644  -22.537  48.664 0.0000000000
61374  -39.085  -22.136  49.706 0.0000000000
62556  -40.096  -20.972  50.740 0.0000000000
62541  -40.014  -21.110  51.378 0.0000000000
63708  -40.486  -20.832  51.764 0.0000000000
63697  -40.668  -20.427  52.319 0.0000000000
64926  -40.838  -19.821  51.989 0.0000000000
66142  -41.580  -18.753  50.482 0.0000000000
66134  -41.704  -18.679  51.304 0.0000000000
67323  -42.233  -18.142  51.562 0.0000000000
56521  -20.828  -27.837  58.271 0.0000000000
71263  -49.728  -15.199  45.894 0.0000000000
72467  -51.491  -14.153  46.111 0.0000000000
71264  -50.926  -14.889  45.606 0.0000000000
71298  -51.450  -14.916  43.531 0.0000000000
71281  -51.812  -14.620  44.671 0.0000000000
72486  -52.201  -14.004  43.820 0.0000000000
72478  -52.591  -13.374  44.205 0.0000000000
72495  -51.731  -13.910  42.419 0.0000000000
70085  -48.651  -15.634  40.260 0.0000000000
70086  -49.136  -15.323  40.713 0.0000000000
71330  -49.052  -14.731  40.328 0.0000000000
72506  -50.503  -13.956  41.418 0.0000000000
72507  -51.518  -13.314  41.401 0.0000000000
72496  -52.715  -12.894  42.595 0.0000000000
73674  -52.348  -12.872  41.799 0.0000000000
73685  -51.886  -12.668  40.940 0.0000000000
73696  -52.495  -12.362  40.279 0.0000000000
82285  -49.965  -6.416  31.136 0.0000000000
82267  -49.656  -6.156  31.843 0.0000000000
82254  -51.835  -5.704  32.203 0.0000000000
83430  -51.954  -5.483  32.916 0.0000000000
83418  -52.605  -4.962  33.350 0.0000000000
83443  -54.343  -4.461  30.887 0.0000000000
83433  -54.062  -4.651  31.592 0.0000000000
84537  -55.391  -3.462  34.417 0.0000000000
47351  -5.614  -34.605  64.519 0.0000000000
47350  -5.428  -35.128  63.993 0.0000000000
75167  -43.580  -11.748  30.551 0.0000000000
75168  -44.457  -11.907  30.910 0.0000000000
76430  -43.718  -10.896  30.460 0.0000000000
77655  -44.044  -10.193  30.347 0.0000000000
77669  -44.145  -9.535  30.417 0.0000000000
81034  -45.641  -7.718  29.804 0.0000000000
81016  -46.334  -7.757  30.481 0.0000000000
79911  -45.675  -8.223  29.154 0.0000000000
81055  -46.804  -8.297  28.811 0.0000000000
81056  -47.578  -7.887  28.763 0.0000000000
81070  -47.678  -7.639  28.060 0.0000000000
79951  -49.453  -7.408  27.067 0.0000000000
81072  -49.393  -7.015  28.364 0.0000000000
82322  -50.979  -6.018  27.659 0.0000000000
83499  -50.899  -4.913  25.849 0.0000000000
83487  -51.288  -5.241  26.742 0.0000000000
82323  -51.606  -5.238  27.519 0.0000000000
83478  -52.757  -4.491  27.983 0.0000000000
83489  -52.473  -4.489  27.351 0.0000000000
84636  -52.889  -3.849  25.259 0.0000000000
84626  -53.516  -3.490  26.411 0.0000000000
85724  -54.223  -3.080  26.562 0.0000000000
85733  -54.092  -3.220  25.796 0.0000000000
85734  -55.192  -2.882  25.933 0.0000000000
85743  -53.925  -3.414  25.276 0.0000000000
84659  -53.521  -3.659  23.584 0.0000000000
84669  -54.255  -3.472  22.939 0.0000000000
49501  -8.599  -32.235  61.711 0.0000000000
55123  -12.007  -27.706  63.328 0.0000000000
53945  -11.108  -28.901  63.691 0.0000000000
52827  -10.453  -29.758  63.786 0.0000000000
52813  -10.066  -29.766  64.382 0.0000000000
56324  -9.857  -27.492  67.338 0.0000000000
52790  -8.041  -29.614  66.695 0.0000000000
52791  -8.614  -29.336  66.576 0.0000000000
52798  -8.690  -29.534  65.840 0.0000000000
52811  -8.165  -30.038  64.831 0.0000000000
51749  -8.336  -31.204  63.965 0.0000000000
51738  -7.665  -30.799  64.729 0.0000000000
51721  -6.352  -31.291  65.667 0.0000000000
50575  -6.731  -31.508  64.883 0.0000000000
50574  -6.246  -31.758  65.168 0.0000000000
49474  -6.554  -32.682  64.461 0.0000000000
49473  -6.029  -32.640  64.798 0.0000000000
48448  -5.779  -33.560  64.681 0.0000000000
49461  -5.975  -32.623  66.188 0.0000000000
48416  -7.722  -32.947  66.684 0.0000000000
74907  -49.341  -13.285  49.190 0.0000000000
74916  -49.880  -13.313  48.579 0.0000000000
73628  -49.345  -13.463  48.428 0.0000000000
68619  -43.517  -16.947  50.357 0.0000000000
69932  -44.055  -15.598  51.411 0.0000000000
69955  -44.147  -16.254  50.048 0.0000000000
69967  -44.807  -15.381  48.817 0.0000000000
71214  -45.026  -14.827  49.533 0.0000000000
72414  -45.300  -14.288  49.363 0.0000000000
71257  -44.743  -15.481  45.696 0.0000000000
72451  -45.788  -14.770  47.159 0.0000000000
72437  -46.236  -14.612  47.817 0.0000000000
72427  -46.025  -14.450  48.566 0.0000000000
72428  -46.739  -14.202  48.469 0.0000000000
72438  -46.959  -14.317  47.745 0.0000000000
71246  -47.426  -14.814  46.483 0.0000000000
72454  -47.878  -14.049  46.850 0.0000000000
72455  -48.733  -14.084  46.908 0.0000000000
71248  -49.187  -14.675  46.482 0.0000000000
68698  -46.983  -16.572  44.331 0.0000000000
70017  -47.670  -16.423  44.633 0.0000000000
70036  -47.947  -16.883  44.256 0.0000000000
68721  -48.488  -17.248  43.902 0.0000000000
70067  -44.323  -16.967  41.914 0.0000000000
68736  -44.696  -17.276  42.063 0.0000000000
68754  -45.838  -17.790  41.094 0.0000000000
67500  -46.468  -17.970  41.454 0.0000000000
68770  -46.296  -17.422  40.089 0.0000000000
70147  -44.192  -17.366  36.930 0.0000000000
70168  -45.266  -16.581  36.103 0.0000000000
70099  -39.808  -17.103  39.057 0.0000000000
70124  -39.465  -16.996  38.141 0.0000000000
68827  -40.725  -17.326  37.107 0.0000000000
68845  -40.424  -17.602  36.219 0.0000000000
68863  -41.120  -17.609  35.353 0.0000000000
68864  -42.073  -17.332  35.587 0.0000000000
68883  -41.689  -17.052  34.620 0.0000000000
56424  -23.058  -27.755  61.268 0.0000000000
56409  -23.531  -27.555  62.343 0.0000000000
58797  -25.597  -26.300  64.057 0.0000000000
58799  -28.338  -25.873  63.873 0.0000000000
57567  -27.712  -26.005  64.216 0.0000000000
55327  -27.300  -29.364  54.649 0.0000000000
55300  -26.932  -29.317  55.646 0.0000000000
55273  -29.661  -28.789  56.494 0.0000000000
55272  -28.802  -28.870  56.577 0.0000000000
54101  -32.116  -29.441  51.397 0.0000000000
54088  -31.553  -29.276  52.348 0.0000000000
54067  -34.999  -28.849  54.169 0.0000000000
54066  -34.243  -29.250  54.089 0.0000000000
55306  -32.964  -28.967  55.269 0.0000000000
55333  -32.651  -29.278  54.546 0.0000000000
55332  -32.067  -29.293  54.708 0.0000000000
54063  -31.526  -29.391  53.978 0.0000000000
55304  -30.814  -29.122  55.565 0.0000000000
56505  -32.680  -28.391  58.354 0.0000000000
55221  -31.962  -28.559  58.111 0.0000000000
55198  -31.546  -28.448  58.593 0.0000000000
56456  -32.788  -27.305  60.286 0.0000000000
57648  -34.139  -27.134  60.848 0.0000000000
56487  -36.074  -26.363  59.292 0.0000000000
56459  -36.245  -26.615  59.734 0.0000000000
60108  -40.175  -23.787  55.321 0.0000000000
54019  -12.710  -29.021  58.272 0.0000000000
56538  -16.276  -27.484  56.233 0.0000000000
56553  -15.930  -27.014  55.308 0.0000000000
56537  -15.494  -27.663  55.958 0.0000000000
55260  -14.096  -28.472  56.353 0.0000000000
55230  -14.203  -28.119  57.436 0.0000000000
56468  -14.570  -27.086  59.323 0.0000000000
55208  -14.007  -27.889  58.347 0.0000000000
55187  -13.728  -27.908  59.358 0.0000000000
56440  -14.233  -27.082  60.610 0.0000000000
58842  -18.207  -25.664  62.188 0.0000000000
58841  -17.633  -25.500  62.377 0.0000000000
73644  -52.595  -13.180  46.548 0.0000000000
71449  -45.841  -14.459  32.395 0.0000000000
71435  -46.286  -14.723  33.116 0.0000000000
71450  -46.531  -14.252  32.615 0.0000000000
73827  -47.300  -12.934  33.088 0.0000000000
72610  -47.490  -13.620  34.090 0.0000000000
73815  -48.380  -13.234  35.121 0.0000000000
73801  -48.454  -13.411  35.579 0.0000000000
76406  -48.058  -10.847  32.969 0.0000000000
75114  -50.107  -12.043  35.652 0.0000000000
73803  -49.657  -12.730  35.711 0.0000000000
75092  -50.199  -12.594  36.209 0.0000000000
75060  -50.902  -12.220  37.167 0.0000000000
75062  -52.712  -11.481  37.153 0.0000000000
73748  -52.236  -12.151  37.582 0.0000000000
75039  -53.699  -11.757  37.822 0.0000000000
82234  -50.015  -6.232  33.203 0.0000000000
82233  -49.275  -6.587  32.890 0.0000000000
82219  -50.441  -6.045  33.975 0.0000000000
80966  -51.426  -6.293  35.361 0.0000000000
80965  -50.731  -6.732  34.946 0.0000000000
79855  -51.093  -6.923  35.586 0.0000000000
79844  -50.973  -7.965  35.645 0.0000000000
79845  -51.401  -7.566  35.871 0.0000000000
85735  -56.359  -2.467  25.521 0.0000000000
85736  -56.821  -2.040  25.235 0.0000000000
85758  -57.958  -2.787  23.861 0.0000000000
85747  -58.144  -2.165  24.577 0.0000000000
85748  -58.689  -1.980  24.521 0.0000000000
86825  -59.011  -1.870  24.446 0.0000000000
85782  -56.987  -2.792  21.685 0.0000000000
86847  -57.789  -2.386  21.617 0.0000000000
86849  -59.227  -1.936  21.694 0.0000000000
86836  -58.659  -2.342  22.294 0.0000000000
87956  -59.992  -0.625  23.157 0.0000000000
89150  -60.288  -0.212  22.988 0.0000000000
89151  -60.449  0.200  23.259 0.0000000000
89157  -60.272  -0.217  22.615 0.0000000000
89165  -60.728  0.617  20.688 0.0000000000
90351  -62.026  1.479  21.671 0.0000000000
89193  -59.092  -0.398  18.103 0.0000000000
88003  -59.003  -0.625  18.554 0.0000000000
89175  -59.964  -0.115  19.044 0.0000000000
91562  -61.703  1.963  19.748 0.0000000000
91558  -62.044  1.515  20.855 0.0000000000
91600  -62.152  2.494  16.939 0.0000000000
91614  -62.694  2.506  16.336 0.0000000000
63780  -37.985  -21.644  45.942 0.0000000000
62621  -37.587  -21.667  44.523 0.0000000000
60269  -36.097  -24.143  45.181 0.0000000000
61433  -36.482  -23.565  45.313 0.0000000000
61419  -36.944  -23.037  45.687 0.0000000000
62596  -37.346  -22.335  46.168 0.0000000000
62608  -37.471  -21.940  46.150 0.0000000000
70149  -45.512  -16.248  37.263 0.0000000000
71367  -46.241  -15.367  37.005 0.0000000000
71384  -45.952  -15.540  36.014 0.0000000000
71404  -46.531  -14.675  35.217 0.0000000000
85706  -54.612  -3.233  27.735 0.0000000000
85694  -55.478  -3.245  28.553 0.0000000000
85709  -56.488  -2.764  28.255 0.0000000000
87901  -57.980  -1.560  28.102 0.0000000000
87902  -58.925  -0.805  28.214 0.0000000000
89097  -59.095  -0.468  27.933 0.0000000000
87915  -58.412  -0.655  27.620 0.0000000000
87925  -57.468  -0.887  26.707 0.0000000000
87935  -57.329  -1.288  26.161 0.0000000000
52910  -11.786  -29.560  58.247 0.0000000000
52878  -12.030  -29.580  60.506 0.0000000000
52863  -11.871  -29.571  61.725 0.0000000000
68716  -41.891  -17.474  42.456 0.0000000000
70013  -42.693  -16.663  43.270 0.0000000000
70030  -41.697  -16.957  42.185 0.0000000000
70048  -41.788  -16.556  42.109 0.0000000000
71306  -42.072  -16.266  41.867 0.0000000000
71319  -42.608  -16.390  41.470 0.0000000000
71318  -42.027  -16.630  41.271 0.0000000000
71329  -41.738  -16.889  40.749 0.0000000000
70100  -40.672  -17.304  39.309 0.0000000000
56391  -21.468  -26.416  63.960 0.0000000000
55165  -28.970  -27.451  61.096 0.0000000000
57628  -29.429  -26.517  61.983 0.0000000000
57629  -30.270  -26.770  61.943 0.0000000000
58835  -30.496  -26.409  62.661 0.0000000000
56397  -31.331  -26.987  62.995 0.0000000000
57631  -32.401  -26.856  61.497 0.0000000000
56595  -37.602  -26.838  54.134 0.0000000000
55336  -37.153  -27.229  54.741 0.0000000000
56577  -37.529  -26.839  54.804 0.0000000000
57709  -37.527  -25.775  57.077 0.0000000000
58906  -38.305  -25.302  57.567 0.0000000000
56473  -19.326  -27.082  59.433 0.0000000000
56444  -19.478  -26.834  60.324 0.0000000000
57645  -19.592  -26.362  61.167 0.0000000000
57624  -20.925  -26.313  62.635 0.0000000000
79884  -47.336  -8.442  32.061 0.0000000000
80989  -47.625  -7.595  32.218 0.0000000000
80990  -48.142  -7.239  32.484 0.0000000000
80991  -48.875  -7.032  33.144 0.0000000000
66151  -41.503  -18.968  49.888 0.0000000000
67347  -41.991  -18.542  49.833 0.0000000000
67367  -41.442  -19.117  49.170 0.0000000000
66178  -41.982  -18.986  47.798 0.0000000000
65038  -39.892  -20.508  44.134 0.0000000000
65026  -40.635  -20.011  44.749 0.0000000000
65039  -40.365  -20.303  44.025 0.0000000000
63841  -40.826  -20.469  43.306 0.0000000000
65053  -41.695  -20.213  42.783 0.0000000000
66249  -42.193  -19.632  42.862 0.0000000000
65052  -41.214  -20.225  42.348 0.0000000000
55236  -21.733  -28.131  57.858 0.0000000000
55324  -23.575  -28.390  54.432 0.0000000000
55240  -26.340  -29.020  57.812 0.0000000000
57883  -36.597  -25.696  47.287 0.0000000000
57864  -36.258  -26.356  47.612 0.0000000000
57865  -36.652  -25.965  48.233 0.0000000000
57852  -36.907  -25.926  49.085 0.0000000000
57835  -37.240  -26.022  49.993 0.0000000000
57817  -37.541  -26.249  50.874 0.0000000000
57836  -37.708  -25.620  50.556 0.0000000000
57818  -38.117  -25.635  51.403 0.0000000000
58988  -38.527  -24.852  51.845 0.0000000000
58989  -38.818  -24.700  52.457 0.0000000000
60152  -38.641  -24.244  52.089 0.0000000000
61340  -38.565  -23.632  51.531 0.0000000000
62582  -39.077  -21.463  48.564 0.0000000000
62567  -39.442  -21.452  49.341 0.0000000000
63733  -39.903  -21.089  49.588 0.0000000000
63734  -40.387  -20.587  49.983 0.0000000000
63722  -40.982  -20.389  50.772 0.0000000000
64934  -41.230  -19.864  51.308 0.0000000000
64940  -41.201  -19.792  50.522 0.0000000000
66141  -41.281  -19.271  50.172 0.0000000000
55293  -19.317  -28.059  55.596 0.0000000000
55264  -20.065  -27.917  56.491 0.0000000000
68701  -49.957  -16.678  44.084 0.0000000000
70020  -50.574  -15.982  44.298 0.0000000000
68723  -50.314  -16.426  43.390 0.0000000000
68742  -50.496  -16.088  42.822 0.0000000000
70054  -50.590  -15.502  42.342 0.0000000000
72536  -49.047  -14.211  38.682 0.0000000000
72522  -49.003  -14.230  39.949 0.0000000000
72523  -49.572  -13.805  39.610 0.0000000000
72524  -50.064  -13.385  39.593 0.0000000000
73694  -50.677  -13.158  39.807 0.0000000000
73706  -50.902  -12.717  39.239 0.0000000000
81039  -50.618  -6.171  30.099 0.0000000000
82286  -50.724  -5.978  30.739 0.0000000000
82270  -52.184  -5.554  31.397 0.0000000000
83431  -52.626  -5.300  32.300 0.0000000000
84558  -55.821  -3.921  32.190 0.0000000000
84548  -56.148  -3.441  33.288 0.0000000000
90336  -61.478  1.367  23.842 0.0000000000
79948  -47.450  -7.641  27.031 0.0000000000
79941  -47.736  -7.579  27.638 0.0000000000
79956  -47.862  -7.387  26.767 0.0000000000
79957  -48.415  -7.332  26.682 0.0000000000
79958  -49.147  -7.297  26.677 0.0000000000
83500  -52.046  -4.688  26.011 0.0000000000
84624  -52.404  -4.489  26.540 0.0000000000
84648  -52.692  -3.913  24.319 0.0000000000
50600  -8.665  -31.769  62.675 0.0000000000
56367  -11.900  -27.088  64.773 0.0000000000
56366  -11.558  -27.267  65.158 0.0000000000
55087  -10.583  -27.993  65.678 0.0000000000
55065  -8.906  -28.086  68.131 0.0000000000
52786  -7.879  -29.439  67.313 0.0000000000
52789  -6.991  -30.049  66.308 0.0000000000
51728  -7.394  -30.444  65.165 0.0000000000
50571  -6.484  -31.195  66.329 0.0000000000
50564  -6.581  -31.570  66.793 0.0000000000
49452  -6.246  -32.448  66.723 0.0000000000
49453  -6.860  -32.132  67.196 0.0000000000
49454  -7.648  -32.275  67.270 0.0000000000
71274  -44.250  -15.872  44.476 0.0000000000
71244  -45.764  -15.107  46.518 0.0000000000
71245  -46.548  -15.057  46.533 0.0000000000
71261  -47.775  -15.235  45.877 0.0000000000
71278  -47.247  -15.767  45.250 0.0000000000
70016  -46.691  -16.152  44.644 0.0000000000
68719  -46.628  -16.755  43.960 0.0000000000
68752  -44.043  -17.356  40.842 0.0000000000
68753  -44.688  -17.441  41.224 0.0000000000
68792  -44.928  -18.094  38.957 0.0000000000
68814  -44.408  -17.354  38.297 0.0000000000
68831  -44.105  -17.022  37.622 0.0000000000
70166  -43.720  -17.364  36.511 0.0000000000
55149  -24.468  -27.717  61.994 0.0000000000
56410  -24.726  -27.440  62.624 0.0000000000
56411  -25.658  -27.197  62.581 0.0000000000
57586  -25.850  -26.560  63.318 0.0000000000
57566  -26.513  -26.195  64.310 0.0000000000
55116  -29.245  -27.524  63.862 0.0000000000
55115  -28.390  -27.541  64.344 0.0000000000
54097  -28.050  -29.945  51.333 0.0000000000
55383  -27.615  -29.622  52.086 0.0000000000
55368  -28.111  -29.676  53.114 0.0000000000
55328  -28.369  -29.341  54.712 0.0000000000
54133  -33.263  -29.165  49.329 0.0000000000
54102  -33.071  -29.026  51.337 0.0000000000
55308  -35.155  -28.545  55.481 0.0000000000
54054  -34.633  -29.073  54.871 0.0000000000
55307  -34.152  -28.880  55.626 0.0000000000
55276  -32.536  -28.729  56.329 0.0000000000
55222  -32.768  -28.442  57.797 0.0000000000
56458  -35.214  -26.653  60.053 0.0000000000
56495  -14.766  -27.655  58.050 0.0000000000
56441  -14.976  -26.560  60.362 0.0000000000
56421  -14.592  -26.627  61.312 0.0000000000
58814  -19.102  -25.245  63.848 0.0000000000
73842  -45.852  -12.944  31.928 0.0000000000
72626  -46.235  -13.802  32.233 0.0000000000
75138  -47.000  -12.516  32.746 0.0000000000
76408  -49.542  -9.804  33.913 0.0000000000
76395  -49.808  -10.478  34.268 0.0000000000
75129  -50.387  -10.774  34.825 0.0000000000
75115  -50.770  -11.327  35.463 0.0000000000
76348  -53.211  -10.683  36.816 0.0000000000
82220  -51.232  -5.599  34.331 0.0000000000
82206  -51.831  -5.475  35.135 0.0000000000
80956  -52.663  -6.413  36.533 0.0000000000
85756  -55.394  -3.439  23.763 0.0000000000
86860  -58.889  -2.027  21.181 0.0000000000
87964  -60.262  -0.305  21.543 0.0000000000
89223  -58.896  -0.112  16.392 0.0000000000
91571  -61.761  2.061  19.166 0.0000000000
91572  -62.030  2.234  18.965 0.0000000000
91627  -62.673  2.478  15.347 0.0000000000
91628  -63.111  2.147  15.621 0.0000000000
64964  -39.721  -20.279  48.141 0.0000000000
64974  -40.209  -20.098  47.691 0.0000000000
63796  -38.795  -21.231  45.329 0.0000000000
65024  -39.189  -20.775  44.989 0.0000000000
63818  -39.650  -20.683  44.218 0.0000000000
56557  -21.340  -28.001  54.730 0.0000000000
55346  -23.836  -28.638  53.070 0.0000000000
55325  -24.811  -29.078  54.168 0.0000000000
57918  -34.957  -26.118  44.650 0.0000000000
57904  -36.535  -25.719  46.580 0.0000000000
59112  -36.548  -25.075  45.601 0.0000000000
59089  -36.636  -25.508  46.158 0.0000000000
59068  -37.038  -25.025  47.793 0.0000000000
60217  -37.414  -24.504  48.399 0.0000000000
60218  -37.898  -23.764  48.966 0.0000000000
63759  -39.139  -20.899  47.889 0.0000000000
68756  -47.898  -17.442  40.823 0.0000000000
68772  -48.267  -16.525  40.465 0.0000000000
70084  -47.975  -16.044  39.851 0.0000000000
71337  -48.385  -15.227  39.172 0.0000000000
71351  -47.414  -15.226  38.091 0.0000000000
71353  -48.662  -14.868  38.959 0.0000000000
72550  -48.317  -14.268  37.948 0.0000000000
72551  -48.779  -13.684  37.671 0.0000000000
72568  -48.953  -13.533  36.744 0.0000000000
83468  -52.820  -4.544  29.021 0.0000000000
83457  -53.085  -4.722  30.113 0.0000000000
83458  -53.951  -4.243  30.020 0.0000000000
84568  -54.986  -4.152  30.655 0.0000000000
84593  -55.456  -3.480  29.300 0.0000000000
84584  -55.536  -3.734  30.107 0.0000000000
84569  -55.584  -3.813  31.083 0.0000000000
84559  -56.658  -3.513  32.260 0.0000000000
85654  -57.384  -3.179  32.392 0.0000000000
89109  -59.419  -0.035  27.566 0.0000000000
89129  -60.276  0.293  25.891 0.0000000000
52909  -10.941  -30.208  58.379 0.0000000000
51838  -10.227  -30.435  58.949 0.0000000000
68678  -43.485  -17.226  45.406 0.0000000000
68679  -43.950  -16.735  46.201 0.0000000000
70000  -43.437  -16.591  44.689 0.0000000000
70014  -43.063  -16.218  43.876 0.0000000000
71294  -44.554  -15.889  43.854 0.0000000000
70033  -44.935  -16.163  43.446 0.0000000000
70049  -43.922  -16.507  42.230 0.0000000000
70065  -43.091  -16.692  41.016 0.0000000000
70082  -43.529  -17.285  40.618 0.0000000000
57625  -27.002  -26.903  61.984 0.0000000000
57626  -27.608  -26.886  62.194 0.0000000000
58831  -28.143  -25.888  63.388 0.0000000000
58800  -28.853  -26.009  63.607 0.0000000000
58833  -29.440  -25.881  62.847 0.0000000000
58801  -29.475  -26.057  63.356 0.0000000000
57569  -29.157  -26.353  63.753 0.0000000000
55117  -29.758  -27.200  63.677 0.0000000000
55152  -31.807  -27.435  62.783 0.0000000000
54111  -27.520  -29.705  50.499 0.0000000000
54086  -29.681  -29.757  52.451 0.0000000000
55385  -35.925  -28.156  51.629 0.0000000000
55369  -35.265  -28.422  52.464 0.0000000000
55354  -35.475  -28.371  53.446 0.0000000000
55334  -35.633  -28.272  54.513 0.0000000000
55279  -35.442  -27.963  56.150 0.0000000000
56541  -35.222  -27.758  56.613 0.0000000000
57672  -36.465  -25.907  58.860 0.0000000000
57673  -37.074  -25.579  58.681 0.0000000000
57661  -36.903  -25.653  59.100 0.0000000000
56554  -16.863  -26.710  55.326 0.0000000000
56539  -17.116  -27.324  56.561 0.0000000000
56517  -17.252  -27.099  57.572 0.0000000000
57620  -17.924  -25.869  61.681 0.0000000000
57600  -19.243  -25.682  62.427 0.0000000000
58829  -19.390  -25.418  62.959 0.0000000000
76417  -46.675  -10.628  32.054 0.0000000000
77636  -48.351  -9.570  32.801 0.0000000000
77637  -49.187  -9.414  33.553 0.0000000000
77638  -49.439  -9.374  34.049 0.0000000000
77613  -50.124  -8.971  35.141 0.0000000000
85779  -54.257  -2.676  21.324 0.0000000000
86846  -55.511  -2.625  21.085 0.0000000000
86857  -55.946  -2.278  20.595 0.0000000000
90395  -61.255  1.890  16.922 0.0000000000
91612  -61.769  2.371  16.215 0.0000000000
90422  -61.300  1.533  14.895 0.0000000000
91626  -62.249  2.425  15.090 0.0000000000
55158  -13.258  -28.094  61.016 0.0000000000
53981  -12.695  -28.628  61.426 0.0000000000
55144  -13.026  -27.773  62.288 0.0000000000
55124  -12.652  -27.272  63.008 0.0000000000
56351  -12.304  -26.630  65.272 0.0000000000
67349  -43.465  -17.350  49.750 0.0000000000
67370  -43.562  -17.762  49.128 0.0000000000
67410  -43.711  -17.948  47.242 0.0000000000
67428  -43.286  -18.346  46.139 0.0000000000
66194  -40.562  -19.989  47.459 0.0000000000
66195  -40.965  -19.816  47.282 0.0000000000
65007  -41.888  -19.664  45.799 0.0000000000
66216  -42.019  -19.580  46.343 0.0000000000
66217  -42.492  -19.231  46.161 0.0000000000
67447  -42.917  -18.108  44.888 0.0000000000
67465  -42.764  -18.121  43.982 0.0000000000
67463  -42.024  -17.948  42.738 0.0000000000
67480  -41.942  -19.034  42.524 0.0000000000
67478  -40.825  -17.893  41.857 0.0000000000
68734  -40.668  -17.515  41.520 0.0000000000
56423  -22.327  -27.454  61.790 0.0000000000
56448  -22.845  -27.841  60.699 0.0000000000
55174  -23.425  -27.928  60.535 0.0000000000
55175  -24.417  -27.946  60.660 0.0000000000
55176  -25.518  -27.899  60.844 0.0000000000
55238  -24.154  -28.190  57.736 0.0000000000
55177  -26.088  -28.043  60.609 0.0000000000
56450  -26.428  -27.643  60.991 0.0000000000
56451  -27.002  -27.678  60.859 0.0000000000
55178  -27.526  -27.695  60.494 0.0000000000
55163  -28.007  -27.604  61.105 0.0000000000
55179  -28.482  -27.515  60.487 0.0000000000
56481  -28.915  -27.470  59.900 0.0000000000
56482  -29.723  -27.586  59.801 0.0000000000
54170  -33.293  -28.842  47.484 0.0000000000
54153  -32.800  -29.306  48.318 0.0000000000
54134  -34.168  -28.734  49.316 0.0000000000
55396  -34.774  -28.527  50.205 0.0000000000
56687  -34.975  -27.080  46.232 0.0000000000
56672  -35.234  -27.440  47.567 0.0000000000
55420  -35.339  -27.816  48.653 0.0000000000
55407  -35.521  -27.852  49.460 0.0000000000
56610  -37.801  -27.090  53.163 0.0000000000
56596  -38.469  -26.412  53.689 0.0000000000
56579  -38.705  -26.209  54.384 0.0000000000
57733  -39.042  -25.622  55.296 0.0000000000
60107  -39.757  -24.408  55.740 0.0000000000
58936  -39.659  -24.911  55.209 0.0000000000
58937  -40.026  -24.278  54.833 0.0000000000
61295  -40.462  -23.022  54.623 0.0000000000
60134  -39.635  -23.882  53.142 0.0000000000
61308  -40.019  -23.299  53.363 0.0000000000
61309  -39.873  -22.909  54.012 0.0000000000
148611  -40.295  -22.274  54.511 0.0000000000
148613  -40.649  -20.989  53.718 0.0000000000
62540  -39.759  -21.888  51.726 0.0000000000
66122  -41.256  -19.248  51.806 0.0000000000
66123  -42.061  -18.698  52.309 0.0000000000
55263  -19.022  -27.960  56.594 0.0000000000
72458  -51.492  -13.667  46.562 0.0000000000
71280  -51.210  -15.339  44.537 0.0000000000
73650  -52.541  -13.289  45.204 0.0000000000
73659  -52.621  -13.237  44.652 0.0000000000
68758  -49.723  -16.266  41.643 0.0000000000
70070  -50.188  -15.453  41.740 0.0000000000
71310  -50.831  -14.490  42.122 0.0000000000
72505  -50.059  -14.242  40.984 0.0000000000
73686  -52.910  -12.425  41.259 0.0000000000
81018  -48.559  -7.009  31.124 0.0000000000
82266  -48.928  -6.443  31.714 0.0000000000
81006  -50.398  -6.259  32.988 0.0000000000
82253  -51.086  -6.188  32.770 0.0000000000
83399  -53.726  -4.439  35.699 0.0000000000
83432  -53.484  -4.884  32.018 0.0000000000
84547  -55.135  -4.223  33.212 0.0000000000
84546  -53.972  -4.759  32.971 0.0000000000
84545  -53.230  -4.783  33.267 0.0000000000
84535  -53.262  -4.501  33.827 0.0000000000
47366  -6.203  -34.046  63.403 0.0000000000
71433  -44.402  -15.060  32.896 0.0000000000
71448  -44.879  -14.614  32.147 0.0000000000
73840  -43.731  -13.199  31.217 0.0000000000
73841  -44.758  -12.872  31.421 0.0000000000
75149  -44.877  -12.198  31.161 0.0000000000
76415  -45.023  -11.627  31.179 0.0000000000
76432  -45.419  -10.228  31.081 0.0000000000
77657  -45.575  -9.706  31.118 0.0000000000
78826  -45.827  -9.060  31.271 0.0000000000
79893  -44.897  -8.085  30.516 0.0000000000
79894  -45.867  -8.202  30.780 0.0000000000
81058  -49.835  -6.963  29.447 0.0000000000
81071  -48.352  -7.341  28.048 0.0000000000
81059  -50.544  -6.394  29.524 0.0000000000
81092  -48.678  -6.788  26.368 0.0000000000
81093  -49.523  -6.790  26.447 0.0000000000
81094  -50.033  -6.937  26.635 0.0000000000
82311  -51.675  -5.502  28.319 0.0000000000
83467  -52.241  -5.008  28.708 0.0000000000
83479  -53.343  -4.292  28.333 0.0000000000
84613  -53.059  -4.097  27.065 0.0000000000
85716  -54.349  -3.123  27.250 0.0000000000
86799  -55.490  -2.434  26.752 0.0000000000
87933  -56.306  -2.000  26.489 0.0000000000
86806  -55.408  -2.569  26.439 0.0000000000
84650  -54.347  -3.552  24.387 0.0000000000
85755  -54.697  -3.543  24.211 0.0000000000
84670  -54.694  -3.478  23.124 0.0000000000
85768  -54.281  -3.333  22.035 0.0000000000
85778  -53.461  -2.294  21.210 0.0000000000
53980  -12.269  -28.938  61.858 0.0000000000
52846  -11.400  -29.456  62.434 0.0000000000
55122  -11.446  -28.196  63.665 0.0000000000
53964  -11.296  -29.000  62.924 0.0000000000
52861  -10.308  -30.180  62.311 0.0000000000
56325  -10.581  -27.131  67.515 0.0000000000
56333  -10.110  -27.590  66.765 0.0000000000
55086  -10.086  -28.310  66.160 0.0000000000
55075  -9.255  -28.361  67.173 0.0000000000
53917  -9.658  -29.056  66.215 0.0000000000
53931  -9.871  -29.264  65.453 0.0000000000
52812  -9.376  -29.685  64.837 0.0000000000
52843  -9.325  -30.512  63.331 0.0000000000
51763  -9.383  -30.652  62.810 0.0000000000
51762  -8.841  -30.966  63.172 0.0000000000
50591  -8.432  -31.384  63.270 0.0000000000
51737  -7.082  -31.373  64.594 0.0000000000
51747  -7.130  -31.644  64.306 0.0000000000
47344  -5.918  -34.266  65.495 0.0000000000
48427  -6.198  -33.318  66.273 0.0000000000
74917  -50.268  -13.423  48.181 0.0000000000
74923  -50.088  -13.339  48.042 0.0000000000
71190  -44.609  -15.034  51.375 0.0000000000
69956  -44.740  -15.587  49.762 0.0000000000
71232  -45.095  -15.817  47.086 0.0000000000
71233  -45.321  -15.213  47.637 0.0000000000
72426  -45.451  -14.509  48.549 0.0000000000
73616  -47.989  -13.941  48.918 0.0000000000
73626  -48.043  -13.828  48.439 0.0000000000
72439  -47.663  -13.963  47.559 0.0000000000
72430  -48.110  -13.702  48.039 0.0000000000
72431  -48.691  -13.655  48.017 0.0000000000
72441  -49.159  -13.786  47.543 0.0000000000
73635  -49.748  -13.558  47.818 0.0000000000
70002  -49.206  -15.786  45.322 0.0000000000
70019  -49.673  -16.304  44.701 0.0000000000
68700  -49.200  -16.823  44.245 0.0000000000
67502  -48.163  -17.770  41.660 0.0000000000
70034  -45.541  -16.409  44.008 0.0000000000
70051  -45.468  -16.873  43.263 0.0000000000
67483  -47.431  -17.918  42.383 0.0000000000
67501  -47.246  -17.999  41.496 0.0000000000
68794  -46.596  -16.846  39.464 0.0000000000
70127  -46.072  -16.535  38.199 0.0000000000
68815  -45.259  -17.058  38.252 0.0000000000
70203  -44.477  -16.021  34.197 0.0000000000
68767  -39.930  -17.407  40.294 0.0000000000
70078  -40.105  -17.301  39.850 0.0000000000
70126  -41.094  -17.381  38.685 0.0000000000
68811  -41.851  -17.457  38.250 0.0000000000
68829  -42.491  -17.611  37.358 0.0000000000
68846  -41.368  -17.516  36.351 0.0000000000
68848  -43.053  -17.634  36.502 0.0000000000
68865  -42.732  -17.487  35.883 0.0000000000
70183  -43.427  -17.055  35.608 0.0000000000
68901  -41.388  -16.969  33.869 0.0000000000
71416  -44.036  -15.820  33.430 0.0000000000
56393  -23.128  -27.304  63.315 0.0000000000
57585  -25.151  -26.945  63.684 0.0000000000
55271  -27.796  -29.224  56.700 0.0000000000
55242  -28.544  -28.708  57.548 0.0000000000
55218  -29.252  -28.409  58.336 0.0000000000
55196  -29.977  -28.162  59.062 0.0000000000
56483  -30.788  -27.835  59.670 0.0000000000
54130  -30.063  -29.949  49.485 0.0000000000
54115  -31.672  -29.755  50.434 0.0000000000
54114  -30.603  -29.852  50.475 0.0000000000
54087  -30.603  -29.390  52.400 0.0000000000
54091  -34.390  -28.730  52.354 0.0000000000
54077  -32.868  -28.978  53.228 0.0000000000
54065  -33.251  -29.336  54.177 0.0000000000
54076  -31.959  -29.004  53.199 0.0000000000
55353  -30.682  -29.338  54.010 0.0000000000
55352  -30.252  -29.204  54.026 0.0000000000
55330  -30.177  -29.175  54.558 0.0000000000
55274  -30.509  -29.022  56.477 0.0000000000
55245  -31.215  -28.996  57.345 0.0000000000
55197  -30.947  -28.375  58.863 0.0000000000
57590  -33.920  -26.727  62.273 0.0000000000
57650  -35.421  -26.849  60.525 0.0000000000
52937  -11.581  -29.646  57.020 0.0000000000
52911  -12.241  -29.304  57.939 0.0000000000
54041  -13.590  -28.624  55.919 0.0000000000
55229  -13.709  -28.370  57.949 0.0000000000
54020  -13.349  -28.620  58.461 0.0000000000
55186  -13.192  -28.325  59.789 0.0000000000
55172  -13.302  -28.104  60.178 0.0000000000
55159  -13.618  -27.431  61.307 0.0000000000
58813  -17.930  -24.890  63.848 0.0000000000
71418  -45.793  -15.277  33.832 0.0000000000
72600  -47.075  -14.084  34.485 0.0000000000
72609  -47.045  -13.889  33.309 0.0000000000
72588  -48.116  -13.709  35.762 0.0000000000
72589  -48.457  -13.627  36.319 0.0000000000
72569  -49.339  -13.444  36.882 0.0000000000
75152  -47.260  -11.133  32.527 0.0000000000
73829  -48.767  -12.310  34.114 0.0000000000
76394  -49.322  -11.240  34.034 0.0000000000
75127  -49.130  -11.892  34.252 0.0000000000
73816  -49.081  -12.555  34.837 0.0000000000
73774  -49.707  -13.227  36.682 0.0000000000
73746  -50.551  -12.769  37.554 0.0000000000
73726  -52.390  -12.471  38.314 0.0000000000
75061  -51.589  -11.857  37.089 0.0000000000
82250  -48.701  -6.523  32.235 0.0000000000
80992  -49.409  -6.756  33.313 0.0000000000
80979  -49.640  -7.033  33.693 0.0000000000
82204  -50.355  -6.566  34.157 0.0000000000
80964  -50.302  -7.289  34.327 0.0000000000
79853  -50.209  -7.972  34.532 0.0000000000
78789  -50.701  -8.494  35.550 0.0000000000
77603  -51.366  -8.841  35.911 0.0000000000
77604  -52.139  -9.009  36.246 0.0000000000
77615  -51.725  -9.518  35.801 0.0000000000
76370  -52.674  -10.199  36.262 0.0000000000
87934  -56.615  -1.757  26.320 0.0000000000
86809  -57.844  -1.286  25.569 0.0000000000
85746  -57.077  -2.463  24.801 0.0000000000
86816  -57.508  -1.701  25.022 0.0000000000
86810  -58.390  -0.997  25.504 0.0000000000
87942  -58.685  -0.858  25.426 0.0000000000
87943  -59.334  -0.656  25.215 0.0000000000
89142  -60.166  -0.256  24.952 0.0000000000
86835  -58.150  -2.357  22.037 0.0000000000
85773  -59.136  -2.259  23.367 0.0000000000
86826  -59.483  -1.519  24.033 0.0000000000
87948  -59.919  -0.472  24.216 0.0000000000
89143  -60.448  0.276  24.334 0.0000000000
90335  -60.788  1.013  24.004 0.0000000000
90345  -62.257  1.122  22.835 0.0000000000
87986  -58.533  -1.068  19.425 0.0000000000
87988  -60.528  -0.029  20.092 0.0000000000
90356  -61.151  1.467  20.228 0.0000000000
91615  -63.113  2.114  16.644 0.0000000000
48462  -6.123  -33.822  64.044 0.0000000000
49444  -7.243  -31.591  67.351 0.0000000000
49445  -7.419  -31.743  67.393 0.0000000000
49466  -5.871  -32.624  65.446 0.0000000000
50563  -6.074  -32.102  66.539 0.0000000000
50582  -6.285  -32.189  64.667 0.0000000000
50589  -7.430  -31.959  64.076 0.0000000000
51712  -7.683  -30.481  67.599 0.0000000000
51718  -6.917  -30.707  66.575 0.0000000000
51722  -6.425  -30.747  66.033 0.0000000000
51726  -6.451  -31.347  65.413 0.0000000000
51739  -8.276  -30.659  64.445 0.0000000000
51823  -11.593  -30.119  59.944 0.0000000000
52780  -7.751  -30.103  67.619 0.0000000000
52796  -6.779  -30.311  65.834 0.0000000000
52810  -7.638  -30.272  65.078 0.0000000000
52826  -9.730  -30.204  63.924 0.0000000000
52892  -11.075  -30.167  59.080 0.0000000000
53899  -7.564  -29.627  67.998 0.0000000000
53903  -7.680  -29.566  67.769 0.0000000000
53904  -7.694  -29.111  67.716 0.0000000000
53907  -8.097  -29.016  67.341 0.0000000000
53908  -8.724  -28.930  67.148 0.0000000000
53909  -9.315  -28.758  66.820 0.0000000000
53916  -9.010  -29.160  66.540 0.0000000000
53918  -10.280  -28.839  65.766 0.0000000000
53946  -11.508  -28.466  63.206 0.0000000000
54009  -13.515  -28.417  58.950 0.0000000000
54018  -12.240  -29.262  58.345 0.0000000000
54062  -30.001  -29.139  54.010 0.0000000000
54110  -27.001  -29.569  50.643 0.0000000000
55068  -9.031  -28.120  67.624 0.0000000000
55076  -9.734  -28.121  66.771 0.0000000000
55077  -10.189  -27.765  66.364 0.0000000000
55135  -23.472  -27.396  63.799 0.0000000000
55143  -12.285  -28.114  62.547 0.0000000000
55150  -25.192  -27.608  62.087 0.0000000000
55161  -24.865  -27.780  61.427 0.0000000000
55162  -25.545  -27.563  61.628 0.0000000000
55180  -28.835  -27.485  60.852 0.0000000000
55310  -36.677  -27.361  55.253 0.0000000000
55398  -36.295  -27.643  51.021 0.0000000000
56319  -9.900  -27.175  68.005 0.0000000000
56349  -11.201  -27.278  65.634 0.0000000000
56380  -29.499  -26.833  63.771 0.0000000000
56381  -30.173  -26.861  63.548 0.0000000000
56382  -30.705  -26.713  63.295 0.0000000000
56388  -12.076  -27.024  64.047 0.0000000000
56406  -14.298  -26.635  62.030 0.0000000000
56412  -26.229  -27.038  62.381 0.0000000000
56429  -29.026  -27.188  61.539 0.0000000000
56449  -25.991  -27.434  61.427 0.0000000000
56452  -28.807  -27.415  60.209 0.0000000000
56460  -36.751  -26.293  59.519 0.0000000000
56477  -22.694  -27.759  60.255 0.0000000000
56479  -26.760  -27.971  60.442 0.0000000000
56480  -28.601  -27.414  60.016 0.0000000000
56503  -21.785  -27.885  59.412 0.0000000000
56540  -17.590  -27.530  56.429 0.0000000000
56655  -35.367  -27.635  48.200 0.0000000000
57540  -12.324  -26.327  65.888 0.0000000000
57565  -26.141  -26.076  63.785 0.0000000000
57568  -28.490  -26.211  64.091 0.0000000000
57582  -19.569  -25.432  64.307 0.0000000000
57588  -27.486  -25.813  63.712 0.0000000000
57602  -20.123  -25.960  63.022 0.0000000000
57607  -28.982  -26.035  62.519 0.0000000000
57612  -34.125  -26.573  62.011 0.0000000000
57623  -20.360  -26.067  62.201 0.0000000000
57647  -20.963  -26.445  61.879 0.0000000000
57690  -37.989  -25.477  57.289 0.0000000000
57757  -39.297  -25.713  54.514 0.0000000000
57758  -39.712  -25.324  54.083 0.0000000000
57780  -39.735  -25.080  53.792 0.0000000000
57903  -36.071  -26.092  46.043 0.0000000000
58802  -30.054  -26.127  63.220 0.0000000000
58803  -30.373  -26.258  63.123 0.0000000000
58818  -28.044  -25.776  63.762 0.0000000000
58819  -28.541  -25.872  63.463 0.0000000000
58820  -29.153  -25.839  63.218 0.0000000000
58822  -30.392  -26.237  62.913 0.0000000000
58827  -17.454  -25.284  63.165 0.0000000000
58922  -39.225  -24.846  56.307 0.0000000000
58969  -39.152  -24.593  53.024 0.0000000000
60121  -40.222  -23.745  54.458 0.0000000000
60171  -38.452  -24.194  51.623 0.0000000000
60172  -38.629  -23.715  51.986 0.0000000000
62638  -37.307  -21.650  44.207 0.0000000000
63721  -40.457  -20.759  51.055 0.0000000000
63735  -40.856  -20.137  50.264 0.0000000000
63779  -37.573  -21.793  45.498 0.0000000000
63842  -41.364  -20.358  43.147 0.0000000000
64946  -40.763  -19.729  49.849 0.0000000000
64990  -41.744  -19.670  46.401 0.0000000000
65028  -42.431  -19.566  44.973 0.0000000000
66176  -40.527  -19.639  47.832 0.0000000000
66198  -43.270  -18.439  47.370 0.0000000000
67346  -41.578  -19.001  49.512 0.0000000000
67369  -42.753  -18.464  48.949 0.0000000000
67391  -42.872  -18.365  48.316 0.0000000000
67482  -46.489  -18.012  42.143 0.0000000000
67484  -48.226  -17.737  42.370 0.0000000000
68604  -43.252  -16.787  51.146 0.0000000000
68697  -46.613  -16.465  44.308 0.0000000000
68720  -47.420  -17.015  43.953 0.0000000000
69979  -45.027  -15.307  48.250 0.0000000000
69991  -44.546  -16.207  46.652 0.0000000000
70004  -50.839  -15.610  44.997 0.0000000000
70018  -48.702  -16.442  44.762 0.0000000000
70037  -48.282  -16.761  44.393 0.0000000000
70038  -50.878  -15.663  43.264 0.0000000000
70039  -51.212  -15.261  43.041 0.0000000000
70052  -46.054  -16.771  43.751 0.0000000000
70055  -51.002  -15.357  42.819 0.0000000000
70068  -49.059  -15.924  40.838 0.0000000000
70069  -49.648  -15.568  41.274 0.0000000000
70105  -47.129  -16.177  39.169 0.0000000000
70106  -47.827  -15.641  39.229 0.0000000000
70107  -48.283  -15.474  39.636 0.0000000000
70182  -42.714  -17.155  35.492 0.0000000000
71276  -45.684  -15.657  44.823 0.0000000000
71317  -41.528  -16.773  41.139 0.0000000000
71322  -50.241  -14.879  41.706 0.0000000000
71331  -49.468  -14.903  40.777 0.0000000000
71352  -48.217  -14.967  38.457 0.0000000000
72514  -49.206  -14.400  40.240 0.0000000000
72515  -49.660  -14.307  40.516 0.0000000000
72535  -48.532  -14.457  38.339 0.0000000000
72537  -49.389  -13.548  39.034 0.0000000000
72552  -49.296  -13.438  37.269 0.0000000000
72627  -46.721  -13.850  32.576 0.0000000000
73627  -48.474  -13.676  48.515 0.0000000000
73773  -49.186  -13.358  36.428 0.0000000000
73862  -44.002  -12.522  30.940 0.0000000000
74915  -49.413  -13.267  48.884 0.0000000000
74924  -50.539  -13.411  47.974 0.0000000000
76382  -50.929  -10.427  35.182 0.0000000000
77616  -52.332  -9.631  36.101 0.0000000000
77624  -49.303  -8.938  34.085 0.0000000000
77625  -49.769  -9.434  34.528 0.0000000000
77647  -47.700  -9.601  32.269 0.0000000000
78797  -49.212  -8.352  34.017 0.0000000000
78814  -46.186  -9.258  31.581 0.0000000000
79872  -47.516  -7.817  32.197 0.0000000000
79883  -47.234  -8.004  31.920 0.0000000000
79949  -48.179  -7.462  27.237 0.0000000000
79950  -48.849  -7.498  27.097 0.0000000000
79959  -49.729  -7.225  26.782 0.0000000000
80993  -50.155  -6.182  32.994 0.0000000000
80994  -50.297  -6.230  33.249 0.0000000000
81005  -48.042  -6.975  32.168 0.0000000000
81007  -50.608  -6.254  33.210 0.0000000000
81019  -48.999  -6.674  31.211 0.0000000000
81033  -45.071  -7.699  29.837 0.0000000000
81081  -47.537  -7.376  26.654 0.0000000000
81083  -49.115  -7.245  27.570 0.0000000000
82231  -48.228  -6.875  32.304 0.0000000000
82248  -47.934  -6.927  32.056 0.0000000000
82252  -50.118  -6.105  32.583 0.0000000000
82264  -47.942  -7.013  31.815 0.0000000000
82284  -49.344  -6.512  31.333 0.0000000000
83397  -52.055  -4.985  35.116 0.0000000000
83459  -54.567  -4.203  30.186 0.0000000000
83501  -52.568  -4.258  25.640 0.0000000000
84582  -54.481  -3.864  29.639 0.0000000000
84603  -54.558  -3.418  28.357 0.0000000000
84612  -52.553  -4.361  26.857 0.0000000000
85707  -55.231  -3.010  27.898 0.0000000000
85708  -55.953  -2.909  27.963 0.0000000000
85760  -59.337  -2.075  23.568 0.0000000000
85772  -58.702  -2.531  23.137 0.0000000000
86791  -56.221  -2.177  27.007 0.0000000000
86808  -56.883  -1.762  25.619 0.0000000000
87912  -56.718  -1.943  26.891 0.0000000000
87923  -56.481  -1.940  26.652 0.0000000000
87957  -60.214  -0.215  23.616 0.0000000000
89098  -59.329  -0.370  27.976 0.0000000000
89108  -59.022  -0.377  27.730 0.0000000000
90307  -60.498  0.589  26.012 0.0000000000
90410  -61.893  2.395  15.530 0.0000000000
