#!ascii label  , from subject 3768 vox2ras=TkReg
1675
115960  -52.719  25.528  28.179 0.0000000000
133898  -44.899  47.902  23.101 0.0000000000
122059  -44.780  32.710  22.356 0.0000000000
120279  -55.257  30.840  11.667 0.0000000000
133920  -48.729  47.799  20.821 0.0000000000
127902  -52.062  39.009  23.367 0.0000000000
126414  -51.695  38.106  16.975 0.0000000000
121225  -48.319  30.660  13.159 0.0000000000
111186  -49.470  20.492  34.904 0.0000000000
115887  -52.799  24.926  33.153 0.0000000000
134645  -37.864  48.889  18.098 0.0000000000
134667  -43.479  48.511  17.932 0.0000000000
134002  -49.717  47.513  13.798 0.0000000000
120103  -52.318  30.229  26.685 0.0000000000
126311  -49.001  37.570  27.048 0.0000000000
122089  -51.294  32.322  18.589 0.0000000000
117633  -53.729  27.680  19.272 0.0000000000
118552  -48.700  28.530  13.082 0.0000000000
119407  -42.948  29.119  10.084 0.0000000000
115990  -49.449  25.944  25.345 0.0000000000
133171  -48.683  46.146  18.988 0.0000000000
131185  -50.156  43.071  20.324 0.0000000000
128747  -49.304  41.373  19.319 0.0000000000
125633  -49.237  36.309  16.401 0.0000000000
113281  -52.039  22.225  36.101 0.0000000000
114265  -49.472  23.364  33.699 0.0000000000
133157  -34.616  46.194  19.100 0.0000000000
133970  -46.722  47.917  16.583 0.0000000000
119276  -49.517  29.409  27.289 0.0000000000
121096  -48.038  31.445  24.566 0.0000000000
131830  -43.051  44.523  21.458 0.0000000000
130379  -47.495  42.806  23.686 0.0000000000
124836  -54.300  35.345  15.548 0.0000000000
125593  -52.568  36.030  19.651 0.0000000000
121195  -54.466  31.431  15.444 0.0000000000
119340  -55.400  29.468  18.352 0.0000000000
118539  -55.434  28.148  14.195 0.0000000000
117709  -51.721  27.591  15.550 0.0000000000
118591  -52.951  28.627  10.689 0.0000000000
122198  -45.411  32.160  10.667 0.0000000000
134610  -47.216  48.412  23.517 0.0000000000
131792  -48.834  44.795  25.834 0.0000000000
131155  -49.762  44.006  23.069 0.0000000000
127919  -52.760  39.390  18.918 0.0000000000
123985  -53.698  34.884  12.913 0.0000000000
119378  -52.110  29.818  12.493 0.0000000000
123057  -51.304  33.666  15.352 0.0000000000
121174  -48.029  31.636  16.759 0.0000000000
111200  -52.047  20.480  33.242 0.0000000000
113355  -54.282  22.636  33.060 0.0000000000
115916  -55.196  24.853  30.695 0.0000000000
131811  -36.725  44.267  22.285 0.0000000000
132480  -39.097  45.664  20.842 0.0000000000
133908  -42.032  47.981  21.061 0.0000000000
136763  -44.036  51.430  21.563 0.0000000000
136111  -46.735  51.039  19.619 0.0000000000
135417  -49.431  49.203  17.231 0.0000000000
133207  -50.193  46.130  15.897 0.0000000000
131883  -51.234  44.542  12.516 0.0000000000
116716  -50.053  26.411  29.989 0.0000000000
118418  -52.789  28.346  29.588 0.0000000000
116769  -55.041  26.690  26.969 0.0000000000
125564  -46.551  37.396  22.631 0.0000000000
127872  -51.491  39.207  26.413 0.0000000000
125575  -50.004  36.637  21.127 0.0000000000
122992  -48.169  33.351  21.230 0.0000000000
120155  -51.748  30.702  22.620 0.0000000000
119309  -54.271  29.262  22.719 0.0000000000
116793  -53.585  26.728  23.488 0.0000000000
116825  -50.508  26.889  20.513 0.0000000000
117665  -47.487  27.411  17.525 0.0000000000
118516  -44.871  28.395  15.088 0.0000000000
120313  -49.079  30.560  9.544 0.0000000000
118604  -46.050  28.699  10.356 0.0000000000
117760  -42.960  27.431  11.045 0.0000000000
115944  -52.200  25.136  28.944 0.0000000000
115958  -50.740  25.020  28.122 0.0000000000
115981  -50.737  25.829  26.260 0.0000000000
132511  -47.876  45.056  17.528 0.0000000000
131189  -48.089  43.740  18.950 0.0000000000
130424  -47.394  42.695  18.473 0.0000000000
127922  -47.881  39.830  18.370 0.0000000000
122055  -46.721  31.758  23.284 0.0000000000
133141  -43.674  46.420  22.067 0.0000000000
123084  -55.413  33.602  13.074 0.0000000000
123059  -54.241  33.430  15.602 0.0000000000
121213  -55.236  31.061  13.777 0.0000000000
119365  -55.922  29.131  14.956 0.0000000000
118575  -55.527  28.982  11.918 0.0000000000
117752  -54.036  27.799  11.971 0.0000000000
118613  -54.765  29.105  10.467 0.0000000000
134620  -47.522  48.522  21.707 0.0000000000
133889  -48.221  47.466  23.950 0.0000000000
132471  -48.782  46.264  22.010 0.0000000000
129593  -51.567  41.208  18.976 0.0000000000
129586  -51.811  41.344  19.458 0.0000000000
127181  -52.646  38.662  17.570 0.0000000000
126433  -53.798  37.662  16.154 0.0000000000
126452  -52.820  36.778  14.451 0.0000000000
123069  -52.546  33.799  13.857 0.0000000000
125644  -51.605  36.161  15.342 0.0000000000
123042  -48.581  33.579  16.584 0.0000000000
114249  -52.721  23.761  35.005 0.0000000000
113301  -53.465  22.352  35.231 0.0000000000
115113  -53.509  24.002  33.722 0.0000000000
115131  -54.629  24.076  32.414 0.0000000000
116695  -54.085  25.593  32.241 0.0000000000
133176  -35.946  47.433  17.865 0.0000000000
132499  -37.202  45.582  18.963 0.0000000000
133170  -39.366  46.859  18.903 0.0000000000
133151  -40.299  46.473  20.858 0.0000000000
133942  -39.795  48.010  18.823 0.0000000000
135392  -41.682  50.594  18.368 0.0000000000
136778  -42.061  51.283  19.970 0.0000000000
136808  -43.030  51.106  19.350 0.0000000000
136782  -45.116  51.678  20.772 0.0000000000
135395  -44.622  49.932  18.917 0.0000000000
133992  -48.056  47.554  14.891 0.0000000000
134671  -47.837  49.237  16.983 0.0000000000
134702  -49.721  48.793  15.346 0.0000000000
133959  -50.269  47.803  16.761 0.0000000000
133228  -51.014  46.716  14.502 0.0000000000
132537  -51.514  45.519  14.633 0.0000000000
133247  -51.097  46.347  13.580 0.0000000000
116754  -44.894  26.804  27.646 0.0000000000
115940  -45.653  25.313  29.124 0.0000000000
116727  -47.046  26.167  28.949 0.0000000000
115928  -48.706  25.722  30.125 0.0000000000
116744  -47.919  26.832  28.798 0.0000000000
120101  -50.749  30.161  27.080 0.0000000000
118426  -51.349  28.614  28.706 0.0000000000
119268  -52.445  29.255  28.057 0.0000000000
117563  -53.865  28.034  29.118 0.0000000000
119280  -53.384  29.402  27.028 0.0000000000
126310  -48.187  37.481  26.672 0.0000000000
126344  -46.689  37.132  24.821 0.0000000000
126345  -47.549  37.480  24.477 0.0000000000
129541  -50.743  41.547  25.001 0.0000000000
130355  -50.210  41.990  26.365 0.0000000000
127894  -51.829  39.195  24.445 0.0000000000
123934  -51.699  34.178  18.379 0.0000000000
125576  -51.380  36.739  21.097 0.0000000000
123914  -50.216  34.237  19.828 0.0000000000
124780  -48.377  35.251  20.750 0.0000000000
123003  -49.794  32.735  19.890 0.0000000000
121124  -49.990  31.325  21.468 0.0000000000
121133  -51.536  30.962  20.011 0.0000000000
118488  -55.511  28.683  18.861 0.0000000000
119314  -55.271  29.427  20.863 0.0000000000
118471  -55.179  28.496  21.081 0.0000000000
117603  -54.664  27.468  23.276 0.0000000000
116814  -53.663  26.836  21.589 0.0000000000
116812  -51.500  26.752  21.527 0.0000000000
117632  -52.717  27.440  19.328 0.0000000000
118536  -50.705  28.288  13.856 0.0000000000
117686  -49.607  27.478  16.575 0.0000000000
118520  -48.587  28.168  14.868 0.0000000000
117704  -46.676  27.861  15.801 0.0000000000
118532  -46.777  28.536  14.120 0.0000000000
120263  -50.791  30.139  13.300 0.0000000000
121265  -50.237  30.766  10.688 0.0000000000
121254  -48.486  31.713  11.395 0.0000000000
120285  -43.713  30.570  10.978 0.0000000000
120300  -45.943  30.545  10.101 0.0000000000
119424  -44.312  28.930  9.434 0.0000000000
118602  -44.327  28.379  10.435 0.0000000000
117786  -43.364  28.129  8.705 0.0000000000
116929  -41.816  27.241  8.485 0.0000000000
113369  -52.090  22.405  31.305 0.0000000000
116001  -47.919  26.072  23.527 0.0000000000
133162  -48.981  46.452  19.756 0.0000000000
132482  -49.207  45.657  20.612 0.0000000000
131849  -49.089  44.516  20.024 0.0000000000
129584  -49.977  42.018  19.608 0.0000000000
127155  -50.467  39.220  18.310 0.0000000000
126430  -50.150  37.219  16.606 0.0000000000
127154  -49.460  39.220  18.391 0.0000000000
112302  -50.729  21.008  35.675 0.0000000000
113278  -49.745  22.070  36.826 0.0000000000
115110  -51.163  24.271  33.352 0.0000000000
134659  -34.930  48.502  17.182 0.0000000000
133956  -45.150  48.001  17.206 0.0000000000
133244  -48.053  46.273  13.057 0.0000000000
133265  -49.795  46.902  12.594 0.0000000000
119274  -47.768  28.744  27.095 0.0000000000
120117  -48.581  30.614  26.385 0.0000000000
121068  -50.516  31.192  25.850 0.0000000000
128687  -47.927  40.251  25.342 0.0000000000
126379  -54.221  37.088  20.038 0.0000000000
125567  -53.635  37.074  22.241 0.0000000000
124810  -53.650  35.530  18.207 0.0000000000
123045  -53.340  33.539  16.618 0.0000000000
121162  -52.999  31.476  17.197 0.0000000000
120192  -53.057  30.513  18.253 0.0000000000
120203  -54.832  29.926  16.992 0.0000000000
119350  -56.411  28.798  16.707 0.0000000000
117691  -54.743  27.744  16.293 0.0000000000
117670  -52.683  27.724  17.429 0.0000000000
117711  -53.880  27.829  15.416 0.0000000000
117750  -52.342  28.071  12.944 0.0000000000
118571  -50.736  28.559  12.063 0.0000000000
122178  -47.003  32.129  12.038 0.0000000000
123901  -43.525  34.484  22.114 0.0000000000
134599  -45.902  49.055  23.873 0.0000000000
133122  -47.264  46.279  24.148 0.0000000000
133116  -48.205  47.104  25.156 0.0000000000
131806  -49.710  44.914  24.865 0.0000000000
128718  -50.942  40.725  23.087 0.0000000000
131165  -50.354  43.236  21.425 0.0000000000
128741  -51.088  41.046  21.378 0.0000000000
127914  -52.428  38.996  20.692 0.0000000000
126415  -53.783  37.254  17.461 0.0000000000
124848  -54.432  35.646  13.923 0.0000000000
122179  -54.390  32.792  12.138 0.0000000000
120277  -54.291  30.755  11.889 0.0000000000
122148  -53.424  32.364  13.084 0.0000000000
121209  -52.264  31.561  14.386 0.0000000000
120231  -50.332  30.507  15.200 0.0000000000
123971  -49.916  34.358  16.034 0.0000000000
122116  -49.862  32.609  16.268 0.0000000000
112304  -52.504  21.437  34.701 0.0000000000
112317  -54.050  21.288  33.502 0.0000000000
112331  -53.213  21.711  32.087 0.0000000000
114307  -53.714  23.269  31.752 0.0000000000
115159  -53.680  24.272  30.611 0.0000000000
115946  -54.435  25.164  29.058 0.0000000000
131149  -38.830  43.604  22.438 0.0000000000
131826  -38.213  44.687  21.753 0.0000000000
131814  -39.367  44.550  22.055 0.0000000000
132450  -40.615  45.561  21.982 0.0000000000
133130  -42.066  46.664  22.433 0.0000000000
134606  -42.642  48.492  22.298 0.0000000000
135389  -38.479  49.901  18.243 0.0000000000
135377  -40.322  50.243  19.379 0.0000000000
135362  -42.916  49.336  21.715 0.0000000000
135337  -44.016  49.434  23.304 0.0000000000
136058  -45.580  50.615  23.575 0.0000000000
136088  -46.239  50.776  21.451 0.0000000000
135373  -48.073  49.586  20.156 0.0000000000
135414  -46.813  49.656  18.053 0.0000000000
135399  -48.553  49.903  18.354 0.0000000000
134638  -48.851  49.179  19.350 0.0000000000
133944  -49.535  47.743  18.332 0.0000000000
133187  -49.118  46.248  17.165 0.0000000000
131872  -49.898  44.909  15.204 0.0000000000
131205  -50.641  43.472  13.629 0.0000000000
132563  -50.345  45.923  11.391 0.0000000000
115142  -49.687  24.772  31.707 0.0000000000
115911  -51.177  25.920  31.222 0.0000000000
117562  -49.858  27.795  28.906 0.0000000000
117534  -51.203  27.500  29.930 0.0000000000
116719  -52.770  26.812  30.941 0.0000000000
116732  -53.741  27.149  29.918 0.0000000000
115963  -55.255  25.670  28.639 0.0000000000
115984  -54.638  25.745  26.926 0.0000000000
123906  -45.527  34.837  21.657 0.0000000000
131131  -48.204  43.589  24.484 0.0000000000
129530  -49.132  41.614  25.866 0.0000000000
127093  -50.579  38.307  27.174 0.0000000000
126361  -52.325  37.235  22.919 0.0000000000
126348  -50.721  37.774  24.061 0.0000000000
126347  -49.558  37.894  24.195 0.0000000000
126365  -47.871  37.649  22.527 0.0000000000
123908  -47.590  34.484  21.180 0.0000000000
122066  -46.802  32.942  21.805 0.0000000000
121117  -48.462  31.607  22.910 0.0000000000
121112  -50.073  31.270  23.463 0.0000000000
121101  -52.166  31.169  24.582 0.0000000000
120171  -53.127  30.474  20.373 0.0000000000
120152  -53.537  30.545  22.916 0.0000000000
119301  -53.850  29.940  25.089 0.0000000000
118463  -54.424  28.408  24.860 0.0000000000
116785  -54.456  26.856  24.609 0.0000000000
116775  -53.050  26.509  25.381 0.0000000000
116782  -51.462  26.566  24.288 0.0000000000
116790  -49.811  26.479  23.154 0.0000000000
116809  -48.273  26.526  21.408 0.0000000000
117648  -50.607  27.293  18.489 0.0000000000
116856  -49.497  26.869  18.878 0.0000000000
116839  -47.467  26.606  19.638 0.0000000000
116852  -45.576  26.723  18.916 0.0000000000
117681  -44.547  27.626  16.589 0.0000000000
120305  -52.319  30.093  10.261 0.0000000000
119414  -50.555  29.606  9.494 0.0000000000
118607  -48.952  29.077  10.658 0.0000000000
121261  -47.243  31.595  10.018 0.0000000000
119427  -47.111  29.636  9.728 0.0000000000
118585  -46.857  28.717  11.218 0.0000000000
118565  -44.975  28.415  12.307 0.0000000000
117748  -43.686  27.984  12.208 0.0000000000
115181  -51.257  24.884  28.669 0.0000000000
115959  -51.534  25.402  28.130 0.0000000000
115971  -50.577  25.376  27.341 0.0000000000
115972  -51.922  25.847  27.249 0.0000000000
131865  -47.362  44.391  17.810 0.0000000000
131188  -47.378  43.475  18.391 0.0000000000
131192  -47.040  43.497  17.362 0.0000000000
121107  -45.595  31.361  23.695 0.0000000000
122054  -46.118  31.883  23.080 0.0000000000
133132  -44.214  47.040  22.462 0.0000000000
133143  -45.131  45.860  21.971 0.0000000000
133133  -45.498  46.876  22.814 0.0000000000
122181  -55.279  32.530  12.549 0.0000000000
122165  -55.280  32.631  13.303 0.0000000000
121244  -55.364  31.526  12.267 0.0000000000
120251  -55.365  30.379  13.488 0.0000000000
119390  -55.301  29.842  11.688 0.0000000000
118594  -55.287  29.020  10.957 0.0000000000
120292  -55.019  30.398  11.225 0.0000000000
134621  -48.359  48.130  21.092 0.0000000000
133144  -48.550  46.714  22.304 0.0000000000
133145  -48.814  46.635  21.534 0.0000000000
127926  -52.049  39.570  18.120 0.0000000000
127942  -52.334  38.950  17.973 0.0000000000
127196  -52.744  38.177  16.435 0.0000000000
126432  -52.585  37.763  15.931 0.0000000000
125645  -52.426  36.580  14.883 0.0000000000
126443  -51.881  36.860  15.697 0.0000000000
111187  -50.574  20.741  34.737 0.0000000000
115097  -52.589  24.120  34.254 0.0000000000
115098  -53.201  23.963  34.305 0.0000000000
115112  -53.093  24.536  33.590 0.0000000000
115130  -53.796  24.357  32.992 0.0000000000
115900  -53.398  25.299  32.620 0.0000000000
133940  -37.600  47.472  18.265 0.0000000000
133168  -37.028  46.444  18.385 0.0000000000
133941  -38.676  47.718  18.513 0.0000000000
134646  -39.001  49.046  18.574 0.0000000000
134666  -42.443  48.643  17.802 0.0000000000
134665  -41.454  48.815  17.521 0.0000000000
135412  -42.031  49.466  18.069 0.0000000000
136121  -42.685  50.909  18.847 0.0000000000
135394  -43.441  50.192  18.940 0.0000000000
135381  -44.084  50.347  19.242 0.0000000000
134650  -44.015  49.254  18.457 0.0000000000
133993  -48.644  47.800  14.558 0.0000000000
134701  -48.868  48.532  15.216 0.0000000000
133994  -49.432  47.935  14.405 0.0000000000
134714  -50.061  48.479  15.034 0.0000000000
133995  -50.265  47.750  14.748 0.0000000000
134009  -50.093  47.325  13.216 0.0000000000
117574  -45.285  27.468  27.242 0.0000000000
117575  -46.228  27.289  27.638 0.0000000000
116742  -46.361  26.490  28.402 0.0000000000
117558  -46.911  27.033  28.125 0.0000000000
116728  -47.704  26.320  29.140 0.0000000000
120102  -51.634  30.202  26.901 0.0000000000
119278  -51.614  29.674  27.502 0.0000000000
119279  -52.524  29.751  27.262 0.0000000000
119269  -53.086  29.136  27.712 0.0000000000
119296  -53.015  30.085  26.763 0.0000000000
127867  -47.497  38.943  26.173 0.0000000000
126332  -47.496  37.150  25.649 0.0000000000
126333  -48.524  37.522  25.324 0.0000000000
129551  -51.262  40.765  23.982 0.0000000000
128704  -51.033  40.901  25.004 0.0000000000
123029  -51.677  33.237  18.064 0.0000000000
123922  -51.076  34.141  19.172 0.0000000000
123012  -51.060  33.171  18.701 0.0000000000
122996  -50.171  33.703  19.701 0.0000000000
122081  -50.642  32.268  19.186 0.0000000000
121141  -50.446  31.665  19.811 0.0000000000
121143  -51.549  31.328  19.086 0.0000000000
118487  -55.063  28.344  18.786 0.0000000000
118478  -55.355  28.329  20.322 0.0000000000
117620  -54.791  27.800  20.176 0.0000000000
117610  -54.513  27.580  21.189 0.0000000000
117619  -53.744  27.375  20.205 0.0000000000
117608  -53.020  27.188  21.089 0.0000000000
118553  -49.710  28.526  13.046 0.0000000000
118521  -49.309  28.152  14.727 0.0000000000
118534  -48.624  28.499  14.022 0.0000000000
118519  -47.677  28.206  14.955 0.0000000000
118551  -47.722  28.607  13.093 0.0000000000
120273  -49.248  30.429  12.844 0.0000000000
121255  -49.361  31.065  11.901 0.0000000000
121240  -48.587  30.964  12.504 0.0000000000
119397  -43.242  29.801  10.825 0.0000000000
119408  -43.886  29.520  10.158 0.0000000000
119423  -43.436  28.950  9.292 0.0000000000
119437  -43.560  28.655  9.144 0.0000000000
118622  -42.683  28.749  9.109 0.0000000000
118636  -42.426  28.271  8.639 0.0000000000
118601  -42.312  28.738  9.704 0.0000000000
114305  -51.977  23.047  31.155 0.0000000000
115989  -48.285  25.422  25.573 0.0000000000
115996  -49.144  26.179  24.414 0.0000000000
133161  -48.754  46.072  19.435 0.0000000000
132491  -48.946  45.750  20.046 0.0000000000
132490  -48.698  45.539  19.535 0.0000000000
129583  -48.949  42.206  19.499 0.0000000000
130419  -48.799  42.819  19.547 0.0000000000
128748  -50.354  41.330  19.236 0.0000000000
128756  -49.740  40.652  18.982 0.0000000000
127178  -49.834  38.676  18.022 0.0000000000
127923  -49.032  39.886  18.696 0.0000000000
127152  -47.932  39.287  18.235 0.0000000000
112274  -48.963  21.259  37.107 0.0000000000
114247  -50.884  23.505  34.623 0.0000000000
114266  -50.467  23.675  33.653 0.0000000000
133226  -47.828  46.810  14.284 0.0000000000
133263  -48.130  45.902  12.517 0.0000000000
132560  -47.494  45.453  11.544 0.0000000000
121081  -47.790  31.313  25.330 0.0000000000
120133  -47.637  30.978  25.932 0.0000000000
121082  -48.828  31.340  25.456 0.0000000000
121067  -49.801  31.228  26.087 0.0000000000
121083  -49.846  31.343  25.282 0.0000000000
131829  -42.240  44.455  21.580 0.0000000000
129539  -47.605  41.614  24.376 0.0000000000
125622  -54.030  36.189  17.369 0.0000000000
125612  -54.069  36.623  19.530 0.0000000000
124835  -54.034  35.301  16.432 0.0000000000
122134  -54.320  32.380  15.477 0.0000000000
123046  -53.903  34.057  16.212 0.0000000000
122133  -53.900  32.453  15.831 0.0000000000
122118  -52.934  32.497  16.642 0.0000000000
121179  -53.813  31.418  16.286 0.0000000000
121163  -53.641  31.011  17.074 0.0000000000
121180  -54.508  30.957  16.110 0.0000000000
118540  -55.989  28.335  14.534 0.0000000000
118522  -56.229  28.548  15.497 0.0000000000
117714  -56.356  27.913  15.498 0.0000000000
117674  -56.025  27.913  16.956 0.0000000000
117713  -55.836  27.661  15.522 0.0000000000
118538  -54.793  28.150  14.028 0.0000000000
118574  -53.674  28.137  11.160 0.0000000000
117751  -53.087  28.121  12.540 0.0000000000
118572  -51.904  28.380  11.984 0.0000000000
118555  -51.539  28.236  12.893 0.0000000000
118590  -51.920  28.715  10.837 0.0000000000
134600  -46.729  48.887  24.161 0.0000000000
133887  -46.664  48.030  24.333 0.0000000000
134601  -47.245  48.286  24.557 0.0000000000
133136  -48.924  46.122  23.612 0.0000000000
132446  -49.213  45.782  24.537 0.0000000000
131142  -49.757  44.062  24.301 0.0000000000
130391  -50.435  42.425  23.117 0.0000000000
131850  -49.637  44.332  20.607 0.0000000000
131839  -49.697  44.813  21.203 0.0000000000
131174  -50.249  43.141  20.646 0.0000000000
128751  -52.365  40.435  19.293 0.0000000000
129581  -51.414  41.537  20.451 0.0000000000
127916  -52.271  39.982  20.197 0.0000000000
128742  -51.425  40.449  21.280 0.0000000000
127917  -52.431  39.484  19.973 0.0000000000
127137  -53.193  38.077  20.253 0.0000000000
127141  -53.194  38.385  19.168 0.0000000000
125653  -53.745  36.791  13.928 0.0000000000
125654  -54.143  36.419  13.992 0.0000000000
124854  -54.151  35.847  13.639 0.0000000000
123986  -54.644  35.044  12.960 0.0000000000
123990  -54.288  34.406  12.500 0.0000000000
122163  -53.610  32.886  12.540 0.0000000000
122162  -53.353  33.425  12.842 0.0000000000
123068  -51.900  33.714  14.625 0.0000000000
122146  -52.241  32.802  14.464 0.0000000000
121193  -51.810  32.133  14.896 0.0000000000
121208  -51.478  30.889  14.641 0.0000000000
124834  -50.290  35.642  15.772 0.0000000000
124833  -49.545  35.325  16.096 0.0000000000
122115  -48.784  32.617  16.585 0.0000000000
123043  -49.429  33.555  16.357 0.0000000000
112276  -51.290  21.823  36.461 0.0000000000
112303  -51.417  21.245  35.249 0.0000000000
112290  -52.017  21.770  35.890 0.0000000000
113316  -54.351  22.420  34.192 0.0000000000
112306  -54.283  21.843  34.225 0.0000000000
112318  -54.397  21.982  33.821 0.0000000000
112332  -53.633  21.227  32.333 0.0000000000
113354  -53.995  22.027  32.885 0.0000000000
113370  -53.060  22.342  31.929 0.0000000000
113371  -53.855  22.540  32.377 0.0000000000
115146  -55.013  24.595  30.820 0.0000000000
115145  -54.622  24.077  31.433 0.0000000000
115160  -54.623  24.565  30.439 0.0000000000
115173  -54.039  24.788  29.772 0.0000000000
115174  -54.865  24.747  29.684 0.0000000000
131146  -36.268  43.865  22.895 0.0000000000
131138  -36.360  43.221  23.592 0.0000000000
131139  -37.184  43.105  23.229 0.0000000000
130383  -38.406  42.615  22.780 0.0000000000
131148  -37.867  43.489  22.742 0.0000000000
133156  -34.122  46.293  19.627 0.0000000000
132485  -35.250  45.753  19.219 0.0000000000
132488  -38.408  45.465  19.781 0.0000000000
132478  -37.761  45.036  20.591 0.0000000000
132463  -38.705  45.227  21.355 0.0000000000
131827  -38.868  44.873  21.860 0.0000000000
132464  -39.555  45.457  21.580 0.0000000000
132449  -39.988  45.131  21.819 0.0000000000
133139  -39.858  45.856  21.482 0.0000000000
133917  -41.016  47.179  20.667 0.0000000000
133906  -40.794  47.000  21.682 0.0000000000
133895  -41.625  47.349  22.232 0.0000000000
133896  -42.705  47.645  22.518 0.0000000000
134605  -41.916  48.067  21.906 0.0000000000
135390  -39.583  50.252  18.855 0.0000000000
136792  -40.344  51.199  19.228 0.0000000000
136762  -43.019  51.249  21.104 0.0000000000
136098  -42.297  50.639  20.270 0.0000000000
136086  -43.531  50.748  21.596 0.0000000000
135353  -43.508  49.445  22.777 0.0000000000
136073  -43.935  50.303  22.144 0.0000000000
136057  -44.874  50.567  23.270 0.0000000000
136750  -44.727  51.418  22.104 0.0000000000
136798  -45.516  51.418  20.016 0.0000000000
136765  -45.600  51.381  21.613 0.0000000000
136099  -46.751  50.774  20.355 0.0000000000
135371  -46.517  50.005  21.091 0.0000000000
136100  -47.273  50.427  20.054 0.0000000000
133969  -45.770  47.423  16.640 0.0000000000
134669  -45.844  48.874  17.886 0.0000000000
133957  -46.135  48.162  17.148 0.0000000000
135428  -48.916  49.418  16.645 0.0000000000
135415  -47.848  49.732  17.621 0.0000000000
135416  -48.773  49.653  17.464 0.0000000000
135384  -48.967  49.478  18.856 0.0000000000
135400  -49.241  49.366  18.137 0.0000000000
134639  -49.233  48.630  18.976 0.0000000000
134653  -49.682  48.599  17.849 0.0000000000
133189  -50.400  47.287  16.333 0.0000000000
133179  -50.201  47.219  17.015 0.0000000000
133188  -49.918  46.483  16.506 0.0000000000
132521  -48.971  45.570  16.396 0.0000000000
132527  -49.484  45.326  15.699 0.0000000000
132528  -50.253  45.631  15.558 0.0000000000
132544  -51.514  45.470  13.921 0.0000000000
131881  -51.507  44.981  14.309 0.0000000000
131880  -51.254  44.542  13.537 0.0000000000
131207  -51.141  43.476  12.654 0.0000000000
133282  -50.058  46.278  12.184 0.0000000000
115155  -47.524  24.693  30.709 0.0000000000
115929  -49.660  25.779  30.365 0.0000000000
115909  -49.140  25.213  30.960 0.0000000000
115910  -50.124  25.444  31.067 0.0000000000
115143  -50.528  25.230  31.804 0.0000000000
115930  -50.430  26.040  30.548 0.0000000000
119275  -48.568  28.946  27.073 0.0000000000
118423  -48.878  27.779  28.375 0.0000000000
118438  -49.420  28.593  27.785 0.0000000000
118417  -51.860  28.363  29.357 0.0000000000
118416  -51.130  28.150  29.158 0.0000000000
117535  -51.750  27.575  30.231 0.0000000000
116718  -52.027  26.995  30.665 0.0000000000
117536  -52.786  27.652  30.369 0.0000000000
116720  -53.687  26.770  30.626 0.0000000000
117537  -53.511  27.606  30.083 0.0000000000
117581  -54.576  27.418  27.572 0.0000000000
116745  -54.299  26.853  28.915 0.0000000000
116759  -55.238  26.645  27.869 0.0000000000
115975  -55.104  25.676  27.687 0.0000000000
115985  -55.258  26.026  27.131 0.0000000000
126356  -46.511  37.465  23.710 0.0000000000
124773  -45.094  35.783  21.980 0.0000000000
132437  -47.912  45.860  24.813 0.0000000000
132444  -47.363  45.638  24.049 0.0000000000
131799  -48.556  44.738  25.450 0.0000000000
128679  -50.797  40.365  26.568 0.0000000000
130354  -49.930  41.657  26.368 0.0000000000
128678  -49.833  40.483  26.572 0.0000000000
128677  -49.253  40.280  26.447 0.0000000000
127102  -51.030  38.014  26.501 0.0000000000
125578  -53.459  36.657  21.528 0.0000000000
126362  -53.319  37.274  22.984 0.0000000000
125577  -52.561  36.581  21.314 0.0000000000
125584  -50.503  36.133  20.543 0.0000000000
126368  -51.170  37.213  21.940 0.0000000000
126367  -49.905  37.442  21.999 0.0000000000
126335  -50.473  37.689  25.143 0.0000000000
126359  -49.763  37.739  23.084 0.0000000000
126358  -48.643  37.895  23.203 0.0000000000
125574  -48.747  36.788  21.468 0.0000000000
123912  -48.461  34.376  20.764 0.0000000000
124779  -47.867  35.065  20.885 0.0000000000
123909  -47.927  33.934  21.178 0.0000000000
122990  -46.720  33.755  21.515 0.0000000000
122067  -47.670  32.682  21.802 0.0000000000
122062  -48.025  32.061  22.376 0.0000000000
122068  -48.661  32.203  21.451 0.0000000000
121120  -50.977  30.760  22.420 0.0000000000
121119  -50.068  31.217  22.519 0.0000000000
121113  -50.959  31.075  23.307 0.0000000000
121099  -51.108  31.199  24.272 0.0000000000
120150  -51.723  30.895  23.523 0.0000000000
120183  -53.966  30.289  19.069 0.0000000000
120182  -53.155  30.589  19.396 0.0000000000
120173  -54.716  29.960  19.646 0.0000000000
119312  -54.660  29.560  21.827 0.0000000000
120157  -54.067  30.645  21.960 0.0000000000
119311  -54.171  30.135  22.598 0.0000000000
120146  -53.254  30.494  23.807 0.0000000000
119305  -53.783  29.912  24.190 0.0000000000
119298  -54.219  29.233  25.311 0.0000000000
118465  -54.588  28.371  23.935 0.0000000000
117602  -54.148  26.997  23.105 0.0000000000
116794  -54.391  27.080  23.736 0.0000000000
116784  -53.381  26.626  24.524 0.0000000000
116776  -54.202  26.421  25.462 0.0000000000
116774  -51.939  26.506  25.177 0.0000000000
116792  -52.225  26.643  23.601 0.0000000000
116801  -51.268  26.663  22.465 0.0000000000
116811  -50.358  26.643  21.460 0.0000000000
116799  -49.088  26.465  22.277 0.0000000000
116810  -49.278  26.549  21.422 0.0000000000
117689  -52.708  27.736  16.447 0.0000000000
117669  -51.651  27.594  17.488 0.0000000000
117688  -51.679  27.575  16.530 0.0000000000
117666  -48.565  27.241  17.528 0.0000000000
117667  -49.593  27.296  17.490 0.0000000000
116855  -48.538  26.874  18.751 0.0000000000
116840  -48.461  26.722  19.623 0.0000000000
116854  -47.475  26.845  18.718 0.0000000000
116838  -46.506  26.467  19.659 0.0000000000
117645  -47.126  27.239  18.014 0.0000000000
117703  -45.708  27.895  15.793 0.0000000000
117682  -45.584  27.671  16.612 0.0000000000
117702  -44.725  27.849  15.747 0.0000000000
117680  -43.508  27.465  16.569 0.0000000000
118515  -44.046  28.322  15.078 0.0000000000
119380  -53.122  29.940  12.453 0.0000000000
119399  -52.705  29.705  11.104 0.0000000000
119398  -52.188  29.961  11.387 0.0000000000
121273  -49.825  31.054  10.090 0.0000000000
120315  -50.947  30.375  9.896 0.0000000000
119430  -49.903  29.947  9.330 0.0000000000
119413  -49.863  29.372  9.690 0.0000000000
119429  -49.021  29.835  9.615 0.0000000000
122191  -46.233  32.547  11.447 0.0000000000
122199  -46.262  32.267  10.695 0.0000000000
119425  -45.405  29.169  9.697 0.0000000000
120310  -46.654  30.182  9.745 0.0000000000
118625  -46.140  28.929  9.878 0.0000000000
118605  -46.921  28.853  10.445 0.0000000000
118566  -45.885  28.643  12.200 0.0000000000
118584  -45.950  28.658  11.196 0.0000000000
117771  -43.228  27.592  10.109 0.0000000000
117761  -43.748  28.185  10.997 0.0000000000
117747  -42.805  27.556  12.288 0.0000000000
115158  -52.512  24.033  30.347 0.0000000000
115171  -51.548  24.321  29.498 0.0000000000
115186  -50.138  24.805  27.769 0.0000000000
132502  -48.207  45.375  18.437 0.0000000000
131860  -48.396  44.527  19.222 0.0000000000
131859  -47.765  44.435  18.538 0.0000000000
130425  -48.059  42.751  19.059 0.0000000000
129591  -48.262  41.638  19.012 0.0000000000
128755  -48.609  40.695  18.877 0.0000000000
129590  -47.327  41.968  18.430 0.0000000000
121095  -47.092  31.449  24.599 0.0000000000
121109  -47.326  31.637  23.671 0.0000000000
132468  -43.482  45.619  21.659 0.0000000000
132469  -44.535  45.343  21.610 0.0000000000
131140  -47.032  43.534  23.252 0.0000000000
123974  -54.550  34.536  14.951 0.0000000000
123968  -54.168  34.565  15.923 0.0000000000
123070  -55.011  33.638  14.181 0.0000000000
122164  -55.024  32.624  13.968 0.0000000000
121212  -54.954  31.563  14.249 0.0000000000
120232  -54.821  30.493  14.919 0.0000000000
120250  -55.163  30.683  14.182 0.0000000000
119372  -55.708  29.268  13.821 0.0000000000
118558  -55.626  28.561  12.874 0.0000000000
118556  -55.011  27.941  13.449 0.0000000000
117741  -55.405  27.938  12.404 0.0000000000
117764  -54.794  28.225  11.153 0.0000000000
118592  -53.977  28.452  10.657 0.0000000000
134609  -46.794  49.096  22.919 0.0000000000
133888  -47.780  48.005  24.287 0.0000000000
133900  -47.675  47.802  23.086 0.0000000000
133135  -48.556  46.712  23.490 0.0000000000
132457  -49.211  45.595  23.099 0.0000000000
129585  -51.057  41.763  19.367 0.0000000000
130422  -51.368  42.106  19.864 0.0000000000
128759  -52.325  40.099  18.616 0.0000000000
127927  -52.594  39.191  18.250 0.0000000000
127158  -53.139  38.517  18.077 0.0000000000
127197  -53.313  38.118  16.102 0.0000000000
126453  -53.300  36.956  14.514 0.0000000000
125659  -52.936  36.255  13.849 0.0000000000
123984  -52.942  34.764  13.567 0.0000000000
124847  -52.672  35.495  14.026 0.0000000000
124846  -52.080  35.320  14.615 0.0000000000
123977  -51.647  34.528  14.876 0.0000000000
123965  -48.488  34.482  16.491 0.0000000000
114233  -52.014  23.385  35.596 0.0000000000
113300  -52.687  22.410  35.725 0.0000000000
115099  -53.542  23.719  34.195 0.0000000000
114289  -54.176  23.396  33.235 0.0000000000
114308  -54.253  23.232  32.452 0.0000000000
115901  -54.567  25.029  32.188 0.0000000000
116704  -54.865  25.486  31.177 0.0000000000
131810  -35.722  44.352  22.454 0.0000000000
133167  -35.996  46.670  18.210 0.0000000000
132498  -36.224  45.875  18.727 0.0000000000
133169  -38.388  46.082  18.741 0.0000000000
133159  -39.498  45.953  19.804 0.0000000000
133150  -39.677  46.026  21.116 0.0000000000
133928  -40.078  46.982  19.321 0.0000000000
133929  -40.816  47.810  19.535 0.0000000000
133930  -41.340  48.545  19.760 0.0000000000
134664  -40.584  49.352  17.404 0.0000000000
136805  -40.716  51.525  19.098 0.0000000000
136120  -41.721  51.109  18.524 0.0000000000
136807  -42.474  51.363  19.137 0.0000000000
136796  -43.322  51.683  19.850 0.0000000000
136764  -44.829  51.703  21.559 0.0000000000
136797  -44.464  51.503  20.045 0.0000000000
136109  -44.947  50.703  19.431 0.0000000000
136124  -45.813  50.481  19.033 0.0000000000
133984  -47.792  47.767  15.551 0.0000000000
134685  -47.325  48.410  16.541 0.0000000000
134700  -48.285  48.290  15.524 0.0000000000
134687  -49.222  49.071  15.939 0.0000000000
135429  -49.544  49.115  16.502 0.0000000000
134672  -49.927  48.500  16.788 0.0000000000
134689  -50.297  48.373  16.119 0.0000000000
133986  -50.434  47.770  15.738 0.0000000000
133208  -50.692  46.565  15.487 0.0000000000
132529  -50.982  45.520  15.244 0.0000000000
133229  -51.485  46.148  14.996 0.0000000000
133248  -51.471  46.065  14.356 0.0000000000
132543  -51.128  45.414  13.046 0.0000000000
117591  -43.779  27.847  26.627 0.0000000000
117573  -44.375  27.282  27.055 0.0000000000
116740  -44.587  26.097  27.920 0.0000000000
116741  -45.424  26.287  28.149 0.0000000000
115927  -47.799  25.427  30.141 0.0000000000
115943  -48.065  25.875  29.570 0.0000000000
116729  -48.609  26.525  29.314 0.0000000000
116715  -49.333  26.207  29.819 0.0000000000
120100  -49.988  29.990  27.129 0.0000000000
118439  -50.178  28.891  27.832 0.0000000000
119277  -50.652  29.452  27.583 0.0000000000
119267  -51.562  29.154  28.152 0.0000000000
118427  -52.267  28.835  28.827 0.0000000000
118419  -53.508  28.141  29.498 0.0000000000
118428  -53.396  28.524  28.608 0.0000000000
118442  -53.507  28.407  27.386 0.0000000000
117595  -53.851  27.957  26.679 0.0000000000
126357  -47.512  37.815  23.274 0.0000000000
131126  -49.916  43.639  25.727 0.0000000000
131125  -49.236  43.693  25.489 0.0000000000
130364  -50.295  42.633  26.037 0.0000000000
128690  -50.985  40.778  25.628 0.0000000000
127884  -51.653  39.227  25.471 0.0000000000
124808  -52.199  34.901  18.461 0.0000000000
125585  -51.749  36.254  20.160 0.0000000000
124783  -51.517  35.669  19.660 0.0000000000
124782  -50.651  35.312  19.871 0.0000000000
125583  -49.866  36.107  20.729 0.0000000000
124777  -49.556  36.077  20.815 0.0000000000
123913  -49.536  34.374  20.297 0.0000000000
122995  -49.635  33.335  20.092 0.0000000000
122071  -49.086  32.761  20.650 0.0000000000
122072  -49.465  32.163  20.555 0.0000000000
121125  -50.950  30.883  21.329 0.0000000000
121126  -51.498  30.808  20.801 0.0000000000
119333  -55.767  29.061  18.612 0.0000000000
119322  -55.271  29.501  20.044 0.0000000000
119315  -55.551  29.088  20.210 0.0000000000
118469  -54.615  28.435  22.009 0.0000000000
118467  -54.655  28.367  22.979 0.0000000000
117606  -54.590  27.418  22.234 0.0000000000
116804  -54.276  26.708  22.040 0.0000000000
116803  -53.659  26.688  22.396 0.0000000000
116802  -52.507  26.646  22.494 0.0000000000
116813  -52.642  26.879  21.519 0.0000000000
116827  -52.356  27.156  20.766 0.0000000000
117617  -51.707  27.285  20.129 0.0000000000
117723  -50.781  27.949  14.784 0.0000000000
117708  -50.727  27.650  15.658 0.0000000000
117707  -49.627  27.740  15.576 0.0000000000
117706  -48.617  27.795  15.733 0.0000000000
117684  -47.600  27.696  16.692 0.0000000000
117705  -47.647  27.820  15.789 0.0000000000
118518  -46.746  28.279  15.011 0.0000000000
118531  -45.881  28.623  14.183 0.0000000000
120264  -51.879  29.930  12.899 0.0000000000
120276  -51.395  30.202  11.950 0.0000000000
120287  -50.130  30.729  11.650 0.0000000000
121264  -49.655  31.069  10.895 0.0000000000
121263  -48.867  31.637  10.458 0.0000000000
121252  -44.708  31.470  10.762 0.0000000000
121259  -45.364  31.408  10.473 0.0000000000
120299  -45.030  30.540  10.455 0.0000000000
119409  -44.788  29.618  10.083 0.0000000000
118624  -45.215  28.777  9.783 0.0000000000
118603  -45.137  28.549  10.318 0.0000000000
118623  -44.114  28.511  9.625 0.0000000000
117779  -43.566  27.979  9.000 0.0000000000
117778  -43.153  27.519  9.213 0.0000000000
116914  -42.583  27.024  9.738 0.0000000000
116930  -42.345  27.485  8.555 0.0000000000
117783  -41.363  27.616  8.608 0.0000000000
112352  -52.185  20.973  30.949 0.0000000000
133921  -49.136  47.518  20.244 0.0000000000
133152  -49.137  46.565  20.804 0.0000000000
131838  -49.385  44.930  20.520 0.0000000000
131184  -49.717  43.467  20.319 0.0000000000
131183  -48.778  43.516  19.610 0.0000000000
130420  -49.485  42.808  19.808 0.0000000000
128749  -50.930  41.357  19.102 0.0000000000
128757  -50.900  40.815  18.854 0.0000000000
127156  -51.309  39.155  18.170 0.0000000000
126413  -51.006  37.894  17.203 0.0000000000
127179  -50.711  38.544  17.850 0.0000000000
126412  -49.664  37.942  17.453 0.0000000000
127153  -48.429  39.242  18.324 0.0000000000
127177  -48.856  38.583  17.980 0.0000000000
111176  -50.092  20.740  35.688 0.0000000000
111165  -49.887  20.850  36.356 0.0000000000
112275  -50.189  21.430  36.655 0.0000000000
113279  -50.813  22.197  36.614 0.0000000000
113297  -50.330  22.637  35.815 0.0000000000
113298  -51.359  22.725  35.987 0.0000000000
114248  -51.849  23.794  34.675 0.0000000000
115111  -52.060  24.523  33.632 0.0000000000
133937  -34.215  47.087  18.110 0.0000000000
133938  -34.904  47.252  17.885 0.0000000000
133950  -35.384  47.907  17.672 0.0000000000
134661  -36.636  48.928  17.636 0.0000000000
134668  -44.603  48.541  17.939 0.0000000000
133205  -47.220  47.012  15.255 0.0000000000
133206  -47.725  47.281  14.996 0.0000000000
133227  -48.603  47.328  14.059 0.0000000000
133245  -48.876  47.132  13.339 0.0000000000
133246  -49.622  47.318  13.189 0.0000000000
133264  -48.762  46.254  12.324 0.0000000000
133280  -49.029  46.133  11.686 0.0000000000
120116  -47.573  30.374  26.361 0.0000000000
119295  -49.271  30.089  26.823 0.0000000000
120118  -49.752  30.568  26.587 0.0000000000
120119  -50.782  30.753  26.452 0.0000000000
120135  -51.177  31.016  25.964 0.0000000000
128686  -47.420  40.321  24.985 0.0000000000
127868  -48.343  38.944  26.399 0.0000000000
127130  -53.489  38.154  22.184 0.0000000000
127123  -53.529  38.167  22.994 0.0000000000
125580  -54.099  37.026  21.060 0.0000000000
125587  -53.829  36.659  20.730 0.0000000000
124790  -53.051  35.824  18.967 0.0000000000
123967  -53.769  34.606  16.641 0.0000000000
123956  -53.210  34.686  17.406 0.0000000000
124809  -52.747  35.272  18.435 0.0000000000
123955  -52.395  34.199  17.610 0.0000000000
122103  -52.451  32.451  17.167 0.0000000000
121161  -52.276  31.836  17.632 0.0000000000
120191  -52.334  30.908  18.765 0.0000000000
120201  -53.486  30.601  17.514 0.0000000000
120193  -53.936  30.057  18.090 0.0000000000
120194  -54.763  29.835  17.837 0.0000000000
120217  -54.957  30.200  16.082 0.0000000000
119356  -55.455  29.534  16.835 0.0000000000
119341  -55.846  29.127  17.840 0.0000000000
118497  -55.987  28.416  17.542 0.0000000000
117653  -55.230  28.027  17.683 0.0000000000
117652  -54.632  28.016  18.132 0.0000000000
117651  -53.699  27.775  18.307 0.0000000000
117671  -53.698  27.831  17.326 0.0000000000
117690  -53.747  27.907  16.353 0.0000000000
117710  -52.776  27.750  15.449 0.0000000000
117739  -54.161  27.988  13.223 0.0000000000
117738  -53.103  27.872  13.551 0.0000000000
117724  -51.770  27.768  14.475 0.0000000000
118537  -51.409  28.162  13.604 0.0000000000
118554  -50.655  28.448  12.949 0.0000000000
118570  -49.713  28.540  12.115 0.0000000000
121239  -47.554  31.711  12.127 0.0000000000
121238  -46.885  31.950  12.326 0.0000000000
122177  -46.345  32.372  12.326 0.0000000000
122190  -45.251  32.642  11.399 0.0000000000
122189  -44.570  32.289  11.182 0.0000000000
121251  -43.995  31.551  11.147 0.0000000000
120284  -42.821  30.537  11.428 0.0000000000
119396  -42.569  29.658  11.005 0.0000000000
133885  -45.414  48.460  23.539 0.0000000000
133120  -46.034  47.283  23.410 0.0000000000
133121  -46.623  47.056  23.855 0.0000000000
133115  -47.359  47.107  24.752 0.0000000000
132438  -48.913  46.163  25.527 0.0000000000
133881  -48.255  47.687  24.824 0.0000000000
132432  -49.354  44.988  25.671 0.0000000000
131134  -50.239  43.371  25.050 0.0000000000
130380  -50.460  42.459  24.383 0.0000000000
132472  -49.149  45.783  21.747 0.0000000000
131833  -49.493  44.817  22.416 0.0000000000
131156  -50.294  43.271  22.497 0.0000000000
130415  -50.625  42.478  20.862 0.0000000000
130406  -50.552  42.458  21.919 0.0000000000
129565  -50.623  41.571  22.500 0.0000000000
128735  -51.343  39.961  22.595 0.0000000000
127128  -52.243  38.787  22.216 0.0000000000
127134  -53.274  38.016  21.222 0.0000000000
126394  -53.824  37.406  19.009 0.0000000000
125623  -54.102  36.519  16.836 0.0000000000
126446  -53.857  36.850  15.631 0.0000000000
126434  -54.113  36.936  16.549 0.0000000000
124842  -54.519  35.317  14.619 0.0000000000
123980  -55.258  34.454  13.090 0.0000000000
123096  -55.183  33.485  12.374 0.0000000000
122180  -54.970  32.720  12.133 0.0000000000
120278  -54.941  31.085  11.511 0.0000000000
121242  -54.689  31.865  11.978 0.0000000000
121227  -53.870  31.758  12.437 0.0000000000
120265  -53.054  30.372  13.036 0.0000000000
122147  -53.017  32.808  13.472 0.0000000000
120249  -52.503  30.722  13.639 0.0000000000
120248  -51.664  30.477  13.989 0.0000000000
120247  -50.756  30.267  14.495 0.0000000000
120246  -49.684  30.256  14.486 0.0000000000
125643  -50.722  35.793  15.663 0.0000000000
124840  -50.424  35.153  15.525 0.0000000000
123056  -50.676  33.687  15.801 0.0000000000
123966  -49.306  34.386  16.304 0.0000000000
123055  -50.135  33.650  16.136 0.0000000000
122131  -50.844  32.663  15.936 0.0000000000
111188  -51.670  20.905  34.211 0.0000000000
111189  -52.593  20.851  33.864 0.0000000000
112291  -52.938  21.881  35.326 0.0000000000
112316  -53.295  21.104  33.969 0.0000000000
111201  -53.200  20.488  33.166 0.0000000000
112343  -52.653  21.362  31.464 0.0000000000
114306  -52.624  23.120  31.474 0.0000000000
114318  -53.066  23.761  31.133 0.0000000000
115144  -53.818  23.885  31.271 0.0000000000
115172  -52.896  24.704  29.747 0.0000000000
115945  -53.395  25.230  29.036 0.0000000000
115961  -53.903  25.437  28.241 0.0000000000
131824  -36.349  44.478  21.452 0.0000000000
132486  -36.257  45.228  19.613 0.0000000000
131837  -36.912  44.629  20.600 0.0000000000
131812  -37.611  44.267  22.319 0.0000000000
131813  -38.466  44.317  22.312 0.0000000000
131150  -39.703  43.710  22.153 0.0000000000
131151  -40.548  43.798  21.799 0.0000000000
131828  -41.597  44.614  21.683 0.0000000000
132466  -41.962  44.990  21.703 0.0000000000
133128  -40.682  46.197  22.172 0.0000000000
133129  -41.164  46.370  22.321 0.0000000000
132452  -42.626  46.041  22.100 0.0000000000
132453  -43.203  46.247  22.045 0.0000000000
133131  -43.124  46.853  22.380 0.0000000000
133897  -43.710  47.784  22.718 0.0000000000
135388  -37.920  49.696  17.861 0.0000000000
134647  -39.846  49.168  18.870 0.0000000000
134636  -40.757  49.139  19.370 0.0000000000
134627  -41.827  48.932  20.138 0.0000000000
136106  -41.679  50.733  19.740 0.0000000000
135379  -42.060  50.315  19.896 0.0000000000
134628  -42.196  48.816  20.628 0.0000000000
135352  -42.955  49.104  22.360 0.0000000000
134607  -43.352  48.501  22.944 0.0000000000
134608  -44.096  48.456  23.228 0.0000000000
134598  -44.901  48.932  23.606 0.0000000000
135326  -45.845  50.128  24.446 0.0000000000
135355  -46.576  49.974  23.585 0.0000000000
136751  -45.295  51.401  22.208 0.0000000000
136076  -45.949  50.787  22.751 0.0000000000
134619  -46.864  49.168  22.051 0.0000000000
134629  -47.877  49.115  20.621 0.0000000000
134651  -45.065  49.229  18.463 0.0000000000
134652  -45.641  49.375  18.349 0.0000000000
135397  -46.410  50.186  18.623 0.0000000000
134670  -47.118  48.801  17.195 0.0000000000
135398  -47.499  50.443  18.774 0.0000000000
135382  -47.675  50.185  19.751 0.0000000000
135383  -48.406  49.744  19.363 0.0000000000
134630  -48.607  48.667  20.207 0.0000000000
134631  -49.214  48.138  19.711 0.0000000000
133931  -49.226  47.588  19.286 0.0000000000
133172  -49.120  46.892  18.681 0.0000000000
133958  -49.994  47.798  17.451 0.0000000000
133178  -49.600  46.941  17.637 0.0000000000
133177  -48.742  46.315  18.022 0.0000000000
132512  -48.472  45.687  17.361 0.0000000000
132520  -48.255  45.174  16.841 0.0000000000
131877  -50.792  44.641  14.596 0.0000000000
131202  -50.107  43.723  14.218 0.0000000000
134010  -50.527  46.953  13.064 0.0000000000
133266  -50.603  46.232  12.547 0.0000000000
132551  -50.969  45.373  12.089 0.0000000000
114286  -49.026  23.527  32.898 0.0000000000
115156  -48.308  25.101  30.736 0.0000000000
115126  -49.369  24.080  32.319 0.0000000000
114287  -49.790  23.740  32.973 0.0000000000
115127  -50.477  24.470  32.602 0.0000000000
115898  -51.330  25.252  32.204 0.0000000000
115899  -52.275  25.211  32.700 0.0000000000
117577  -47.751  27.729  27.964 0.0000000000
117547  -49.122  27.115  29.069 0.0000000000
117548  -49.736  27.359  29.282 0.0000000000
118425  -50.325  28.367  28.600 0.0000000000
117549  -50.599  27.642  29.478 0.0000000000
116717  -51.004  26.862  30.298 0.0000000000
116700  -51.609  26.537  30.842 0.0000000000
116701  -52.147  26.429  31.282 0.0000000000
115913  -52.755  25.652  32.286 0.0000000000
116702  -53.145  26.222  31.819 0.0000000000
116703  -54.253  25.806  31.569 0.0000000000
116721  -54.930  25.973  30.526 0.0000000000
117552  -53.821  27.565  29.486 0.0000000000
116733  -54.312  26.713  29.579 0.0000000000
115948  -55.266  25.413  29.574 0.0000000000
115947  -55.036  25.175  29.171 0.0000000000
115974  -54.352  25.552  27.540 0.0000000000
115973  -53.343  25.706  27.357 0.0000000000
124772  -44.121  35.320  22.028 0.0000000000
123905  -44.439  34.664  21.729 0.0000000000
122986  -45.189  33.095  21.920 0.0000000000
132443  -46.819  45.562  23.361 0.0000000000
131141  -47.682  43.871  23.908 0.0000000000
131132  -48.676  43.722  25.101 0.0000000000
130371  -48.569  42.710  24.849 0.0000000000
130370  -47.900  42.549  24.217 0.0000000000
128688  -48.757  40.498  25.974 0.0000000000
127869  -49.187  39.436  26.614 0.0000000000
126312  -49.790  37.674  27.033 0.0000000000
127121  -52.292  38.500  24.138 0.0000000000
127110  -51.945  38.389  24.819 0.0000000000
126337  -52.279  37.911  24.432 0.0000000000
126369  -52.167  36.879  21.950 0.0000000000
126349  -51.859  37.644  23.919 0.0000000000
126336  -51.489  37.847  24.956 0.0000000000
126322  -50.290  37.628  26.269 0.0000000000
126321  -49.265  37.457  26.342 0.0000000000
126346  -48.531  37.864  24.215 0.0000000000
125573  -47.330  36.997  21.847 0.0000000000
124776  -48.972  35.978  20.995 0.0000000000
124775  -47.688  35.682  21.174 0.0000000000
124774  -46.312  35.840  21.569 0.0000000000
123907  -46.599  34.733  21.516 0.0000000000
122989  -45.707  33.736  21.715 0.0000000000
122060  -45.838  32.599  22.131 0.0000000000
122061  -47.012  32.124  22.622 0.0000000000
121116  -47.782  31.690  23.021 0.0000000000
121110  -48.284  31.524  23.719 0.0000000000
121118  -49.147  31.476  22.555 0.0000000000
121111  -49.163  31.429  23.602 0.0000000000
121098  -50.025  31.364  24.413 0.0000000000
121084  -50.921  31.394  25.261 0.0000000000
120137  -52.509  30.950  25.204 0.0000000000
120181  -52.306  30.759  19.714 0.0000000000
120170  -52.231  30.580  20.657 0.0000000000
120162  -53.049  30.477  21.345 0.0000000000
120164  -54.744  30.055  20.514 0.0000000000
120156  -52.879  30.646  22.324 0.0000000000
120151  -52.607  30.732  23.270 0.0000000000
120138  -53.205  30.503  24.704 0.0000000000
120122  -53.245  30.408  25.490 0.0000000000
119297  -53.697  29.709  26.090 0.0000000000
118460  -54.339  28.588  25.790 0.0000000000
117596  -54.543  27.674  26.464 0.0000000000
117600  -54.631  27.567  24.273 0.0000000000
117598  -54.683  27.600  25.286 0.0000000000
116777  -54.833  26.836  25.813 0.0000000000
116768  -54.755  26.226  26.398 0.0000000000
116767  -53.740  26.057  26.305 0.0000000000
116756  -52.827  26.091  26.725 0.0000000000
115982  -51.860  26.106  26.411 0.0000000000
116765  -51.376  26.324  25.740 0.0000000000
116773  -50.918  26.473  24.918 0.0000000000
116791  -50.879  26.633  23.328 0.0000000000
116780  -49.483  26.299  23.839 0.0000000000
116789  -48.862  26.470  23.058 0.0000000000
116788  -48.079  26.250  22.968 0.0000000000
117650  -52.688  27.641  18.392 0.0000000000
117631  -51.705  27.431  19.368 0.0000000000
117630  -50.881  27.331  19.454 0.0000000000
117668  -50.625  27.405  17.508 0.0000000000
116857  -50.209  26.964  18.901 0.0000000000
116842  -50.259  27.002  19.578 0.0000000000
116823  -48.386  26.596  20.521 0.0000000000
116808  -47.330  26.412  21.416 0.0000000000
116821  -46.443  26.378  20.539 0.0000000000
116837  -45.518  26.365  19.652 0.0000000000
117664  -46.454  27.531  17.432 0.0000000000
117643  -45.553  27.134  18.232 0.0000000000
119400  -53.877  29.768  11.199 0.0000000000
119416  -52.768  29.472  10.377 0.0000000000
119415  -52.397  29.468  10.025 0.0000000000
120304  -51.682  30.382  10.353 0.0000000000
119432  -51.945  29.871  9.537 0.0000000000
118610  -51.988  29.277  9.971 0.0000000000
118589  -50.844  28.787  11.089 0.0000000000
118588  -49.793  28.730  11.245 0.0000000000
118587  -48.778  28.800  11.332 0.0000000000
121253  -47.805  32.003  11.516 0.0000000000
120301  -46.673  30.877  9.994 0.0000000000
120311  -47.373  30.486  9.702 0.0000000000
120312  -48.247  30.456  9.618 0.0000000000
118606  -47.888  29.141  10.520 0.0000000000
118586  -47.782  28.803  11.300 0.0000000000
118568  -47.747  28.549  12.134 0.0000000000
118567  -46.817  28.535  12.133 0.0000000000
118549  -45.888  28.537  13.220 0.0000000000
118548  -45.084  28.370  13.310 0.0000000000
118583  -44.995  28.511  11.252 0.0000000000
118564  -44.442  28.242  12.619 0.0000000000
118547  -44.283  28.279  13.305 0.0000000000
112277  -51.771  21.999  36.303 0.0000000000
112288  -50.436  21.035  36.228 0.0000000000
112289  -51.064  21.348  36.172 0.0000000000
112305  -53.649  21.652  34.608 0.0000000000
112342  -51.901  21.814  31.098 0.0000000000
113280  -51.593  22.257  36.330 0.0000000000
113299  -52.116  22.729  36.003 0.0000000000
113315  -54.077  22.352  34.713 0.0000000000
113332  -54.269  22.074  33.419 0.0000000000
113333  -54.344  22.582  33.650 0.0000000000
113353  -53.472  21.969  32.462 0.0000000000
113372  -54.168  22.597  32.709 0.0000000000
113375  -51.542  22.154  30.825 0.0000000000
114234  -52.799  23.151  35.597 0.0000000000
114235  -53.206  22.812  35.446 0.0000000000
114250  -53.609  23.227  34.790 0.0000000000
114251  -54.118  22.774  34.474 0.0000000000
114267  -51.363  23.797  33.909 0.0000000000
114268  -53.849  23.573  33.924 0.0000000000
114269  -54.226  23.055  34.091 0.0000000000
114288  -53.807  23.834  33.437 0.0000000000
114317  -52.149  23.499  30.891 0.0000000000
115128  -51.456  24.770  32.912 0.0000000000
115129  -53.367  24.778  33.073 0.0000000000
115161  -55.138  24.732  30.278 0.0000000000
115175  -55.246  24.940  29.775 0.0000000000
115888  -53.143  24.881  33.095 0.0000000000
115902  -54.931  24.493  31.875 0.0000000000
115912  -52.169  25.711  31.859 0.0000000000
115914  -54.746  25.316  31.575 0.0000000000
115915  -55.078  24.917  31.261 0.0000000000
115931  -55.119  25.405  30.863 0.0000000000
115932  -55.272  25.225  30.387 0.0000000000
115942  -47.355  25.744  29.471 0.0000000000
115957  -45.819  25.888  28.677 0.0000000000
115962  -54.791  25.397  28.358 0.0000000000
115976  -55.460  26.061  27.835 0.0000000000
115983  -53.951  25.625  26.908 0.0000000000
115986  -55.299  26.355  27.440 0.0000000000
116694  -53.764  25.837  32.154 0.0000000000
116722  -55.309  25.667  30.013 0.0000000000
116730  -49.514  26.780  29.522 0.0000000000
116731  -50.163  27.051  29.751 0.0000000000
116734  -55.253  26.034  29.511 0.0000000000
116743  -47.278  26.640  28.580 0.0000000000
116746  -54.965  26.498  28.615 0.0000000000
116753  -44.053  26.640  27.408 0.0000000000
116755  -45.655  26.855  27.806 0.0000000000
116757  -53.496  25.821  26.795 0.0000000000
116758  -55.076  26.906  27.568 0.0000000000
116766  -52.470  26.254  25.964 0.0000000000
116770  -55.214  26.622  27.457 0.0000000000
116772  -49.964  26.312  24.682 0.0000000000
116779  -48.621  26.236  23.716 0.0000000000
116781  -50.428  26.399  24.032 0.0000000000
116783  -52.416  26.606  24.610 0.0000000000
116798  -48.152  26.444  22.251 0.0000000000
116800  -50.115  26.585  22.356 0.0000000000
116815  -54.243  27.015  21.577 0.0000000000
116822  -47.406  26.500  20.525 0.0000000000
116824  -49.416  26.659  20.519 0.0000000000
116826  -51.622  27.043  20.760 0.0000000000
116841  -49.450  26.811  19.634 0.0000000000
116853  -46.512  26.767  18.859 0.0000000000
116867  -47.765  26.943  18.152 0.0000000000
116868  -48.244  26.908  17.971 0.0000000000
116921  -41.719  26.849  8.991 0.0000000000
116922  -42.465  27.272  8.796 0.0000000000
117550  -51.453  27.880  29.683 0.0000000000
117551  -52.118  28.088  29.954 0.0000000000
117553  -54.035  27.089  29.108 0.0000000000
117560  -48.442  27.375  28.560 0.0000000000
117561  -49.252  27.554  28.739 0.0000000000
117564  -54.297  27.429  28.579 0.0000000000
117565  -54.874  26.906  28.238 0.0000000000
117578  -53.271  27.823  27.018 0.0000000000
117579  -53.551  27.817  27.017 0.0000000000
117580  -54.104  27.681  27.209 0.0000000000
117582  -54.910  27.112  27.981 0.0000000000
117592  -44.614  27.851  26.659 0.0000000000
117593  -53.160  27.865  26.737 0.0000000000
117594  -53.457  27.913  26.669 0.0000000000
117605  -54.348  26.963  22.620 0.0000000000
117609  -53.670  27.239  21.016 0.0000000000
117616  -50.956  27.291  20.127 0.0000000000
117618  -52.716  27.287  20.278 0.0000000000
117621  -55.220  28.176  19.804 0.0000000000
117634  -54.608  28.135  19.155 0.0000000000
117635  -55.241  28.413  19.332 0.0000000000
117642  -44.844  26.968  18.299 0.0000000000
117644  -46.437  27.212  18.139 0.0000000000
117646  -48.884  26.937  18.252 0.0000000000
117647  -49.566  27.069  18.241 0.0000000000
117649  -51.652  27.555  18.446 0.0000000000
117654  -55.715  28.057  17.465 0.0000000000
117662  -44.488  27.300  17.522 0.0000000000
117663  -45.503  27.442  17.438 0.0000000000
117672  -54.623  27.866  17.160 0.0000000000
117673  -55.400  27.824  17.008 0.0000000000
117683  -46.587  27.759  16.674 0.0000000000
117685  -48.599  27.547  16.637 0.0000000000
117687  -50.643  27.512  16.556 0.0000000000
117692  -55.612  27.678  16.271 0.0000000000
117693  -56.261  27.889  16.224 0.0000000000
117701  -43.572  27.819  15.549 0.0000000000
117712  -54.945  27.654  15.456 0.0000000000
117722  -50.015  27.903  14.962 0.0000000000
117725  -52.941  27.722  14.487 0.0000000000
117726  -54.128  27.960  14.441 0.0000000000
117727  -55.247  27.791  14.763 0.0000000000
117728  -56.037  27.805  14.892 0.0000000000
117729  -56.308  27.958  15.106 0.0000000000
117737  -52.170  27.902  13.676 0.0000000000
117740  -54.948  27.726  12.649 0.0000000000
117749  -44.240  28.218  11.944 0.0000000000
117753  -54.974  27.717  11.767 0.0000000000
117754  -55.388  28.300  11.672 0.0000000000
117762  -44.429  28.369  11.511 0.0000000000
117763  -54.328  27.997  11.303 0.0000000000
117765  -55.119  28.491  11.047 0.0000000000
117772  -43.629  27.993  9.905 0.0000000000
117784  -42.129  27.720  8.562 0.0000000000
117785  -42.934  27.793  8.532 0.0000000000
118403  -53.328  28.100  30.014 0.0000000000
118404  -53.594  27.947  29.844 0.0000000000
118424  -49.351  28.067  28.408 0.0000000000
118429  -54.004  27.970  28.009 0.0000000000
118437  -48.428  28.187  27.831 0.0000000000
118440  -52.948  28.006  26.986 0.0000000000
118441  -53.297  28.328  26.967 0.0000000000
118443  -54.010  27.823  27.634 0.0000000000
118457  -53.272  28.170  26.685 0.0000000000
118458  -53.584  28.245  26.807 0.0000000000
118459  -53.998  28.741  26.547 0.0000000000
118472  -55.531  28.798  20.524 0.0000000000
118479  -55.530  28.642  19.846 0.0000000000
118489  -55.751  28.700  18.181 0.0000000000
118495  -55.241  28.290  18.312 0.0000000000
118496  -55.601  28.365  18.005 0.0000000000
118502  -56.330  28.377  16.832 0.0000000000
118507  -56.210  28.574  15.929 0.0000000000
118508  -56.389  28.415  16.085 0.0000000000
118517  -45.809  28.474  15.089 0.0000000000
118523  -56.378  28.145  15.268 0.0000000000
118529  -44.115  28.385  14.244 0.0000000000
118530  -44.990  28.562  14.214 0.0000000000
118533  -47.692  28.518  14.059 0.0000000000
118535  -49.716  28.397  14.108 0.0000000000
118541  -56.334  28.105  14.943 0.0000000000
118550  -46.786  28.714  13.144 0.0000000000
118557  -55.418  28.142  13.312 0.0000000000
118569  -48.716  28.518  12.143 0.0000000000
118573  -52.947  28.290  11.507 0.0000000000
118582  -44.342  28.410  11.022 0.0000000000
118593  -54.734  28.672  10.628 0.0000000000
118608  -49.866  28.922  10.360 0.0000000000
118609  -50.882  29.064  10.016 0.0000000000
118611  -53.018  29.084  10.373 0.0000000000
118612  -53.985  29.004  10.287 0.0000000000
118614  -55.043  29.155  10.587 0.0000000000
118626  -46.955  29.111  9.931 0.0000000000
118627  -47.465  29.346  10.008 0.0000000000
118628  -51.181  29.571  9.574 0.0000000000
118629  -51.523  29.732  9.490 0.0000000000
118635  -41.812  28.073  8.644 0.0000000000
118637  -43.184  28.451  8.759 0.0000000000
118638  -43.548  28.352  9.051 0.0000000000
119266  -50.839  28.866  28.146 0.0000000000
119302  -54.235  29.211  24.518 0.0000000000
119306  -54.201  29.174  23.613 0.0000000000
119308  -53.827  29.930  23.314 0.0000000000
119323  -55.628  29.072  19.527 0.0000000000
119332  -55.312  29.449  19.211 0.0000000000
119334  -55.917  28.850  17.907 0.0000000000
119342  -56.230  28.823  17.359 0.0000000000
119348  -55.451  29.511  17.542 0.0000000000
119349  -56.065  29.198  17.138 0.0000000000
119357  -55.864  28.952  16.149 0.0000000000
119358  -56.331  28.665  16.423 0.0000000000
119379  -52.486  29.846  12.517 0.0000000000
119381  -55.487  29.573  12.689 0.0000000000
119387  -51.986  29.790  12.039 0.0000000000
119388  -52.644  29.764  11.915 0.0000000000
119389  -53.424  29.939  11.884 0.0000000000
119401  -54.670  29.829  10.985 0.0000000000
119402  -55.109  29.725  11.014 0.0000000000
119410  -45.501  29.823  10.008 0.0000000000
119411  -48.454  29.280  10.307 0.0000000000
119412  -49.019  29.290  10.034 0.0000000000
119417  -54.202  29.387  10.578 0.0000000000
119418  -54.859  29.404  10.657 0.0000000000
119419  -55.111  29.305  10.744 0.0000000000
119426  -46.248  29.534  9.757 0.0000000000
119428  -48.051  29.663  9.932 0.0000000000
119431  -50.914  29.981  9.220 0.0000000000
119433  -52.238  29.921  9.727 0.0000000000
119438  -43.784  28.622  9.334 0.0000000000
120120  -51.735  30.587  26.308 0.0000000000
120121  -52.668  30.528  26.112 0.0000000000
120134  -48.347  31.178  25.936 0.0000000000
120136  -51.818  31.009  25.697 0.0000000000
120143  -51.359  31.091  24.144 0.0000000000
120144  -51.636  31.068  24.137 0.0000000000
120145  -52.374  30.958  24.305 0.0000000000
120149  -51.341  30.990  23.914 0.0000000000
120154  -51.371  30.675  22.411 0.0000000000
120158  -54.644  30.119  21.272 0.0000000000
120160  -51.384  30.607  22.112 0.0000000000
120161  -51.962  30.586  21.623 0.0000000000
120163  -53.990  30.441  20.948 0.0000000000
120172  -53.985  30.355  20.028 0.0000000000
120184  -54.705  29.827  18.745 0.0000000000
120202  -54.057  30.357  17.115 0.0000000000
120216  -54.449  30.573  16.508 0.0000000000
120218  -55.373  29.707  15.331 0.0000000000
120233  -55.409  29.921  14.450 0.0000000000
120261  -48.924  30.440  13.545 0.0000000000
120262  -49.858  30.217  13.533 0.0000000000
120266  -53.542  30.664  12.399 0.0000000000
120267  -55.399  30.646  12.442 0.0000000000
120274  -49.899  30.475  12.523 0.0000000000
120275  -50.812  30.343  12.275 0.0000000000
120286  -44.368  30.880  10.790 0.0000000000
120288  -50.848  30.554  11.440 0.0000000000
120289  -51.597  30.335  11.208 0.0000000000
120290  -52.107  30.149  10.801 0.0000000000
120291  -54.667  30.367  11.354 0.0000000000
120293  -55.144  30.220  11.359 0.0000000000
120298  -44.393  30.181  10.575 0.0000000000
120302  -50.313  30.729  11.025 0.0000000000
120303  -50.853  30.626  10.662 0.0000000000
120314  -49.971  30.542  9.590 0.0000000000
120316  -52.019  30.216  9.802 0.0000000000
120317  -52.380  30.019  9.918 0.0000000000
121066  -49.036  31.176  26.247 0.0000000000
121085  -51.784  31.377  25.012 0.0000000000
121086  -52.174  31.233  24.828 0.0000000000
121097  -49.021  31.372  24.514 0.0000000000
121100  -51.894  31.221  24.557 0.0000000000
121108  -46.489  31.499  23.818 0.0000000000
121114  -51.369  30.897  22.925 0.0000000000
121121  -51.366  30.779  22.688 0.0000000000
121123  -49.377  31.525  21.829 0.0000000000
121131  -50.223  31.528  20.521 0.0000000000
121132  -50.893  31.183  20.328 0.0000000000
121142  -50.969  31.492  19.552 0.0000000000
121149  -51.913  31.653  18.275 0.0000000000
121150  -52.464  31.233  18.001 0.0000000000
121178  -53.203  31.941  16.469 0.0000000000
121191  -50.244  30.965  15.526 0.0000000000
121194  -54.101  31.927  15.717 0.0000000000
121210  -53.263  31.576  13.323 0.0000000000
121211  -53.606  32.158  12.871 0.0000000000
121223  -46.688  31.416  12.959 0.0000000000
121226  -53.405  31.130  12.756 0.0000000000
121228  -55.145  32.115  13.658 0.0000000000
121229  -55.328  31.582  13.178 0.0000000000
121241  -49.265  30.751  12.420 0.0000000000
121243  -55.139  31.796  11.975 0.0000000000
121260  -46.152  31.548  10.306 0.0000000000
121272  -49.060  31.293  9.806 0.0000000000
121274  -50.285  30.769  10.383 0.0000000000
122063  -48.526  31.766  22.284 0.0000000000
122065  -46.236  33.215  21.709 0.0000000000
122069  -49.308  31.742  21.284 0.0000000000
122080  -50.023  32.224  19.785 0.0000000000
122082  -51.095  31.850  19.098 0.0000000000
122088  -50.883  32.658  18.834 0.0000000000
122102  -51.926  32.480  17.789 0.0000000000
122117  -50.372  32.108  16.199 0.0000000000
122119  -53.464  32.497  16.251 0.0000000000
122130  -50.383  33.167  16.088 0.0000000000
122132  -51.591  32.746  15.186 0.0000000000
122149  -54.741  32.538  14.871 0.0000000000
122192  -47.262  32.219  11.484 0.0000000000
122193  -47.909  32.139  11.250 0.0000000000
122197  -44.973  31.925  10.654 0.0000000000
122988  -45.049  34.196  21.666 0.0000000000
122991  -47.469  33.508  21.425 0.0000000000
122994  -48.863  33.396  20.696 0.0000000000
123004  -50.360  33.220  19.311 0.0000000000
123005  -51.054  33.673  18.918 0.0000000000
123011  -50.657  32.841  18.944 0.0000000000
123030  -52.393  33.367  17.357 0.0000000000
123031  -52.807  34.008  17.171 0.0000000000
123044  -52.717  32.999  16.868 0.0000000000
123058  -53.744  33.001  16.067 0.0000000000
123071  -55.268  34.175  13.498 0.0000000000
123081  -53.179  33.972  13.111 0.0000000000
123082  -53.714  33.921  12.576 0.0000000000
123083  -55.205  33.150  13.606 0.0000000000
123094  -54.297  33.682  12.249 0.0000000000
123095  -54.855  33.539  12.100 0.0000000000
123103  -44.615  32.845  11.504 0.0000000000
123902  -44.010  34.071  21.905 0.0000000000
123904  -43.895  34.908  21.833 0.0000000000
123911  -48.034  34.791  20.810 0.0000000000
123921  -50.545  33.977  19.536 0.0000000000
123935  -52.576  34.762  18.027 0.0000000000
123936  -53.119  35.092  18.007 0.0000000000
123954  -51.979  33.791  17.788 0.0000000000
123972  -50.401  34.292  15.756 0.0000000000
123973  -50.959  34.460  15.387 0.0000000000
123978  -52.313  34.621  14.266 0.0000000000
123979  -54.949  34.782  13.831 0.0000000000
123987  -55.174  34.193  12.548 0.0000000000
123991  -54.817  34.212  12.293 0.0000000000
123992  -55.101  33.931  12.199 0.0000000000
124767  -44.386  36.036  22.478 0.0000000000
124771  -43.673  35.064  22.022 0.0000000000
124781  -49.476  35.465  20.578 0.0000000000
124788  -50.848  34.600  19.496 0.0000000000
124789  -51.797  35.231  19.110 0.0000000000
124791  -53.715  36.032  18.934 0.0000000000
124825  -53.798  35.353  17.178 0.0000000000
124839  -49.754  34.835  15.899 0.0000000000
124841  -51.431  35.240  15.103 0.0000000000
124852  -53.288  35.628  13.522 0.0000000000
124853  -53.910  35.720  13.408 0.0000000000
125565  -47.291  37.526  22.494 0.0000000000
125566  -53.037  36.734  22.309 0.0000000000
125568  -53.763  37.286  22.076 0.0000000000
125579  -53.956  37.023  21.481 0.0000000000
125586  -53.059  36.331  20.574 0.0000000000
125588  -54.148  36.921  20.727 0.0000000000
125592  -51.913  35.833  19.606 0.0000000000
125594  -53.646  36.332  19.684 0.0000000000
125595  -54.111  36.752  20.069 0.0000000000
125611  -54.048  36.459  18.762 0.0000000000
125634  -50.598  36.298  16.005 0.0000000000
125635  -51.470  36.658  15.839 0.0000000000
125636  -53.928  35.754  16.841 0.0000000000
125637  -54.008  36.140  16.278 0.0000000000
125646  -54.038  36.067  14.903 0.0000000000
125651  -51.895  35.736  14.881 0.0000000000
125652  -52.415  36.159  14.478 0.0000000000
125660  -53.537  36.321  13.714 0.0000000000
125661  -53.944  36.325  13.703 0.0000000000
126320  -48.298  37.341  26.405 0.0000000000
126323  -50.980  37.851  25.809 0.0000000000
126334  -49.495  37.668  25.246 0.0000000000
126350  -52.829  37.712  23.748 0.0000000000
126351  -53.426  37.789  23.292 0.0000000000
126355  -45.878  37.174  24.209 0.0000000000
126360  -50.997  37.483  23.012 0.0000000000
126363  -53.672  37.607  22.602 0.0000000000
126366  -48.696  37.546  22.237 0.0000000000
126370  -53.766  37.506  21.747 0.0000000000
126371  -53.970  37.179  21.222 0.0000000000
126374  -53.698  37.519  20.905 0.0000000000
126375  -54.065  37.159  20.708 0.0000000000
126378  -53.683  37.527  20.018 0.0000000000
126395  -54.203  36.828  19.518 0.0000000000
126416  -54.129  36.735  17.056 0.0000000000
126431  -51.757  37.394  16.342 0.0000000000
126444  -52.642  37.215  15.346 0.0000000000
126445  -53.453  37.214  15.326 0.0000000000
126454  -53.695  36.712  14.626 0.0000000000
126460  -52.826  36.580  14.094 0.0000000000
126461  -53.186  36.768  13.959 0.0000000000
127091  -48.736  38.196  26.934 0.0000000000
127092  -49.595  38.350  27.205 0.0000000000
127094  -51.268  38.595  26.767 0.0000000000
127103  -51.458  38.407  25.884 0.0000000000
127108  -48.984  37.781  24.735 0.0000000000
127109  -49.298  37.839  24.560 0.0000000000
127111  -52.608  38.082  24.284 0.0000000000
127119  -49.119  37.919  24.389 0.0000000000
127120  -49.355  37.923  24.333 0.0000000000
127122  -52.889  38.246  23.550 0.0000000000
127129  -52.684  38.548  22.540 0.0000000000
127132  -52.248  38.823  21.855 0.0000000000
127133  -52.676  38.588  21.430 0.0000000000
127136  -52.734  38.593  20.530 0.0000000000
127140  -52.799  38.764  19.714 0.0000000000
127157  -52.749  38.824  17.960 0.0000000000
127180  -51.804  38.631  17.622 0.0000000000
127182  -53.330  38.199  16.889 0.0000000000
127195  -52.161  38.269  16.941 0.0000000000
127205  -52.948  37.976  15.793 0.0000000000
127206  -53.308  37.791  15.654 0.0000000000
127870  -50.220  39.396  27.115 0.0000000000
127871  -51.084  39.293  27.046 0.0000000000
127882  -48.046  39.650  25.902 0.0000000000
127883  -48.563  39.639  26.257 0.0000000000
127903  -52.515  38.618  23.126 0.0000000000
127910  -51.891  39.101  22.192 0.0000000000
127911  -52.302  38.806  22.834 0.0000000000
127913  -52.082  39.452  20.922 0.0000000000
127920  -52.968  38.895  18.564 0.0000000000
127924  -50.150  39.951  18.625 0.0000000000
127925  -51.153  39.957  18.333 0.0000000000
127928  -52.816  39.036  18.391 0.0000000000
127943  -52.481  39.069  18.089 0.0000000000
128680  -51.224  39.709  26.572 0.0000000000
128689  -49.348  40.624  26.315 0.0000000000
128691  -51.410  39.979  26.015 0.0000000000
128702  -47.775  40.803  24.892 0.0000000000
128703  -48.278  40.723  25.292 0.0000000000
128705  -51.305  40.217  24.858 0.0000000000
128719  -51.479  39.990  23.732 0.0000000000
128734  -50.880  40.836  21.970 0.0000000000
128744  -52.030  40.603  20.072 0.0000000000
128745  -52.347  40.194  19.865 0.0000000000
128750  -52.136  40.929  19.418 0.0000000000
128754  -47.591  40.942  18.521 0.0000000000
128758  -51.758  40.486  18.617 0.0000000000
129521  -49.901  41.158  26.342 0.0000000000
129522  -50.219  41.232  26.336 0.0000000000
129531  -49.545  41.210  26.194 0.0000000000
129532  -50.550  41.631  25.997 0.0000000000
129540  -48.533  41.448  25.188 0.0000000000
129542  -51.084  41.014  24.516 0.0000000000
129549  -47.445  42.115  23.912 0.0000000000
129550  -50.702  41.472  23.796 0.0000000000
129577  -50.854  41.634  21.296 0.0000000000
129578  -51.191  41.191  21.054 0.0000000000
129580  -51.017  42.013  20.683 0.0000000000
129587  -52.194  41.017  19.190 0.0000000000
129592  -51.178  41.338  19.060 0.0000000000
129594  -52.143  40.916  18.916 0.0000000000
130362  -49.088  42.396  25.574 0.0000000000
130363  -49.710  42.415  26.124 0.0000000000
130372  -50.483  42.534  25.480 0.0000000000
130378  -46.880  42.608  23.255 0.0000000000
130416  -51.073  42.243  20.321 0.0000000000
130421  -50.518  42.672  20.060 0.0000000000
131127  -50.306  43.107  25.714 0.0000000000
131133  -50.008  43.970  25.022 0.0000000000
131137  -35.729  43.846  23.268 0.0000000000
131143  -50.244  43.308  23.735 0.0000000000
131147  -36.985  43.705  22.855 0.0000000000
131152  -41.178  44.091  21.655 0.0000000000
131154  -46.478  43.734  22.639 0.0000000000
131158  -41.130  43.524  21.696 0.0000000000
131160  -42.635  43.627  21.513 0.0000000000
131164  -49.963  44.003  21.882 0.0000000000
131173  -50.123  43.909  20.953 0.0000000000
131793  -49.377  44.577  25.622 0.0000000000
131798  -47.952  44.603  24.572 0.0000000000
131800  -49.554  44.644  25.494 0.0000000000
131805  -47.411  44.800  23.844 0.0000000000
131815  -40.157  44.601  21.843 0.0000000000
131816  -40.929  44.744  21.769 0.0000000000
131819  -49.577  44.907  23.719 0.0000000000
131825  -37.405  44.562  21.448 0.0000000000
131832  -44.838  44.517  21.560 0.0000000000
131848  -36.538  44.880  20.109 0.0000000000
131873  -50.524  45.153  15.193 0.0000000000
131878  -51.368  45.066  14.650 0.0000000000
132431  -49.125  45.161  25.781 0.0000000000
132439  -49.350  45.341  25.466 0.0000000000
132445  -49.063  46.508  24.948 0.0000000000
132451  -41.641  45.544  22.073 0.0000000000
132456  -48.921  46.207  22.679 0.0000000000
132462  -38.107  45.000  21.187 0.0000000000
132465  -40.139  45.553  21.742 0.0000000000
132467  -42.474  45.230  21.683 0.0000000000
132470  -45.224  45.169  21.718 0.0000000000
132479  -38.480  45.367  20.695 0.0000000000
132481  -49.076  45.287  20.156 0.0000000000
132484  -34.648  45.985  19.492 0.0000000000
132487  -37.289  45.134  19.812 0.0000000000
132489  -38.904  45.553  20.272 0.0000000000
132497  -35.624  46.187  18.619 0.0000000000
132500  -37.849  45.507  19.265 0.0000000000
132501  -47.702  44.872  18.104 0.0000000000
132522  -49.763  45.851  15.992 0.0000000000
132530  -51.419  45.668  15.082 0.0000000000
132536  -51.280  45.259  14.892 0.0000000000
132550  -48.109  45.694  12.087 0.0000000000
133114  -47.005  47.341  24.523 0.0000000000
133123  -48.715  47.015  24.786 0.0000000000
133124  -48.791  46.394  24.325 0.0000000000
133134  -46.241  46.108  22.962 0.0000000000
133140  -40.261  46.105  21.705 0.0000000000
133142  -44.435  46.248  21.965 0.0000000000
133158  -38.813  45.743  19.363 0.0000000000
133160  -40.534  46.692  19.938 0.0000000000
133166  -35.015  46.555  18.434 0.0000000000
133175  -35.453  47.117  17.924 0.0000000000
133209  -51.275  45.980  15.260 0.0000000000
133879  -47.061  47.768  24.715 0.0000000000
133880  -47.644  47.927  25.071 0.0000000000
133886  -45.956  47.929  23.563 0.0000000000
133894  -40.845  46.638  22.146 0.0000000000
133899  -45.447  47.577  23.144 0.0000000000
133901  -48.154  47.263  22.760 0.0000000000
133907  -41.558  47.621  21.437 0.0000000000
133909  -47.868  47.707  22.253 0.0000000000
133910  -48.337  47.455  21.631 0.0000000000
133911  -48.952  47.208  20.998 0.0000000000
133918  -41.619  47.970  20.421 0.0000000000
133919  -42.041  48.400  20.702 0.0000000000
133939  -36.633  47.412  18.054 0.0000000000
133943  -40.314  48.661  19.081 0.0000000000
133951  -36.223  48.180  17.809 0.0000000000
133952  -41.521  48.279  17.204 0.0000000000
133971  -47.421  48.012  16.224 0.0000000000
133972  -50.396  47.895  16.305 0.0000000000
133982  -46.291  47.328  16.209 0.0000000000
133983  -46.929  47.473  15.914 0.0000000000
133985  -48.339  48.000  15.143 0.0000000000
134001  -49.050  47.540  14.043 0.0000000000
134003  -50.502  47.160  13.790 0.0000000000
134588  -46.979  48.295  24.685 0.0000000000
134589  -47.233  48.148  24.900 0.0000000000
134597  -43.968  49.100  23.410 0.0000000000
134617  -41.955  48.028  21.506 0.0000000000
134618  -42.341  48.518  21.297 0.0000000000
134637  -41.385  49.095  19.681 0.0000000000
134644  -36.990  48.345  18.010 0.0000000000
134648  -40.247  49.188  19.092 0.0000000000
134649  -42.917  49.355  18.342 0.0000000000
134660  -35.886  48.858  17.322 0.0000000000
134673  -50.269  48.158  16.500 0.0000000000
134686  -48.090  48.785  16.229 0.0000000000
134688  -50.030  48.997  15.990 0.0000000000
134703  -50.195  48.451  15.466 0.0000000000
134712  -49.135  48.249  14.700 0.0000000000
134713  -49.636  48.406  14.838 0.0000000000
135324  -45.006  50.130  24.018 0.0000000000
135325  -45.321  50.122  24.175 0.0000000000
135338  -44.661  49.807  23.589 0.0000000000
135339  -45.526  49.701  24.184 0.0000000000
135340  -46.292  49.892  24.419 0.0000000000
135354  -44.262  50.219  22.876 0.0000000000
135363  -43.440  49.995  21.767 0.0000000000
135364  -46.496  49.874  22.188 0.0000000000
135365  -46.849  49.385  21.463 0.0000000000
135369  -41.937  49.434  20.024 0.0000000000
135370  -42.311  49.583  20.464 0.0000000000
135372  -47.246  49.698  20.557 0.0000000000
135376  -39.955  50.571  19.209 0.0000000000
135378  -41.510  49.815  19.682 0.0000000000
135380  -43.739  50.415  19.223 0.0000000000
135391  -40.093  49.651  19.178 0.0000000000
135393  -42.223  50.294  18.467 0.0000000000
135396  -45.554  49.879  18.648 0.0000000000
135411  -41.230  50.272  17.998 0.0000000000
135413  -46.066  49.593  18.322 0.0000000000
135427  -48.300  49.413  16.973 0.0000000000
136044  -45.169  50.330  23.939 0.0000000000
136045  -45.736  50.355  24.229 0.0000000000
136046  -46.061  50.243  24.410 0.0000000000
136059  -46.167  50.451  24.028 0.0000000000
136074  -44.466  50.922  22.330 0.0000000000
136075  -45.193  51.014  22.742 0.0000000000
136085  -42.764  50.565  21.095 0.0000000000
136087  -44.032  50.838  21.859 0.0000000000
136097  -42.099  51.051  19.927 0.0000000000
136104  -40.139  50.984  19.256 0.0000000000
136105  -40.896  50.799  19.543 0.0000000000
136107  -42.062  50.758  19.912 0.0000000000
136108  -43.750  50.843  19.441 0.0000000000
136110  -46.024  50.968  19.551 0.0000000000
136112  -47.242  50.744  19.624 0.0000000000
136118  -39.971  51.117  18.674 0.0000000000
136119  -40.832  51.400  18.662 0.0000000000
136122  -43.171  50.728  19.182 0.0000000000
136123  -45.238  50.251  18.988 0.0000000000
136125  -46.628  50.710  19.133 0.0000000000
136126  -47.066  50.818  19.266 0.0000000000
136749  -44.450  51.273  21.961 0.0000000000
136761  -42.680  51.109  20.912 0.0000000000
136779  -42.459  51.218  20.356 0.0000000000
136780  -43.212  51.580  20.568 0.0000000000
136781  -44.142  51.840  20.744 0.0000000000
136783  -45.945  51.268  20.683 0.0000000000
136793  -40.593  51.275  19.277 0.0000000000
136794  -41.593  51.283  19.566 0.0000000000
136795  -42.412  51.513  19.770 0.0000000000
136799  -46.301  51.345  19.993 0.0000000000
136804  -40.285  51.376  19.078 0.0000000000
136806  -41.565  51.554  19.135 0.0000000000
