#!ascii label  , from subject 3608 vox2ras=TkReg
1502
58767  -40.745  -30.971  39.523 0.0000000000
75725  -49.591  -14.123  37.759 0.0000000000
67271  -44.657  -22.640  38.596 0.0000000000
30758  -14.127  -55.181  51.713 0.0000000000
57543  -35.983  -32.304  43.866 0.0000000000
39093  -27.953  -47.797  54.685 0.0000000000
43014  -36.132  -45.326  54.355 0.0000000000
49921  -38.726  -38.609  49.741 0.0000000000
55291  -39.081  -34.558  49.507 0.0000000000
35524  -21.421  -49.771  48.474 0.0000000000
37814  -24.011  -48.950  55.176 0.0000000000
43075  -23.536  -46.158  49.656 0.0000000000
43118  -32.272  -44.965  48.497 0.0000000000
45395  -36.040  -42.758  48.650 0.0000000000
56490  -44.546  -32.887  45.359 0.0000000000
59834  -47.862  -30.280  42.341 0.0000000000
72502  -46.745  -18.180  39.247 0.0000000000
62173  -43.164  -27.248  37.903 0.0000000000
76827  -48.073  -14.923  33.010 0.0000000000
26133  -10.753  -58.265  51.421 0.0000000000
56433  -41.411  -33.866  47.087 0.0000000000
57588  -38.542  -31.932  42.509 0.0000000000
43095  -27.081  -46.174  48.879 0.0000000000
40458  -32.054  -47.684  53.011 0.0000000000
62143  -49.917  -27.108  38.995 0.0000000000
78865  -56.238  -11.424  27.654 0.0000000000
49988  -36.804  -38.554  46.716 0.0000000000
52136  -37.156  -36.720  47.562 0.0000000000
39199  -22.222  -47.945  48.671 0.0000000000
45455  -33.494  -42.006  45.771 0.0000000000
47721  -35.879  -40.732  46.514 0.0000000000
46560  -37.646  -40.789  48.413 0.0000000000
57610  -42.943  -31.484  41.701 0.0000000000
57575  -46.427  -31.533  43.707 0.0000000000
58741  -44.501  -31.111  41.119 0.0000000000
73573  -47.999  -16.117  38.591 0.0000000000
72480  -50.135  -18.119  41.053 0.0000000000
77814  -50.793  -12.272  37.240 0.0000000000
30784  -12.522  -54.750  48.974 0.0000000000
28480  -12.490  -56.602  51.843 0.0000000000
56447  -37.642  -33.305  46.372 0.0000000000
56414  -40.305  -34.320  48.248 0.0000000000
57505  -38.640  -32.915  45.939 0.0000000000
57527  -40.524  -33.069  44.732 0.0000000000
57566  -37.204  -32.129  43.486 0.0000000000
39068  -25.385  -47.687  54.856 0.0000000000
37778  -26.322  -48.724  57.901 0.0000000000
37798  -27.804  -48.549  56.927 0.0000000000
37800  -29.894  -48.700  56.801 0.0000000000
45422  -24.747  -44.230  46.532 0.0000000000
43144  -27.261  -45.118  46.615 0.0000000000
44202  -34.105  -45.123  51.076 0.0000000000
41844  -32.191  -46.339  51.033 0.0000000000
40460  -34.440  -47.110  53.926 0.0000000000
39055  -34.411  -48.107  56.517 0.0000000000
31895  -18.383  -53.839  50.764 0.0000000000
34210  -19.875  -52.269  55.050 0.0000000000
34170  -18.880  -52.368  57.796 0.0000000000
64128  -43.739  -25.354  38.307 0.0000000000
62160  -46.952  -27.398  38.491 0.0000000000
64117  -47.082  -25.193  39.550 0.0000000000
80831  -57.519  -10.061  27.134 0.0000000000
27293  -13.676  -56.679  55.995 0.0000000000
49865  -39.713  -37.771  53.361 0.0000000000
54149  -40.005  -35.943  52.470 0.0000000000
53103  -38.983  -36.276  50.322 0.0000000000
54209  -37.656  -34.673  47.363 0.0000000000
35503  -21.145  -50.554  50.982 0.0000000000
37812  -21.888  -49.229  55.763 0.0000000000
37863  -22.317  -48.846  52.344 0.0000000000
39131  -23.417  -47.697  51.695 0.0000000000
41802  -25.162  -46.599  52.140 0.0000000000
44288  -29.694  -44.253  46.090 0.0000000000
44307  -31.763  -43.128  45.949 0.0000000000
44254  -34.008  -43.833  48.509 0.0000000000
44186  -37.118  -44.019  52.545 0.0000000000
45339  -39.082  -42.684  52.155 0.0000000000
47620  -39.900  -40.471  52.456 0.0000000000
34315  -19.803  -51.190  47.762 0.0000000000
57477  -46.155  -32.451  47.749 0.0000000000
57455  -48.755  -31.772  49.835 0.0000000000
57493  -47.667  -32.136  46.697 0.0000000000
58681  -49.424  -30.982  44.717 0.0000000000
69203  -45.368  -20.585  39.459 0.0000000000
66187  -48.048  -23.234  40.902 0.0000000000
69177  -48.797  -20.672  41.871 0.0000000000
21367  -8.370  -63.091  54.694 0.0000000000
59917  -42.272  -29.915  37.874 0.0000000000
65194  -41.006  -24.572  36.826 0.0000000000
69213  -43.283  -20.719  38.048 0.0000000000
71399  -44.618  -18.915  37.465 0.0000000000
72534  -46.516  -17.606  36.884 0.0000000000
74677  -48.132  -15.766  36.163 0.0000000000
75743  -48.903  -14.262  35.586 0.0000000000
75760  -47.237  -15.457  33.577 0.0000000000
27298  -12.423  -57.519  55.086 0.0000000000
24897  -10.177  -59.548  55.215 0.0000000000
23671  -8.393  -61.617  55.733 0.0000000000
55252  -45.290  -33.975  52.315 0.0000000000
55264  -41.056  -34.659  51.281 0.0000000000
55295  -42.496  -34.183  49.745 0.0000000000
55312  -44.582  -33.321  48.997 0.0000000000
56453  -43.614  -33.161  46.545 0.0000000000
57570  -41.425  -32.477  43.279 0.0000000000
57625  -40.231  -32.078  40.537 0.0000000000
37755  -23.746  -49.294  58.510 0.0000000000
44201  -24.613  -45.778  49.797 0.0000000000
43049  -26.937  -46.594  51.802 0.0000000000
43115  -29.011  -45.573  48.234 0.0000000000
41842  -29.418  -46.681  51.338 0.0000000000
40436  -30.029  -47.298  53.844 0.0000000000
39053  -32.258  -48.556  56.538 0.0000000000
31913  -13.828  -53.546  48.837 0.0000000000
33033  -16.060  -53.468  50.322 0.0000000000
31871  -15.840  -54.993  52.539 0.0000000000
58787  -45.799  -29.943  38.939 0.0000000000
59891  -49.452  -29.576  40.142 0.0000000000
61002  -52.589  -28.944  41.210 0.0000000000
64085  -50.522  -24.996  41.061 0.0000000000
77848  -50.684  -13.382  35.072 0.0000000000
76832  -52.953  -13.886  33.797 0.0000000000
78834  -55.048  -12.168  31.622 0.0000000000
76886  -54.547  -13.960  29.278 0.0000000000
79823  -56.510  -10.835  30.598 0.0000000000
50007  -35.725  -38.680  45.586 0.0000000000
51111  -35.912  -37.661  45.452 0.0000000000
51132  -35.080  -37.449  43.892 0.0000000000
47767  -34.208  -40.247  44.666 0.0000000000
48880  -35.164  -39.570  45.407 0.0000000000
48866  -36.544  -39.547  46.338 0.0000000000
58753  -41.578  -31.093  40.320 0.0000000000
58740  -43.422  -31.190  41.256 0.0000000000
58754  -42.568  -30.884  40.290 0.0000000000
74656  -49.095  -14.863  38.327 0.0000000000
73563  -49.695  -15.746  39.735 0.0000000000
74645  -50.846  -14.387  39.609 0.0000000000
75715  -51.196  -13.563  39.220 0.0000000000
76788  -50.358  -12.921  37.336 0.0000000000
30766  -13.365  -54.934  50.871 0.0000000000
29626  -12.627  -55.542  50.419 0.0000000000
29620  -13.175  -55.892  51.510 0.0000000000
56467  -37.608  -32.797  45.557 0.0000000000
56448  -38.442  -33.171  46.426 0.0000000000
57523  -37.575  -32.523  45.108 0.0000000000
57545  -38.189  -32.222  44.384 0.0000000000
57544  -37.187  -32.406  44.428 0.0000000000
36594  -20.602  -50.425  57.914 0.0000000000
39091  -25.892  -47.416  54.131 0.0000000000
39049  -27.083  -48.245  56.122 0.0000000000
39050  -27.833  -48.177  56.093 0.0000000000
37799  -28.856  -48.844  56.948 0.0000000000
39071  -28.412  -48.037  55.580 0.0000000000
43032  -35.564  -45.414  52.574 0.0000000000
41827  -34.525  -46.122  52.382 0.0000000000
41787  -35.675  -45.925  54.016 0.0000000000
40420  -35.421  -46.867  55.658 0.0000000000
35459  -20.644  -51.052  54.180 0.0000000000
34211  -20.280  -51.604  55.463 0.0000000000
35403  -19.902  -51.345  57.088 0.0000000000
55254  -46.974  -33.513  52.501 0.0000000000
66227  -44.512  -23.486  38.447 0.0000000000
64130  -45.715  -25.704  39.068 0.0000000000
65149  -46.166  -24.247  39.154 0.0000000000
49907  -39.511  -38.527  50.860 0.0000000000
52078  -39.389  -37.135  50.720 0.0000000000
51038  -38.623  -37.794  49.436 0.0000000000
53148  -36.985  -35.526  46.654 0.0000000000
54232  -36.138  -34.640  45.256 0.0000000000
55335  -36.324  -33.979  46.009 0.0000000000
35504  -21.461  -50.085  50.408 0.0000000000
36669  -21.746  -49.249  51.614 0.0000000000
36689  -21.886  -49.428  50.446 0.0000000000
40531  -23.465  -47.379  49.017 0.0000000000
39166  -23.399  -48.228  49.989 0.0000000000
40492  -23.674  -46.928  50.881 0.0000000000
40471  -24.408  -46.907  52.190 0.0000000000
41819  -24.326  -46.595  51.461 0.0000000000
45465  -30.516  -43.083  44.462 0.0000000000
45426  -34.914  -42.692  47.164 0.0000000000
45425  -34.016  -43.311  47.518 0.0000000000
45394  -35.316  -43.169  48.577 0.0000000000
44237  -34.941  -43.788  49.236 0.0000000000
44221  -36.150  -43.527  50.094 0.0000000000
44205  -37.307  -43.461  51.174 0.0000000000
45354  -37.560  -42.971  50.348 0.0000000000
48789  -38.370  -39.370  49.329 0.0000000000
47655  -39.261  -40.402  50.249 0.0000000000
48778  -39.296  -39.488  50.739 0.0000000000
48752  -39.597  -38.849  52.546 0.0000000000
35541  -20.892  -50.258  47.467 0.0000000000
57508  -44.950  -32.464  46.468 0.0000000000
58651  -46.953  -31.916  47.871 0.0000000000
57510  -46.445  -32.243  46.316 0.0000000000
58708  -47.517  -30.722  42.879 0.0000000000
58692  -47.579  -31.243  43.893 0.0000000000
58693  -48.565  -30.826  43.696 0.0000000000
59815  -50.190  -30.516  44.244 0.0000000000
59836  -49.288  -30.100  42.770 0.0000000000
70225  -46.202  -19.349  39.531 0.0000000000
69193  -46.704  -20.821  40.166 0.0000000000
70212  -48.200  -19.306  40.711 0.0000000000
72471  -52.261  -17.930  42.453 0.0000000000
70236  -43.695  -20.013  38.163 0.0000000000
71397  -43.127  -19.499  36.656 0.0000000000
71426  -45.231  -18.723  35.869 0.0000000000
72559  -46.505  -17.399  35.085 0.0000000000
73595  -46.917  -16.989  36.576 0.0000000000
73605  -47.132  -16.921  35.461 0.0000000000
74685  -48.125  -15.556  35.021 0.0000000000
27359  -11.246  -57.386  50.369 0.0000000000
26132  -9.989  -58.775  50.963 0.0000000000
133266  -13.496  -56.503  57.326 0.0000000000
27299  -12.953  -56.983  54.172 0.0000000000
27288  -12.747  -56.934  57.290 0.0000000000
26078  -10.420  -58.958  57.171 0.0000000000
24884  -9.886  -59.926  57.357 0.0000000000
24896  -9.470  -60.292  55.524 0.0000000000
24878  -9.672  -60.822  57.855 0.0000000000
22497  -9.312  -62.085  56.879 0.0000000000
54173  -39.615  -35.512  51.397 0.0000000000
54162  -40.192  -35.451  51.996 0.0000000000
54186  -39.837  -34.702  50.384 0.0000000000
56415  -41.440  -34.105  47.998 0.0000000000
55294  -41.464  -34.444  49.818 0.0000000000
56399  -42.400  -33.812  48.819 0.0000000000
55296  -43.524  -33.679  49.554 0.0000000000
56400  -43.094  -33.472  48.681 0.0000000000
56435  -43.522  -33.178  47.350 0.0000000000
56434  -42.449  -33.472  47.218 0.0000000000
57568  -39.338  -32.201  43.385 0.0000000000
57548  -41.148  -33.088  44.143 0.0000000000
57589  -39.611  -32.058  42.467 0.0000000000
57590  -40.639  -32.145  42.426 0.0000000000
57606  -38.856  -31.953  41.536 0.0000000000
37813  -22.759  -48.900  55.535 0.0000000000
37775  -23.171  -48.988  57.610 0.0000000000
37794  -23.529  -48.946  56.546 0.0000000000
44252  -25.787  -45.184  47.913 0.0000000000
44250  -24.676  -44.876  47.613 0.0000000000
41886  -25.787  -46.135  49.199 0.0000000000
43063  -26.238  -46.490  50.672 0.0000000000
43080  -27.300  -46.430  50.037 0.0000000000
43148  -30.667  -44.423  46.802 0.0000000000
43146  -29.138  -44.614  46.819 0.0000000000
43117  -31.228  -45.081  48.377 0.0000000000
40474  -31.650  -47.077  52.376 0.0000000000
41865  -30.630  -46.851  50.658 0.0000000000
40473  -30.659  -46.995  52.541 0.0000000000
41808  -30.062  -46.979  52.960 0.0000000000
40437  -30.825  -47.493  53.930 0.0000000000
39074  -30.840  -47.969  55.633 0.0000000000
37836  -31.924  -48.307  54.928 0.0000000000
45294  -39.023  -42.848  55.548 0.0000000000
33034  -16.775  -53.332  50.248 0.0000000000
31884  -17.366  -54.353  51.804 0.0000000000
31883  -16.251  -54.550  51.785 0.0000000000
32967  -18.142  -52.870  59.224 0.0000000000
59939  -43.072  -28.748  37.621 0.0000000000
59901  -44.067  -30.015  38.653 0.0000000000
61056  -44.899  -28.603  38.150 0.0000000000
62162  -48.629  -27.375  38.599 0.0000000000
61038  -48.154  -28.721  38.809 0.0000000000
61040  -49.709  -28.581  38.988 0.0000000000
59878  -50.948  -29.250  40.873 0.0000000000
61042  -51.084  -28.221  39.270 0.0000000000
66170  -49.048  -22.883  41.966 0.0000000000
65122  -48.781  -24.046  41.225 0.0000000000
65124  -50.910  -24.362  41.595 0.0000000000
75762  -48.806  -15.119  34.253 0.0000000000
76808  -49.824  -13.471  35.344 0.0000000000
76829  -49.733  -15.151  33.481 0.0000000000
75774  -51.234  -14.765  32.822 0.0000000000
75776  -53.325  -14.200  32.856 0.0000000000
77870  -54.157  -12.956  32.656 0.0000000000
76853  -54.194  -13.634  31.257 0.0000000000
77944  -54.366  -12.818  27.018 0.0000000000
76918  -53.829  -13.419  27.489 0.0000000000
77921  -55.204  -12.934  28.497 0.0000000000
78843  -55.545  -11.814  30.423 0.0000000000
79832  -56.580  -11.018  29.492 0.0000000000
79847  -57.299  -10.898  28.308 0.0000000000
79867  -58.005  -10.611  27.757 0.0000000000
49947  -37.579  -38.703  47.924 0.0000000000
51054  -38.161  -37.692  48.788 0.0000000000
51091  -36.661  -37.384  46.877 0.0000000000
52159  -36.048  -36.600  45.171 0.0000000000
37915  -21.909  -48.448  48.975 0.0000000000
46623  -33.126  -40.872  44.333 0.0000000000
46589  -34.553  -41.375  45.825 0.0000000000
46558  -36.206  -42.010  47.627 0.0000000000
46542  -37.383  -41.899  48.639 0.0000000000
46574  -36.616  -40.858  47.407 0.0000000000
48823  -37.407  -39.534  47.669 0.0000000000
57572  -43.623  -32.401  43.307 0.0000000000
57552  -45.640  -32.146  44.443 0.0000000000
57594  -44.962  -31.784  42.592 0.0000000000
58726  -45.472  -31.291  42.174 0.0000000000
58743  -46.270  -30.336  41.172 0.0000000000
73560  -47.409  -17.271  39.078 0.0000000000
71359  -48.520  -18.591  40.637 0.0000000000
73550  -48.773  -17.176  39.975 0.0000000000
73539  -50.682  -16.910  40.933 0.0000000000
78786  -51.742  -11.907  36.769 0.0000000000
28496  -11.995  -56.561  50.649 0.0000000000
27349  -11.552  -57.291  51.203 0.0000000000
55325  -38.605  -33.982  47.985 0.0000000000
55309  -39.739  -34.408  48.891 0.0000000000
56413  -39.229  -33.883  48.185 0.0000000000
56431  -39.320  -33.595  47.368 0.0000000000
56450  -40.212  -33.556  46.087 0.0000000000
56451  -41.472  -33.653  46.203 0.0000000000
57507  -39.751  -32.844  45.381 0.0000000000
57546  -39.144  -32.282  44.276 0.0000000000
57587  -37.382  -31.931  42.553 0.0000000000
39067  -24.552  -47.990  54.478 0.0000000000
37795  -24.644  -48.817  56.561 0.0000000000
37796  -25.701  -48.382  56.712 0.0000000000
37779  -27.330  -48.783  57.958 0.0000000000
37761  -30.222  -49.479  58.113 0.0000000000
44284  -25.349  -44.418  46.207 0.0000000000
43127  -26.675  -45.166  47.220 0.0000000000
43101  -32.955  -44.781  49.974 0.0000000000
43082  -32.335  -45.690  49.672 0.0000000000
43065  -32.863  -45.390  50.749 0.0000000000
41825  -32.975  -46.222  51.915 0.0000000000
39118  -33.579  -47.517  53.678 0.0000000000
39099  -33.456  -47.864  54.651 0.0000000000
39100  -34.296  -47.634  54.834 0.0000000000
34284  -18.732  -52.056  48.759 0.0000000000
33026  -19.917  -53.116  51.248 0.0000000000
33004  -19.394  -53.090  54.452 0.0000000000
32995  -18.562  -53.237  55.981 0.0000000000
34190  -19.081  -52.250  56.990 0.0000000000
64137  -43.241  -26.007  38.144 0.0000000000
62158  -45.063  -27.564  38.289 0.0000000000
63145  -45.301  -26.622  38.724 0.0000000000
63147  -47.185  -26.635  38.791 0.0000000000
63129  -48.349  -26.136  39.246 0.0000000000
76842  -47.244  -14.114  32.131 0.0000000000
76844  -48.987  -15.192  32.507 0.0000000000
76851  -48.334  -13.820  31.537 0.0000000000
78915  -55.706  -11.527  26.802 0.0000000000
79866  -56.976  -10.721  27.489 0.0000000000
80845  -56.146  -10.125  26.102 0.0000000000
80846  -57.018  -9.615  26.230 0.0000000000
30738  -15.546  -55.733  53.978 0.0000000000
30736  -13.782  -56.305  53.713 0.0000000000
52059  -40.197  -36.843  53.947 0.0000000000
52066  -39.768  -36.788  52.418 0.0000000000
53104  -39.276  -36.011  50.880 0.0000000000
54184  -38.770  -35.280  49.641 0.0000000000
52123  -38.241  -36.632  48.745 0.0000000000
53128  -38.329  -35.716  48.567 0.0000000000
55307  -38.496  -34.590  48.394 0.0000000000
55323  -37.364  -34.095  46.994 0.0000000000
55349  -36.675  -33.619  45.858 0.0000000000
36631  -21.048  -50.208  54.013 0.0000000000
36614  -21.142  -49.646  55.994 0.0000000000
36632  -21.677  -49.577  53.793 0.0000000000
37847  -22.283  -49.017  53.487 0.0000000000
37848  -23.124  -48.561  53.089 0.0000000000
37898  -22.459  -48.755  49.876 0.0000000000
37864  -22.962  -48.311  51.988 0.0000000000
37849  -23.755  -48.045  53.171 0.0000000000
39112  -24.512  -47.361  52.986 0.0000000000
40430  -25.048  -47.064  53.239 0.0000000000
40432  -26.338  -47.301  53.403 0.0000000000
44305  -30.227  -43.776  45.433 0.0000000000
44271  -31.616  -43.981  47.159 0.0000000000
45454  -32.582  -42.466  45.599 0.0000000000
45424  -33.359  -43.682  47.381 0.0000000000
44253  -33.042  -44.373  48.618 0.0000000000
44236  -33.643  -44.523  49.590 0.0000000000
44204  -36.074  -44.690  51.381 0.0000000000
44185  -36.313  -44.665  52.834 0.0000000000
44159  -37.228  -44.394  55.156 0.0000000000
44161  -38.665  -43.375  54.563 0.0000000000
44173  -39.537  -42.920  53.957 0.0000000000
45378  -38.788  -42.098  50.439 0.0000000000
46505  -39.763  -41.460  52.228 0.0000000000
46455  -39.819  -41.270  54.839 0.0000000000
47590  -40.373  -40.150  55.218 0.0000000000
34285  -19.742  -51.894  48.959 0.0000000000
56402  -45.939  -32.663  49.106 0.0000000000
57466  -47.214  -31.974  48.719 0.0000000000
58640  -47.728  -31.814  48.268 0.0000000000
58654  -49.113  -31.421  47.236 0.0000000000
57531  -47.370  -31.795  45.215 0.0000000000
57513  -48.813  -31.678  45.924 0.0000000000
68206  -45.081  -21.526  39.342 0.0000000000
66216  -46.496  -22.936  39.469 0.0000000000
68195  -46.968  -21.584  40.346 0.0000000000
68178  -47.904  -21.611  41.209 0.0000000000
67215  -49.488  -22.177  42.474 0.0000000000
71346  -48.848  -19.181  41.132 0.0000000000
69163  -49.914  -20.440  42.483 0.0000000000
58802  -40.004  -30.597  37.802 0.0000000000
58783  -42.002  -30.423  38.559 0.0000000000
59936  -40.488  -29.869  37.361 0.0000000000
61072  -41.507  -28.367  37.329 0.0000000000
62171  -41.617  -27.329  37.282 0.0000000000
63154  -41.934  -26.321  37.424 0.0000000000
65169  -42.323  -24.454  37.814 0.0000000000
66225  -42.735  -23.704  38.143 0.0000000000
67269  -43.014  -22.687  38.393 0.0000000000
68219  -43.595  -21.925  38.594 0.0000000000
69201  -43.932  -20.524  38.703 0.0000000000
71369  -45.002  -19.211  38.852 0.0000000000
71384  -45.674  -18.575  38.560 0.0000000000
71411  -44.531  -19.038  36.530 0.0000000000
71412  -45.366  -18.764  36.942 0.0000000000
72522  -45.962  -18.105  38.166 0.0000000000
72524  -46.967  -16.945  38.239 0.0000000000
73585  -47.940  -15.793  37.699 0.0000000000
74667  -48.371  -15.117  37.153 0.0000000000
75736  -49.377  -13.802  36.901 0.0000000000
74678  -48.600  -15.021  35.935 0.0000000000
75751  -48.594  -15.150  34.632 0.0000000000
75772  -47.358  -15.069  32.942 0.0000000000
29596  -12.902  -56.681  53.121 0.0000000000
27319  -12.357  -57.000  52.935 0.0000000000
26100  -11.656  -58.060  53.280 0.0000000000
26079  -11.257  -58.158  56.810 0.0000000000
26089  -10.967  -58.869  54.844 0.0000000000
26099  -11.055  -58.749  53.676 0.0000000000
24925  -9.768  -59.957  53.222 0.0000000000
23699  -9.112  -60.635  53.700 0.0000000000
22527  -8.130  -61.494  53.240 0.0000000000
22508  -8.068  -62.166  55.037 0.0000000000
56364  -45.868  -33.561  51.862 0.0000000000
54153  -42.356  -34.730  52.758 0.0000000000
55293  -40.402  -34.633  49.835 0.0000000000
55265  -41.714  -34.570  51.312 0.0000000000
55266  -43.934  -34.070  51.928 0.0000000000
55280  -44.610  -33.624  50.507 0.0000000000
56384  -45.921  -33.058  50.172 0.0000000000
56418  -44.620  -33.173  48.360 0.0000000000
56436  -44.558  -32.803  47.348 0.0000000000
56472  -43.750  -33.230  45.812 0.0000000000
56470  -41.588  -33.437  45.290 0.0000000000
56487  -42.158  -33.238  44.821 0.0000000000
57550  -43.339  -32.827  44.200 0.0000000000
57591  -41.659  -31.947  42.423 0.0000000000
57609  -41.879  -31.613  41.378 0.0000000000
57645  -40.404  -31.626  39.612 0.0000000000
58689  -35.044  -31.627  43.432 0.0000000000
58705  -35.462  -31.662  43.037 0.0000000000
57586  -36.001  -31.718  42.623 0.0000000000
57604  -36.522  -31.879  41.577 0.0000000000
57622  -36.998  -32.156  40.551 0.0000000000
57643  -38.569  -31.975  39.659 0.0000000000
57662  -39.071  -31.902  38.679 0.0000000000
58780  -39.325  -31.580  38.283 0.0000000000
37777  -25.287  -48.898  57.778 0.0000000000
44248  -23.399  -45.177  47.829 0.0000000000
45405  -23.594  -44.601  47.291 0.0000000000
44216  -23.816  -45.781  49.710 0.0000000000
43061  -24.397  -46.174  50.626 0.0000000000
43030  -26.339  -46.508  52.058 0.0000000000
41783  -27.063  -47.151  52.932 0.0000000000
44286  -27.670  -44.649  45.935 0.0000000000
43129  -28.527  -44.925  47.615 0.0000000000
43114  -27.913  -45.681  48.194 0.0000000000
41889  -31.260  -46.394  49.553 0.0000000000
41887  -29.120  -46.352  49.669 0.0000000000
41863  -28.420  -46.473  50.160 0.0000000000
41822  -28.541  -46.611  51.880 0.0000000000
41806  -28.743  -46.868  52.661 0.0000000000
39116  -28.890  -47.574  54.428 0.0000000000
39073  -30.036  -47.838  55.486 0.0000000000
39052  -31.246  -48.508  56.572 0.0000000000
30785  -13.263  -54.159  49.170 0.0000000000
31890  -13.727  -54.464  50.517 0.0000000000
33060  -16.123  -52.587  48.646 0.0000000000
33059  -15.122  -52.747  48.635 0.0000000000
31902  -14.742  -53.757  49.722 0.0000000000
31891  -14.439  -54.349  50.715 0.0000000000
31870  -15.341  -54.993  52.403 0.0000000000
30739  -16.326  -55.536  54.223 0.0000000000
32986  -17.728  -53.096  57.721 0.0000000000
58770  -43.748  -30.320  39.167 0.0000000000
58771  -44.868  -30.330  39.146 0.0000000000
59888  -46.610  -29.941  40.211 0.0000000000
61057  -45.947  -28.449  38.163 0.0000000000
59904  -47.739  -29.291  39.257 0.0000000000
59875  -48.342  -29.782  41.077 0.0000000000
59857  -50.224  -29.831  41.822 0.0000000000
65137  -47.327  -23.555  40.084 0.0000000000
64100  -49.153  -25.235  40.196 0.0000000000
63116  -50.346  -26.174  39.675 0.0000000000
76800  -49.648  -13.369  36.147 0.0000000000
77838  -50.957  -13.101  35.903 0.0000000000
78807  -51.820  -12.938  35.612 0.0000000000
76830  -50.667  -14.376  33.634 0.0000000000
76820  -52.150  -13.539  34.365 0.0000000000
77850  -52.921  -13.207  34.614 0.0000000000
78815  -54.154  -12.566  33.514 0.0000000000
78816  -54.772  -12.290  33.384 0.0000000000
75813  -53.959  -14.613  30.149 0.0000000000
77880  -54.602  -12.845  31.021 0.0000000000
79813  -55.698  -11.334  31.509 0.0000000000
79848  -57.738  -10.850  28.531 0.0000000000
48895  -35.154  -38.858  45.045 0.0000000000
50029  -35.552  -38.256  44.980 0.0000000000
48894  -34.610  -39.482  44.659 0.0000000000
48912  -34.586  -38.937  44.024 0.0000000000
58768  -41.746  -30.734  39.428 0.0000000000
74644  -50.030  -14.939  39.378 0.0000000000
74657  -49.825  -14.279  38.543 0.0000000000
75714  -50.390  -13.971  38.989 0.0000000000
75726  -50.176  -13.609  38.121 0.0000000000
76776  -50.595  -13.016  38.130 0.0000000000
30756  -13.153  -55.336  51.046 0.0000000000
30757  -13.406  -55.560  51.486 0.0000000000
56485  -36.794  -32.663  44.799 0.0000000000
56486  -37.305  -32.586  44.995 0.0000000000
36595  -21.038  -50.033  57.865 0.0000000000
36613  -20.704  -50.337  56.282 0.0000000000
39092  -26.963  -47.659  54.239 0.0000000000
39070  -27.432  -48.047  55.316 0.0000000000
43033  -35.900  -45.293  53.267 0.0000000000
41809  -35.349  -45.769  52.683 0.0000000000
42995  -36.281  -45.241  55.131 0.0000000000
35416  -20.267  -51.067  56.613 0.0000000000
65160  -45.386  -24.391  38.783 0.0000000000
66228  -45.272  -23.137  38.720 0.0000000000
49906  -39.307  -38.357  50.071 0.0000000000
51015  -39.489  -37.700  50.341 0.0000000000
53162  -36.010  -35.554  44.868 0.0000000000
53147  -36.406  -35.564  45.976 0.0000000000
35512  -21.477  -49.976  49.530 0.0000000000
36702  -21.716  -49.150  49.276 0.0000000000
41883  -23.522  -46.580  49.289 0.0000000000
40509  -23.711  -47.149  49.996 0.0000000000
41858  -23.618  -46.536  49.847 0.0000000000
41839  -23.865  -46.572  50.972 0.0000000000
43059  -23.678  -46.184  50.139 0.0000000000
45412  -35.669  -42.673  47.863 0.0000000000
44238  -35.726  -43.172  49.204 0.0000000000
45375  -36.364  -42.929  49.274 0.0000000000
44222  -37.071  -43.315  50.272 0.0000000000
45376  -37.134  -42.922  49.603 0.0000000000
48790  -38.998  -39.472  49.883 0.0000000000
49922  -39.076  -38.873  50.300 0.0000000000
35523  -20.887  -50.673  48.697 0.0000000000
57528  -44.956  -32.570  45.737 0.0000000000
57509  -45.673  -32.356  46.436 0.0000000000
57529  -45.623  -32.341  45.499 0.0000000000
58728  -47.200  -30.381  42.146 0.0000000000
58709  -48.321  -30.425  42.928 0.0000000000
59823  -48.989  -30.300  43.226 0.0000000000
59835  -48.615  -30.099  42.534 0.0000000000
71371  -46.551  -18.591  39.381 0.0000000000
71357  -46.922  -19.229  39.807 0.0000000000
71358  -47.617  -18.674  40.204 0.0000000000
71337  -52.492  -18.107  42.964 0.0000000000
70260  -42.314  -19.479  36.368 0.0000000000
73617  -46.350  -16.745  34.426 0.0000000000
74684  -47.294  -16.179  34.708 0.0000000000
27348  -11.105  -57.717  50.831 0.0000000000
26154  -10.265  -58.466  50.327 0.0000000000
24947  -10.351  -58.812  52.182 0.0000000000
24883  -9.612  -60.743  57.372 0.0000000000
23659  -9.827  -61.183  58.114 0.0000000000
54185  -39.020  -35.034  50.184 0.0000000000
54174  -39.838  -34.925  51.191 0.0000000000
56416  -42.359  -33.641  48.005 0.0000000000
57569  -40.362  -32.432  43.321 0.0000000000
37833  -22.940  -48.738  54.334 0.0000000000
43112  -26.272  -45.248  47.855 0.0000000000
44234  -25.252  -45.156  47.895 0.0000000000
43094  -25.969  -45.818  48.564 0.0000000000
43079  -26.023  -46.371  49.629 0.0000000000
43131  -30.797  -44.648  47.448 0.0000000000
40457  -31.194  -47.301  53.170 0.0000000000
40438  -31.535  -47.739  53.772 0.0000000000
39097  -31.371  -47.955  54.753 0.0000000000
39098  -32.424  -47.926  54.149 0.0000000000
45270  -39.283  -42.256  56.296 0.0000000000
31853  -18.232  -53.911  55.101 0.0000000000
61074  -43.166  -27.962  37.745 0.0000000000
61055  -43.868  -28.720  37.966 0.0000000000
62157  -43.969  -27.638  38.076 0.0000000000
62163  -49.463  -27.377  38.755 0.0000000000
61061  -49.194  -28.059  38.645 0.0000000000
61062  -49.911  -28.033  38.827 0.0000000000
61041  -50.361  -28.439  39.150 0.0000000000
62165  -50.754  -27.695  38.997 0.0000000000
66171  -49.588  -23.156  42.319 0.0000000000
65105  -50.410  -23.855  42.131 0.0000000000
76816  -48.665  -15.309  33.679 0.0000000000
76817  -49.210  -14.733  34.141 0.0000000000
76828  -48.792  -15.319  33.168 0.0000000000
75789  -52.897  -14.644  32.057 0.0000000000
75790  -53.722  -14.126  32.082 0.0000000000
75799  -53.603  -14.613  31.118 0.0000000000
78892  -55.614  -11.942  27.074 0.0000000000
77945  -55.186  -12.669  27.386 0.0000000000
78864  -55.895  -12.041  28.019 0.0000000000
79845  -55.987  -11.746  28.804 0.0000000000
79846  -56.491  -11.283  28.308 0.0000000000
49966  -37.313  -38.829  47.321 0.0000000000
51071  -37.151  -37.904  47.621 0.0000000000
51133  -35.647  -37.498  44.606 0.0000000000
47733  -34.717  -40.605  45.478 0.0000000000
46607  -34.249  -40.796  45.152 0.0000000000
46590  -35.487  -41.325  46.360 0.0000000000
45442  -35.732  -41.826  46.617 0.0000000000
46573  -36.125  -41.348  47.079 0.0000000000
48845  -37.101  -39.578  46.946 0.0000000000
48824  -37.738  -39.402  48.301 0.0000000000
57592  -42.722  -31.915  42.402 0.0000000000
57573  -44.748  -32.150  43.429 0.0000000000
57593  -43.804  -31.786  42.316 0.0000000000
58725  -44.304  -31.446  41.861 0.0000000000
58742  -45.533  -30.747  41.153 0.0000000000
73561  -47.943  -17.006  39.413 0.0000000000
73549  -48.156  -17.370  39.854 0.0000000000
73562  -48.868  -16.168  39.542 0.0000000000
74620  -51.445  -15.979  40.833 0.0000000000
73541  -52.354  -16.827  41.909 0.0000000000
74621  -52.381  -15.672  41.237 0.0000000000
77815  -51.325  -11.943  37.481 0.0000000000
78787  -52.391  -11.478  36.974 0.0000000000
77827  -51.062  -11.956  36.883 0.0000000000
28497  -12.468  -56.023  50.692 0.0000000000
29625  -12.234  -56.017  50.041 0.0000000000
27360  -11.538  -56.983  50.358 0.0000000000
28488  -12.107  -56.722  51.383 0.0000000000
56430  -38.454  -33.634  47.434 0.0000000000
56412  -38.779  -33.883  48.105 0.0000000000
56449  -39.313  -33.333  46.442 0.0000000000
56432  -40.293  -33.956  47.149 0.0000000000
57506  -39.187  -32.870  45.691 0.0000000000
57567  -38.299  -32.131  43.453 0.0000000000
37815  -24.965  -48.166  55.632 0.0000000000
37816  -25.734  -47.981  55.750 0.0000000000
37797  -26.760  -48.408  56.996 0.0000000000
37781  -29.498  -49.388  57.812 0.0000000000
44285  -26.216  -44.655  46.051 0.0000000000
43084  -33.203  -44.935  50.420 0.0000000000
43066  -33.471  -45.300  51.086 0.0000000000
40477  -34.720  -46.549  53.133 0.0000000000
41826  -33.572  -46.302  52.227 0.0000000000
40476  -33.839  -46.985  52.964 0.0000000000
39134  -33.250  -47.231  52.866 0.0000000000
40459  -33.975  -47.244  53.492 0.0000000000
39119  -33.978  -47.602  54.238 0.0000000000
39057  -35.468  -47.139  56.387 0.0000000000
33037  -20.110  -52.747  50.316 0.0000000000
33048  -19.386  -52.587  49.448 0.0000000000
34229  -20.011  -52.491  54.006 0.0000000000
32996  -19.291  -52.750  55.555 0.0000000000
35390  -19.804  -51.252  57.995 0.0000000000
63144  -44.198  -26.511  38.354 0.0000000000
64129  -44.723  -25.520  38.667 0.0000000000
64116  -46.303  -24.931  39.230 0.0000000000
63127  -46.649  -25.878  39.198 0.0000000000
63128  -47.513  -25.985  39.200 0.0000000000
64118  -47.918  -25.391  39.546 0.0000000000
78913  -54.563  -11.505  26.402 0.0000000000
78933  -55.088  -11.141  26.194 0.0000000000
79881  -55.869  -11.101  26.557 0.0000000000
79880  -55.247  -10.729  26.114 0.0000000000
30728  -15.116  -56.189  54.796 0.0000000000
133264  -14.224  -55.991  57.513 0.0000000000
50986  -39.787  -37.305  53.703 0.0000000000
50993  -39.700  -37.321  52.975 0.0000000000
52093  -39.233  -36.645  50.667 0.0000000000
52079  -39.528  -36.821  51.413 0.0000000000
53116  -38.962  -35.790  50.270 0.0000000000
53115  -38.705  -35.954  49.599 0.0000000000
52122  -37.694  -37.185  48.163 0.0000000000
53136  -37.501  -35.578  47.365 0.0000000000
54210  -38.096  -34.994  48.101 0.0000000000
55324  -38.141  -34.179  47.766 0.0000000000
36647  -21.302  -50.109  52.928 0.0000000000
36648  -21.720  -49.370  52.681 0.0000000000
39182  -22.383  -48.293  49.259 0.0000000000
37879  -23.113  -48.200  51.074 0.0000000000
39110  -23.523  -47.893  52.495 0.0000000000
39089  -24.297  -47.806  53.501 0.0000000000
39111  -24.062  -47.625  52.820 0.0000000000
40449  -24.645  -46.834  52.437 0.0000000000
40450  -24.826  -46.849  52.811 0.0000000000
40431  -25.439  -47.118  53.223 0.0000000000
40451  -25.408  -46.718  52.727 0.0000000000
44323  -30.623  -43.311  44.931 0.0000000000
44306  -31.124  -43.433  45.543 0.0000000000
44290  -31.416  -43.726  46.363 0.0000000000
46605  -32.703  -41.550  44.766 0.0000000000
45439  -33.134  -43.202  46.828 0.0000000000
44273  -33.431  -43.876  47.910 0.0000000000
44272  -32.656  -43.966  47.537 0.0000000000
44220  -34.875  -44.336  50.366 0.0000000000
44170  -36.969  -44.409  53.880 0.0000000000
44206  -38.038  -43.020  51.522 0.0000000000
44187  -38.233  -43.235  52.347 0.0000000000
44188  -38.948  -43.038  52.682 0.0000000000
44162  -39.307  -43.119  54.296 0.0000000000
45326  -39.361  -42.813  52.842 0.0000000000
46543  -37.912  -41.325  48.972 0.0000000000
45377  -38.051  -42.307  49.833 0.0000000000
46523  -38.754  -41.350  49.860 0.0000000000
47634  -39.571  -40.417  51.388 0.0000000000
46504  -39.610  -41.457  51.521 0.0000000000
47635  -39.763  -40.957  51.879 0.0000000000
46489  -39.837  -41.467  53.092 0.0000000000
47605  -40.024  -40.487  53.862 0.0000000000
49878  -39.856  -38.469  53.351 0.0000000000
49866  -39.873  -37.930  54.009 0.0000000000
34300  -20.198  -51.430  48.385 0.0000000000
35494  -20.962  -50.731  52.050 0.0000000000
57465  -46.505  -32.327  48.485 0.0000000000
56403  -47.018  -32.230  49.221 0.0000000000
58652  -47.242  -31.916  47.722 0.0000000000
58639  -47.176  -31.779  48.107 0.0000000000
58653  -48.066  -31.868  47.297 0.0000000000
58641  -48.583  -31.661  48.138 0.0000000000
57574  -45.799  -31.765  43.396 0.0000000000
57530  -46.470  -32.085  45.335 0.0000000000
57553  -46.528  -31.713  44.368 0.0000000000
58680  -48.464  -31.283  44.601 0.0000000000
57532  -48.267  -31.620  45.330 0.0000000000
57533  -48.970  -31.408  45.326 0.0000000000
58670  -49.605  -31.297  46.055 0.0000000000
59809  -50.338  -30.730  45.265 0.0000000000
59816  -50.977  -30.340  44.623 0.0000000000
68193  -45.399  -21.127  39.723 0.0000000000
68207  -45.679  -21.580  39.498 0.0000000000
68194  -46.200  -21.416  39.827 0.0000000000
69176  -48.016  -20.734  41.244 0.0000000000
69194  -47.398  -21.090  40.764 0.0000000000
68179  -48.476  -21.507  41.713 0.0000000000
68164  -49.111  -21.499  42.135 0.0000000000
72492  -49.337  -17.960  40.593 0.0000000000
71360  -49.055  -18.602  40.982 0.0000000000
71347  -49.660  -18.816  41.312 0.0000000000
70185  -50.798  -19.475  42.717 0.0000000000
21366  -8.045  -62.885  54.320 0.0000000000
21376  -7.589  -62.960  53.095 0.0000000000
20239  -7.925  -63.292  53.428 0.0000000000
62170  -40.829  -27.692  37.026 0.0000000000
62184  -40.925  -26.991  36.999 0.0000000000
64154  -41.202  -25.755  36.921 0.0000000000
64135  -41.727  -25.203  37.395 0.0000000000
64136  -42.496  -25.617  37.774 0.0000000000
66242  -42.188  -23.530  37.746 0.0000000000
67290  -42.471  -22.985  37.931 0.0000000000
68218  -42.978  -21.622  38.314 0.0000000000
68204  -43.547  -21.123  38.565 0.0000000000
69214  -43.612  -20.469  38.389 0.0000000000
71382  -44.038  -19.207  37.877 0.0000000000
70237  -44.326  -19.388  38.444 0.0000000000
71383  -44.766  -18.881  38.217 0.0000000000
72546  -46.029  -18.301  36.294 0.0000000000
72533  -45.982  -18.118  37.361 0.0000000000
72523  -46.537  -17.401  37.886 0.0000000000
73583  -46.744  -17.066  37.235 0.0000000000
73596  -47.580  -16.460  36.388 0.0000000000
74666  -47.906  -15.965  37.001 0.0000000000
74696  -47.493  -15.700  34.205 0.0000000000
75761  -48.068  -15.336  33.895 0.0000000000
24968  -9.609  -59.052  50.368 0.0000000000
27306  -12.177  -57.451  53.868 0.0000000000
27318  -12.035  -57.293  52.860 0.0000000000
26090  -11.662  -58.143  54.401 0.0000000000
27283  -11.833  -57.491  58.545 0.0000000000
26082  -10.672  -58.854  56.016 0.0000000000
24910  -10.374  -59.451  54.046 0.0000000000
23681  -8.831  -61.002  55.726 0.0000000000
23690  -8.906  -60.771  54.750 0.0000000000
23689  -8.380  -61.102  54.011 0.0000000000
23680  -8.335  -61.420  54.952 0.0000000000
22517  -8.001  -61.784  54.160 0.0000000000
21341  -9.945  -62.360  57.298 0.0000000000
55253  -46.093  -33.805  52.423 0.0000000000
53076  -40.210  -36.478  53.275 0.0000000000
53077  -40.607  -36.588  53.894 0.0000000000
53086  -40.416  -36.178  53.136 0.0000000000
54163  -40.762  -35.045  51.753 0.0000000000
54151  -40.869  -35.670  52.991 0.0000000000
54152  -41.618  -35.169  52.791 0.0000000000
54140  -42.284  -34.948  53.605 0.0000000000
54164  -41.655  -34.805  51.948 0.0000000000
55310  -40.294  -34.545  48.983 0.0000000000
55278  -42.287  -34.411  50.798 0.0000000000
54165  -42.512  -34.544  51.868 0.0000000000
54176  -43.076  -34.384  51.421 0.0000000000
55279  -43.552  -34.126  50.865 0.0000000000
55297  -44.509  -33.407  49.529 0.0000000000
56383  -45.137  -33.299  50.034 0.0000000000
56401  -45.124  -33.116  49.361 0.0000000000
56454  -44.361  -32.796  46.534 0.0000000000
56469  -40.470  -33.306  45.331 0.0000000000
57549  -42.263  -32.957  44.059 0.0000000000
57571  -42.496  -32.439  43.251 0.0000000000
57607  -39.900  -32.134  41.513 0.0000000000
57608  -40.868  -31.827  41.487 0.0000000000
57626  -41.003  -31.434  40.532 0.0000000000
58704  -34.928  -31.277  43.131 0.0000000000
58721  -34.208  -30.973  42.584 0.0000000000
57603  -35.232  -31.589  41.595 0.0000000000
57623  -38.135  -31.911  40.581 0.0000000000
57642  -37.491  -31.968  39.611 0.0000000000
36621  -21.421  -49.652  54.913 0.0000000000
37792  -21.787  -49.401  56.818 0.0000000000
44232  -24.306  -45.311  48.376 0.0000000000
44249  -23.965  -44.758  47.636 0.0000000000
44217  -24.140  -45.594  49.244 0.0000000000
44199  -24.048  -45.905  50.302 0.0000000000
44200  -24.295  -45.830  50.067 0.0000000000
43048  -26.322  -46.476  51.481 0.0000000000
43031  -26.782  -46.666  52.193 0.0000000000
41804  -26.472  -46.778  52.440 0.0000000000
41805  -27.459  -46.910  52.475 0.0000000000
44287  -28.705  -44.364  46.041 0.0000000000
43130  -29.620  -44.881  47.564 0.0000000000
41866  -32.103  -46.319  50.384 0.0000000000
41890  -31.949  -46.082  49.572 0.0000000000
41864  -29.338  -46.587  50.408 0.0000000000
41841  -28.537  -46.548  51.009 0.0000000000
41785  -29.689  -47.138  53.274 0.0000000000
41807  -29.503  -46.922  52.775 0.0000000000
41784  -29.116  -47.199  53.148 0.0000000000
40454  -28.448  -47.352  53.388 0.0000000000
40435  -29.245  -47.376  53.643 0.0000000000
39095  -29.450  -47.555  54.579 0.0000000000
39075  -31.625  -48.314  55.675 0.0000000000
39077  -33.844  -48.020  55.621 0.0000000000
39054  -33.345  -48.365  56.505 0.0000000000
44160  -37.836  -43.906  54.746 0.0000000000
31901  -13.833  -54.081  49.861 0.0000000000
33047  -18.178  -53.025  48.945 0.0000000000
33061  -17.128  -52.615  48.427 0.0000000000
33035  -17.785  -53.499  50.013 0.0000000000
33045  -15.941  -52.969  49.597 0.0000000000
33044  -15.202  -53.198  49.378 0.0000000000
31903  -15.533  -53.489  49.930 0.0000000000
31892  -15.548  -54.098  50.686 0.0000000000
31882  -15.064  -54.774  51.819 0.0000000000
30748  -16.102  -55.292  53.394 0.0000000000
32987  -18.346  -52.838  57.062 0.0000000000
32980  -18.138  -52.695  58.147 0.0000000000
57448  -48.947  -32.010  50.450 0.0000000000
58784  -42.958  -30.256  38.527 0.0000000000
59919  -44.630  -29.586  38.404 0.0000000000
58772  -45.695  -30.175  39.325 0.0000000000
58757  -45.782  -30.381  40.189 0.0000000000
59902  -46.163  -29.931  39.308 0.0000000000
62159  -46.059  -27.494  38.448 0.0000000000
61058  -46.823  -28.220  38.328 0.0000000000
59905  -48.742  -29.267  39.387 0.0000000000
59890  -48.528  -29.675  40.173 0.0000000000
59889  -47.587  -29.691  40.186 0.0000000000
59876  -49.282  -29.819  41.050 0.0000000000
61001  -51.681  -28.922  40.723 0.0000000000
66204  -47.522  -22.969  40.331 0.0000000000
66203  -47.013  -23.163  39.881 0.0000000000
64084  -49.508  -24.758  40.826 0.0000000000
65139  -48.708  -24.577  40.565 0.0000000000
64120  -49.573  -25.961  39.770 0.0000000000
64101  -50.212  -25.532  40.240 0.0000000000
75744  -49.121  -13.803  36.164 0.0000000000
76799  -49.320  -13.704  35.629 0.0000000000
77847  -50.192  -13.466  35.086 0.0000000000
77837  -50.341  -13.332  35.441 0.0000000000
77839  -51.541  -13.009  35.705 0.0000000000
77849  -51.646  -13.096  35.101 0.0000000000
75773  -50.442  -15.209  32.906 0.0000000000
76831  -51.724  -14.153  33.747 0.0000000000
76821  -52.787  -13.521  34.323 0.0000000000
77858  -53.162  -13.434  34.179 0.0000000000
77851  -53.618  -12.896  34.135 0.0000000000
77859  -53.679  -13.097  33.607 0.0000000000
78833  -54.541  -12.586  32.256 0.0000000000
78824  -54.427  -12.559  32.715 0.0000000000
78825  -54.876  -12.251  32.558 0.0000000000
79801  -55.397  -12.008  32.276 0.0000000000
79812  -55.176  -11.794  31.961 0.0000000000
76903  -54.142  -13.998  28.394 0.0000000000
75847  -53.731  -14.507  28.867 0.0000000000
75830  -53.378  -14.937  29.350 0.0000000000
75814  -54.277  -14.229  29.730 0.0000000000
76868  -54.407  -13.752  30.194 0.0000000000
77887  -54.685  -12.979  30.255 0.0000000000
79822  -55.853  -11.090  30.430 0.0000000000
79814  -56.520  -10.904  31.634 0.0000000000
80814  -57.738  -10.494  27.743 0.0000000000
49987  -36.272  -38.848  46.088 0.0000000000
51090  -36.086  -37.993  46.271 0.0000000000
47766  -33.747  -40.231  44.205 0.0000000000
48893  -34.142  -39.853  44.317 0.0000000000
47748  -34.582  -40.206  45.086 0.0000000000
47734  -35.333  -40.449  45.883 0.0000000000
47735  -36.049  -40.161  46.268 0.0000000000
48865  -35.858  -39.552  45.907 0.0000000000
58739  -42.386  -31.298  40.953 0.0000000000
57611  -43.466  -31.469  41.750 0.0000000000
58755  -43.599  -30.744  40.255 0.0000000000
73574  -48.683  -15.559  38.798 0.0000000000
74643  -49.244  -15.414  39.204 0.0000000000
76765  -51.702  -12.916  39.047 0.0000000000
76766  -52.293  -12.501  39.234 0.0000000000
76777  -51.185  -12.873  38.508 0.0000000000
76789  -50.883  -12.496  37.839 0.0000000000
30774  -12.803  -55.016  50.152 0.0000000000
29634  -12.423  -55.401  49.677 0.0000000000
29619  -12.908  -55.734  51.092 0.0000000000
29611  -12.924  -56.219  51.624 0.0000000000
56468  -38.215  -32.809  45.825 0.0000000000
57524  -38.199  -32.484  45.320 0.0000000000
57565  -36.191  -32.047  43.444 0.0000000000
35391  -20.281  -50.706  58.396 0.0000000000
39069  -26.387  -47.852  55.245 0.0000000000
39048  -26.322  -48.199  56.162 0.0000000000
37817  -28.415  -48.392  56.348 0.0000000000
37818  -29.136  -48.404  56.167 0.0000000000
43068  -35.170  -45.118  51.712 0.0000000000
43067  -34.313  -45.478  51.614 0.0000000000
41828  -35.113  -46.206  52.847 0.0000000000
40461  -35.131  -46.412  53.668 0.0000000000
40440  -35.265  -46.573  54.549 0.0000000000
41751  -35.921  -46.050  56.063 0.0000000000
34230  -20.360  -51.783  54.509 0.0000000000
34191  -19.821  -51.899  56.352 0.0000000000
34192  -20.267  -51.407  56.056 0.0000000000
35404  -20.223  -50.826  57.523 0.0000000000
65159  -44.184  -24.466  38.409 0.0000000000
49891  -39.724  -38.304  51.850 0.0000000000
51002  -39.816  -37.460  52.099 0.0000000000
51016  -39.766  -37.629  51.171 0.0000000000
52107  -38.452  -37.011  49.385 0.0000000000
52148  -36.886  -36.277  46.725 0.0000000000
54220  -37.035  -34.781  46.643 0.0000000000
54219  -36.321  -34.400  46.059 0.0000000000
36668  -21.345  -49.912  51.894 0.0000000000
36688  -21.485  -49.796  51.085 0.0000000000
39200  -22.782  -47.539  48.362 0.0000000000
39183  -22.956  -48.076  49.117 0.0000000000
40510  -23.676  -47.676  49.614 0.0000000000
39149  -23.577  -47.580  50.876 0.0000000000
39150  -23.661  -47.223  51.455 0.0000000000
39132  -23.937  -47.293  52.191 0.0000000000
40493  -23.945  -46.881  51.546 0.0000000000
41820  -24.743  -46.625  51.804 0.0000000000
45440  -33.937  -42.310  46.423 0.0000000000
45411  -34.818  -43.113  47.972 0.0000000000
44255  -34.710  -43.515  48.465 0.0000000000
45355  -38.219  -42.749  50.873 0.0000000000
47654  -38.633  -40.340  49.428 0.0000000000
47619  -39.691  -39.936  51.959 0.0000000000
48766  -39.735  -39.594  52.345 0.0000000000
48765  -39.436  -39.301  51.707 0.0000000000
34316  -20.369  -50.905  47.847 0.0000000000
35511  -21.056  -50.679  49.886 0.0000000000
57490  -45.616  -32.457  47.086 0.0000000000
57491  -46.562  -32.296  47.336 0.0000000000
57492  -47.212  -32.220  46.992 0.0000000000
58707  -46.530  -31.313  43.092 0.0000000000
58691  -46.840  -31.403  43.925 0.0000000000
58694  -49.419  -30.613  43.846 0.0000000000
59824  -49.828  -30.354  43.368 0.0000000000
59837  -50.081  -30.121  42.682 0.0000000000
70209  -45.927  -20.268  39.496 0.0000000000
70210  -46.408  -20.076  39.708 0.0000000000
70211  -47.571  -20.062  40.458 0.0000000000
70196  -48.420  -20.028  41.154 0.0000000000
72482  -51.627  -17.814  41.874 0.0000000000
71348  -50.647  -18.499  41.874 0.0000000000
71349  -51.291  -18.449  42.223 0.0000000000
78810  -54.509  -12.463  34.646 0.0000000000
66264  -40.886  -23.825  36.993 0.0000000000
70251  -42.637  -20.200  37.165 0.0000000000
70235  -43.321  -20.307  37.728 0.0000000000
70252  -43.514  -19.615  37.398 0.0000000000
71398  -43.864  -19.184  37.070 0.0000000000
72558  -45.660  -17.991  34.877 0.0000000000
72547  -46.586  -17.657  35.851 0.0000000000
73606  -47.740  -16.230  35.520 0.0000000000
74695  -46.641  -15.751  33.908 0.0000000000
24946  -9.633  -59.606  51.655 0.0000000000
27292  -12.258  -57.487  56.417 0.0000000000
26075  -11.170  -58.352  57.937 0.0000000000
26074  -10.502  -59.411  58.221 0.0000000000
24889  -10.002  -59.698  56.338 0.0000000000
24888  -9.465  -60.543  56.520 0.0000000000
23672  -9.051  -61.369  56.576 0.0000000000
23666  -9.597  -61.256  57.566 0.0000000000
22487  -9.924  -61.672  57.833 0.0000000000
54150  -40.220  -35.868  52.561 0.0000000000
55263  -40.626  -34.701  51.208 0.0000000000
56397  -40.832  -34.604  49.098 0.0000000000
56398  -41.558  -34.381  48.886 0.0000000000
55311  -43.962  -33.456  48.837 0.0000000000
56417  -43.324  -33.324  48.096 0.0000000000
56452  -42.591  -33.425  46.398 0.0000000000
57547  -40.052  -32.554  44.170 0.0000000000
57624  -39.192  -32.167  40.584 0.0000000000
37793  -22.528  -49.024  56.663 0.0000000000
37776  -24.197  -48.947  57.677 0.0000000000
37758  -26.897  -49.159  58.754 0.0000000000
37757  -26.025  -49.512  58.765 0.0000000000
44268  -25.227  -44.443  46.878 0.0000000000
44267  -24.440  -44.321  46.915 0.0000000000
44251  -25.313  -45.012  47.654 0.0000000000
44233  -24.878  -45.353  48.251 0.0000000000
43078  -25.085  -46.066  50.177 0.0000000000
43062  -25.127  -46.184  50.457 0.0000000000
41861  -25.583  -46.119  49.522 0.0000000000
43064  -27.054  -46.603  51.038 0.0000000000
43147  -30.120  -44.615  46.776 0.0000000000
43116  -30.141  -45.329  48.230 0.0000000000
40495  -32.091  -46.662  51.524 0.0000000000
40511  -31.596  -46.707  51.016 0.0000000000
40494  -31.136  -46.958  51.636 0.0000000000
41843  -30.158  -46.981  51.800 0.0000000000
41824  -29.942  -46.928  52.455 0.0000000000
40456  -30.475  -47.138  53.312 0.0000000000
39096  -30.417  -47.645  54.720 0.0000000000
31894  -17.507  -53.875  50.867 0.0000000000
31893  -16.577  -53.979  50.890 0.0000000000
31872  -17.082  -54.830  53.188 0.0000000000
30740  -16.929  -55.110  54.338 0.0000000000
32968  -19.028  -52.511  59.228 0.0000000000
34152  -18.739  -52.534  58.585 0.0000000000
59938  -42.354  -29.062  37.559 0.0000000000
59918  -43.397  -29.665  38.088 0.0000000000
59920  -45.854  -29.497  38.538 0.0000000000
62161  -47.799  -27.366  38.522 0.0000000000
61059  -47.607  -28.102  38.444 0.0000000000
61060  -48.399  -28.085  38.543 0.0000000000
61039  -48.973  -28.713  38.855 0.0000000000
59906  -49.578  -29.128  39.412 0.0000000000
59892  -50.327  -29.238  40.066 0.0000000000
59907  -50.168  -28.884  39.402 0.0000000000
59893  -51.047  -28.962  40.245 0.0000000000
61021  -51.510  -28.642  39.935 0.0000000000
66188  -48.663  -23.080  41.544 0.0000000000
65121  -48.314  -23.609  41.075 0.0000000000
66189  -49.156  -23.658  41.745 0.0000000000
65123  -49.794  -24.181  41.634 0.0000000000
75752  -48.921  -14.626  34.786 0.0000000000
76807  -49.304  -13.990  34.965 0.0000000000
76818  -50.041  -13.904  34.492 0.0000000000
75775  -52.332  -14.537  32.960 0.0000000000
75777  -53.718  -13.803  32.592 0.0000000000
76845  -54.050  -13.476  32.287 0.0000000000
77879  -54.455  -12.906  31.877 0.0000000000
77943  -53.494  -12.487  27.109 0.0000000000
76920  -55.016  -13.189  27.888 0.0000000000
77901  -55.202  -12.802  29.076 0.0000000000
78849  -54.938  -12.651  29.830 0.0000000000
78850  -55.451  -12.334  29.342 0.0000000000
79831  -55.962  -11.451  29.476 0.0000000000
81747  -57.853  -9.490  27.015 0.0000000000
80832  -57.970  -9.904  27.290 0.0000000000
79882  -58.267  -10.077  26.880 0.0000000000
49933  -38.196  -38.552  49.184 0.0000000000
51053  -37.772  -38.011  48.147 0.0000000000
52147  -36.405  -36.925  46.045 0.0000000000
36715  -21.603  -48.900  48.224 0.0000000000
39220  -22.747  -47.219  47.643 0.0000000000
41908  -23.364  -46.520  48.339 0.0000000000
46622  -32.419  -41.297  44.043 0.0000000000
46606  -33.542  -41.442  45.257 0.0000000000
46624  -33.783  -40.736  44.714 0.0000000000
46588  -33.861  -41.750  45.854 0.0000000000
45441  -35.121  -42.070  46.453 0.0000000000
45427  -35.736  -42.225  47.048 0.0000000000
45413  -36.359  -42.262  48.179 0.0000000000
45396  -36.881  -42.438  48.707 0.0000000000
46559  -36.965  -41.368  48.059 0.0000000000
47722  -36.460  -40.373  46.883 0.0000000000
47700  -37.011  -40.347  47.504 0.0000000000
47701  -37.468  -40.266  48.103 0.0000000000
47677  -38.068  -40.102  48.689 0.0000000000
48802  -37.980  -39.206  48.861 0.0000000000
57551  -44.596  -32.648  44.620 0.0000000000
58724  -43.726  -31.467  41.780 0.0000000000
58706  -45.861  -31.534  42.832 0.0000000000
58727  -46.500  -30.733  42.033 0.0000000000
59853  -46.812  -30.278  41.664 0.0000000000
72503  -47.267  -17.895  39.553 0.0000000000
72490  -47.604  -18.096  40.054 0.0000000000
72491  -48.094  -17.854  40.168 0.0000000000
72493  -50.111  -17.576  40.740 0.0000000000
73551  -50.165  -16.631  40.421 0.0000000000
72481  -50.655  -17.458  41.157 0.0000000000
77807  -52.401  -11.809  38.632 0.0000000000
79787  -52.745  -11.509  36.758 0.0000000000
78801  -52.673  -12.118  36.276 0.0000000000
29642  -12.196  -55.320  49.157 0.0000000000
28506  -11.544  -56.624  49.575 0.0000000000
27376  -11.345  -57.075  49.961 0.0000000000
26134  -11.375  -57.692  51.761 0.0000000000
55308  -38.895  -34.301  48.711 0.0000000000
55292  -39.485  -34.633  49.561 0.0000000000
57526  -39.890  -32.499  44.911 0.0000000000
57525  -39.084  -32.339  45.076 0.0000000000
45423  -24.947  -44.255  46.262 0.0000000000
44269  -25.955  -44.791  47.343 0.0000000000
43113  -26.916  -45.532  48.047 0.0000000000
43100  -32.723  -44.929  49.381 0.0000000000
43099  -31.807  -45.593  49.069 0.0000000000
43083  -32.690  -45.374  50.188 0.0000000000
41867  -32.628  -45.764  50.612 0.0000000000
41845  -32.695  -46.001  51.204 0.0000000000
41847  -33.947  -45.896  51.986 0.0000000000
41846  -33.460  -45.809  51.704 0.0000000000
40496  -32.620  -46.437  51.766 0.0000000000
40475  -32.789  -46.941  52.376 0.0000000000
39117  -32.923  -47.496  53.168 0.0000000000
39078  -34.875  -47.584  55.710 0.0000000000
40439  -34.918  -47.182  55.010 0.0000000000
39056  -35.231  -47.656  56.594 0.0000000000
34283  -18.135  -52.469  48.233 0.0000000000
33036  -19.073  -53.388  50.214 0.0000000000
33017  -19.776  -53.405  52.288 0.0000000000
33025  -19.168  -53.764  51.341 0.0000000000
31854  -18.855  -53.783  54.492 0.0000000000
33003  -18.913  -53.383  55.126 0.0000000000
32988  -19.058  -52.614  56.396 0.0000000000
34171  -19.446  -51.801  57.449 0.0000000000
34153  -19.342  -51.938  58.539 0.0000000000
63156  -43.458  -26.797  38.093 0.0000000000
63146  -46.281  -26.692  38.936 0.0000000000
63148  -48.048  -26.662  38.781 0.0000000000
63149  -48.858  -26.733  38.852 0.0000000000
63150  -49.479  -26.802  38.978 0.0000000000
76843  -48.311  -14.742  32.274 0.0000000000
75785  -48.930  -14.643  31.764 0.0000000000
77955  -54.177  -12.141  26.654 0.0000000000
77957  -55.255  -12.123  26.850 0.0000000000
78893  -55.999  -11.504  27.187 0.0000000000
79865  -56.514  -11.008  27.078 0.0000000000
80830  -56.889  -10.299  26.778 0.0000000000
30746  -14.394  -55.657  52.766 0.0000000000
30737  -14.671  -55.789  53.843 0.0000000000
30727  -14.369  -56.213  54.806 0.0000000000
133263  -13.806  -56.400  56.979 0.0000000000
52058  -39.922  -36.769  53.401 0.0000000000
53085  -40.020  -36.254  52.655 0.0000000000
53095  -39.676  -36.171  51.836 0.0000000000
53127  -37.824  -36.226  48.062 0.0000000000
54199  -38.645  -35.009  49.091 0.0000000000
56429  -37.607  -33.662  46.980 0.0000000000
55336  -36.736  -33.946  46.282 0.0000000000
56446  -37.092  -33.552  46.278 0.0000000000
56466  -36.697  -33.201  45.391 0.0000000000
56484  -36.019  -32.689  44.472 0.0000000000
36620  -20.766  -50.353  55.155 0.0000000000
37832  -22.139  -49.189  54.651 0.0000000000
37878  -22.408  -48.728  51.158 0.0000000000
37899  -22.823  -48.507  50.559 0.0000000000
37834  -23.786  -48.364  53.948 0.0000000000
39090  -24.988  -47.385  53.656 0.0000000000
40452  -26.926  -47.414  53.566 0.0000000000
44322  -29.905  -43.466  44.593 0.0000000000
44289  -30.650  -44.139  46.211 0.0000000000
44270  -31.058  -44.220  46.784 0.0000000000
43132  -31.871  -44.588  47.804 0.0000000000
45453  -31.633  -42.860  45.492 0.0000000000
44291  -32.195  -43.391  46.585 0.0000000000
43133  -32.608  -44.656  47.995 0.0000000000
44235  -33.122  -44.551  49.215 0.0000000000
44219  -33.987  -44.871  50.590 0.0000000000
44203  -34.718  -44.883  51.140 0.0000000000
43051  -35.719  -45.131  52.303 0.0000000000
44169  -36.360  -44.763  53.491 0.0000000000
43015  -36.585  -44.809  54.713 0.0000000000
44171  -37.929  -43.658  53.597 0.0000000000
45311  -39.235  -43.037  54.801 0.0000000000
45312  -39.657  -42.468  54.605 0.0000000000
45397  -37.571  -42.278  49.062 0.0000000000
45356  -39.091  -42.258  51.273 0.0000000000
46524  -39.320  -41.375  50.717 0.0000000000
45357  -39.543  -42.082  51.908 0.0000000000
45340  -39.647  -42.216  52.588 0.0000000000
46471  -39.863  -41.648  53.975 0.0000000000
46437  -39.944  -41.087  55.748 0.0000000000
48753  -40.042  -39.449  53.107 0.0000000000
48738  -40.331  -38.976  54.402 0.0000000000
35521  -18.609  -51.302  47.460 0.0000000000
33049  -20.221  -52.150  49.699 0.0000000000
34286  -20.525  -51.455  49.389 0.0000000000
33050  -20.507  -51.739  49.950 0.0000000000
35479  -20.791  -50.933  53.109 0.0000000000
56385  -46.879  -32.622  49.996 0.0000000000
57478  -46.841  -31.980  48.112 0.0000000000
57467  -47.770  -31.938  48.873 0.0000000000
58631  -48.247  -31.884  48.924 0.0000000000
58632  -48.928  -31.726  48.798 0.0000000000
57511  -47.220  -32.180  46.129 0.0000000000
58679  -47.786  -31.488  44.698 0.0000000000
57512  -48.099  -32.014  46.180 0.0000000000
58669  -48.770  -31.628  46.599 0.0000000000
58655  -50.118  -31.194  46.962 0.0000000000
67255  -44.847  -22.041  38.890 0.0000000000
67256  -45.702  -22.331  39.130 0.0000000000
67242  -46.135  -21.939  39.556 0.0000000000
67243  -46.739  -22.308  39.943 0.0000000000
67244  -47.330  -22.196  40.472 0.0000000000
68196  -47.495  -21.764  40.767 0.0000000000
67227  -47.904  -22.432  40.967 0.0000000000
67228  -48.363  -22.196  41.505 0.0000000000
67214  -48.948  -22.364  41.965 0.0000000000
67200  -49.910  -22.599  42.775 0.0000000000
70197  -49.324  -19.781  41.886 0.0000000000
70198  -50.073  -19.251  42.038 0.0000000000
70184  -50.014  -19.730  42.297 0.0000000000
69178  -49.327  -20.434  42.142 0.0000000000
68165  -49.685  -21.386  42.500 0.0000000000
22526  -7.865  -62.215  53.219 0.0000000000
58782  -40.917  -30.662  38.418 0.0000000000
59915  -40.861  -30.337  37.802 0.0000000000
59916  -41.338  -30.134  37.871 0.0000000000
59937  -41.409  -29.340  37.487 0.0000000000
61071  -40.502  -28.639  37.050 0.0000000000
61073  -42.361  -28.128  37.550 0.0000000000
62172  -42.499  -27.258  37.633 0.0000000000
63167  -41.262  -26.547  37.083 0.0000000000
63155  -42.786  -26.544  37.847 0.0000000000
65170  -42.987  -25.172  38.044 0.0000000000
65168  -41.601  -24.486  37.379 0.0000000000
65158  -43.160  -24.426  38.196 0.0000000000
66226  -43.573  -23.580  38.325 0.0000000000
67270  -43.916  -22.711  38.431 0.0000000000
68236  -42.434  -22.188  37.895 0.0000000000
67254  -44.233  -22.114  38.665 0.0000000000
68205  -44.271  -21.396  38.872 0.0000000000
69202  -44.857  -20.723  39.316 0.0000000000
70222  -43.988  -20.143  38.605 0.0000000000
70223  -44.397  -19.941  38.854 0.0000000000
70224  -45.511  -19.969  39.339 0.0000000000
71370  -45.760  -18.960  39.231 0.0000000000
71385  -46.066  -18.510  39.031 0.0000000000
71410  -43.712  -19.343  36.042 0.0000000000
71400  -45.367  -18.525  37.813 0.0000000000
72512  -46.013  -18.244  38.504 0.0000000000
72513  -46.407  -18.073  38.794 0.0000000000
72514  -46.997  -17.391  38.699 0.0000000000
73572  -47.402  -16.835  38.623 0.0000000000
73584  -47.269  -16.547  37.588 0.0000000000
74655  -48.402  -15.469  38.122 0.0000000000
74668  -48.984  -14.390  37.365 0.0000000000
75735  -48.826  -14.348  36.523 0.0000000000
74686  -48.668  -14.900  35.191 0.0000000000
75784  -46.842  -14.714  32.616 0.0000000000
30745  -13.831  -55.962  52.322 0.0000000000
29604  -13.383  -56.356  52.683 0.0000000000
29603  -12.919  -56.502  52.301 0.0000000000
28457  -12.535  -56.883  52.990 0.0000000000
28468  -12.402  -56.848  52.567 0.0000000000
28467  -12.039  -57.069  52.374 0.0000000000
26113  -11.459  -57.882  52.331 0.0000000000
27284  -12.291  -57.019  58.053 0.0000000000
27287  -11.902  -57.538  57.552 0.0000000000
26083  -11.544  -58.170  55.613 0.0000000000
26112  -11.001  -58.546  52.612 0.0000000000
24926  -10.393  -59.211  52.890 0.0000000000
24909  -9.638  -60.129  54.421 0.0000000000
22516  -7.901  -62.429  54.141 0.0000000000
21358  -8.112  -62.565  54.850 0.0000000000
22496  -8.510  -62.162  56.025 0.0000000000
21349  -8.901  -62.718  56.126 0.0000000000
56365  -46.521  -33.316  51.807 0.0000000000
53069  -41.249  -36.359  54.723 0.0000000000
54187  -40.239  -34.635  50.499 0.0000000000
55276  -40.600  -34.601  50.757 0.0000000000
55277  -41.223  -34.506  50.643 0.0000000000
54154  -43.145  -34.419  52.745 0.0000000000
55251  -44.531  -34.061  52.557 0.0000000000
55267  -44.592  -33.951  51.607 0.0000000000
55268  -45.346  -33.665  51.359 0.0000000000
56373  -46.005  -33.330  51.148 0.0000000000
56419  -45.590  -32.754  48.056 0.0000000000
56437  -45.390  -32.602  47.438 0.0000000000
57489  -44.921  -32.442  47.018 0.0000000000
56473  -44.445  -32.885  45.878 0.0000000000
56489  -44.006  -33.132  45.114 0.0000000000
56471  -42.798  -33.380  45.653 0.0000000000
56488  -43.057  -33.248  44.928 0.0000000000
57627  -41.565  -31.417  40.733 0.0000000000
58752  -40.954  -31.040  40.141 0.0000000000
57542  -35.217  -32.243  43.876 0.0000000000
58690  -35.445  -31.785  43.367 0.0000000000
57605  -37.735  -31.887  41.553 0.0000000000
57621  -35.779  -32.180  40.541 0.0000000000
57661  -38.029  -31.676  38.849 0.0000000000
57644  -39.570  -32.129  39.659 0.0000000000
57663  -39.851  -31.947  39.058 0.0000000000
58766  -40.438  -31.345  39.232 0.0000000000
58781  -40.004  -31.392  38.643 0.0000000000
37773  -21.647  -49.535  57.871 0.0000000000
37774  -22.313  -49.122  57.663 0.0000000000
43109  -23.219  -45.846  47.883 0.0000000000
43091  -23.362  -45.975  48.711 0.0000000000
44215  -23.579  -45.899  49.635 0.0000000000
43060  -23.931  -46.196  50.531 0.0000000000
43045  -24.349  -46.379  50.992 0.0000000000
43046  -24.859  -46.440  51.334 0.0000000000
43028  -25.338  -46.507  51.688 0.0000000000
41803  -25.824  -46.614  52.375 0.0000000000
41781  -25.964  -46.954  52.801 0.0000000000
40433  -26.844  -47.270  53.187 0.0000000000
39114  -27.729  -47.602  53.907 0.0000000000
43145  -28.152  -44.836  46.745 0.0000000000
43128  -27.577  -45.244  47.415 0.0000000000
43098  -30.720  -46.027  48.720 0.0000000000
41888  -30.076  -46.417  49.629 0.0000000000
43097  -29.546  -46.034  48.913 0.0000000000
43096  -28.306  -46.273  49.204 0.0000000000
43081  -27.975  -46.473  49.895 0.0000000000
41862  -27.879  -46.524  50.192 0.0000000000
41840  -27.821  -46.582  50.660 0.0000000000
41821  -27.721  -46.649  51.484 0.0000000000
41823  -29.393  -46.699  52.178 0.0000000000
39115  -28.451  -47.624  54.210 0.0000000000
39094  -28.744  -47.704  54.846 0.0000000000
39072  -29.287  -47.962  55.449 0.0000000000
37819  -29.783  -48.203  56.035 0.0000000000
39051  -30.415  -48.278  56.261 0.0000000000
37801  -30.694  -48.695  56.910 0.0000000000
39076  -32.587  -48.309  55.434 0.0000000000
30775  -13.223  -54.528  49.962 0.0000000000
30767  -13.961  -54.659  51.052 0.0000000000
33046  -16.975  -52.871  49.391 0.0000000000
31914  -14.607  -53.153  48.956 0.0000000000
31881  -14.368  -54.693  51.333 0.0000000000
30759  -14.683  -55.219  52.280 0.0000000000
30747  -15.178  -55.272  52.877 0.0000000000
58769  -42.765  -30.555  39.375 0.0000000000
58756  -44.667  -30.643  40.167 0.0000000000
59900  -43.685  -30.064  38.575 0.0000000000
58758  -46.354  -30.165  40.688 0.0000000000
59854  -47.356  -30.101  41.724 0.0000000000
59922  -47.444  -28.710  38.618 0.0000000000
59921  -46.815  -29.058  38.554 0.0000000000
59903  -46.826  -29.649  39.286 0.0000000000
59874  -47.460  -29.889  41.049 0.0000000000
59855  -48.124  -29.985  41.812 0.0000000000
59856  -49.096  -29.782  42.029 0.0000000000
60963  -51.031  -29.544  42.656 0.0000000000
59877  -50.191  -29.626  40.900 0.0000000000
60980  -50.919  -29.494  41.967 0.0000000000
66215  -46.019  -23.518  39.088 0.0000000000
65150  -46.822  -24.055  39.723 0.0000000000
65151  -47.598  -24.687  39.835 0.0000000000
65138  -47.887  -23.990  40.484 0.0000000000
64099  -48.325  -24.896  40.031 0.0000000000
64119  -48.723  -25.668  39.698 0.0000000000
63130  -49.148  -26.322  39.304 0.0000000000
63131  -49.978  -26.592  39.278 0.0000000000
63132  -50.883  -26.642  39.318 0.0000000000
62144  -50.528  -27.154  39.036 0.0000000000
62145  -51.386  -27.433  39.242 0.0000000000
75737  -49.867  -13.550  37.399 0.0000000000
76787  -49.867  -13.283  36.847 0.0000000000
76801  -50.248  -12.953  36.420 0.0000000000
76809  -50.167  -13.162  35.815 0.0000000000
77826  -50.797  -12.493  36.617 0.0000000000
78799  -51.195  -12.604  36.325 0.0000000000
78800  -51.713  -12.652  36.152 0.0000000000
78808  -52.379  -12.781  35.445 0.0000000000
76819  -51.120  -13.688  34.426 0.0000000000
78809  -53.585  -12.585  34.776 0.0000000000
79794  -55.577  -12.097  32.725 0.0000000000
74722  -53.284  -15.154  30.689 0.0000000000
76867  -54.063  -14.157  30.695 0.0000000000
76854  -54.454  -13.278  30.685 0.0000000000
78842  -54.978  -12.389  30.410 0.0000000000
78835  -55.633  -11.578  31.044 0.0000000000
21359  -8.364  -62.782  55.263 0.0000000000
22479  -10.035  -61.276  58.278 0.0000000000
22507  -8.010  -62.488  54.633 0.0000000000
27307  -12.496  -57.026  53.320 0.0000000000
27334  -11.748  -57.346  52.083 0.0000000000
27375  -10.994  -57.276  49.544 0.0000000000
28479  -12.041  -56.948  51.927 0.0000000000
28489  -12.494  -56.307  51.218 0.0000000000
29612  -13.365  -56.161  51.920 0.0000000000
30749  -16.610  -55.182  53.772 0.0000000000
30765  -12.961  -55.273  50.736 0.0000000000
33038  -20.458  -51.945  50.453 0.0000000000
34249  -20.199  -52.671  53.418 0.0000000000
35415  -20.019  -51.438  56.685 0.0000000000
35542  -21.436  -49.553  47.688 0.0000000000
36605  -20.675  -50.416  57.192 0.0000000000
37820  -31.634  -48.270  55.467 0.0000000000
37821  -31.839  -48.354  55.346 0.0000000000
37835  -31.644  -48.231  55.229 0.0000000000
39079  -35.267  -47.321  56.104 0.0000000000
39113  -27.232  -47.510  53.746 0.0000000000
39133  -24.250  -47.335  52.637 0.0000000000
39135  -33.409  -47.343  53.139 0.0000000000
39165  -22.753  -48.381  49.555 0.0000000000
39167  -23.660  -47.964  49.575 0.0000000000
39184  -23.471  -47.942  49.360 0.0000000000
40419  -35.086  -47.219  55.457 0.0000000000
40434  -28.954  -47.338  53.368 0.0000000000
40453  -27.372  -47.315  53.305 0.0000000000
40455  -28.906  -47.519  54.043 0.0000000000
40472  -24.410  -47.134  52.569 0.0000000000
40478  -35.140  -46.314  53.196 0.0000000000
40512  -31.974  -46.481  50.992 0.0000000000
40532  -23.594  -47.718  49.380 0.0000000000
41782  -26.653  -47.093  52.832 0.0000000000
41786  -30.071  -47.104  53.348 0.0000000000
41801  -24.674  -46.737  52.181 0.0000000000
41810  -35.450  -46.002  53.250 0.0000000000
41838  -23.708  -46.491  50.309 0.0000000000
41859  -25.147  -45.798  49.596 0.0000000000
41860  -25.346  -45.930  49.612 0.0000000000
41884  -25.363  -45.844  49.361 0.0000000000
41885  -25.534  -45.839  49.191 0.0000000000
41909  -25.912  -45.993  48.853 0.0000000000
41910  -25.483  -45.727  48.939 0.0000000000
43029  -25.755  -46.475  51.874 0.0000000000
43034  -36.401  -44.906  53.934 0.0000000000
43047  -25.602  -46.437  51.281 0.0000000000
43050  -35.126  -45.502  52.164 0.0000000000
43076  -23.634  -45.997  49.972 0.0000000000
43077  -25.014  -45.770  49.877 0.0000000000
43092  -25.175  -45.745  49.361 0.0000000000
43093  -25.042  -45.560  49.041 0.0000000000
43110  -25.453  -45.783  49.128 0.0000000000
43111  -25.250  -45.678  48.985 0.0000000000
44172  -39.060  -43.270  53.444 0.0000000000
44218  -24.644  -45.595  49.091 0.0000000000
45327  -39.702  -42.468  53.486 0.0000000000
45338  -38.543  -42.821  51.623 0.0000000000
45410  -34.383  -43.463  48.109 0.0000000000
47749  -34.871  -40.129  45.446 0.0000000000
48879  -34.763  -39.838  45.182 0.0000000000
49877  -39.741  -38.010  52.706 0.0000000000
49948  -37.875  -38.599  48.564 0.0000000000
51028  -39.106  -37.860  49.756 0.0000000000
52092  -38.923  -37.037  50.069 0.0000000000
53087  -40.753  -36.139  53.461 0.0000000000
53137  -37.951  -35.596  48.026 0.0000000000
54161  -39.919  -35.816  52.169 0.0000000000
54175  -40.259  -34.682  50.992 0.0000000000
54177  -43.525  -34.230  51.570 0.0000000000
54200  -38.878  -34.644  49.399 0.0000000000
55281  -45.440  -33.416  50.636 0.0000000000
56404  -47.753  -32.070  49.159 0.0000000000
56428  -37.216  -33.781  46.634 0.0000000000
57479  -47.340  -31.863  48.416 0.0000000000
57554  -47.217  -31.509  44.431 0.0000000000
57595  -45.533  -31.629  42.733 0.0000000000
57646  -40.755  -31.207  39.965 0.0000000000
58723  -35.490  -31.644  42.785 0.0000000000
58738  -41.859  -31.416  40.806 0.0000000000
58785  -43.447  -30.125  38.534 0.0000000000
58786  -45.385  -29.976  38.792 0.0000000000
58803  -40.592  -30.443  37.777 0.0000000000
59858  -50.786  -29.476  41.489 0.0000000000
59873  -46.783  -30.053  41.120 0.0000000000
59887  -46.078  -30.145  39.747 0.0000000000
61020  -50.765  -28.763  39.646 0.0000000000
61063  -50.478  -28.028  38.946 0.0000000000
62164  -50.169  -27.579  38.937 0.0000000000
63166  -40.712  -26.378  36.675 0.0000000000
65157  -42.711  -24.206  38.094 0.0000000000
66156  -49.865  -22.925  42.720 0.0000000000
66157  -50.203  -22.952  42.919 0.0000000000
67216  -49.957  -21.959  42.792 0.0000000000
67257  -46.297  -22.348  39.496 0.0000000000
67272  -45.130  -22.512  38.800 0.0000000000
68166  -50.284  -21.321  42.902 0.0000000000
69162  -49.357  -20.882  42.232 0.0000000000
69164  -50.641  -20.550  43.047 0.0000000000
69191  -45.330  -20.823  39.570 0.0000000000
69192  -45.843  -20.678  39.620 0.0000000000
69200  -43.585  -20.690  38.470 0.0000000000
70195  -48.028  -20.310  40.926 0.0000000000
71336  -51.790  -18.721  42.730 0.0000000000
71372  -47.088  -18.590  39.745 0.0000000000
72483  -52.294  -17.487  42.217 0.0000000000
72504  -47.849  -17.507  39.779 0.0000000000
73540  -51.278  -16.675  41.149 0.0000000000
73552  -50.963  -16.132  40.737 0.0000000000
74632  -50.223  -15.648  40.005 0.0000000000
74723  -53.589  -14.908  30.543 0.0000000000
74735  -52.900  -15.307  30.279 0.0000000000
74736  -53.438  -15.150  30.142 0.0000000000
75727  -50.680  -13.388  38.627 0.0000000000
75831  -54.086  -14.497  29.254 0.0000000000
76833  -53.679  -13.519  33.006 0.0000000000
76904  -54.786  -13.468  28.204 0.0000000000
76919  -54.587  -13.342  27.665 0.0000000000
77900  -54.896  -13.119  29.396 0.0000000000
77920  -54.786  -13.572  28.740 0.0000000000
77956  -54.830  -12.201  26.679 0.0000000000
78775  -51.956  -11.638  37.391 0.0000000000
78785  -51.269  -12.238  36.517 0.0000000000
78914  -55.261  -11.540  26.472 0.0000000000
78932  -54.891  -11.285  26.228 0.0000000000
79900  -54.675  -11.112  26.246 0.0000000000
79901  -54.862  -10.987  26.141 0.0000000000
80815  -57.846  -10.490  27.767 0.0000000000
