#!ascii label  , from subject 3608 vox2ras=TkReg
2119
12802  -40.783  -70.769  -19.475 0.1000000015
12821  -40.137  -70.957  -20.338 0.1000000015
12833  -38.212  -70.799  -21.012 0.1000000015
11766  -39.830  -71.589  -21.193 0.1000000015
11787  -39.630  -71.788  -21.696 0.1000000015
11788  -40.459  -71.661  -21.780 0.1000000015
11827  -38.799  -71.834  -23.381 0.1000000015
12870  -40.973  -70.893  -22.557 0.1000000015
13979  -41.099  -70.084  -22.888 0.1000000015
12900  -40.116  -70.855  -23.923 0.1000000015
13978  -40.750  -69.893  -23.678 0.1000000015
15178  -41.536  -69.404  -22.313 0.1000000015
15187  -41.147  -69.449  -22.951 0.1000000015
13995  -39.930  -69.706  -24.664 0.1000000015
15186  -40.777  -68.884  -23.428 0.1000000015
16406  -39.716  -67.839  -21.681 0.1000000015
13977  -40.498  -69.005  -24.197 0.1000000015
15185  -39.934  -68.452  -23.877 0.1000000015
13976  -40.156  -68.672  -24.331 0.1000000015
12805  -43.427  -70.366  -17.993 0.1000000015
12803  -41.596  -70.722  -18.941 0.1000000015
12804  -42.544  -70.532  -18.563 0.1000000015
11753  -40.674  -71.357  -20.464 0.1000000015
12824  -43.184  -70.300  -19.140 0.1000000015
12823  -42.113  -70.829  -19.550 0.1000000015
11754  -40.994  -71.442  -20.608 0.1000000015
12837  -42.394  -70.343  -20.371 0.1000000015
11789  -40.982  -71.330  -21.980 0.1000000015
13952  -42.511  -69.853  -20.972 0.1000000015
13951  -42.152  -69.764  -21.693 0.1000000015
15177  -41.051  -68.785  -22.544 0.1000000015
21210  -43.506  -63.424  -22.826 0.1000000015
21166  -41.681  -63.675  -20.790 0.1000000015
21150  -41.199  -63.925  -19.991 0.1000000015
20034  -40.608  -64.706  -19.671 0.1000000015
17642  -39.781  -66.315  -19.844 0.1000000015
17668  -40.154  -66.870  -20.190 0.1000000015
16385  -40.825  -67.348  -20.377 0.1000000015
16407  -40.695  -67.913  -21.196 0.1000000015
15158  -40.034  -68.212  -22.200 0.1000000015
15159  -40.542  -68.343  -21.977 0.1000000015
13877  -44.939  -69.344  -16.189 0.1000000015
15094  -45.832  -68.517  -17.172 0.2000000030
13893  -45.129  -69.325  -16.948 0.2000000030
12789  -43.659  -70.132  -17.059 0.1000000015
16340  -45.983  -67.984  -17.648 0.1000000015
15093  -45.165  -68.879  -17.588 0.1000000015
12806  -44.233  -69.982  -17.466 0.1000000015
15111  -44.806  -68.575  -18.179 0.1000000015
13928  -44.222  -69.605  -18.344 0.1000000015
28337  -47.098  -57.790  -20.231 0.1000000015
27168  -46.911  -58.592  -20.950 0.1000000015
15128  -44.256  -68.345  -18.547 0.1000000015
13938  -43.365  -69.516  -19.540 0.1000000015
12838  -43.039  -69.995  -19.888 0.1000000015
27186  -47.425  -58.881  -22.107 0.1000000015
25958  -47.280  -59.850  -22.700 0.1000000015
25943  -47.117  -59.930  -21.949 0.1000000015
23524  -47.022  -61.466  -22.921 0.1000000015
22363  -47.199  -62.464  -22.454 0.1000000015
21213  -46.281  -62.911  -22.731 0.1000000015
15127  -43.696  -68.638  -19.077 0.1000000015
15126  -43.089  -68.267  -19.550 0.1000000015
24746  -47.160  -60.554  -23.067 0.1000000015
23523  -46.635  -61.664  -23.470 0.1000000015
22362  -46.585  -62.242  -23.004 0.1000000015
21192  -45.166  -63.651  -22.191 0.1000000015
21169  -44.745  -63.775  -21.501 0.1000000015
20038  -44.790  -64.098  -20.615 0.1000000015
20037  -43.073  -64.217  -19.043 0.1000000015
15141  -42.572  -68.473  -20.388 0.1000000015
15160  -41.646  -68.623  -21.461 0.1000000015
22361  -46.017  -62.531  -23.327 0.1000000015
21211  -44.484  -63.468  -23.036 0.1000000015
21191  -44.206  -63.548  -22.057 0.1000000015
21152  -43.203  -63.831  -19.792 0.1000000015
17617  -41.931  -66.151  -18.786 0.1000000015
17644  -41.475  -66.710  -19.177 0.1000000015
21167  -42.727  -63.607  -20.827 0.1000000015
21151  -42.133  -63.783  -19.887 0.1000000015
20036  -42.481  -64.212  -19.197 0.1000000015
18897  -41.139  -65.652  -19.036 0.1000000015
16363  -41.274  -67.164  -19.774 0.1000000015
16342  -47.269  -67.474  -16.972 0.1000000015
15095  -46.545  -68.405  -16.631 0.2000000030
13878  -45.774  -69.144  -16.112 0.1000000015
15053  -47.059  -69.052  -15.269 0.2000000030
13854  -46.400  -69.053  -15.126 0.2000000030
17589  -47.672  -67.201  -16.984 0.1000000015
16354  -46.255  -67.488  -17.773 0.1000000015
29417  -47.650  -55.989  -18.202 0.1000000015
28322  -47.482  -57.080  -19.883 0.1000000015
16353  -45.600  -67.658  -18.078 0.1000000015
16352  -44.690  -67.583  -18.451 0.1000000015
17621  -45.472  -66.732  -18.526 0.1000000015
27185  -46.913  -59.441  -21.502 0.1000000015
24727  -47.230  -60.791  -22.198 0.1000000015
24726  -47.144  -60.517  -21.570 0.1000000015
16367  -43.980  -67.904  -18.642 0.1000000015
23498  -47.615  -61.914  -21.810 0.1000000015
20076  -46.276  -64.111  -21.711 0.1000000015
20039  -45.316  -64.717  -20.065 0.1000000015
21116  -44.329  -64.238  -18.666 0.1000000015
17646  -42.998  -66.905  -19.055 0.1000000015
16366  -43.450  -67.595  -19.018 0.1000000015
17645  -42.283  -66.856  -19.059 0.1000000015
16408  -41.343  -67.945  -20.785 0.1000000015
18848  -49.943  -65.563  -16.296 0.1000000015
18863  -49.220  -65.491  -16.928 0.1000000015
18847  -49.096  -66.046  -16.753 0.1000000015
17591  -49.281  -66.738  -16.088 0.1000000015
16325  -48.745  -67.503  -15.933 0.2000000030
15055  -48.712  -68.302  -15.290 0.2000000030
16324  -47.801  -67.697  -16.483 0.2000000030
15054  -48.043  -68.896  -15.326 0.2000000030
15039  -47.939  -69.166  -14.471 0.2000000030
17602  -47.268  -66.812  -17.557 0.1000000015
18862  -48.607  -65.613  -17.520 0.1000000015
18861  -47.847  -66.116  -17.971 0.1000000015
18880  -47.184  -66.263  -18.480 0.1000000015
28307  -47.170  -56.940  -19.191 0.1000000015
27155  -46.639  -58.446  -19.793 0.1000000015
25918  -46.508  -59.411  -20.030 0.1000000015
25905  -46.409  -59.143  -19.141 0.1000000015
17622  -46.445  -66.840  -18.127 0.1000000015
30583  -48.081  -55.704  -18.209 0.1000000015
30567  -47.551  -55.459  -17.619 0.1000000015
24707  -47.484  -61.133  -21.264 0.1000000015
22330  -48.124  -62.775  -21.146 0.1000000015
20057  -47.500  -64.552  -20.525 0.1000000015
18914  -46.557  -65.312  -20.240 0.1000000015
18899  -45.984  -65.494  -19.753 0.1000000015
17620  -44.580  -66.564  -18.639 0.1000000015
30568  -48.438  -55.125  -17.806 0.1000000015
21194  -46.924  -63.383  -22.124 0.1000000015
20056  -46.404  -64.850  -20.869 0.1000000015
20019  -44.859  -64.825  -19.175 0.1000000015
18860  -44.721  -65.022  -18.944 0.1000000015
17619  -43.680  -66.517  -18.689 0.1000000015
31714  -48.882  -54.409  -17.517 0.1000000015
32846  -48.559  -53.788  -17.165 0.1000000015
31715  -49.690  -54.337  -17.726 0.1000000015
32829  -48.812  -52.978  -17.048 0.1000000015
21119  -50.675  -63.240  -16.911 0.1000000015
19987  -50.100  -64.501  -16.712 0.1000000015
22273  -50.311  -62.462  -17.652 0.1000000015
21118  -49.899  -63.662  -17.365 0.1000000015
19988  -50.873  -64.678  -16.289 0.1000000015
17575  -49.968  -66.500  -15.539 0.1000000015
16303  -49.495  -67.410  -15.349 0.2000000030
22272  -49.839  -63.029  -17.953 0.1000000015
20021  -49.332  -64.127  -17.770 0.1000000015
20003  -49.319  -64.798  -17.265 0.1000000015
15041  -49.214  -68.141  -14.875 0.2000000030
22295  -49.982  -62.173  -18.215 0.1000000015
21136  -49.375  -63.509  -18.335 0.1000000015
31700  -46.359  -54.362  -16.716 0.1000000015
31712  -47.111  -54.760  -17.106 0.1000000015
30566  -46.467  -55.470  -17.220 0.1000000015
29415  -45.923  -56.434  -17.410 0.1000000015
28306  -46.664  -57.274  -18.656 0.1000000015
27143  -46.431  -58.265  -18.856 0.1000000015
23422  -49.778  -61.826  -18.582 0.1000000015
22316  -49.359  -62.844  -19.099 0.1000000015
20020  -48.843  -64.615  -18.163 0.1000000015
29416  -46.928  -56.354  -18.098 0.1000000015
24673  -46.643  -60.060  -19.208 0.1000000015
24674  -47.611  -60.727  -19.254 0.1000000015
24690  -47.649  -60.992  -20.339 0.1000000015
20058  -48.193  -64.231  -19.945 0.1000000015
18901  -47.919  -65.130  -19.372 0.1000000015
18879  -46.267  -66.205  -19.036 0.1000000015
32827  -46.774  -53.342  -16.542 0.1000000015
24689  -46.848  -60.377  -20.100 0.1000000015
23468  -48.199  -61.860  -20.689 0.1000000015
21171  -48.219  -63.596  -20.509 0.1000000015
18900  -47.233  -65.545  -19.702 0.1000000015
31701  -47.216  -54.066  -16.822 0.1000000015
31713  -47.957  -54.452  -17.205 0.1000000015
32828  -47.779  -53.345  -16.929 0.1000000015
34010  -47.986  -52.357  -17.129 0.1000000015
34012  -49.500  -52.322  -17.259 0.1000000015
34026  -49.867  -51.956  -17.544 0.1000000015
21104  -51.349  -63.652  -16.231 0.1000000015
23399  -50.169  -61.522  -17.820 0.1000000015
24654  -50.405  -61.100  -17.104 0.1000000015
22248  -51.151  -62.529  -16.641 0.1000000015
18849  -50.915  -65.325  -15.659 0.1000000015
24653  -49.803  -60.904  -17.510 0.1000000015
24626  -49.256  -60.626  -16.943 0.1000000015
22249  -51.783  -62.653  -15.755 0.1000000015
17576  -50.450  -66.467  -15.068 0.1000000015
24652  -48.981  -60.869  -17.789 0.1000000015
23398  -49.561  -61.090  -18.297 0.1000000015
16293  -50.199  -67.111  -14.774 0.2000000030
28294  -46.123  -57.266  -17.893 0.1000000015
27128  -46.235  -57.931  -18.230 0.1000000015
23396  -48.478  -60.890  -18.541 0.1000000015
23445  -49.367  -61.996  -19.411 0.1000000015
18832  -50.875  -65.483  -14.658 0.1000000015
17563  -50.507  -66.385  -14.490 0.2000000030
30550  -45.724  -55.065  -16.814 0.1000000015
25904  -46.207  -58.969  -18.517 0.1000000015
25888  -46.375  -59.667  -18.435 0.1000000015
23444  -48.550  -61.371  -19.703 0.1000000015
22315  -49.067  -62.633  -19.730 0.1000000015
34008  -46.151  -52.446  -16.651 0.1000000015
34009  -47.134  -52.404  -16.700 0.1000000015
35250  -47.384  -51.546  -17.074 0.1000000015
35251  -48.253  -51.539  -17.338 0.1000000015
35262  -48.805  -51.296  -17.484 0.1000000015
24598  -48.646  -60.244  -16.363 0.1000000015
24599  -49.628  -60.260  -16.106 0.1000000015
24600  -50.605  -60.170  -15.937 0.1000000015
25855  -47.935  -59.868  -15.791 0.1000000015
24627  -50.140  -60.669  -16.675 0.1000000015
24628  -51.079  -60.752  -16.463 0.1000000015
23372  -51.659  -61.569  -16.127 0.1000000015
19989  -51.505  -64.620  -15.529 0.1000000015
24624  -47.310  -60.457  -17.316 0.1000000015
24625  -48.314  -60.659  -17.172 0.1000000015
23348  -52.266  -61.816  -15.378 0.1000000015
31699  -45.321  -54.339  -16.508 0.1000000015
30549  -44.884  -55.413  -16.591 0.1000000015
28293  -45.414  -57.352  -17.210 0.1000000015
25887  -45.991  -59.177  -17.910 0.1000000015
25874  -46.355  -59.996  -17.540 0.1000000015
24651  -48.086  -60.893  -18.206 0.1000000015
22231  -52.244  -62.709  -15.035 0.1000000015
18842  -51.386  -65.064  -14.948 0.1000000015
32826  -45.789  -53.393  -16.475 0.1000000015
27142  -46.139  -58.536  -18.205 0.1000000015
23420  -48.496  -60.942  -18.895 0.1000000015
18833  -51.263  -64.775  -14.581 0.1000000015
35248  -45.516  -51.496  -16.695 0.1000000015
35249  -46.476  -51.533  -16.893 0.1000000015
37642  -46.313  -49.362  -17.782 0.1000000015
36447  -46.960  -50.080  -17.687 0.1000000015
37643  -47.164  -49.274  -18.166 0.1000000015
25833  -48.389  -59.266  -15.011 0.1000000015
25856  -49.032  -59.745  -15.583 0.1000000015
25857  -50.079  -59.681  -15.390 0.1000000015
25832  -47.225  -59.456  -15.123 0.1000000015
24597  -47.745  -60.290  -16.558 0.1000000015
25831  -46.166  -59.373  -15.235 0.1000000015
24601  -51.497  -59.982  -15.797 0.1000000015
25854  -46.643  -59.955  -16.246 0.1000000015
24602  -52.183  -59.943  -15.419 0.1000000015
32825  -44.846  -53.417  -16.243 0.1000000015
29393  -45.135  -56.456  -16.852 0.1000000015
25873  -45.647  -59.343  -17.029 0.1000000015
25853  -45.450  -59.215  -15.927 0.1000000015
24630  -52.347  -60.540  -15.364 0.1000000015
21093  -52.043  -63.531  -14.722 0.1000000015
34007  -45.210  -52.457  -16.398 0.1000000015
31698  -44.317  -54.413  -16.194 0.1000000015
27127  -45.741  -58.291  -17.626 0.1000000015
22221  -52.032  -62.601  -14.541 0.1000000015
35247  -44.536  -51.471  -16.289 0.1000000015
36428  -44.869  -50.481  -16.731 0.1000000015
37622  -45.132  -49.450  -17.120 0.1000000015
36429  -45.844  -50.527  -17.108 0.1000000015
37623  -45.852  -49.709  -17.395 0.1000000015
38931  -45.897  -48.311  -17.939 0.1000000015
37641  -45.656  -49.049  -17.524 0.1000000015
27085  -45.229  -58.642  -14.793 0.1000000015
27086  -46.571  -58.858  -14.471 0.1000000015
25834  -49.497  -59.198  -14.820 0.1000000015
27104  -44.281  -57.963  -15.320 0.1000000015
25835  -50.533  -59.049  -14.747 0.1000000015
29392  -44.258  -56.420  -16.354 0.1000000015
28279  -44.182  -57.305  -15.937 0.1000000015
27105  -44.812  -58.523  -15.768 0.1000000015
35239  -43.936  -51.815  -15.865 0.1000000015
33995  -44.370  -52.511  -16.055 0.1000000015
28280  -44.737  -57.313  -16.552 0.1000000015
27116  -45.105  -58.330  -16.646 0.1000000015
25860  -52.246  -59.509  -14.867 0.1000000015
23329  -52.469  -61.772  -14.679 0.1000000015
21089  -51.755  -63.483  -14.444 0.1000000015
36427  -44.028  -50.391  -16.291 0.1000000015
37621  -44.293  -49.448  -16.575 0.1000000015
38917  -44.446  -48.462  -16.875 0.1000000015
38930  -45.138  -48.362  -17.374 0.1000000015
40286  -44.602  -47.460  -17.052 0.1000000015
42852  -44.583  -45.938  -16.765 0.1000000015
40298  -45.250  -47.389  -17.586 0.1000000015
27087  -47.756  -58.716  -14.446 0.1000000015
27088  -48.892  -58.662  -14.289 0.1000000015
27089  -49.974  -58.573  -14.165 0.1000000015
33994  -43.600  -52.525  -15.714 0.1000000015
31697  -43.648  -54.792  -15.872 0.1000000015
29391  -43.629  -56.146  -15.909 0.1000000015
28267  -43.756  -57.273  -15.350 0.1000000015
36420  -43.358  -50.360  -15.722 0.1000000015
35246  -43.781  -51.119  -16.001 0.1000000015
35238  -43.215  -51.483  -15.534 0.1000000015
32813  -43.991  -53.397  -15.970 0.1000000015
31684  -43.640  -54.109  -15.826 0.1000000015
25859  -51.800  -59.398  -15.193 0.1000000015
37610  -43.620  -49.392  -15.961 0.1000000015
38916  -43.827  -48.462  -16.269 0.1000000015
40266  -43.542  -47.532  -15.857 0.1000000015
41642  -43.818  -46.839  -16.016 0.1000000015
40285  -44.031  -47.537  -16.476 0.1000000015
41628  -43.943  -46.138  -15.836 0.1000000015
41643  -44.288  -46.533  -16.515 0.1000000015
42845  -44.454  -45.432  -16.182 0.1000000015
27084  -44.238  -57.857  -14.361 0.1000000015
27059  -45.980  -58.296  -13.786 0.1000000015
27060  -47.167  -58.199  -13.806 0.1000000015
28219  -46.631  -57.625  -13.206 0.1000000015
27103  -43.795  -57.622  -14.838 0.1000000015
29369  -43.771  -56.759  -15.777 0.1000000015
37609  -42.883  -49.292  -15.297 0.1000000015
38897  -43.274  -48.397  -15.646 0.1000000015
41627  -43.441  -46.543  -15.301 0.1000000015
43916  -44.478  -44.496  -15.503 0.1000000015
27058  -44.981  -57.964  -13.964 0.1000000015
28218  -45.521  -57.551  -13.335 0.1000000015
29368  -43.299  -56.516  -15.119 0.1000000015
36419  -42.613  -50.481  -15.186 0.1000000015
35237  -42.469  -51.542  -14.820 0.1000000015
32812  -43.247  -53.439  -15.573 0.1000000015
31683  -43.102  -54.513  -15.344 0.1000000015
30534  -42.889  -55.472  -14.958 0.1000000015
38896  -42.718  -48.243  -15.195 0.1000000015
40265  -42.988  -47.481  -15.317 0.1000000015
42832  -43.422  -45.937  -14.756 0.1000000015
42833  -43.783  -45.415  -15.134 0.1000000015
43904  -43.892  -44.446  -14.799 0.1000000015
45064  -44.322  -43.695  -14.949 0.1000000015
28216  -43.714  -57.047  -13.692 0.1000000015
31682  -42.432  -54.682  -14.515 0.1000000015
29367  -42.910  -56.011  -14.501 0.1000000015
29347  -43.231  -56.528  -14.121 0.1000000015
37598  -42.087  -49.589  -14.800 0.1000000015
36412  -41.881  -50.604  -14.584 0.1000000015
33993  -42.860  -52.523  -15.225 0.1000000015
32811  -42.631  -53.567  -14.900 0.1000000015
42818  -43.586  -44.951  -14.541 0.1000000015
46200  -43.739  -43.289  -13.992 0.1000000015
45051  -43.854  -43.734  -14.356 0.1000000015
32799  -42.122  -53.624  -14.046 0.1000000015
33982  -42.323  -52.581  -14.417 0.1000000015
38875  -42.293  -48.596  -14.729 0.1000000015
41626  -42.877  -46.829  -14.855 0.1000000015
41604  -43.135  -46.270  -14.614 0.1000000015
43903  -43.530  -44.482  -14.128 0.1000000015
45033  -43.339  -43.751  -13.241 0.1000000015
38874  -41.774  -48.928  -14.282 0.1000000015
40241  -42.456  -47.535  -14.641 0.1000000015
42816  -42.668  -46.065  -13.646 0.1000000015
42817  -43.148  -45.491  -14.073 0.1000000015
43881  -43.063  -44.492  -13.300 0.1000000015
45013  -43.087  -43.775  -12.667 0.1000000015
45012  -42.816  -44.240  -12.296 0.1000000015
40222  -42.075  -47.187  -13.914 0.1000000015
42796  -42.586  -45.633  -13.115 0.1000000015
43880  -42.768  -45.010  -13.100 0.1000000015
43853  -42.667  -44.853  -12.519 0.1000000015
12834  -39.336  -71.264  -21.184 0.1000000015
12851  -39.084  -71.626  -21.659 0.1000000015
11767  -40.353  -71.554  -21.009 0.1000000015
11808  -40.012  -71.852  -22.414 0.1000000015
12836  -41.628  -71.132  -20.523 0.1000000015
11829  -40.290  -71.547  -22.875 0.1000000015
12882  -39.799  -71.382  -23.683 0.1000000015
13963  -41.538  -70.127  -22.321 0.1000000015
12825  -43.976  -69.989  -18.277 0.1000000015
13927  -43.899  -69.512  -18.792 0.1000000015
12853  -42.258  -70.231  -21.173 0.1000000015
15142  -43.168  -68.888  -19.817 0.1000000015
15161  -42.454  -69.227  -21.050 0.1000000015
21190  -43.192  -63.484  -21.846 0.1000000015
20033  -39.855  -65.031  -20.028 0.1000000015
20035  -41.631  -64.488  -19.171 0.1000000015
18896  -40.173  -65.642  -19.549 0.1000000015
13911  -44.548  -69.420  -17.875 0.1000000015
13895  -46.560  -68.690  -16.256 0.2000000030
13910  -44.367  -69.247  -18.386 0.1000000015
28321  -46.849  -57.599  -19.462 0.1000000015
25942  -46.861  -60.073  -21.411 0.1000000015
21193  -45.995  -63.571  -22.346 0.1000000015
21212  -45.464  -63.138  -23.226 0.1000000015
20054  -44.772  -63.915  -21.071 0.1000000015
21168  -44.034  -63.646  -20.909 0.1000000015
20055  -45.415  -64.176  -21.262 0.1000000015
21133  -44.164  -64.099  -18.792 0.1000000015
20015  -42.222  -64.632  -18.889 0.1000000015
20017  -43.426  -64.583  -18.583 0.1000000015
16387  -42.170  -67.794  -20.142 0.1000000015
17618  -42.770  -66.100  -18.601 0.1000000015
16364  -41.906  -67.331  -19.637 0.1000000015
17590  -48.313  -66.746  -16.852 0.1000000015
15073  -47.217  -68.508  -16.031 0.2000000030
13879  -46.490  -68.904  -15.956 0.2000000030
16351  -44.074  -67.240  -18.650 0.1000000015
22348  -47.629  -62.862  -21.842 0.1000000015
20077  -47.006  -64.178  -21.365 0.1000000015
20040  -46.060  -65.185  -20.292 0.1000000015
18877  -44.290  -65.677  -18.610 0.1000000015
20002  -48.897  -64.993  -17.639 0.1000000015
21170  -47.611  -63.580  -21.268 0.1000000015
18915  -46.978  -65.169  -20.415 0.1000000015
18878  -45.147  -65.628  -18.965 0.1000000015
30569  -49.245  -54.959  -18.061 0.1000000015
23371  -50.817  -61.634  -16.994 0.1000000015
21103  -50.592  -63.942  -16.680 0.1000000015
16277  -50.215  -67.323  -14.133 0.2000000030
21135  -48.855  -63.892  -18.846 0.1000000015
23421  -49.203  -61.257  -18.991 0.1000000015
21155  -48.759  -63.492  -19.597 0.1000000015
21156  -49.090  -63.421  -18.978 0.1000000015
18881  -48.081  -65.482  -18.696 0.1000000015
24650  -47.001  -60.390  -18.315 0.1000000015
23469  -48.871  -62.096  -20.037 0.1000000015
19977  -51.732  -64.091  -14.568 0.1000000015
36446  -46.348  -50.098  -17.435 0.1000000015
37624  -48.083  -50.314  -17.645 0.1000000015
36448  -47.611  -50.014  -17.746 0.1000000015
42853  -45.101  -45.441  -16.975 0.1000000015
30547  -43.374  -55.488  -15.610 0.1000000015
24469  -45.629  -60.659  -4.941 0.5000000000
18712  -48.967  -65.713  -6.276 0.5000000000
18713  -49.891  -65.522  -6.112 0.5000000000
24468  -44.631  -60.367  -4.995 0.5000000000
23223  -45.107  -61.154  -5.495 0.5000000000
23225  -47.193  -61.424  -5.472 0.5000000000
19898  -49.487  -64.583  -6.526 0.5000000000
25699  -42.270  -59.100  -5.493 0.5000000000
25700  -43.450  -59.380  -4.885 0.5000000000
23222  -44.132  -60.998  -5.636 0.5000000000
20986  -50.079  -63.759  -6.868 0.5000000000
24467  -43.621  -60.440  -5.414 0.5000000000
24466  -42.808  -59.978  -5.577 0.5000000000
23221  -43.672  -60.931  -5.750 0.5000000000
24481  -42.419  -60.598  -6.060 0.4000000060
23239  -43.253  -61.385  -6.226 0.4000000060
19921  -48.540  -63.795  -8.332 0.5000000000
19920  -47.561  -64.344  -8.113 0.5000000000
21021  -49.136  -63.461  -9.326 0.5000000000
19927  -48.852  -64.411  -9.706 0.5000000000
21050  -48.563  -64.059  -11.063 0.5000000000
21035  -48.236  -63.400  -10.751 0.5000000000
21065  -46.294  -63.587  -12.052 0.4000000060
22203  -45.539  -62.858  -13.367 0.4000000060
16136  -48.270  -68.028  -4.255 0.1000000015
17444  -49.295  -66.588  -6.198 0.5000000000
25688  -44.509  -59.512  -4.358 0.5000000000
24456  -45.292  -60.135  -4.551 0.5000000000
24470  -46.555  -60.835  -4.874 0.5000000000
23226  -48.324  -61.471  -5.571 0.4000000060
19899  -50.533  -64.509  -6.438 0.5000000000
26932  -42.843  -58.681  -4.723 0.5000000000
26931  -41.584  -58.126  -5.244 0.5000000000
29205  -40.784  -56.612  -4.942 0.5000000000
28088  -40.632  -57.205  -5.458 0.5000000000
25698  -41.661  -58.722  -5.756 0.5000000000
29204  -40.091  -56.372  -5.532 0.4000000060
26930  -40.822  -57.836  -5.729 0.3000000119
25711  -42.017  -59.898  -5.930 0.4000000060
23238  -42.071  -61.083  -6.611 0.4000000060
26941  -40.803  -58.330  -6.223 0.3000000119
22104  -45.070  -62.266  -6.816 0.6999999881
22105  -46.187  -62.311  -6.894 0.5000000000
28098  -39.916  -57.080  -5.905 0.3000000119
28099  -40.278  -57.709  -6.068 0.3000000119
25709  -40.699  -58.828  -6.803 0.3000000119
24480  -41.607  -60.416  -6.688 0.4000000060
22103  -44.031  -62.229  -6.730 0.5000000000
22122  -45.632  -62.455  -7.741 0.6000000238
22124  -47.978  -62.478  -7.828 0.6000000238
22125  -49.176  -62.328  -7.664 0.6000000238
20985  -49.460  -63.875  -6.915 0.5000000000
19913  -47.933  -64.411  -7.357 0.3000000119
28110  -40.217  -57.995  -6.565 0.3000000119
25722  -41.091  -59.887  -7.068 0.3000000119
23265  -41.507  -61.522  -8.277 0.4000000060
22139  -43.668  -62.415  -8.466 0.5000000000
22141  -46.259  -62.527  -8.688 0.6000000238
22159  -48.144  -62.674  -9.511 0.6000000238
21008  -49.321  -63.120  -8.291 0.5000000000
25721  -40.587  -59.350  -7.503 0.4000000060
24492  -40.994  -60.494  -7.743 0.4000000060
22140  -45.006  -62.539  -8.612 0.5000000000
22158  -46.944  -62.557  -9.591 0.5000000000
22178  -49.299  -63.140  -9.724 0.5000000000
26961  -40.101  -58.323  -8.280 0.4000000060
24501  -40.724  -60.412  -8.795 0.4000000060
23271  -41.523  -61.332  -9.593 0.5000000000
22156  -44.365  -62.663  -9.558 0.5000000000
22174  -45.109  -62.926  -10.458 0.4000000060
22176  -47.629  -62.862  -10.391 0.5000000000
23270  -40.957  -60.909  -9.285 0.4000000060
22173  -43.715  -62.567  -10.583 0.5000000000
22190  -46.014  -63.121  -11.251 0.4000000060
21034  -47.539  -63.250  -10.903 0.5000000000
24520  -42.600  -60.999  -11.156 0.5000000000
22188  -43.803  -62.400  -11.528 0.4000000060
22199  -44.437  -62.460  -12.387 0.4000000060
22200  -45.526  -63.240  -12.137 0.4000000060
24523  -43.009  -61.027  -11.567 0.3000000119
23288  -43.788  -61.696  -12.273 0.4000000060
23289  -44.351  -61.635  -12.829 0.3000000119
24535  -44.590  -60.778  -12.954 0.3000000119
24556  -45.086  -60.894  -13.336 0.3000000119
14857  -48.284  -68.882  -3.263 0.1000000015
17388  -49.307  -66.827  -2.957 0.1000000015
16121  -48.764  -67.710  -3.136 0.1000000015
17410  -49.540  -65.918  -4.675 0.4000000060
17428  -48.945  -67.071  -5.088 0.4000000060
17429  -49.494  -66.446  -5.726 0.5000000000
18697  -50.240  -65.447  -5.481 0.4000000060
18714  -50.777  -65.103  -6.086 0.5000000000
25680  -46.207  -60.159  -3.993 0.5000000000
24457  -46.002  -60.357  -4.469 0.5000000000
24471  -47.565  -60.972  -4.879 0.4000000060
20989  -52.400  -62.778  -6.355 0.5000000000
20988  -52.157  -63.424  -6.986 0.5000000000
26913  -41.674  -57.731  -4.520 0.5000000000
26933  -43.500  -58.859  -4.569 0.5000000000
25687  -43.828  -59.014  -4.497 0.5000000000
29189  -41.174  -56.902  -4.378 0.5000000000
28089  -41.261  -57.189  -4.735 0.5000000000
23245  -50.344  -61.652  -6.491 0.6000000238
30403  -40.477  -56.050  -4.885 0.4000000060
30417  -39.488  -55.462  -6.189 0.2000000030
31552  -39.328  -54.556  -5.723 0.2000000030
29224  -39.411  -56.675  -7.427 0.3000000119
28122  -39.614  -57.294  -7.833 0.4000000060
31569  -38.909  -54.760  -6.660 0.3000000119
30425  -38.986  -55.536  -7.533 0.3000000119
31568  -38.569  -54.179  -7.085 0.3000000119
30440  -38.985  -55.075  -8.302 0.4000000060
29240  -39.494  -56.534  -8.231 0.4000000060
30441  -39.609  -55.519  -8.601 0.3000000119
28123  -39.884  -57.360  -8.470 0.4000000060
25740  -41.017  -59.552  -9.376 0.4000000060
26970  -41.586  -58.709  -9.722 0.4000000060
29259  -40.829  -57.088  -9.324 0.3000000119
24511  -41.757  -60.618  -10.150 0.4000000060
28139  -42.258  -57.848  -9.714 0.3000000119
26988  -42.991  -59.373  -10.766 0.3000000119
25772  -43.400  -60.311  -11.734 0.4000000060
24534  -43.905  -61.003  -12.514 0.3000000119
29261  -42.864  -57.015  -9.498 0.2000000030
28140  -43.431  -57.729  -9.730 0.2000000030
25757  -44.000  -59.087  -11.218 0.3000000119
25799  -44.822  -59.893  -12.571 0.3000000119
29262  -43.864  -57.035  -9.287 0.1000000015
26972  -44.103  -58.309  -10.136 0.2000000030
25773  -44.283  -59.429  -11.779 0.4000000060
31587  -45.729  -54.957  -6.985 0.1000000015
17409  -48.927  -66.758  -3.854 0.1000000015
17389  -49.889  -65.643  -3.131 0.2000000030
18683  -50.562  -64.805  -4.372 0.5000000000
18684  -51.136  -64.418  -4.894 0.4000000060
18698  -51.026  -64.811  -5.477 0.4000000060
25679  -45.557  -59.888  -3.913 0.5000000000
24458  -46.774  -60.430  -4.343 0.4000000060
24447  -48.262  -60.873  -3.993 0.4000000060
24461  -49.868  -61.183  -4.502 0.4000000060
23214  -52.159  -61.394  -5.233 0.5000000000
20980  -52.357  -62.505  -5.522 0.5000000000
26914  -42.385  -58.192  -4.263 0.5000000000
26916  -44.270  -58.967  -4.067 0.5000000000
25678  -44.575  -59.431  -3.830 0.4000000060
23247  -52.153  -61.840  -6.230 0.4000000060
30389  -40.333  -55.791  -4.427 0.4000000060
29172  -41.102  -56.843  -4.086 0.4000000060
29188  -40.796  -56.462  -4.436 0.5000000000
31538  -39.348  -54.395  -4.771 0.3000000119
30402  -40.035  -55.270  -5.147 0.3000000119
32682  -38.564  -53.176  -5.754 0.2000000030
32700  -38.735  -53.977  -6.205 0.2000000030
33877  -38.250  -52.428  -5.361 0.1000000015
32699  -38.473  -53.288  -6.779 0.3000000119
33893  -38.262  -52.339  -6.355 0.1000000015
32726  -38.965  -53.963  -8.345 0.3000000119
33902  -38.648  -52.434  -7.454 0.2000000030
32713  -39.185  -53.136  -8.180 0.2000000030
31598  -40.171  -54.631  -8.782 0.2000000030
29242  -41.229  -56.338  -9.242 0.2000000030
32728  -40.717  -53.756  -8.609 0.2000000030
31599  -41.233  -54.653  -8.746 0.2000000030
29260  -41.765  -57.062  -9.458 0.2000000030
32715  -41.267  -52.899  -8.125 0.2000000030
31600  -42.283  -54.775  -8.346 0.1000000015
32701  -43.049  -52.769  -6.888 0.1000000015
31601  -43.342  -54.890  -7.984 0.1000000015
30445  -44.185  -55.622  -8.288 0.1000000015
29245  -44.774  -56.579  -8.872 0.1000000015
32717  -43.278  -53.649  -7.016 0.1000000015
31570  -44.223  -54.026  -6.714 0.1000000015
31586  -44.698  -54.638  -7.141 0.1000000015
31571  -45.274  -54.252  -6.691 0.1000000015
32704  -45.875  -53.799  -6.344 0.1000000015
33881  -47.175  -52.609  -5.590 0.1000000015
19870  -50.942  -64.209  -3.648 0.3000000119
19840  -50.406  -64.038  -2.335 0.3000000119
19858  -50.997  -63.648  -2.498 0.3000000119
19860  -51.673  -63.562  -3.283 0.3000000119
19871  -51.443  -63.812  -4.177 0.3000000119
22060  -49.059  -62.360  -3.244 0.3000000119
22061  -50.414  -62.490  -3.061 0.3000000119
20945  -51.681  -62.313  -3.673 0.5000000000
20960  -52.106  -62.114  -4.384 0.5000000000
24426  -46.064  -60.719  -3.154 0.4000000060
23183  -47.616  -61.445  -3.319 0.5000000000
23201  -48.702  -61.318  -3.841 0.4000000060
24448  -49.094  -61.265  -4.179 0.4000000060
23205  -51.249  -61.440  -4.311 0.5000000000
26900  -41.575  -58.177  -3.598 0.4000000060
26901  -42.367  -58.315  -3.842 0.4000000060
26902  -43.334  -58.523  -3.840 0.5000000000
29170  -39.671  -56.296  -3.731 0.4000000060
28060  -41.117  -57.347  -3.728 0.4000000060
28061  -41.747  -57.813  -3.879 0.5000000000
30370  -39.261  -55.331  -3.921 0.4000000060
30371  -40.033  -55.693  -3.968 0.4000000060
29169  -38.644  -56.251  -3.766 0.4000000060
30369  -38.150  -55.301  -3.805 0.3000000119
31523  -39.358  -54.748  -4.272 0.3000000119
31522  -38.698  -54.370  -4.190 0.3000000119
31537  -38.798  -54.036  -4.651 0.3000000119
32667  -37.855  -52.754  -4.305 0.3000000119
32668  -38.446  -53.335  -4.638 0.2000000030
35081  -37.443  -51.371  -4.867 0.1000000015
35082  -37.902  -51.957  -5.173 0.1000000015
35132  -38.410  -50.198  -6.187 0.1000000015
35133  -38.830  -51.053  -6.724 0.1000000015
35148  -39.178  -51.794  -7.428 0.2000000030
36298  -38.792  -49.749  -6.235 0.1000000015
36299  -39.760  -49.929  -6.508 0.1000000015
33903  -39.546  -52.254  -7.918 0.2000000030
35134  -40.222  -50.686  -7.089 0.2000000030
35150  -40.912  -51.287  -7.514 0.2000000030
35151  -41.594  -51.249  -7.299 0.1000000015
33906  -42.515  -52.439  -7.229 0.1000000015
33895  -42.764  -51.901  -7.051 0.1000000015
33878  -44.363  -51.984  -6.497 0.1000000015
33897  -44.562  -52.832  -6.501 0.1000000015
33880  -45.933  -52.407  -5.999 0.1000000015
35109  -46.453  -51.678  -5.665 0.1000000015
35110  -46.988  -52.078  -5.509 0.1000000015
36257  -47.874  -51.380  -5.306 0.1000000015
36258  -48.701  -51.548  -5.262 0.1000000015
36259  -49.493  -51.339  -5.149 0.1000000015
36278  -50.755  -50.883  -5.589 0.1000000015
19824  -50.792  -64.008  -1.361 0.3000000119
19826  -51.841  -64.291  -1.340 0.2000000030
20941  -48.842  -63.593  -2.592 0.3000000119
22059  -47.534  -62.457  -2.867 0.4000000060
22058  -46.149  -62.401  -2.632 0.3000000119
25674  -41.148  -58.993  -3.372 0.3000000119
25676  -43.099  -58.976  -3.579 0.4000000060
24424  -44.294  -60.242  -3.170 0.4000000060
23181  -45.480  -61.378  -2.836 0.3000000119
26898  -39.575  -58.086  -3.404 0.3000000119
26899  -40.632  -58.097  -3.395 0.3000000119
23199  -43.895  -60.383  -3.186 0.4000000060
22057  -44.829  -62.299  -2.587 0.3000000119
29168  -37.548  -56.266  -3.738 0.3000000119
28058  -39.122  -57.185  -3.651 0.3000000119
30368  -37.023  -55.340  -3.674 0.3000000119
31521  -37.649  -54.385  -3.779 0.3000000119
32655  -38.091  -53.804  -4.059 0.3000000119
32654  -37.387  -53.286  -3.879 0.3000000119
33859  -37.452  -52.223  -4.120 0.2000000030
36246  -37.117  -50.519  -4.003 0.1000000015
38713  -37.875  -48.927  -3.155 0.1000000015
36255  -37.636  -49.978  -4.909 0.1000000015
38725  -38.557  -48.434  -4.194 0.1000000015
37448  -38.150  -49.393  -5.174 0.1000000015
37449  -38.711  -48.898  -5.380 0.1000000015
37477  -39.472  -48.981  -5.947 0.1000000015
37478  -40.484  -49.110  -6.296 0.2000000030
36300  -40.841  -49.969  -6.698 0.2000000030
36301  -41.846  -50.173  -6.626 0.1000000015
37479  -41.464  -49.247  -6.449 0.1000000015
36302  -42.845  -50.439  -6.369 0.1000000015
35137  -43.231  -51.326  -6.549 0.1000000015
37481  -43.564  -49.604  -6.348 0.1000000015
36272  -44.794  -51.031  -6.227 0.1000000015
36303  -44.009  -50.739  -6.290 0.1000000015
36273  -45.533  -50.679  -5.991 0.1000000015
35083  -46.880  -51.389  -5.457 0.1000000015
36276  -48.294  -50.786  -5.413 0.1000000015
37454  -47.906  -49.791  -5.780 0.1000000015
37455  -49.046  -50.417  -5.457 0.1000000015
37486  -48.801  -49.452  -5.915 0.1000000015
37456  -49.845  -50.440  -5.365 0.1000000015
37487  -49.585  -49.819  -5.682 0.1000000015
37489  -51.784  -50.027  -6.586 0.1000000015
37488  -50.517  -50.122  -5.933 0.1000000015
19791  -51.219  -64.754  -0.225 0.2000000030
17356  -51.396  -65.469  -0.916 0.2000000030
19790  -50.638  -64.688  0.186 0.2000000030
19823  -49.284  -64.278  -1.437 0.3000000119
19805  -48.701  -64.457  -0.133 0.2000000030
20927  -47.960  -64.216  -1.881 0.3000000119
25675  -42.142  -58.953  -3.565 0.3000000119
24442  -42.739  -59.773  -3.470 0.3000000119
25673  -39.972  -59.134  -3.329 0.3000000119
23197  -42.277  -60.738  -3.344 0.3000000119
23198  -43.294  -60.530  -3.213 0.3000000119
23180  -44.165  -61.130  -2.957 0.3000000119
28057  -38.045  -57.203  -3.648 0.3000000119
26897  -38.532  -58.096  -3.479 0.3000000119
23179  -42.894  -61.476  -2.876 0.3000000119
22056  -43.581  -62.303  -2.566 0.3000000119
20939  -45.514  -63.245  -2.137 0.2000000030
28055  -36.457  -57.057  -3.190 0.2000000030
28056  -37.064  -57.149  -3.488 0.2000000030
29167  -36.542  -56.327  -3.445 0.3000000119
31520  -36.508  -54.354  -3.253 0.3000000119
32653  -36.565  -53.237  -3.197 0.3000000119
33848  -36.744  -52.393  -3.496 0.3000000119
35072  -36.956  -51.464  -3.776 0.1000000015
36234  -36.617  -50.984  -2.404 0.2000000030
37416  -36.985  -50.141  -2.852 0.1000000015
37417  -37.791  -49.449  -2.604 0.1000000015
38698  -39.159  -48.643  -2.825 0.1000000015
37420  -40.112  -49.086  -2.073 0.1000000015
37398  -41.995  -49.474  -1.358 0.1000000015
38699  -40.087  -48.400  -2.245 0.1000000015
40027  -40.681  -47.744  -2.108 0.1000000015
40029  -42.181  -47.738  -1.704 0.1000000015
38675  -43.646  -48.567  -1.299 0.1000000015
38677  -45.745  -48.670  -1.420 0.1000000015
38726  -39.306  -48.111  -4.290 0.1000000015
41396  -39.798  -47.201  -3.662 0.1000000015
41373  -41.526  -46.592  -2.698 0.1000000015
40054  -42.524  -47.262  -2.041 0.1000000015
40031  -44.162  -47.720  -1.538 0.1000000015
40032  -45.183  -47.787  -1.661 0.1000000015
38758  -39.754  -48.469  -5.451 0.1000000015
40082  -40.090  -47.064  -4.717 0.1000000015
38759  -40.355  -48.267  -5.682 0.1000000015
38760  -41.118  -48.341  -6.226 0.2000000030
38761  -42.076  -48.449  -6.324 0.1000000015
37480  -42.471  -49.421  -6.414 0.1000000015
37482  -44.833  -49.799  -6.223 0.1000000015
37451  -45.525  -49.996  -5.996 0.1000000015
37452  -46.061  -50.029  -5.838 0.1000000015
38737  -46.838  -49.357  -6.009 0.1000000015
37453  -46.841  -49.806  -5.892 0.1000000015
37485  -48.190  -49.209  -6.117 0.1000000015
38768  -49.629  -49.083  -6.376 0.1000000015
20903  -46.062  -63.403  1.167 0.2000000030
19804  -47.225  -64.377  0.182 0.2000000030
20940  -47.024  -63.395  -2.282 0.3000000119
20902  -45.489  -63.090  0.674 0.2000000030
20915  -46.786  -63.821  0.772 0.2000000030
19803  -46.619  -64.186  -0.325 0.2000000030
19822  -47.720  -64.451  -0.858 0.3000000119
24439  -39.672  -60.239  -3.210 0.3000000119
23195  -40.262  -60.867  -3.243 0.3000000119
23196  -41.190  -60.880  -3.402 0.3000000119
23178  -41.744  -61.697  -2.999 0.3000000119
25657  -38.327  -59.603  -2.900 0.3000000119
25658  -39.133  -59.664  -3.128 0.3000000119
23177  -40.589  -61.621  -2.737 0.3000000119
26884  -36.048  -58.112  -2.572 0.2000000030
25656  -37.259  -59.311  -2.546 0.3000000119
20938  -44.201  -63.114  -2.150 0.2000000030
29156  -36.096  -56.725  -3.022 0.2000000030
30367  -36.149  -55.487  -3.273 0.2000000030
30366  -35.785  -55.762  -2.660 0.2000000030
31519  -35.878  -55.059  -2.829 0.3000000119
33847  -36.318  -52.621  -2.697 0.2000000030
32631  -36.261  -53.605  -2.515 0.3000000119
33829  -36.155  -52.959  -2.001 0.2000000030
35060  -36.343  -52.007  -1.941 0.2000000030
35061  -36.845  -51.310  -1.713 0.2000000030
36237  -39.414  -49.835  -1.996 0.1000000015
42618  -41.579  -46.029  -3.676 0.1000000015
41399  -41.910  -46.202  -3.236 0.1000000015
41374  -42.862  -46.722  -2.663 0.1000000015
41375  -44.117  -46.442  -2.435 0.1000000015
41421  -41.068  -46.594  -5.034 0.1000000015
42628  -41.440  -46.011  -4.259 0.1000000015
42629  -42.274  -45.695  -4.454 0.1000000015
42621  -43.981  -45.151  -3.371 0.1000000015
40092  -40.950  -47.173  -5.395 0.1000000015
41422  -41.750  -46.370  -5.419 0.1000000015
42638  -42.414  -45.802  -5.345 0.1000000015
42630  -43.076  -45.148  -4.702 0.1000000015
43693  -43.736  -44.546  -4.541 0.1000000015
40112  -41.709  -47.576  -6.093 0.1000000015
41437  -42.210  -46.603  -6.013 0.1000000015
42652  -42.863  -45.859  -6.041 0.1000000015
41438  -43.191  -46.564  -6.323 0.1000000015
40113  -42.645  -47.536  -6.320 0.1000000015
38762  -43.099  -48.534  -6.426 0.1000000015
40114  -43.686  -47.535  -6.412 0.1000000015
40115  -44.809  -47.511  -6.406 0.1000000015
38763  -44.221  -48.611  -6.402 0.1000000015
38764  -45.376  -48.631  -6.287 0.1000000015
37483  -45.762  -49.495  -6.080 0.1000000015
38738  -47.141  -49.354  -6.022 0.1000000015
22009  -44.740  -62.460  1.739 0.3000000119
22019  -43.668  -62.137  0.822 0.3000000119
22033  -44.236  -62.687  0.156 0.3000000119
20912  -44.219  -63.062  -0.545 0.2000000030
20913  -45.113  -63.257  -0.141 0.2000000030
20925  -44.793  -63.411  -1.262 0.2000000030
22032  -43.435  -62.654  -0.198 0.3000000119
20924  -43.644  -63.075  -1.242 0.3000000119
20926  -46.342  -64.004  -1.106 0.2000000030
24423  -38.819  -60.343  -2.752 0.3000000119
23163  -39.983  -61.721  -1.738 0.3000000119
22040  -41.534  -62.435  -1.402 0.3000000119
20923  -42.954  -62.886  -1.457 0.3000000119
25655  -36.403  -58.841  -2.357 0.2000000030
24422  -37.879  -60.266  -2.163 0.3000000119
23162  -38.971  -61.306  -1.630 0.3000000119
26883  -35.550  -57.985  -2.075 0.2000000030
28032  -35.505  -57.372  -1.748 0.2000000030
29155  -35.775  -56.667  -2.366 0.2000000030
31500  -35.790  -55.315  -2.296 0.2000000030
32604  -36.467  -53.880  -1.647 0.3000000119
33798  -36.614  -52.780  -1.460 0.2000000030
35036  -36.910  -52.033  -1.266 0.2000000030
41439  -44.212  -46.484  -6.438 0.1000000015
20881  -43.972  -63.628  2.568 0.1000000015
22000  -43.736  -62.331  2.294 0.2000000030
23122  -43.592  -61.703  1.983 0.3000000119
23130  -43.326  -61.653  1.587 0.3000000119
23140  -42.301  -61.648  0.938 0.3000000119
23152  -40.396  -61.713  -0.606 0.3000000119
23153  -41.024  -61.937  -0.102 0.3000000119
23149  -37.765  -60.755  -0.887 0.3000000119
23150  -38.483  -61.176  -0.752 0.3000000119
23151  -39.432  -61.403  -0.723 0.3000000119
24411  -36.640  -59.713  -0.913 0.2000000030
26868  -35.466  -58.099  -1.387 0.2000000030
29144  -35.532  -56.584  -1.339 0.1000000015
30352  -35.857  -55.284  -1.744 0.2000000030
30303  -35.792  -56.128  -0.765 0.1000000015
31478  -36.303  -55.023  -1.101 0.2000000030
31479  -36.899  -54.495  -0.971 0.2000000030
23129  -42.511  -61.420  1.631 0.3000000119
24391  -41.038  -61.052  1.075 0.3000000119
23138  -40.728  -61.326  0.360 0.3000000119
24387  -37.613  -60.055  0.441 0.3000000119
24404  -39.036  -60.747  0.075 0.3000000119
23137  -39.939  -61.023  0.165 0.3000000119
24386  -37.090  -60.116  0.146 0.2000000030
25638  -36.066  -59.283  -0.363 0.2000000030
26847  -35.464  -58.190  0.594 0.1000000015
29129  -35.459  -56.656  -0.333 0.1000000015
30304  -36.408  -55.721  -0.508 0.1000000015
31448  -36.605  -55.404  -0.646 0.1000000015
24374  -40.845  -60.437  1.893 0.3000000119
24361  -40.726  -60.538  2.575 0.2000000030
24390  -40.379  -60.678  1.001 0.3000000119
25627  -37.739  -59.514  1.177 0.2000000030
24388  -38.610  -59.937  0.951 0.3000000119
24389  -39.558  -60.360  0.878 0.3000000119
25605  -37.134  -59.054  1.609 0.2000000030
26810  -36.426  -57.831  2.365 0.1000000015
26826  -35.885  -58.190  1.598 0.1000000015
27971  -35.923  -57.136  2.328 0.1000000015
27987  -35.550  -57.319  1.179 0.1000000015
29107  -35.595  -56.616  0.677 0.1000000015
30271  -36.029  -56.076  0.209 0.1000000015
30272  -36.798  -56.106  -0.000 0.1000000015
25610  -40.441  -60.108  2.332 0.2000000030
25609  -40.137  -59.906  2.293 0.2000000030
24373  -39.973  -60.114  1.631 0.2000000030
25607  -38.791  -59.399  1.823 0.2000000030
24372  -39.234  -59.862  1.494 0.2000000030
26812  -38.010  -58.141  2.646 0.1000000015
25606  -37.997  -58.979  1.940 0.2000000030
26811  -37.158  -57.934  2.587 0.1000000015
29091  -35.601  -56.391  1.718 0.1000000015
31428  -36.035  -55.465  0.912 0.1000000015
31429  -36.665  -55.748  0.599 0.1000000015
29078  -35.798  -56.101  2.745 0.1000000015
30247  -35.709  -55.802  1.214 0.1000000015
30227  -35.546  -55.467  2.180 0.1000000015
31403  -35.711  -54.826  1.628 0.1000000015
23242  -46.712  -61.900  -6.149 0.4000000060
23241  -45.612  -61.841  -6.090 0.5000000000
23240  -44.521  -61.697  -6.110 0.5000000000
23244  -49.110  -61.851  -6.571 0.5000000000
24472  -48.635  -61.043  -4.970 0.4000000060
19897  -48.416  -64.845  -6.583 0.5000000000
23227  -49.477  -61.403  -5.630 0.4000000060
22106  -47.315  -62.292  -6.982 0.5000000000
20997  -51.338  -63.073  -7.500 0.5000000000
22107  -48.313  -62.224  -7.061 0.6000000238
20996  -50.205  -63.110  -7.528 0.5000000000
19914  -48.837  -64.040  -7.110 0.3000000119
23257  -50.994  -62.045  -7.207 0.5000000000
17443  -48.525  -66.774  -6.341 0.5000000000
22126  -50.390  -62.614  -7.541 0.5000000000
23254  -42.266  -61.668  -7.219 0.4000000060
21036  -49.225  -63.719  -10.380 0.5000000000
21049  -47.176  -63.719  -11.453 0.4000000060
19937  -47.173  -64.333  -11.925 0.4000000060
21048  -46.241  -63.411  -11.744 0.4000000060
22202  -44.740  -62.186  -13.088 0.3000000119
24459  -47.842  -60.776  -4.359 0.5000000000
23243  -47.844  -61.932  -6.255 0.4000000060
23253  -41.628  -61.059  -7.197 0.3000000119
22121  -44.492  -62.458  -7.617 0.4000000060
22123  -46.812  -62.498  -7.811 0.6000000238
29217  -39.518  -56.448  -6.552 0.3000000119
26951  -40.220  -58.340  -7.134 0.4000000060
23255  -43.015  -62.100  -7.232 0.5000000000
22142  -47.482  -62.535  -8.710 0.6000000238
23256  -50.060  -61.979  -7.230 0.6000000238
22145  -49.896  -62.832  -7.788 0.5000000000
20995  -49.395  -63.449  -7.463 0.5000000000
23264  -40.933  -61.182  -8.902 0.4000000060
23266  -42.656  -62.125  -8.147 0.4000000060
22138  -42.921  -62.306  -8.869 0.5000000000
22160  -49.049  -62.814  -9.307 0.5000000000
22143  -48.594  -62.624  -8.613 0.5000000000
22144  -49.372  -62.872  -8.259 0.5000000000
24491  -40.670  -59.930  -8.169 0.4000000060
26960  -39.782  -57.730  -8.109 0.4000000060
23272  -42.273  -62.121  -9.201 0.5000000000
22175  -46.389  -62.878  -10.379 0.4000000060
22157  -45.671  -62.706  -9.557 0.5000000000
22177  -48.777  -62.939  -10.147 0.5000000000
26969  -40.723  -58.578  -9.165 0.4000000060
28137  -40.409  -57.574  -9.065 0.3000000119
24510  -41.214  -60.442  -9.594 0.5000000000
22155  -43.177  -62.444  -9.655 0.5000000000
22172  -43.094  -62.387  -10.287 0.5000000000
22191  -46.964  -63.129  -10.911 0.5000000000
23275  -42.565  -61.896  -10.570 0.5000000000
23276  -43.279  -62.219  -11.087 0.4000000060
22189  -44.716  -62.878  -11.408 0.4000000060
25755  -42.720  -60.148  -11.044 0.4000000060
25742  -42.473  -59.619  -10.512 0.4000000060
23279  -42.818  -61.434  -11.236 0.4000000060
24446  -46.913  -60.461  -3.679 0.5000000000
24460  -48.872  -61.086  -4.493 0.4000000060
22128  -52.136  -62.808  -7.407 0.5000000000
28073  -41.988  -57.956  -4.037 0.5000000000
23228  -50.643  -61.204  -5.433 0.5000000000
31582  -38.705  -54.775  -7.277 0.3000000119
31581  -38.653  -54.558  -7.750 0.3000000119
32712  -38.602  -53.660  -7.742 0.3000000119
31597  -39.335  -54.589  -8.529 0.3000000119
29241  -40.266  -56.636  -8.954 0.3000000119
28138  -41.213  -57.814  -9.490 0.3000000119
25741  -41.811  -59.691  -10.044 0.3000000119
30442  -40.666  -55.535  -9.006 0.2000000030
26971  -42.767  -58.761  -10.195 0.3000000119
26989  -43.658  -58.936  -10.758 0.3000000119
25756  -43.468  -59.507  -11.250 0.4000000060
26990  -44.736  -58.721  -10.953 0.2000000030
29244  -43.509  -56.303  -9.049 0.2000000030
28141  -44.729  -57.439  -9.411 0.2000000030
24427  -46.827  -60.924  -3.186 0.4000000060
24445  -45.458  -60.055  -3.478 0.4000000060
23200  -47.986  -61.085  -3.664 0.5000000000
23203  -50.115  -61.455  -3.954 0.4000000060
24474  -50.096  -61.012  -4.994 0.5000000000
29171  -40.553  -56.420  -3.903 0.4000000060
32683  -38.880  -53.897  -5.301 0.3000000119
32669  -38.835  -53.951  -4.855 0.2000000030
35106  -37.934  -51.657  -5.801 0.1000000015
32727  -39.706  -53.813  -8.570 0.2000000030
32714  -40.143  -52.928  -8.375 0.2000000030
30443  -41.758  -55.522  -8.879 0.2000000030
33904  -40.604  -52.023  -8.026 0.2000000030
31583  -41.777  -53.868  -8.207 0.1000000015
29243  -42.332  -56.272  -9.204 0.2000000030
32716  -42.297  -53.131  -7.420 0.1000000015
31584  -42.747  -54.151  -7.647 0.1000000015
30444  -42.913  -55.526  -8.684 0.2000000030
31585  -43.707  -54.429  -7.275 0.1000000015
30426  -44.205  -54.953  -7.651 0.1000000015
30446  -45.421  -55.913  -8.132 0.1000000015
32702  -43.951  -53.175  -6.713 0.1000000015
30427  -45.101  -55.280  -7.606 0.1000000015
32703  -44.852  -53.534  -6.501 0.1000000015
32684  -45.394  -53.028  -6.245 0.1000000015
32685  -46.457  -53.304  -5.946 0.1000000015
35084  -47.365  -51.951  -5.371 0.1000000015
18651  -51.101  -64.761  -2.215 0.3000000119
19859  -51.274  -63.947  -2.841 0.3000000119
19839  -49.380  -64.173  -2.226 0.3000000119
19841  -51.340  -64.073  -1.975 0.3000000119
20942  -50.560  -63.197  -2.671 0.3000000119
20957  -51.552  -63.366  -2.817 0.3000000119
22062  -50.943  -62.250  -3.280 0.3000000119
23184  -48.468  -61.575  -3.570 0.3000000119
22078  -49.976  -61.900  -3.471 0.3000000119
24444  -44.526  -59.777  -3.400 0.4000000060
24425  -45.029  -60.442  -3.025 0.4000000060
23182  -46.620  -61.494  -2.934 0.4000000060
28059  -40.154  -57.187  -3.564 0.4000000060
25677  -43.923  -59.121  -3.635 0.4000000060
33860  -37.962  -52.315  -4.699 0.2000000030
35105  -37.960  -50.648  -5.800 0.1000000015
36271  -38.655  -49.401  -5.830 0.1000000015
35149  -39.840  -51.462  -7.530 0.2000000030
35135  -41.291  -50.710  -7.094 0.1000000015
33905  -41.873  -51.937  -7.504 0.1000000015
35136  -42.227  -51.163  -6.957 0.1000000015
33896  -43.881  -52.140  -6.640 0.1000000015
35138  -43.858  -51.450  -6.456 0.1000000015
33879  -44.825  -52.228  -6.365 0.1000000015
35108  -45.324  -51.594  -6.148 0.1000000015
36274  -46.593  -50.751  -5.589 0.1000000015
36275  -47.430  -50.600  -5.502 0.1000000015
19808  -51.692  -64.395  -0.908 0.2000000030
17372  -51.372  -65.276  -1.610 0.2000000030
24441  -41.706  -59.872  -3.459 0.3000000119
24443  -43.722  -59.777  -3.396 0.4000000060
38724  -37.938  -48.743  -3.818 0.1000000015
37428  -36.932  -50.178  -3.452 0.1000000015
38697  -38.301  -48.911  -2.816 0.1000000015
38714  -38.481  -48.607  -3.392 0.1000000015
37437  -37.980  -48.964  -4.634 0.1000000015
37438  -38.479  -48.602  -4.778 0.1000000015
38715  -39.179  -48.256  -3.591 0.1000000015
38735  -39.490  -48.244  -4.999 0.1000000015
36304  -44.777  -50.566  -6.214 0.1000000015
19807  -51.172  -64.201  -0.649 0.2000000030
19789  -49.580  -64.656  0.636 0.2000000030
19806  -50.117  -64.415  -0.482 0.3000000119
25672  -38.937  -58.920  -3.263 0.3000000119
24440  -40.654  -60.002  -3.405 0.3000000119
26896  -37.419  -58.193  -3.349 0.3000000119
25671  -38.081  -58.864  -3.175 0.3000000119
26895  -36.569  -57.754  -3.134 0.3000000119
36245  -36.708  -50.772  -3.246 0.1000000015
36235  -37.479  -50.601  -2.008 0.1000000015
37418  -38.769  -49.285  -2.357 0.1000000015
37419  -39.606  -49.138  -2.301 0.1000000015
37397  -40.746  -49.256  -1.682 0.1000000015
38672  -40.839  -48.276  -1.750 0.1000000015
38674  -42.602  -48.530  -1.365 0.1000000015
38673  -41.597  -48.470  -1.494 0.1000000015
40075  -39.876  -47.442  -3.194 0.1000000015
40052  -41.013  -47.125  -2.278 0.1000000015
40053  -41.907  -47.094  -2.097 0.1000000015
40030  -43.112  -47.556  -1.779 0.1000000015
38676  -44.700  -48.639  -1.334 0.1000000015
40081  -39.840  -47.524  -4.496 0.1000000015
41372  -40.620  -46.795  -2.860 0.1000000015
41398  -40.932  -46.311  -3.538 0.1000000015
41352  -43.233  -47.137  -2.166 0.1000000015
41354  -44.637  -46.951  -1.796 0.1000000015
40033  -46.221  -47.756  -1.776 0.1000000015
40091  -40.405  -47.485  -5.163 0.1000000015
41409  -40.754  -46.403  -4.370 0.1000000015
40111  -40.903  -47.639  -5.725 0.1000000015
22021  -45.313  -62.818  1.267 0.2000000030
22020  -44.748  -62.431  0.848 0.3000000119
20914  -46.228  -63.710  0.171 0.2000000030
22055  -42.361  -62.439  -2.242 0.3000000119
23176  -39.476  -61.131  -2.616 0.3000000119
22054  -41.220  -62.190  -2.244 0.3000000119
20936  -42.693  -62.780  -1.771 0.3000000119
20937  -43.169  -62.982  -2.036 0.3000000119
26885  -36.693  -58.494  -2.868 0.3000000119
31501  -36.078  -54.630  -2.217 0.3000000119
36236  -38.470  -50.042  -1.840 0.1000000015
36214  -38.265  -50.914  -1.133 0.2000000030
42619  -42.104  -45.867  -3.748 0.1000000015
41400  -42.486  -46.118  -3.338 0.1000000015
41376  -45.095  -46.165  -2.155 0.1000000015
42637  -41.752  -46.029  -4.929 0.1000000015
42620  -43.037  -45.733  -3.705 0.1000000015
41436  -41.418  -46.978  -5.637 0.1000000015
22008  -44.039  -61.962  1.585 0.3000000119
23141  -42.953  -61.749  1.127 0.3000000119
22018  -42.843  -62.145  0.498 0.3000000119
22042  -42.973  -62.791  -0.882 0.3000000119
22031  -42.564  -62.487  -0.281 0.3000000119
23175  -38.614  -60.855  -2.185 0.3000000119
22039  -40.748  -62.142  -1.494 0.3000000119
22029  -41.025  -62.226  -0.768 0.3000000119
25644  -37.060  -59.721  -1.893 0.3000000119
26862  -35.818  -58.756  -1.149 0.2000000030
24413  -37.705  -60.521  -1.615 0.3000000119
30351  -35.689  -55.897  -1.868 0.2000000030
32605  -37.101  -53.660  -1.103 0.2000000030
33799  -37.366  -52.822  -0.988 0.2000000030
35037  -38.098  -52.152  -0.858 0.2000000030
23121  -42.943  -61.568  2.167 0.2000000030
22017  -42.161  -62.115  0.335 0.3000000119
23139  -41.515  -61.663  0.557 0.3000000119
24402  -37.395  -60.368  -0.321 0.3000000119
24403  -38.116  -60.611  -0.031 0.3000000119
28024  -35.286  -57.391  -0.869 0.2000000030
30334  -35.679  -56.062  -1.308 0.1000000015
30335  -35.883  -55.669  -1.213 0.2000000030
23120  -41.630  -61.269  2.296 0.3000000119
23128  -41.655  -61.230  1.432 0.3000000119
25626  -36.741  -59.640  0.674 0.2000000030
25625  -35.820  -58.997  0.757 0.2000000030
26861  -35.434  -58.307  -0.420 0.2000000030
28003  -35.280  -57.398  0.146 0.1000000015
25604  -36.385  -58.928  1.377 0.1000000015
30305  -36.906  -55.871  -0.260 0.1000000015
25628  -38.301  -59.437  1.463 0.2000000030
26827  -36.692  -58.444  2.007 0.1000000015
25593  -39.632  -59.314  2.798 0.2000000030
25608  -39.503  -59.589  2.138 0.2000000030
19912  -46.825  -64.775  -7.457 0.3000000119
17457  -45.063  -67.041  -7.550 0.3000000119
18709  -45.884  -66.336  -6.936 0.3000000119
13805  -41.682  -69.452  -11.630 0.2000000030
13830  -41.437  -70.315  -12.780 0.2000000030
16210  -44.185  -67.955  -8.431 0.4000000060
14965  -43.537  -68.558  -9.384 0.3000000119
19911  -45.903  -64.995  -7.997 0.4000000060
16209  -43.520  -67.639  -8.699 0.3000000119
14980  -43.009  -68.733  -9.878 0.3000000119
18725  -43.864  -66.150  -8.029 0.4000000060
14979  -42.391  -68.349  -10.048 0.3000000119
14992  -41.369  -68.423  -11.125 0.2000000030
18741  -45.122  -65.343  -8.640 0.4000000060
17485  -42.231  -66.764  -9.586 0.4000000060
19919  -46.783  -64.649  -8.427 0.4000000060
19926  -47.828  -64.662  -9.050 0.4000000060
18738  -42.748  -66.303  -8.978 0.4000000060
16214  -42.007  -67.192  -9.855 0.3000000119
14991  -40.752  -67.833  -11.445 0.3000000119
19918  -46.015  -64.997  -8.831 0.4000000060
18740  -44.072  -65.646  -8.571 0.4000000060
17499  -42.044  -66.357  -9.917 0.3000000119
16228  -41.238  -66.999  -10.697 0.4000000060
18753  -44.255  -65.375  -9.473 0.4000000060
18760  -41.549  -66.017  -10.731 0.3000000119
21051  -49.086  -64.225  -10.798 0.4000000060
19924  -46.207  -65.191  -9.303 0.4000000060
18754  -45.500  -65.363  -9.568 0.4000000060
18762  -43.351  -65.502  -10.380 0.4000000060
18767  -48.808  -65.305  -10.385 0.4000000060
19939  -48.854  -64.571  -11.022 0.4000000060
18755  -46.550  -65.506  -9.746 0.4000000060
18763  -44.554  -65.494  -10.491 0.4000000060
18765  -47.184  -66.102  -10.235 0.4000000060
18775  -43.606  -65.550  -11.400 0.3000000119
18779  -48.863  -65.109  -10.974 0.4000000060
17501  -47.003  -66.634  -10.856 0.4000000060
18764  -45.952  -65.949  -10.665 0.4000000060
18776  -44.761  -65.787  -11.555 0.3000000119
18789  -42.808  -65.413  -12.323 0.2000000030
19938  -48.045  -64.853  -11.635 0.3000000119
18766  -48.176  -66.123  -10.305 0.4000000060
18778  -48.484  -65.950  -11.149 0.4000000060
17500  -46.334  -66.551  -11.322 0.4000000060
18790  -43.854  -65.764  -12.425 0.2000000030
18791  -44.909  -66.253  -12.584 0.2000000030
18811  -43.146  -65.534  -13.269 0.3000000119
21066  -46.634  -63.970  -12.263 0.3000000119
19950  -47.647  -65.246  -12.615 0.3000000119
17509  -46.871  -67.119  -11.587 0.3000000119
18792  -45.605  -66.492  -12.247 0.2000000030
18812  -43.991  -66.240  -13.460 0.2000000030
17560  -42.616  -65.932  -14.727 0.2000000030
21077  -46.032  -63.527  -12.608 0.3000000119
19949  -47.116  -64.514  -12.467 0.3000000119
17523  -48.224  -66.602  -11.734 0.4000000060
17522  -46.365  -67.171  -12.218 0.1000000015
22204  -46.241  -63.419  -13.627 0.3000000119
19962  -47.133  -64.535  -13.241 0.3000000119
18814  -48.112  -66.024  -12.788 0.2000000030
17511  -48.158  -67.549  -11.757 0.2000000030
17543  -44.542  -66.815  -13.806 0.1000000015
17573  -42.915  -66.550  -15.274 0.2000000030
19974  -47.894  -64.532  -14.303 0.2000000030
17524  -48.479  -67.267  -12.106 0.1000000015
16250  -46.921  -67.664  -12.392 0.1000000015
16272  -45.125  -67.223  -13.755 0.1000000015
17562  -44.314  -67.063  -14.352 0.1000000015
21084  -46.741  -63.870  -13.760 0.3000000119
19973  -47.324  -64.402  -13.862 0.3000000119
24536  -45.307  -60.377  -13.104 0.2000000030
23300  -45.861  -61.845  -14.143 0.1000000015
22215  -45.913  -62.576  -14.089 0.3000000119
21085  -47.270  -63.774  -14.288 0.2000000030
17546  -48.640  -66.660  -12.786 0.1000000015
16251  -47.833  -68.375  -12.617 0.1000000015
16290  -45.939  -68.138  -14.151 0.1000000015
16289  -44.856  -67.590  -14.467 0.1000000015
24537  -46.128  -60.239  -13.300 0.2000000030
23324  -46.840  -62.060  -14.400 0.2000000030
22217  -47.452  -62.945  -14.580 0.2000000030
21086  -48.102  -63.709  -14.610 0.1000000015
19964  -48.643  -65.195  -14.087 0.1000000015
17525  -49.206  -67.245  -12.928 0.1000000015
16252  -48.818  -68.154  -12.465 0.1000000015
16274  -46.864  -68.313  -13.469 0.1000000015
15036  -45.409  -68.385  -14.797 0.1000000015
15071  -43.208  -68.372  -16.355 0.1000000015
24577  -47.642  -61.394  -14.266 0.1000000015
22218  -48.438  -62.889  -14.672 0.2000000030
21087  -49.038  -63.608  -14.609 0.1000000015
18816  -49.375  -65.843  -13.829 0.1000000015
17526  -49.816  -67.160  -13.485 0.1000000015
15019  -47.343  -68.693  -13.617 0.1000000015
15038  -46.906  -68.843  -14.325 0.1000000015
15051  -44.228  -68.285  -15.544 0.1000000015
15092  -42.887  -68.875  -16.747 0.1000000015
21079  -49.656  -63.922  -14.533 0.1000000015
17548  -50.304  -66.818  -13.858 0.1000000015
16276  -49.770  -67.956  -13.808 0.1000000015
13867  -45.753  -69.053  -15.565 0.1000000015
12779  -44.336  -69.535  -16.444 0.1000000015
15022  -49.297  -68.374  -14.189 0.1000000015
33773  -37.863  -53.528  -0.810 0.2000000030
25774  -45.270  -59.307  -12.027 0.2000000030
25800  -45.734  -59.718  -12.667 0.1000000015
24558  -46.449  -60.875  -13.987 0.1000000015
24538  -47.067  -60.200  -13.422 0.1000000015
23326  -48.873  -62.154  -14.544 0.1000000015
24560  -48.234  -60.848  -13.855 0.1000000015
21088  -49.711  -63.372  -14.547 0.1000000015
19966  -50.796  -64.486  -14.427 0.1000000015
13866  -45.130  -68.854  -15.417 0.1000000015
13852  -45.650  -68.714  -14.936 0.1000000015
15021  -48.746  -68.842  -13.870 0.1000000015
18817  -50.437  -65.684  -14.163 0.1000000015
17456  -44.335  -66.806  -7.800 0.3000000119
18726  -45.158  -65.918  -7.557 0.4000000060
13789  -42.076  -68.886  -10.756 0.3000000119
16215  -42.483  -67.518  -9.507 0.3000000119
17470  -43.088  -66.915  -8.625 0.3000000119
14978  -41.733  -68.054  -10.473 0.3000000119
17484  -41.860  -66.788  -9.999 0.3000000119
18752  -43.216  -65.673  -9.417 0.4000000060
18761  -42.193  -65.803  -10.312 0.3000000119
18757  -48.398  -65.278  -9.757 0.4000000060
17502  -47.628  -66.528  -10.610 0.4000000060
18793  -48.159  -65.932  -12.004 0.3000000119
17510  -47.912  -66.999  -11.274 0.2000000030
18831  -43.263  -65.862  -14.031 0.2000000030
21078  -46.407  -63.868  -13.082 0.3000000119
16240  -47.417  -67.428  -11.731 0.2000000030
17544  -45.242  -67.005  -13.358 0.1000000015
19963  -47.805  -65.213  -13.539 0.2000000030
17545  -48.402  -66.536  -12.238 0.2000000030
16242  -48.273  -67.916  -12.050 0.1000000015
17574  -43.422  -66.935  -15.191 0.1000000015
16273  -45.874  -67.499  -13.373 0.1000000015
22216  -46.446  -63.030  -14.153 0.3000000119
17547  -49.074  -66.555  -13.346 0.1000000015
14997  -48.424  -68.643  -12.820 0.1000000015
16291  -46.459  -68.483  -14.133 0.1000000015
16322  -43.644  -67.802  -15.653 0.1000000015
25801  -46.731  -59.672  -12.714 0.1000000015
23325  -47.949  -62.133  -14.521 0.1000000015
19975  -48.770  -64.344  -14.451 0.1000000015
18794  -49.705  -66.576  -13.585 0.1000000015
14998  -48.943  -68.727  -13.079 0.1000000015
13876  -44.030  -69.051  -16.231 0.1000000015
18795  -50.117  -66.597  -13.738 0.1000000015
13891  -43.055  -69.596  -16.904 0.1000000015
21080  -50.367  -63.684  -14.478 0.1000000015
24578  -48.548  -61.482  -14.259 0.1000000015
13733  -47.734  -70.034  -7.285 0.3000000119
12635  -46.909  -70.781  -7.608 0.3000000119
13732  -46.811  -69.830  -7.803 0.2000000030
16160  -49.221  -67.340  -5.855 0.4000000060
14914  -48.335  -68.889  -6.585 0.2000000030
16184  -48.985  -67.601  -6.352 0.4000000060
14940  -48.064  -69.290  -7.144 0.3000000119
12653  -46.500  -70.782  -8.311 0.2000000030
14938  -46.884  -68.857  -7.380 0.2000000030
13755  -45.750  -69.714  -8.615 0.2000000030
10561  -45.344  -72.240  -9.355 0.1000000015
11607  -45.273  -71.209  -9.550 0.2000000030
11633  -45.043  -71.834  -9.835 0.1000000015
16182  -47.126  -67.957  -7.021 0.3000000119
10560  -44.709  -72.891  -9.682 0.1000000015
13774  -45.261  -69.744  -8.941 0.2000000030
10586  -44.490  -72.619  -10.438 0.1000000015
11647  -44.197  -72.236  -10.882 0.1000000015
11632  -44.517  -71.542  -10.342 0.1000000015
11631  -43.901  -71.053  -10.767 0.1000000015
9628  -42.762  -73.345  -12.290 0.1000000015
10599  -43.488  -72.700  -11.683 0.1000000015
11646  -43.542  -71.738  -11.423 0.1000000015
10618  -42.540  -72.750  -12.656 0.1000000015
11659  -42.793  -71.973  -12.300 0.1000000015
17442  -47.446  -66.854  -6.512 0.3000000119
14956  -45.412  -69.034  -8.400 0.2000000030
13773  -44.754  -69.615  -9.211 0.2000000030
12678  -44.742  -70.500  -9.687 0.2000000030
12701  -44.049  -70.353  -10.207 0.2000000030
12738  -42.313  -71.537  -12.739 0.1000000015
9641  -41.838  -73.221  -13.370 0.1000000015
18711  -47.871  -65.778  -6.247 0.2000000030
17441  -46.438  -66.907  -6.775 0.3000000119
14955  -44.721  -68.682  -8.596 0.2000000030
13807  -43.321  -69.782  -10.590 0.2000000030
11645  -42.811  -71.389  -11.980 0.1000000015
10626  -41.124  -72.803  -14.072 0.1000000015
11666  -41.494  -72.062  -13.519 0.1000000015
17440  -45.667  -66.936  -7.150 0.3000000119
14954  -44.041  -68.342  -8.858 0.3000000119
13806  -42.665  -69.707  -11.061 0.2000000030
12715  -42.535  -70.590  -11.763 0.1000000015
12737  -41.669  -71.055  -13.053 0.1000000015
13811  -41.409  -69.898  -12.405 0.1000000015
12760  -40.164  -71.772  -14.386 0.1000000015
18710  -46.547  -65.757  -6.733 0.2000000030
13829  -40.673  -69.826  -13.104 0.1000000015
13810  -40.814  -69.177  -12.286 0.1000000015
12735  -39.633  -70.758  -14.142 0.1000000015
19896  -47.475  -65.021  -6.759 0.2000000030
13804  -40.900  -68.642  -11.707 0.1000000015
15018  -40.308  -68.902  -12.742 0.1000000015
14996  -40.187  -68.147  -12.286 0.1000000015
12757  -37.575  -70.548  -14.385 0.1000000015
13828  -39.326  -69.861  -13.889 0.1000000015
14995  -39.590  -67.806  -12.760 0.1000000015
17497  -41.144  -66.634  -10.921 0.3000000119
15016  -38.408  -68.609  -13.720 0.1000000015
16183  -48.120  -67.826  -6.647 0.3000000119
14912  -47.398  -68.693  -7.219 0.2000000030
16203  -45.612  -67.857  -7.563 0.3000000119
12726  -41.913  -70.513  -12.449 0.1000000015
12736  -40.447  -71.251  -13.864 0.1000000015
13791  -43.487  -69.324  -10.038 0.2000000030
14937  -46.064  -68.960  -7.931 0.2000000030
16181  -46.224  -67.589  -7.121 0.3000000119
12716  -43.363  -70.537  -10.995 0.1000000015
12758  -38.678  -70.989  -14.585 0.1000000015
13850  -38.474  -70.136  -14.391 0.1000000015
15017  -39.525  -68.488  -13.195 0.1000000015
11684  -38.141  -71.520  -14.987 0.1000000015
16238  -40.849  -67.082  -11.131 0.2000000030
17540  -38.825  -66.913  -13.540 0.1000000015
17557  -38.507  -66.496  -14.205 0.1000000015
18826  -39.015  -65.920  -14.671 0.2000000030
17568  -37.815  -66.594  -15.052 0.1000000015
17518  -39.954  -66.404  -12.405 0.2000000030
17541  -39.361  -66.461  -13.250 0.2000000030
17569  -38.630  -66.075  -15.280 0.2000000030
18827  -39.640  -65.663  -14.430 0.1000000015
17584  -37.909  -66.792  -15.903 0.1000000015
18837  -39.264  -65.783  -15.049 0.2000000030
18838  -40.027  -65.670  -15.068 0.1000000015
17519  -40.399  -66.267  -11.880 0.2000000030
18808  -39.962  -65.667  -13.473 0.1000000015
17585  -38.804  -66.500  -16.318 0.1000000015
17570  -39.476  -65.949  -15.717 0.1000000015
18773  -41.369  -65.800  -11.355 0.2000000030
18787  -40.564  -65.744  -12.372 0.2000000030
18809  -41.070  -65.442  -13.349 0.1000000015
18839  -40.903  -65.735  -15.032 0.1000000015
18828  -40.522  -65.514  -14.298 0.1000000015
18774  -42.476  -65.512  -11.330 0.2000000030
18788  -41.704  -65.409  -12.311 0.2000000030
17559  -42.055  -65.817  -14.951 0.1000000015
18830  -42.588  -65.522  -13.978 0.1000000015
17571  -40.489  -66.078  -15.712 0.1000000015
16247  -39.668  -67.195  -12.543 0.1000000015
16159  -48.496  -68.088  -5.624 0.2000000030
12636  -47.157  -70.843  -7.021 0.1000000015
18652  -51.593  -64.714  -1.707 0.2000000030
16107  -49.938  -67.140  -1.891 0.1000000015
20892  -46.235  -63.641  1.976 0.1000000015
18583  -50.922  -65.502  1.575 0.1000000015
17327  -51.160  -65.985  0.887 0.1000000015
19788  -48.114  -64.472  1.117 0.1000000015
19779  -51.023  -64.892  0.710 0.1000000015
20884  -46.671  -64.096  2.530 0.2000000030
20893  -47.142  -63.945  2.133 0.1000000015
17272  -50.501  -66.520  3.083 0.1000000015
22002  -45.432  -63.518  2.133 0.2000000030
20904  -47.064  -63.852  1.428 0.1000000015
20894  -47.710  -64.251  2.284 0.1000000015
19766  -49.036  -64.961  2.601 0.1000000015
19767  -49.833  -65.064  2.172 0.1000000015
18582  -50.373  -65.279  2.166 0.1000000015
17370  -49.833  -66.645  -2.453 0.1000000015
19778  -50.325  -64.896  1.354 0.1000000015
19777  -49.244  -64.765  1.693 0.1000000015
19787  -47.304  -64.086  0.885 0.1000000015
22001  -44.799  -62.991  2.311 0.2000000030
17371  -50.611  -66.089  -2.009 0.1000000015
16065  -50.653  -66.701  1.261 0.1000000015
17288  -50.732  -66.303  2.349 0.1000000015
19776  -48.353  -64.418  2.097 0.1000000015
19765  -48.006  -64.606  2.764 0.1000000015
14891  -48.003  -69.207  -5.684 0.1000000015
13705  -48.002  -69.719  -6.270 0.1000000015
24360  -40.472  -60.423  2.920 0.1000000015
21998  -41.295  -62.083  2.840 0.1000000015
20879  -41.957  -62.908  3.161 0.1000000015
20869  -43.239  -63.897  3.180 0.1000000015
21999  -42.470  -62.100  2.684 0.1000000015
21997  -40.215  -62.212  2.842 0.1000000015
20878  -40.882  -63.195  3.018 0.1000000015
19743  -41.898  -64.620  3.515 0.1000000015
23119  -40.466  -61.068  2.995 0.1000000015
20868  -42.419  -63.773  3.321 0.1000000015
19744  -42.868  -64.621  3.618 0.1000000015
24348  -40.227  -60.289  3.103 0.1000000015
19742  -40.885  -64.464  3.313 0.1000000015
23118  -39.524  -61.472  3.035 0.1000000015
19760  -40.772  -63.825  3.167 0.1000000015
23104  -39.689  -60.662  3.260 0.1000000015
20867  -41.517  -63.764  3.293 0.1000000015
25581  -40.015  -59.912  3.188 0.1000000015
26799  -39.258  -58.978  3.176 0.1000000015
20876  -38.722  -63.548  2.736 0.1000000015
20877  -39.822  -63.222  2.764 0.1000000015
19759  -40.295  -63.923  3.032 0.1000000015
21996  -39.192  -62.429  2.723 0.1000000015
25580  -39.452  -59.509  3.247 0.1000000015
25592  -39.093  -58.977  2.595 0.1000000015
35024  -38.521  -52.530  -0.717 0.1000000015
33801  -39.957  -51.889  -0.837 0.1000000015
24346  -39.152  -60.101  3.440 0.1000000015
26814  -39.202  -58.698  3.069 0.1000000015
25591  -38.557  -58.720  2.438 0.1000000015
32579  -37.672  -54.453  -0.726 0.1000000015
36213  -37.455  -51.343  -1.324 0.1000000015
32581  -39.459  -53.995  -0.524 0.1000000015
35040  -40.994  -51.381  -1.591 0.1000000015
35039  -40.046  -51.359  -1.333 0.1000000015
19758  -39.481  -64.073  2.896 0.1000000015
19741  -39.823  -64.752  3.309 0.1000000015
36215  -39.292  -50.644  -1.433 0.1000000015
20880  -42.970  -63.074  2.840 0.1000000015
25594  -40.258  -59.965  2.804 0.1000000015
35038  -39.197  -51.654  -0.830 0.1000000015
35025  -38.848  -52.411  -0.707 0.1000000015
36216  -40.287  -50.388  -1.841 0.1000000015
27012  -44.974  -59.049  -11.549 0.1000000015
26991  -46.037  -58.373  -10.667 0.1000000015
26973  -45.325  -58.111  -10.014 0.1000000015
10489  -45.560  -72.184  -5.422 0.1000000015
10507  -44.846  -72.482  -6.285 0.1000000015
10509  -46.061  -72.346  -6.322 0.1000000015
11534  -45.506  -71.388  -5.016 0.1000000015
11533  -45.192  -71.941  -5.726 0.1000000015
10478  -46.066  -72.279  -5.154 0.1000000015
12621  -45.245  -70.631  -5.572 0.1000000015
11526  -45.928  -71.819  -4.221 0.1000000015
11527  -46.360  -72.012  -4.612 0.1000000015
13730  -44.567  -70.291  -6.581 0.1000000015
13703  -45.321  -69.528  -5.159 0.1000000015
12589  -45.810  -70.969  -3.818 0.1000000015
13702  -44.836  -69.108  -5.537 0.1000000015
13687  -45.796  -69.908  -4.275 0.1000000015
17337  -36.582  -66.359  -0.493 0.1000000015
18613  -36.719  -65.703  -0.420 0.1000000015
18675  -37.512  -65.256  -4.321 0.1000000015
18694  -37.266  -65.515  -4.972 0.1000000015
18695  -38.025  -65.509  -5.032 0.1000000015
17422  -38.559  -66.209  -5.567 0.1000000015
12605  -46.646  -71.518  -6.030 0.1000000015
17439  -38.567  -66.761  -5.925 0.1000000015
17423  -39.575  -66.248  -5.166 0.1000000015
14911  -44.288  -69.111  -6.126 0.1000000015
14888  -44.328  -68.663  -5.783 0.1000000015
10539  -46.171  -72.166  -7.501 0.1000000015
14882  -39.570  -68.302  -5.729 0.1000000015
14883  -40.126  -68.400  -5.529 0.1000000015
14884  -40.604  -68.520  -5.909 0.1000000015
14909  -42.773  -68.230  -6.587 0.1000000015
14886  -43.149  -67.930  -6.054 0.1000000015
16156  -44.700  -67.975  -5.221 0.1000000015
14868  -45.634  -68.920  -4.562 0.1000000015
11583  -45.977  -71.544  -8.801 0.1000000015
13724  -38.575  -69.449  -6.641 0.1000000015
13701  -40.448  -69.620  -5.816 0.1000000015
16154  -42.604  -67.636  -6.017 0.1000000015
16155  -43.651  -67.636  -5.507 0.1000000015
18630  -36.848  -65.257  -1.343 0.1000000015
18644  -36.797  -65.282  -2.587 0.1000000015
18657  -37.748  -64.790  -3.313 0.1000000015
11515  -46.472  -71.601  -3.894 0.1000000015
13689  -47.500  -70.316  -4.386 0.1000000015
11536  -46.814  -71.523  -5.244 0.1000000015
18676  -38.374  -65.166  -4.325 0.1000000015
18696  -38.788  -65.634  -4.966 0.1000000015
18658  -38.869  -64.780  -3.674 0.1000000015
10525  -46.255  -72.153  -6.930 0.1000000015
16152  -40.664  -67.600  -5.586 0.1000000015
16153  -41.507  -67.605  -5.952 0.1000000015
16157  -45.089  -68.088  -5.036 0.1000000015
17425  -41.374  -66.912  -5.362 0.1000000015
17426  -42.289  -67.037  -5.507 0.1000000015
17427  -42.931  -67.256  -5.495 0.1000000015
16132  -44.490  -67.308  -4.915 0.1000000015
18594  -36.963  -65.835  0.554 0.1000000015
18614  -37.408  -65.133  -0.308 0.1000000015
18579  -37.500  -65.952  1.070 0.1000000015
17295  -37.147  -66.446  1.193 0.1000000015
13676  -47.614  -70.160  -3.389 0.1000000015
18631  -37.506  -64.737  -1.141 0.1000000015
19815  -38.127  -64.503  -1.388 0.1000000015
12579  -46.572  -71.043  -3.196 0.1000000015
14870  -47.801  -69.355  -4.022 0.1000000015
19832  -38.364  -64.423  -2.123 0.1000000015
13688  -46.182  -70.124  -3.485 0.1000000015
14890  -47.605  -69.545  -4.914 0.1000000015
19852  -38.579  -64.477  -2.862 0.1000000015
18677  -39.346  -65.365  -4.448 0.1000000015
17403  -40.366  -65.978  -4.744 0.1000000015
17424  -40.515  -66.726  -5.207 0.1000000015
17404  -41.187  -66.188  -4.851 0.1000000015
17406  -43.194  -66.707  -4.967 0.1000000015
16131  -43.922  -67.021  -5.002 0.1000000015
17405  -42.101  -66.398  -4.915 0.1000000015
17296  -38.441  -66.347  1.560 0.1000000015
12561  -47.293  -70.738  -3.033 0.1000000015
18595  -37.998  -65.534  0.654 0.1000000015
17316  -38.649  -65.835  0.872 0.1000000015
17284  -39.366  -66.863  2.173 0.1000000015
16020  -39.118  -67.536  2.619 0.1000000015
14855  -46.545  -69.313  -3.132 0.1000000015
13656  -47.086  -70.275  -2.503 0.1000000015
13677  -48.091  -69.562  -3.002 0.1000000015
19800  -38.667  -64.673  -0.836 0.1000000015
18596  -38.873  -65.537  0.326 0.1000000015
14869  -46.152  -69.180  -3.918 0.1000000015
13704  -47.520  -70.213  -5.509 0.1000000015
19833  -39.145  -64.473  -2.278 0.1000000015
19816  -38.899  -64.500  -1.550 0.1000000015
17408  -44.879  -67.028  -4.491 0.1000000015
16134  -45.903  -68.494  -4.203 0.1000000015
19853  -39.438  -64.560  -3.042 0.1000000015
18682  -43.599  -65.987  -4.333 0.1000000015
18678  -40.155  -65.391  -4.311 0.1000000015
18679  -40.949  -65.483  -4.389 0.1000000015
18680  -41.820  -65.655  -4.421 0.1000000015
17317  -39.332  -66.019  0.871 0.1000000015
16158  -47.858  -68.752  -4.844 0.1000000015
17407  -44.290  -66.569  -4.436 0.1000000015
17387  -45.964  -67.136  -3.508 0.1000000015
19856  -42.015  -64.743  -3.249 0.1000000015
19834  -39.947  -64.630  -2.388 0.1000000015
19854  -40.294  -64.617  -3.150 0.1000000015
19855  -41.157  -64.628  -3.231 0.1000000015
16104  -46.895  -68.421  -2.621 0.1000000015
16105  -47.501  -68.632  -1.729 0.1000000015
17368  -46.458  -67.110  -2.725 0.1000000015
18616  -39.220  -65.127  -0.392 0.1000000015
18664  -44.288  -65.852  -3.661 0.1000000015
17385  -44.598  -66.326  -3.985 0.1000000015
17367  -45.858  -66.668  -3.210 0.1000000015
19801  -39.445  -64.758  -1.064 0.1000000015
18662  -42.392  -65.141  -3.905 0.1000000015
18663  -43.303  -65.299  -3.818 0.1000000015
19817  -39.628  -64.658  -1.706 0.1000000015
19836  -41.631  -64.636  -2.543 0.1000000015
19837  -42.481  -64.738  -2.536 0.1000000015
19835  -40.788  -64.605  -2.467 0.1000000015
16091  -48.137  -68.203  -1.164 0.1000000015
18649  -45.655  -66.001  -2.674 0.1000000015
18650  -46.381  -66.307  -2.047 0.1000000015
17318  -40.340  -66.180  0.752 0.1000000015
18635  -43.944  -65.356  -1.684 0.1000000015
18636  -45.039  -65.459  -1.628 0.1000000015
18647  -43.529  -65.061  -2.745 0.1000000015
18648  -44.607  -65.483  -2.633 0.1000000015
19818  -40.405  -64.786  -1.666 0.1000000015
17354  -48.370  -67.519  -0.838 0.1000000015
17352  -46.957  -66.839  -1.772 0.1000000015
18637  -46.003  -65.723  -1.528 0.1000000015
18638  -46.613  -66.196  -1.402 0.1000000015
19820  -42.018  -64.743  -1.959 0.1000000015
18617  -40.237  -65.177  -0.779 0.1000000015
17340  -48.824  -67.214  -0.145 0.1000000015
16043  -38.350  -67.090  2.253 0.1000000015
14735  -38.695  -69.162  3.884 0.1000000015
14758  -38.865  -68.457  3.239 0.1000000015
17402  -39.856  -65.747  -4.664 0.1000000015
16150  -39.116  -67.155  -5.866 0.1000000015
16151  -39.928  -67.434  -5.456 0.1000000015
14885  -41.193  -68.146  -6.421 0.1000000015
16180  -42.460  -67.893  -6.350 0.1000000015
14933  -42.186  -68.773  -7.293 0.1000000015
18645  -37.546  -64.657  -2.072 0.1000000015
16133  -45.382  -67.801  -4.579 0.1000000015
19799  -37.971  -64.699  -0.718 0.1000000015
18681  -42.755  -65.802  -4.466 0.1000000015
14838  -46.891  -69.467  -2.364 0.1000000015
16120  -46.250  -68.091  -3.639 0.1000000015
17369  -47.140  -67.700  -2.032 0.1000000015
18665  -44.980  -65.892  -3.248 0.1000000015
18634  -42.808  -65.045  -1.739 0.1000000015
17353  -47.696  -67.430  -1.326 0.1000000015
15135  -27.144  -68.028  -20.844 0.1000000015
13916  -26.999  -68.971  -19.883 0.1000000015
17743  -31.159  -66.359  -25.798 0.1000000015
17742  -29.890  -65.945  -25.453 0.1000000015
17729  -30.086  -65.796  -24.225 0.1000000015
18958  -29.423  -65.855  -24.096 0.1000000015
16420  -26.995  -67.449  -22.482 0.1000000015
17763  -32.306  -66.909  -27.067 0.1000000015
17778  -32.632  -66.430  -27.871 0.1000000015
15137  -28.154  -67.953  -20.248 0.1000000015
15117  -27.704  -68.463  -20.126 0.1000000015
13901  -27.747  -69.703  -19.270 0.1000000015
17659  -28.373  -66.787  -21.024 0.1000000015
17716  -28.960  -65.971  -23.112 0.1000000015
17699  -28.018  -66.344  -22.609 0.1000000015
17658  -27.777  -66.816  -21.486 0.1000000015
12812  -26.830  -69.753  -19.573 0.1000000015
17730  -31.038  -66.090  -24.596 0.1000000015
17715  -27.667  -66.648  -23.252 0.1000000015
18967  -28.389  -66.210  -24.235 0.1000000015
17745  -33.037  -66.930  -26.364 0.1000000015
17764  -33.113  -66.807  -27.200 0.1000000015
16488  -34.552  -66.934  -27.499 0.1000000015
8714  -35.542  -74.641  -19.025 0.1000000015
9741  -32.499  -72.813  -19.790 0.1000000015
9727  -33.949  -73.923  -18.406 0.1000000015
15118  -28.540  -68.421  -19.958 0.1000000015
13918  -28.629  -69.470  -19.572 0.1000000015
12814  -29.816  -70.382  -19.187 0.1000000015
11750  -30.585  -71.506  -19.113 0.1000000015
10714  -31.605  -72.023  -19.580 0.1000000015
10715  -32.098  -71.768  -19.299 0.1000000015
16359  -28.721  -67.573  -20.092 0.1000000015
11749  -29.912  -71.094  -18.896 0.1000000015
17636  -28.781  -67.050  -20.411 0.1000000015
12798  -28.704  -70.391  -18.924 0.1000000015
17701  -29.558  -66.311  -22.214 0.1000000015
17680  -29.027  -66.367  -21.591 0.1000000015
17744  -32.118  -66.800  -26.066 0.1000000015
9705  -34.543  -73.992  -17.867 0.1000000015
9726  -33.408  -73.558  -19.009 0.1000000015
8692  -36.157  -74.368  -18.383 0.1000000015
12816  -31.041  -70.583  -18.624 0.1000000015
11751  -31.428  -71.099  -19.084 0.1000000015
13920  -30.214  -69.523  -19.124 0.1000000015
15101  -29.883  -68.288  -19.039 0.1000000015
17717  -29.622  -66.083  -23.196 0.1000000015
17718  -30.789  -66.222  -23.400 0.1000000015
17731  -32.051  -66.457  -24.995 0.1000000015
17732  -32.911  -66.872  -25.344 0.1000000015
17660  -29.259  -66.638  -20.765 0.1000000015
8732  -33.941  -74.297  -19.629 0.1000000015
9725  -32.500  -72.420  -18.815 0.1000000015
17681  -29.880  -66.458  -21.462 0.1000000015
8750  -33.509  -74.476  -20.150 0.1000000015
16347  -29.608  -67.750  -19.043 0.1000000015
17637  -29.390  -66.857  -19.736 0.1000000015
7779  -34.787  -75.671  -20.373 0.1000000015
17639  -31.650  -66.208  -19.259 0.1000000015
17640  -32.638  -66.478  -19.095 0.1000000015
17641  -33.345  -66.877  -18.986 0.1000000015
11724  -31.786  -71.580  -18.229 0.1000000015
13903  -30.551  -69.507  -18.412 0.1000000015
15102  -30.327  -68.636  -18.617 0.1000000015
17613  -30.016  -67.022  -18.700 0.1000000015
16331  -30.522  -67.905  -17.984 0.1000000015
17638  -30.527  -66.385  -19.437 0.1000000015
17615  -32.060  -66.519  -18.373 0.1000000015
15081  -30.699  -68.765  -17.490 0.1000000015
12786  -31.103  -70.624  -17.704 0.1000000015
13885  -30.669  -69.652  -17.749 0.1000000015
16311  -31.490  -68.223  -16.487 0.1000000015
16348  -30.070  -67.823  -18.569 0.1000000015
17664  -33.179  -66.689  -19.663 0.1000000015
17598  -30.773  -67.214  -18.027 0.1000000015
7780  -35.587  -75.989  -20.527 0.1000000015
8690  -34.704  -74.264  -18.350 0.1000000015
8691  -35.168  -74.337  -18.337 0.1000000015
8712  -33.862  -74.103  -19.210 0.1000000015
8713  -34.403  -74.321  -18.838 0.1000000015
8715  -36.567  -74.818  -19.086 0.1000000015
8733  -34.896  -74.873  -19.588 0.1000000015
8751  -34.422  -74.966  -20.147 0.1000000015
8752  -35.291  -75.408  -20.110 0.1000000015
9640  -41.635  -73.624  -13.544 0.1000000015
9742  -33.220  -73.730  -19.959 0.1000000015
9754  -33.066  -73.999  -20.215 0.1000000015
10477  -45.962  -72.187  -4.775 0.1000000015
10488  -45.227  -72.255  -5.816 0.1000000015
10490  -45.910  -72.360  -5.709 0.1000000015
10523  -44.252  -72.618  -7.093 0.1000000015
10587  -44.869  -72.259  -9.964 0.1000000015
10619  -43.046  -72.801  -12.086 0.1000000015
10627  -41.452  -72.926  -13.797 0.1000000015
10628  -42.014  -72.756  -13.251 0.1000000015
10703  -32.042  -71.680  -18.670 0.1000000015
10713  -31.115  -72.394  -19.599 0.1000000015
11514  -46.207  -71.537  -3.648 0.1000000015
11516  -46.751  -71.589  -4.348 0.1000000015
11528  -46.726  -71.721  -4.880 0.1000000015
11535  -46.481  -71.922  -5.555 0.1000000015
11554  -46.550  -71.687  -6.469 0.1000000015
11570  -46.645  -71.518  -7.207 0.1000000015
11584  -46.405  -71.604  -7.987 0.3000000119
11606  -44.806  -71.051  -9.939 0.2000000030
11660  -43.229  -72.330  -11.871 0.1000000015
11665  -40.969  -72.401  -13.963 0.1000000015
11667  -42.228  -72.006  -13.009 0.1000000015
11723  -31.493  -71.300  -17.704 0.1000000015
11735  -29.662  -71.724  -18.437 0.1000000015
11737  -31.308  -70.870  -18.359 0.1000000015
11738  -31.671  -71.289  -18.561 0.1000000015
11752  -31.898  -71.348  -18.984 0.1000000015
11768  -41.066  -71.440  -21.232 0.1000000015
11786  -38.775  -71.807  -22.011 0.1000000015
11809  -40.612  -71.465  -22.398 0.1000000015
11810  -40.851  -71.259  -22.307 0.1000000015
11828  -39.711  -71.718  -23.185 0.1000000015
11848  -39.338  -71.570  -23.771 0.1000000015
12560  -47.152  -70.585  -2.764 0.1000000015
12578  -46.053  -71.502  -3.551 0.1000000015
12580  -47.120  -71.089  -3.788 0.1000000015
12590  -46.241  -70.676  -3.254 0.1000000015
12591  -47.096  -71.153  -4.827 0.1000000015
12603  -40.325  -70.353  -5.756 0.1000000015
12604  -45.517  -70.454  -4.854 0.1000000015
12606  -46.933  -71.113  -5.808 0.1000000015
12622  -46.743  -71.314  -6.291 0.1000000015
12652  -45.910  -70.616  -8.850 0.2000000030
12677  -44.396  -70.000  -9.671 0.2000000030
12679  -45.320  -70.236  -9.177 0.2000000030
12702  -44.568  -70.873  -10.078 0.2000000030
12714  -41.859  -70.143  -12.050 0.1000000015
12727  -42.401  -71.155  -12.441 0.1000000015
12759  -39.620  -71.342  -14.482 0.1000000015
12776  -30.894  -70.270  -17.272 0.1000000015
12785  -30.822  -70.187  -17.769 0.1000000015
12790  -44.379  -69.751  -16.769 0.1000000015
12796  -27.134  -70.038  -19.091 0.1000000015
12797  -27.744  -70.273  -18.815 0.1000000015
12799  -29.418  -70.927  -18.726 0.1000000015
12800  -30.761  -70.141  -18.308 0.1000000015
12801  -30.991  -70.482  -18.191 0.1000000015
12813  -29.198  -69.927  -19.415 0.1000000015
12815  -30.598  -70.417  -18.843 0.1000000015
12822  -41.149  -71.200  -19.926 0.1000000015
12835  -39.922  -71.437  -20.910 0.1000000015
12850  -38.573  -71.417  -21.668 0.1000000015
12852  -41.646  -70.700  -21.489 0.1000000015
12869  -40.564  -71.263  -22.825 0.1000000015
12883  -40.390  -71.032  -23.481 0.1000000015
12884  -40.817  -70.471  -23.158 0.1000000015
13675  -46.539  -70.243  -2.870 0.1000000015
13699  -39.830  -68.933  -5.477 0.1000000015
13712  -44.199  -69.492  -6.603 0.1000000015
13713  -44.675  -69.661  -6.096 0.1000000015
13714  -45.276  -70.072  -5.448 0.1000000015
13716  -48.112  -69.756  -6.790 0.3000000119
13731  -46.261  -69.667  -8.199 0.2000000030
13734  -48.170  -69.515  -7.006 0.2000000030
13754  -45.185  -69.363  -8.755 0.2000000030
13756  -46.285  -70.137  -8.375 0.2000000030
13772  -44.086  -69.457  -9.625 0.2000000030
13790  -42.838  -69.120  -10.416 0.3000000119
13851  -39.161  -70.592  -14.336 0.1000000015
13853  -45.968  -68.916  -14.946 0.2000000030
13865  -44.551  -68.647  -15.610 0.1000000015
13868  -46.293  -69.040  -15.596 0.2000000030
13873  -30.744  -69.896  -17.319 0.1000000015
13875  -43.290  -69.032  -16.543 0.1000000015
13894  -46.033  -68.845  -16.484 0.2000000030
13900  -27.254  -69.500  -19.480 0.1000000015
13902  -28.179  -69.959  -19.144 0.1000000015
13917  -27.776  -69.068  -19.692 0.1000000015
13919  -29.577  -69.436  -19.481 0.1000000015
13934  -26.773  -68.702  -20.640 0.1000000015
13937  -42.888  -69.501  -20.354 0.1000000015
14856  -47.887  -69.535  -3.358 0.1000000015
14871  -48.026  -68.745  -3.928 0.1000000015
14887  -43.564  -68.274  -6.101 0.1000000015
14889  -45.080  -68.567  -5.168 0.1000000015
14913  -47.868  -68.661  -7.073 0.3000000119
14936  -45.300  -68.455  -8.081 0.3000000119
14939  -47.518  -69.256  -7.296 0.3000000119
14964  -42.858  -68.233  -9.564 0.3000000119
14966  -44.248  -68.909  -9.165 0.3000000119
14999  -49.330  -68.443  -13.557 0.1000000015
15020  -47.966  -68.948  -13.431 0.1000000015
15037  -46.061  -68.603  -14.551 0.1000000015
15040  -48.697  -68.711  -14.667 0.1000000015
15052  -44.783  -68.284  -15.188 0.1000000015
15056  -49.110  -67.959  -15.250 0.2000000030
15072  -43.723  -68.140  -15.826 0.1000000015
15074  -48.211  -68.209  -15.795 0.2000000030
15075  -48.652  -67.988  -15.616 0.2000000030
15082  -31.050  -68.387  -16.795 0.1000000015
15110  -44.227  -68.895  -18.619 0.1000000015
15112  -45.491  -68.352  -17.755 0.1000000015
15116  -27.222  -68.410  -20.388 0.1000000015
15119  -29.387  -68.534  -19.530 0.1000000015
15120  -29.975  -68.841  -19.313 0.1000000015
15136  -27.654  -67.936  -20.522 0.1000000015
15140  -41.922  -68.052  -20.667 0.1000000015
15176  -40.128  -68.364  -22.799 0.1000000015
15188  -41.368  -69.757  -22.652 0.1000000015
16119  -45.750  -67.382  -3.928 0.1000000015
16135  -47.941  -68.714  -4.261 0.1000000015
16178  -38.497  -67.153  -6.168 0.1000000015
16179  -42.015  -67.880  -6.431 0.1000000015
16185  -49.350  -67.055  -6.095 0.4000000060
16201  -43.995  -67.393  -8.119 0.3000000119
16202  -44.706  -67.753  -7.953 0.4000000060
16204  -46.382  -68.248  -7.386 0.3000000119
16208  -42.913  -67.335  -8.971 0.3000000119
16216  -43.042  -67.862  -9.205 0.3000000119
16229  -41.617  -67.251  -10.298 0.3000000119
16230  -42.012  -67.678  -10.010 0.3000000119
16239  -41.229  -67.608  -10.843 0.4000000060
16241  -47.790  -67.730  -11.890 0.1000000015
16248  -40.267  -67.040  -11.785 0.2000000030
16249  -46.222  -67.309  -12.650 0.1000000015
16253  -49.638  -67.996  -13.091 0.1000000015
16254  -49.944  -67.475  -13.659 0.1000000015
16275  -47.525  -68.615  -13.261 0.1000000015
16288  -44.170  -67.218  -14.632 0.1000000015
16292  -49.750  -67.762  -14.500 0.2000000030
16299  -43.114  -67.130  -15.635 0.1000000015
16300  -43.852  -67.550  -15.237 0.1000000015
16301  -44.436  -67.923  -15.130 0.1000000015
16302  -48.951  -67.855  -15.485 0.2000000030
16304  -50.082  -66.901  -15.163 0.2000000030
16323  -47.072  -67.969  -16.657 0.1000000015
16326  -49.193  -67.237  -15.795 0.2000000030
16341  -46.592  -67.727  -17.250 0.1000000015
16360  -29.156  -67.713  -19.563 0.1000000015
16365  -42.658  -67.603  -19.569 0.1000000015
16377  -27.112  -67.697  -21.302 0.1000000015
16378  -27.581  -67.356  -21.010 0.1000000015
16379  -28.167  -67.387  -20.484 0.1000000015
16384  -40.049  -67.283  -20.834 0.1000000015
16386  -41.594  -67.608  -20.247 0.1000000015
16400  -27.238  -67.251  -21.773 0.1000000015
16426  -39.726  -68.166  -22.316 0.1000000015
16432  -26.668  -67.986  -22.470 0.1000000015
17283  -38.799  -66.865  2.253 0.1000000015
17307  -50.901  -66.252  1.674 0.1000000015
17386  -45.192  -66.624  -3.806 0.1000000015
17455  -43.584  -66.746  -8.242 0.3000000119
17469  -42.679  -66.714  -9.047 0.4000000060
17498  -41.569  -66.477  -10.446 0.3000000119
17506  -40.839  -66.416  -11.377 0.2000000030
17507  -41.270  -66.240  -10.955 0.3000000119
17508  -46.106  -66.735  -11.952 0.2000000030
17520  -44.997  -66.661  -13.148 0.2000000030
17521  -45.678  -66.876  -12.691 0.2000000030
17542  -44.074  -66.556  -13.917 0.1000000015
17558  -39.267  -65.986  -14.005 0.2000000030
17561  -43.723  -66.647  -14.480 0.1000000015
17583  -37.214  -66.876  -15.523 0.1000000015
17597  -30.339  -67.460  -18.295 0.1000000015
17599  -31.592  -66.912  -17.738 0.1000000015
17601  -46.640  -67.215  -17.685 0.1000000015
17603  -48.014  -66.326  -17.487 0.1000000015
17612  -29.491  -67.288  -19.209 0.1000000015
17614  -31.045  -66.559  -18.495 0.1000000015
17623  -46.954  -66.598  -18.041 0.1000000015
17643  -40.636  -66.592  -19.595 0.1000000015
17678  -27.705  -66.677  -22.026 0.1000000015
17679  -28.275  -66.455  -21.844 0.1000000015
17698  -27.448  -66.884  -22.521 0.1000000015
17700  -28.850  -66.122  -22.491 0.1000000015
17714  -27.268  -67.194  -22.999 0.1000000015
17726  -27.394  -67.265  -23.547 0.1000000015
17779  -33.711  -66.624  -27.855 0.1000000015
18571  -50.559  -65.763  2.629 0.1000000015
18597  -39.786  -65.677  0.104 0.1000000015
18604  -51.234  -65.238  0.394 0.1000000015
18615  -38.345  -65.037  -0.162 0.1000000015
18624  -51.563  -64.978  -0.502 0.2000000030
18639  -51.730  -64.712  -1.280 0.2000000030
18646  -42.976  -64.856  -2.411 0.1000000015
18659  -39.790  -64.876  -3.782 0.1000000015
18660  -40.644  -64.909  -3.855 0.1000000015
18661  -41.508  -65.015  -3.899 0.1000000015
18666  -50.641  -64.543  -3.197 0.3000000119
18724  -43.527  -66.321  -8.296 0.3000000119
18727  -46.060  -65.277  -7.382 0.3000000119
18739  -43.185  -66.200  -8.656 0.4000000060
18751  -42.556  -66.181  -9.372 0.4000000060
18756  -47.559  -65.472  -9.675 0.4000000060
18772  -40.750  -66.003  -11.716 0.2000000030
18777  -45.648  -66.233  -11.732 0.2000000030
18786  -39.900  -65.995  -12.849 0.2000000030
18813  -44.594  -66.488  -13.246 0.1000000015
18815  -48.534  -66.019  -13.463 0.1000000015
18818  -51.021  -64.793  -14.474 0.1000000015
18829  -41.706  -65.570  -14.424 0.1000000015
18836  -38.945  -65.863  -15.013 0.2000000030
18840  -50.478  -65.921  -15.494 0.1000000015
18841  -50.902  -65.708  -15.049 0.1000000015
18850  -51.248  -65.200  -15.269 0.1000000015
18859  -44.513  -65.054  -18.751 0.1000000015
18874  -42.148  -65.263  -18.692 0.1000000015
18875  -42.897  -65.215  -18.472 0.1000000015
18876  -43.541  -65.494  -18.463 0.1000000015
18898  -45.353  -65.172  -19.482 0.1000000015
18940  -28.043  -66.255  -23.149 0.1000000015
18941  -28.472  -66.090  -23.111 0.1000000015
18956  -28.144  -66.228  -23.633 0.1000000015
18957  -28.850  -65.960  -23.721 0.1000000015
18976  -29.270  -66.000  -25.178 0.1000000015
18977  -29.424  -65.880  -25.013 0.1000000015
19802  -39.929  -64.848  -1.304 0.1000000015
19821  -46.929  -64.357  -0.545 0.2000000030
19825  -51.630  -64.059  -1.340 0.2000000030
19838  -42.981  -64.800  -2.721 0.1000000015
19842  -51.677  -64.355  -1.651 0.2000000030
19851  -38.012  -64.474  -2.606 0.1000000015
19857  -42.829  -64.817  -3.209 0.1000000015
19872  -51.874  -63.459  -4.514 0.4000000060
19882  -51.514  -64.192  -5.381 0.4000000060
19883  -51.835  -63.585  -5.129 0.4000000060
19900  -51.457  -64.408  -6.314 0.5000000000
19901  -52.116  -63.970  -5.966 0.5000000000
19925  -46.820  -64.980  -9.196 0.4000000060
19932  -49.064  -64.570  -10.562 0.4000000060
19965  -49.716  -64.709  -14.341 0.1000000015
19976  -49.306  -64.158  -14.491 0.1000000015
19980  -51.837  -64.362  -14.882 0.1000000015
20000  -44.331  -64.665  -18.655 0.1000000015
20001  -44.507  -64.568  -18.773 0.1000000015
20016  -42.693  -64.663  -18.743 0.1000000015
20018  -44.125  -64.807  -18.486 0.1000000015
20041  -47.855  -64.815  -19.758 0.1000000015
20042  -48.359  -64.528  -19.202 0.1000000015
20075  -45.733  -63.955  -21.922 0.1000000015
20866  -41.020  -63.791  3.222 0.1000000015
20885  -47.340  -64.270  2.529 0.1000000015
20905  -47.678  -64.165  1.840 0.1000000015
20928  -48.855  -64.216  -2.140 0.3000000119
20943  -51.346  -62.755  -2.919 0.3000000119
20944  -51.638  -62.508  -3.416 0.5000000000
20956  -51.207  -63.533  -2.643 0.3000000119
20958  -52.080  -63.158  -3.514 0.3000000119
20959  -51.976  -62.433  -4.018 0.5000000000
20970  -51.963  -63.392  -4.174 0.3000000119
20971  -52.187  -63.047  -4.643 0.5000000000
20972  -52.288  -62.313  -4.692 0.5000000000
20979  -52.280  -63.263  -5.805 0.5000000000
20987  -51.051  -63.710  -6.986 0.5000000000
20998  -51.962  -62.983  -7.596 0.5000000000
21009  -49.678  -62.958  -7.918 0.5000000000
21105  -51.903  -63.626  -15.334 0.1000000015
21117  -44.438  -64.017  -18.495 0.1000000015
21132  -43.619  -64.012  -19.130 0.1000000015
21134  -44.387  -64.283  -18.705 0.1000000015
21153  -44.307  -64.006  -19.771 0.1000000015
21154  -44.641  -64.358  -19.280 0.1000000015
21214  -46.782  -62.765  -22.598 0.1000000015
22010  -45.398  -63.132  1.765 0.2000000030
22030  -41.703  -62.321  -0.363 0.3000000119
22041  -42.362  -62.676  -1.208 0.3000000119
22053  -40.606  -61.985  -2.100 0.3000000119
22063  -51.339  -62.124  -3.586 0.5000000000
22064  -51.629  -62.097  -3.869 0.5000000000
22077  -49.101  -61.773  -3.687 0.4000000060
22079  -50.752  -61.786  -3.641 0.4000000060
22080  -51.280  -61.751  -3.906 0.5000000000
22081  -51.789  -61.801  -4.328 0.5000000000
22082  -52.215  -61.899  -4.627 0.5000000000
22086  -52.128  -61.541  -4.786 0.5000000000
22087  -52.385  -61.866  -5.161 0.5000000000
22092  -52.389  -62.019  -5.712 0.5000000000
22102  -43.432  -62.131  -6.833 0.5000000000
22108  -51.834  -62.132  -7.193 0.5000000000
22109  -52.224  -62.369  -6.958 0.5000000000
22110  -52.362  -62.229  -6.164 0.4000000060
22120  -43.622  -62.337  -7.432 0.4000000060
22127  -51.637  -62.512  -7.425 0.5000000000
22161  -49.258  -63.070  -9.066 0.5000000000
22198  -43.753  -62.126  -11.982 0.4000000060
22219  -49.314  -62.825  -14.599 0.1000000015
22220  -50.090  -62.832  -14.458 0.1000000015
22270  -44.253  -64.049  -18.579 0.1000000015
22271  -44.228  -63.967  -18.339 0.1000000015
22292  -44.449  -63.970  -18.456 0.1000000015
22293  -44.556  -63.886  -18.308 0.1000000015
22294  -49.763  -62.566  -18.418 0.1000000015
22331  -48.654  -62.751  -20.345 0.1000000015
23105  -40.083  -60.500  3.194 0.1000000015
23160  -37.693  -60.612  -1.350 0.3000000119
23161  -38.070  -60.934  -1.565 0.3000000119
23202  -49.422  -61.508  -3.896 0.4000000060
23204  -50.787  -61.455  -4.022 0.5000000000
23211  -50.374  -61.322  -4.261 0.5000000000
23212  -50.713  -61.199  -4.585 0.5000000000
23213  -51.585  -61.186  -4.854 0.5000000000
23224  -46.132  -61.320  -5.446 0.5000000000
23229  -51.810  -61.357  -5.717 0.5000000000
23230  -52.257  -61.689  -5.680 0.4000000060
23237  -41.739  -60.870  -6.817 0.3000000119
23246  -51.525  -61.742  -6.644 0.4000000060
23248  -52.309  -61.927  -5.959 0.4000000060
23258  -51.575  -62.077  -7.225 0.5000000000
23267  -43.228  -62.257  -7.820 0.5000000000
23274  -41.952  -61.197  -10.284 0.4000000060
23280  -43.254  -61.759  -11.565 0.4000000060
23299  -45.009  -61.600  -13.448 0.3000000119
23301  -46.496  -61.501  -14.253 0.2000000030
23323  -46.220  -62.394  -14.261 0.3000000119
23349  -52.566  -61.039  -15.036 0.1000000015
23373  -52.216  -61.099  -15.581 0.1000000015
23397  -48.825  -60.942  -18.481 0.1000000015
23423  -50.085  -61.964  -18.113 0.1000000015
23446  -49.620  -62.291  -18.918 0.1000000015
24347  -39.822  -60.116  3.298 0.1000000015
24371  -38.890  -59.736  1.434 0.2000000030
24401  -36.800  -59.967  -0.352 0.2000000030
24412  -37.246  -60.163  -1.324 0.3000000119
24421  -37.345  -59.896  -2.001 0.3000000119
24449  -49.618  -61.347  -4.139 0.4000000060
24462  -50.339  -61.069  -4.876 0.5000000000
24473  -49.612  -61.012  -5.008 0.5000000000
24482  -43.025  -60.594  -5.801 0.4000000060
24502  -40.905  -60.979  -8.413 0.4000000060
24519  -42.216  -60.842  -10.674 0.5000000000
24524  -43.433  -61.068  -12.028 0.4000000060
24557  -45.591  -60.931  -13.630 0.2000000030
24559  -47.366  -60.757  -13.952 0.1000000015
24576  -46.945  -61.278  -14.255 0.1000000015
24629  -51.911  -60.605  -15.873 0.1000000015
24706  -47.010  -60.552  -20.937 0.1000000015
25595  -40.619  -60.238  2.421 0.2000000030
25637  -35.585  -58.755  0.153 0.2000000030
25643  -36.472  -59.377  -1.596 0.3000000119
25689  -45.624  -60.010  -4.218 0.5000000000
25690  -46.145  -60.209  -4.217 0.5000000000
25701  -44.034  -59.924  -4.799 0.5000000000
25710  -41.321  -59.236  -6.359 0.4000000060
25731  -40.542  -59.384  -8.586 0.4000000060
25754  -42.184  -60.179  -10.483 0.4000000060
25771  -42.904  -60.607  -11.393 0.4000000060
25797  -43.669  -60.650  -12.178 0.3000000119
25798  -44.053  -60.292  -12.353 0.3000000119
25836  -51.399  -58.917  -14.738 0.1000000015
25858  -51.033  -59.506  -15.321 0.1000000015
25931  -46.626  -59.771  -20.867 0.1000000015
26828  -37.400  -58.515  2.196 0.1000000015
26869  -35.805  -58.636  -1.932 0.2000000030
26903  -44.014  -58.821  -3.891 0.5000000000
26915  -43.659  -58.702  -4.253 0.5000000000
26942  -41.378  -58.563  -5.919 0.5000000000
26950  -39.827  -57.859  -7.671 0.4000000060
27013  -45.657  -58.845  -11.429 0.1000000015
27083  -43.844  -57.631  -14.541 0.1000000015
27115  -44.569  -57.923  -16.073 0.1000000015
27169  -47.552  -58.163  -21.520 0.1000000015
28046  -35.760  -57.498  -2.329 0.2000000030
28047  -36.096  -57.309  -2.785 0.2000000030
28072  -41.556  -57.471  -4.166 0.5000000000
28087  -40.189  -56.891  -5.588 0.4000000060
28109  -39.772  -57.469  -6.882 0.3000000119
28246  -43.616  -57.300  -14.443 0.1000000015
28247  -43.927  -57.522  -13.976 0.1000000015
28266  -43.541  -57.227  -14.954 0.1000000015
29166  -35.939  -56.199  -3.049 0.2000000030
29206  -41.039  -56.752  -4.594 0.5000000000
29258  -40.472  -57.103  -9.140 0.3000000119
29434  -47.149  -56.686  -18.765 0.1000000015
30388  -39.860  -55.091  -4.345 0.3000000119
30424  -38.777  -54.954  -8.007 0.4000000060
30533  -42.596  -55.511  -14.380 0.1000000015
30548  -43.961  -55.443  -16.177 0.1000000015
30565  -45.614  -55.764  -16.996 0.1000000015
31596  -38.826  -54.557  -8.243 0.3000000119
32725  -38.683  -54.181  -8.082 0.3000000119
32847  -49.317  -53.730  -17.257 0.1000000015
33800  -37.969  -52.882  -0.795 0.1000000015
33861  -47.513  -52.396  -5.396 0.1000000015
33894  -42.309  -51.648  -7.186 0.1000000015
34011  -48.695  -52.214  -17.261 0.1000000015
34013  -50.029  -52.682  -17.152 0.1000000015
34027  -50.342  -52.377  -17.627 0.1000000015
35035  -36.566  -52.244  -1.555 0.2000000030
35071  -36.470  -51.667  -2.946 0.2000000030
35107  -44.416  -51.591  -6.394 0.1000000015
35252  -48.929  -51.795  -17.416 0.1000000015
35263  -49.422  -51.543  -17.617 0.1000000015
36256  -47.206  -51.204  -5.390 0.1000000015
36270  -38.314  -49.753  -5.733 0.1000000015
36277  -48.889  -51.041  -5.379 0.1000000015
36297  -38.461  -49.885  -6.095 0.1000000015
36430  -46.776  -50.762  -17.261 0.1000000015
36431  -47.634  -50.729  -17.454 0.1000000015
36432  -48.393  -50.832  -17.528 0.1000000015
37429  -37.392  -49.525  -3.691 0.1000000015
37439  -49.592  -50.783  -5.234 0.1000000015
37440  -49.964  -50.938  -5.041 0.1000000015
37450  -39.339  -48.616  -5.477 0.1000000015
37457  -50.323  -50.783  -5.328 0.1000000015
37476  -38.879  -49.237  -5.884 0.1000000015
37484  -46.292  -49.561  -5.973 0.1000000015
38696  -37.943  -49.030  -2.824 0.1000000015
38734  -38.870  -48.369  -4.767 0.1000000015
38736  -40.074  -48.164  -5.174 0.1000000015
38766  -47.614  -48.900  -6.253 0.1000000015
38932  -46.485  -48.826  -18.131 0.1000000015
40028  -41.350  -47.691  -1.814 0.1000000015
40050  -39.701  -47.942  -3.043 0.1000000015
40051  -40.257  -47.398  -2.723 0.1000000015
40074  -39.661  -47.558  -3.699 0.1000000015
40090  -40.053  -47.958  -4.858 0.1000000015
40110  -40.562  -47.806  -5.526 0.1000000015
41353  -43.685  -47.061  -2.015 0.1000000015
41371  -40.303  -47.037  -2.981 0.1000000015
41397  -40.082  -46.994  -3.393 0.1000000015
41407  -39.767  -47.115  -3.908 0.1000000015
41408  -40.138  -46.744  -4.189 0.1000000015
41420  -40.441  -46.797  -4.733 0.1000000015
41603  -42.623  -46.536  -14.168 0.1000000015
41650  -44.816  -46.502  -17.158 0.1000000015
42797  -42.871  -45.141  -13.411 0.1000000015
42846  -44.923  -45.009  -16.435 0.1000000015
43854  -42.873  -44.318  -12.706 0.1000000015
45050  -43.549  -43.788  -13.712 0.1000000015
46175  -43.226  -42.918  -12.170 0.1000000015
