#!ascii label  , from subject 3608 vox2ras=TkReg
1292
45871  19.334  -43.542  44.885 0.0000000000
43182  30.409  -45.852  55.467 0.0000000000
71625  38.795  -22.383  35.979 0.0000000000
57091  29.391  -34.901  44.951 0.0000000000
50325  33.314  -42.239  52.596 0.0000000000
85260  48.642  -9.519  30.571 0.0000000000
65162  40.092  -27.234  37.069 0.0000000000
63979  34.297  -28.331  37.594 0.0000000000
47102  15.068  -44.157  41.904 0.0000000000
45770  24.416  -44.802  51.570 0.0000000000
48117  28.948  -42.755  50.107 0.0000000000
51546  22.129  -40.285  45.112 0.0000000000
78060  45.025  -15.485  33.913 0.0000000000
42055  21.368  -47.168  50.671 0.0000000000
43343  17.221  -45.163  49.083 0.0000000000
78008  43.559  -17.430  38.307 0.0000000000
44661  11.440  -44.825  46.805 0.0000000000
40936  8.265  -47.897  44.795 0.0000000000
62752  33.222  -29.415  44.590 0.0000000000
52584  30.991  -38.959  50.431 0.0000000000
50405  33.555  -41.283  46.021 0.0000000000
45836  31.167  -42.686  47.119 0.0000000000
65124  39.151  -26.989  39.612 0.0000000000
65150  37.210  -28.129  36.773 0.0000000000
63961  36.221  -27.743  38.985 0.0000000000
65120  42.476  -26.546  38.860 0.0000000000
48263  18.994  -42.660  41.496 0.0000000000
45944  17.257  -45.012  40.690 0.0000000000
45902  17.137  -43.194  43.510 0.0000000000
46967  21.697  -43.798  47.661 0.0000000000
49280  22.713  -42.184  48.863 0.0000000000
49347  20.481  -42.208  44.679 0.0000000000
49393  20.176  -41.665  40.949 0.0000000000
74781  38.491  -19.629  35.689 0.0000000000
71609  42.235  -22.353  36.808 0.0000000000
73637  41.683  -19.965  36.113 0.0000000000
76953  41.080  -17.524  36.027 0.0000000000
43305  16.043  -45.231  50.584 0.0000000000
44624  14.668  -43.796  48.542 0.0000000000
43307  13.562  -44.816  50.819 0.0000000000
42062  7.399  -46.897  49.769 0.0000000000
42112  8.547  -46.712  47.254 0.0000000000
40904  7.196  -48.496  47.059 0.0000000000
39755  6.178  -50.254  45.993 0.0000000000
38665  5.427  -50.907  47.169 0.0000000000
54754  32.636  -37.380  52.311 0.0000000000
51443  32.094  -40.617  51.287 0.0000000000
52608  32.724  -40.383  48.129 0.0000000000
50371  33.541  -41.666  49.208 0.0000000000
48173  27.855  -41.095  47.239 0.0000000000
46964  29.903  -43.312  48.056 0.0000000000
48231  29.206  -41.655  45.159 0.0000000000
48245  30.516  -42.237  43.782 0.0000000000
60526  31.213  -32.226  45.019 0.0000000000
61712  30.481  -30.326  41.888 0.0000000000
59438  29.604  -32.822  42.241 0.0000000000
89558  51.800  -5.467  29.348 0.0000000000
87471  48.094  -7.473  28.657 0.0000000000
69643  39.698  -24.375  35.714 0.0000000000
66291  36.929  -26.981  35.446 0.0000000000
68477  42.280  -24.800  36.778 0.0000000000
44547  27.441  -45.401  54.068 0.0000000000
44557  29.481  -44.398  53.493 0.0000000000
46930  26.204  -42.893  51.790 0.0000000000
49292  25.412  -41.059  48.415 0.0000000000
51544  24.547  -39.281  44.450 0.0000000000
80995  46.095  -13.603  36.510 0.0000000000
79030  47.351  -14.780  33.851 0.0000000000
80038  48.124  -14.438  31.466 0.0000000000
82029  46.991  -12.295  29.693 0.0000000000
43396  20.183  -45.453  47.939 0.0000000000
43400  18.173  -45.002  46.370 0.0000000000
42076  19.305  -46.317  49.999 0.0000000000
43320  22.428  -46.215  50.575 0.0000000000
78027  43.252  -16.001  36.233 0.0000000000
45839  15.779  -44.204  45.858 0.0000000000
47007  13.161  -44.116  45.220 0.0000000000
44720  11.463  -45.380  43.720 0.0000000000
44628  10.820  -45.490  48.985 0.0000000000
43403  9.635  -46.518  45.438 0.0000000000
36282  4.053  -52.622  47.945 0.0000000000
63884  36.380  -28.202  43.211 0.0000000000
57079  31.670  -34.171  46.553 0.0000000000
55892  32.076  -35.286  49.298 0.0000000000
54860  29.483  -36.948  47.848 0.0000000000
53762  30.955  -39.504  47.452 0.0000000000
53788  33.744  -40.172  44.726 0.0000000000
50477  34.388  -41.278  42.850 0.0000000000
44573  31.570  -45.025  51.977 0.0000000000
44601  32.743  -44.615  50.137 0.0000000000
46937  34.105  -43.260  49.593 0.0000000000
48170  32.721  -42.431  46.472 0.0000000000
49359  32.783  -41.821  43.032 0.0000000000
63927  33.384  -28.025  40.584 0.0000000000
63950  31.244  -28.841  38.584 0.0000000000
65109  38.972  -26.579  40.543 0.0000000000
63959  37.970  -27.230  39.663 0.0000000000
63944  37.416  -27.483  40.320 0.0000000000
65107  40.714  -26.915  40.111 0.0000000000
47071  19.129  -42.984  43.601 0.0000000000
47073  18.105  -43.114  43.291 0.0000000000
45901  18.302  -43.441  44.071 0.0000000000
45851  20.059  -43.698  45.862 0.0000000000
48191  20.839  -42.635  46.215 0.0000000000
48213  20.041  -42.901  44.827 0.0000000000
49366  19.637  -42.429  42.705 0.0000000000
73640  38.841  -20.452  36.083 0.0000000000
71623  40.787  -22.483  36.263 0.0000000000
72619  41.956  -21.553  36.588 0.0000000000
72631  40.414  -21.496  36.305 0.0000000000
74779  40.286  -19.247  36.278 0.0000000000
42081  7.045  -47.815  48.945 0.0000000000
42098  7.435  -47.875  47.885 0.0000000000
39721  6.538  -49.068  47.382 0.0000000000
39754  6.686  -49.777  45.590 0.0000000000
39736  5.931  -50.186  46.793 0.0000000000
38690  5.761  -50.762  46.315 0.0000000000
51428  32.281  -40.176  52.860 0.0000000000
50345  32.710  -41.543  51.418 0.0000000000
51479  32.639  -41.375  50.154 0.0000000000
50360  33.497  -42.103  50.413 0.0000000000
43197  31.257  -45.383  54.874 0.0000000000
50422  27.148  -40.153  45.487 0.0000000000
49317  28.283  -40.989  46.225 0.0000000000
49346  28.252  -40.739  44.733 0.0000000000
50460  28.543  -41.084  43.604 0.0000000000
58243  30.292  -33.707  45.117 0.0000000000
60549  30.186  -32.327  43.800 0.0000000000
83084  48.706  -11.074  31.023 0.0000000000
85257  49.537  -9.324  31.680 0.0000000000
86385  49.206  -8.416  30.874 0.0000000000
87467  49.463  -7.225  30.035 0.0000000000
86389  48.538  -8.660  29.933 0.0000000000
67369  39.669  -26.190  35.720 0.0000000000
68499  38.570  -26.109  35.264 0.0000000000
66265  38.806  -27.032  35.810 0.0000000000
63996  36.167  -28.495  37.142 0.0000000000
65166  35.746  -28.112  36.142 0.0000000000
64016  34.925  -28.612  36.276 0.0000000000
65146  41.035  -26.546  37.794 0.0000000000
66263  41.192  -26.100  36.690 0.0000000000
68479  41.155  -25.144  36.077 0.0000000000
45925  16.471  -44.691  41.124 0.0000000000
45904  14.055  -44.594  41.896 0.0000000000
44560  26.007  -44.920  53.310 0.0000000000
45742  26.874  -44.471  53.228 0.0000000000
46919  25.461  -43.855  52.283 0.0000000000
50409  22.371  -41.169  47.187 0.0000000000
50392  24.155  -41.096  48.196 0.0000000000
51521  23.314  -39.801  46.947 0.0000000000
50424  25.050  -39.645  46.326 0.0000000000
51545  23.128  -39.352  44.968 0.0000000000
51583  21.455  -40.126  42.491 0.0000000000
53803  31.422  -38.678  44.324 0.0000000000
79032  45.477  -15.151  34.560 0.0000000000
79991  46.932  -13.643  35.293 0.0000000000
79031  46.359  -14.867  34.161 0.0000000000
79055  47.256  -14.950  32.274 0.0000000000
79077  46.603  -14.433  30.968 0.0000000000
80045  47.736  -13.578  30.972 0.0000000000
43358  20.232  -45.904  49.126 0.0000000000
42126  19.693  -45.678  48.712 0.0000000000
42075  19.921  -47.055  50.157 0.0000000000
42072  21.715  -46.667  50.392 0.0000000000
43356  21.011  -45.457  49.281 0.0000000000
78997  43.953  -15.285  37.746 0.0000000000
78017  43.304  -16.828  37.513 0.0000000000
76961  41.982  -16.150  34.775 0.0000000000
43361  17.425  -44.855  48.320 0.0000000000
44676  17.487  -44.420  46.406 0.0000000000
44657  16.186  -44.399  47.315 0.0000000000
44660  12.829  -44.350  47.039 0.0000000000
44659  14.032  -44.237  47.118 0.0000000000
44679  12.026  -44.593  45.971 0.0000000000
45858  12.349  -44.652  44.303 0.0000000000
44680  11.004  -45.246  45.539 0.0000000000
43329  10.619  -45.185  50.118 0.0000000000
42129  8.681  -47.271  46.375 0.0000000000
42128  9.194  -46.413  46.741 0.0000000000
42143  9.316  -46.920  46.067 0.0000000000
43423  9.494  -47.101  43.770 0.0000000000
59378  32.740  -32.476  46.401 0.0000000000
52545  31.428  -38.057  51.723 0.0000000000
54796  32.533  -36.575  51.100 0.0000000000
54817  31.003  -36.973  50.326 0.0000000000
55894  30.565  -35.998  48.464 0.0000000000
53743  30.145  -37.796  48.847 0.0000000000
53782  29.893  -38.463  46.924 0.0000000000
53741  31.358  -39.151  48.514 0.0000000000
52626  33.288  -40.736  47.026 0.0000000000
52641  33.157  -40.541  46.036 0.0000000000
51531  33.860  -40.782  45.072 0.0000000000
51543  34.357  -40.798  44.257 0.0000000000
50457  34.508  -41.272  43.854 0.0000000000
45754  29.197  -43.702  51.722 0.0000000000
44574  31.003  -44.513  52.264 0.0000000000
45767  29.945  -43.872  51.006 0.0000000000
45822  30.287  -43.334  47.335 0.0000000000
45791  31.357  -43.686  49.292 0.0000000000
44638  32.371  -43.704  49.042 0.0000000000
44599  33.361  -44.019  50.119 0.0000000000
45804  32.770  -43.480  48.297 0.0000000000
46963  33.080  -42.863  47.722 0.0000000000
46977  32.274  -42.637  46.880 0.0000000000
50482  30.406  -41.810  42.562 0.0000000000
49361  31.093  -42.183  43.335 0.0000000000
63885  35.048  -28.296  43.758 0.0000000000
63909  34.810  -27.980  41.811 0.0000000000
63887  33.328  -28.437  42.972 0.0000000000
62801  30.163  -30.298  40.249 0.0000000000
62800  31.054  -29.302  40.600 0.0000000000
89567  51.701  -5.460  27.283 0.0000000000
65148  39.574  -27.332  37.599 0.0000000000
65164  38.220  -27.994  36.142 0.0000000000
65139  38.257  -27.620  38.105 0.0000000000
63976  37.022  -27.722  38.353 0.0000000000
63962  35.277  -27.803  38.683 0.0000000000
65106  41.837  -26.953  40.330 0.0000000000
65122  40.929  -26.820  39.301 0.0000000000
48265  18.132  -43.612  40.891 0.0000000000
47100  16.856  -43.723  41.954 0.0000000000
47075  16.661  -43.420  43.100 0.0000000000
45794  22.788  -44.626  49.464 0.0000000000
46940  23.395  -43.809  50.620 0.0000000000
48156  21.770  -43.033  48.043 0.0000000000
49307  21.635  -41.971  46.669 0.0000000000
50444  21.191  -41.299  44.563 0.0000000000
50487  20.760  -41.181  43.235 0.0000000000
49365  20.177  -42.132  42.868 0.0000000000
49376  19.618  -42.315  42.043 0.0000000000
78071  44.368  -15.663  33.058 0.0000000000
42037  20.504  -47.326  50.983 0.0000000000
72602  43.293  -21.340  37.566 0.0000000000
73616  43.208  -20.378  37.469 0.0000000000
75859  42.666  -18.991  37.305 0.0000000000
76943  42.586  -17.427  36.745 0.0000000000
75867  41.419  -18.318  36.423 0.0000000000
75869  40.020  -18.468  35.735 0.0000000000
43324  16.157  -45.030  49.819 0.0000000000
43363  15.722  -44.554  48.694 0.0000000000
43325  15.027  -44.630  50.087 0.0000000000
43346  13.944  -44.180  49.695 0.0000000000
44626  12.650  -44.697  49.134 0.0000000000
43330  9.526  -45.762  49.575 0.0000000000
42079  8.486  -46.442  48.890 0.0000000000
42113  7.867  -47.773  46.987 0.0000000000
40937  7.800  -48.238  45.131 0.0000000000
40938  7.247  -49.421  44.922 0.0000000000
52544  31.765  -38.943  52.068 0.0000000000
52559  31.432  -39.388  50.827 0.0000000000
52610  31.936  -39.348  49.016 0.0000000000
52557  32.371  -40.205  50.147 0.0000000000
51477  32.929  -40.945  48.616 0.0000000000
50390  33.480  -41.530  47.083 0.0000000000
48135  28.099  -41.993  49.083 0.0000000000
46951  29.534  -42.780  49.002 0.0000000000
48171  29.004  -42.212  47.434 0.0000000000
48189  29.432  -42.340  46.442 0.0000000000
47000  29.974  -42.864  46.390 0.0000000000
47023  30.846  -42.690  45.734 0.0000000000
48230  29.585  -41.887  44.768 0.0000000000
50483  29.402  -41.542  42.594 0.0000000000
60546  31.749  -31.067  44.958 0.0000000000
62764  32.223  -29.296  43.279 0.0000000000
61686  30.595  -31.014  43.965 0.0000000000
61699  29.883  -31.422  42.246 0.0000000000
88529  51.198  -5.812  30.041 0.0000000000
88531  49.711  -6.451  29.101 0.0000000000
70630  39.254  -23.354  35.795 0.0000000000
70632  37.179  -23.121  35.427 0.0000000000
68482  37.865  -25.049  35.596 0.0000000000
65165  37.031  -27.831  36.125 0.0000000000
66267  36.344  -27.452  35.744 0.0000000000
67334  43.424  -25.617  39.004 0.0000000000
68449  43.575  -24.098  38.532 0.0000000000
70598  44.062  -22.966  38.291 0.0000000000
70626  42.384  -23.804  36.729 0.0000000000
70628  41.304  -23.446  36.256 0.0000000000
43199  29.448  -45.651  55.087 0.0000000000
43225  30.294  -45.194  54.520 0.0000000000
44545  28.704  -44.916  54.229 0.0000000000
46905  27.993  -43.531  52.797 0.0000000000
48105  27.086  -42.540  51.400 0.0000000000
49267  23.864  -42.518  49.929 0.0000000000
49265  25.543  -41.895  49.809 0.0000000000
48119  26.730  -41.716  50.214 0.0000000000
49306  26.091  -40.672  47.535 0.0000000000
50423  26.292  -39.875  46.060 0.0000000000
50463  25.846  -39.299  44.082 0.0000000000
79014  48.641  -14.832  34.210 0.0000000000
79056  46.445  -15.037  32.555 0.0000000000
79039  48.218  -15.218  32.765 0.0000000000
80016  48.890  -14.412  32.907 0.0000000000
80037  48.982  -13.749  31.046 0.0000000000
82022  47.882  -12.015  30.782 0.0000000000
83086  47.587  -11.169  30.210 0.0000000000
84175  47.512  -10.307  29.687 0.0000000000
44691  19.764  -44.767  46.230 0.0000000000
44693  18.957  -45.049  45.528 0.0000000000
43398  19.280  -45.391  46.926 0.0000000000
43359  18.794  -45.475  48.086 0.0000000000
42094  17.932  -45.506  49.284 0.0000000000
42038  19.856  -46.759  50.945 0.0000000000
43303  17.284  -45.832  50.047 0.0000000000
42041  16.915  -45.825  51.106 0.0000000000
41969  29.605  -45.940  56.202 0.0000000000
41986  27.910  -46.182  55.190 0.0000000000
43229  26.238  -45.826  54.302 0.0000000000
43282  24.283  -45.716  52.438 0.0000000000
43283  23.706  -46.109  52.055 0.0000000000
44606  23.450  -45.275  50.580 0.0000000000
44622  22.403  -45.092  49.355 0.0000000000
44671  20.698  -44.738  47.257 0.0000000000
80976  45.784  -13.497  37.836 0.0000000000
79993  45.223  -14.458  36.270 0.0000000000
78037  44.669  -15.438  34.902 0.0000000000
78040  42.687  -16.747  36.238 0.0000000000
78051  43.456  -15.919  34.801 0.0000000000
78062  43.699  -15.730  33.759 0.0000000000
44695  17.874  -44.324  45.527 0.0000000000
45877  16.522  -43.413  44.808 0.0000000000
48215  15.406  -43.582  44.563 0.0000000000
44658  15.068  -44.538  46.978 0.0000000000
47005  14.904  -44.044  45.572 0.0000000000
47050  14.134  -43.743  43.964 0.0000000000
45878  12.880  -44.622  42.882 0.0000000000
44744  11.676  -46.012  42.584 0.0000000000
44607  12.088  -45.003  49.433 0.0000000000
44646  11.466  -45.121  47.965 0.0000000000
43365  10.011  -45.785  47.378 0.0000000000
43402  10.423  -45.697  46.064 0.0000000000
43421  10.211  -45.849  45.163 0.0000000000
37510  4.354  -51.930  48.080 0.0000000000
63906  38.064  -27.511  42.376 0.0000000000
61671  33.304  -30.442  45.608 0.0000000000
60525  32.033  -31.691  45.501 0.0000000000
58241  31.547  -33.503  45.655 0.0000000000
57081  30.374  -34.494  46.191 0.0000000000
57051  31.897  -34.436  47.916 0.0000000000
57053  30.571  -35.221  47.352 0.0000000000
55946  29.006  -36.202  46.401 0.0000000000
54876  29.326  -38.112  46.344 0.0000000000
54889  30.292  -38.431  45.358 0.0000000000
53791  31.816  -39.428  45.070 0.0000000000
53761  31.460  -40.102  47.335 0.0000000000
53779  31.887  -40.046  46.054 0.0000000000
53801  32.828  -39.688  44.223 0.0000000000
52662  34.077  -39.709  43.792 0.0000000000
52686  34.463  -40.300  42.213 0.0000000000
48092  34.340  -43.574  52.333 0.0000000000
43224  31.366  -45.130  54.371 0.0000000000
43253  32.363  -45.886  52.920 0.0000000000
43279  32.650  -45.496  51.971 0.0000000000
45779  30.623  -43.829  49.894 0.0000000000
44587  32.145  -45.240  51.185 0.0000000000
43277  33.302  -45.052  51.940 0.0000000000
45764  33.921  -44.046  51.225 0.0000000000
46926  34.065  -43.433  50.600 0.0000000000
48101  34.078  -43.186  51.000 0.0000000000
48132  34.286  -42.786  48.858 0.0000000000
49276  33.751  -42.183  48.087 0.0000000000
48168  33.276  -41.806  46.136 0.0000000000
48206  31.664  -42.546  45.010 0.0000000000
48225  32.584  -41.952  44.283 0.0000000000
48223  33.656  -41.493  43.908 0.0000000000
50479  33.263  -41.485  42.450 0.0000000000
65096  36.145  -27.906  41.303 0.0000000000
63946  35.403  -27.811  39.825 0.0000000000
65111  33.793  -27.722  38.948 0.0000000000
62799  31.717  -28.781  41.344 0.0000000000
63949  32.212  -28.210  39.060 0.0000000000
63965  32.175  -28.328  37.915 0.0000000000
86400  47.165  -8.761  27.968 0.0000000000
65093  39.140  -26.653  41.531 0.0000000000
63943  38.322  -27.001  40.624 0.0000000000
65095  38.241  -27.380  41.665 0.0000000000
65092  39.884  -26.597  41.177 0.0000000000
45899  19.007  -43.263  43.864 0.0000000000
45872  19.037  -43.615  44.839 0.0000000000
45852  19.594  -43.981  45.626 0.0000000000
47026  20.042  -43.360  45.298 0.0000000000
47044  19.639  -43.233  44.745 0.0000000000
47070  19.428  -42.897  44.064 0.0000000000
72633  38.274  -21.400  36.064 0.0000000000
71626  37.829  -22.298  35.664 0.0000000000
71624  39.849  -22.420  35.960 0.0000000000
72632  39.368  -21.445  36.174 0.0000000000
40876  6.408  -48.408  49.152 0.0000000000
40889  6.588  -48.703  48.126 0.0000000000
40890  6.245  -49.188  48.185 0.0000000000
39722  5.992  -49.624  47.737 0.0000000000
50326  32.677  -41.095  52.677 0.0000000000
50344  33.175  -42.185  51.263 0.0000000000
43170  31.493  -45.693  56.163 0.0000000000
43181  31.261  -45.698  55.403 0.0000000000
50462  27.175  -39.464  43.691 0.0000000000
50440  27.571  -40.148  44.688 0.0000000000
50485  27.721  -40.083  42.603 0.0000000000
58244  29.557  -34.099  44.613 0.0000000000
59401  29.479  -33.621  44.034 0.0000000000
84165  49.140  -10.312  31.186 0.0000000000
84160  49.450  -9.869  31.424 0.0000000000
85259  49.051  -9.414  31.151 0.0000000000
86386  48.806  -8.994  30.663 0.0000000000
86388  48.974  -8.004  30.086 0.0000000000
66264  40.198  -26.717  36.543 0.0000000000
63997  35.129  -28.683  37.007 0.0000000000
63998  34.157  -28.390  36.750 0.0000000000
66251  40.484  -26.867  37.099 0.0000000000
66250  41.091  -26.474  37.331 0.0000000000
67368  40.767  -25.981  35.986 0.0000000000
47101  16.079  -44.124  42.065 0.0000000000
45926  15.513  -44.864  41.173 0.0000000000
45927  14.515  -44.946  41.419 0.0000000000
47103  14.462  -44.339  41.917 0.0000000000
44591  24.583  -44.968  51.805 0.0000000000
45757  25.566  -44.258  52.538 0.0000000000
45780  24.493  -44.239  51.638 0.0000000000
51534  22.599  -40.235  46.264 0.0000000000
51522  22.796  -40.346  47.093 0.0000000000
52653  22.816  -39.857  45.885 0.0000000000
51533  23.307  -39.721  45.957 0.0000000000
52665  22.605  -39.737  45.336 0.0000000000
51561  22.314  -39.634  43.779 0.0000000000
79017  46.179  -14.540  34.970 0.0000000000
79042  45.398  -15.344  33.683 0.0000000000
80047  46.439  -14.360  30.590 0.0000000000
42090  20.790  -46.774  49.838 0.0000000000
42091  20.178  -46.723  49.644 0.0000000000
42074  20.759  -47.038  50.082 0.0000000000
42073  21.400  -46.878  49.959 0.0000000000
42089  21.162  -46.699  50.016 0.0000000000
76927  43.511  -18.059  38.079 0.0000000000
78007  43.839  -16.724  38.727 0.0000000000
78016  43.607  -16.175  37.909 0.0000000000
43381  16.940  -44.606  47.713 0.0000000000
43362  16.285  -44.712  48.301 0.0000000000
44645  12.574  -44.231  48.017 0.0000000000
43310  10.315  -45.230  50.722 0.0000000000
42145  8.159  -47.789  45.462 0.0000000000
42144  8.639  -47.460  45.226 0.0000000000
42162  9.049  -47.491  44.175 0.0000000000
52560  31.080  -38.546  51.117 0.0000000000
53698  31.188  -37.563  51.064 0.0000000000
53718  30.493  -38.201  49.961 0.0000000000
53719  30.306  -37.512  49.292 0.0000000000
53742  30.462  -38.560  48.715 0.0000000000
53717  30.847  -38.914  49.252 0.0000000000
51519  33.609  -40.975  46.059 0.0000000000
52640  33.426  -40.765  46.049 0.0000000000
50421  33.855  -41.109  45.049 0.0000000000
46928  28.832  -43.513  51.286 0.0000000000
45768  29.367  -43.653  51.186 0.0000000000
46927  29.445  -43.551  50.767 0.0000000000
45821  30.651  -43.234  47.491 0.0000000000
45807  31.004  -43.444  48.225 0.0000000000
45820  31.286  -43.026  47.628 0.0000000000
45805  32.375  -43.332  48.414 0.0000000000
45819  31.970  -42.891  47.708 0.0000000000
45818  32.508  -42.998  47.811 0.0000000000
45835  31.543  -42.687  47.111 0.0000000000
62762  33.880  -28.671  44.203 0.0000000000
63886  34.144  -28.174  43.052 0.0000000000
62763  33.027  -29.055  43.756 0.0000000000
65138  39.017  -27.411  38.537 0.0000000000
63960  37.143  -27.529  39.297 0.0000000000
63977  36.127  -27.930  37.961 0.0000000000
65089  43.032  -27.383  40.919 0.0000000000
65108  39.861  -26.870  40.237 0.0000000000
65123  39.985  -27.104  39.351 0.0000000000
65137  40.157  -26.980  38.450 0.0000000000
47074  17.421  -43.186  43.061 0.0000000000
47099  17.655  -43.438  41.579 0.0000000000
45809  22.319  -44.506  48.893 0.0000000000
46953  22.462  -43.956  49.126 0.0000000000
46966  22.078  -43.886  48.433 0.0000000000
49320  21.393  -41.819  45.802 0.0000000000
49331  20.841  -41.605  44.447 0.0000000000
50464  20.975  -41.379  44.050 0.0000000000
49348  20.472  -41.876  44.139 0.0000000000
48247  19.252  -42.578  42.628 0.0000000000
71608  42.672  -22.438  37.078 0.0000000000
72617  42.928  -21.920  37.240 0.0000000000
73629  42.097  -20.531  36.420 0.0000000000
73628  42.704  -20.469  37.072 0.0000000000
74764  42.977  -19.651  37.347 0.0000000000
74765  42.338  -19.633  36.998 0.0000000000
75860  42.197  -18.399  36.936 0.0000000000
74777  41.819  -19.438  36.508 0.0000000000
74780  39.323  -19.509  36.065 0.0000000000
74792  39.618  -18.726  35.761 0.0000000000
43326  13.852  -44.467  50.318 0.0000000000
43347  13.270  -44.631  49.831 0.0000000000
43312  8.108  -46.205  50.840 0.0000000000
43331  8.420  -46.368  49.764 0.0000000000
42114  7.490  -48.065  47.301 0.0000000000
40903  7.529  -48.160  46.806 0.0000000000
40919  7.526  -48.161  46.311 0.0000000000
40920  7.024  -48.844  45.928 0.0000000000
39779  6.504  -50.462  45.315 0.0000000000
37529  5.187  -51.337  46.821 0.0000000000
38666  4.996  -51.195  47.341 0.0000000000
51427  32.254  -40.533  52.210 0.0000000000
51445  32.042  -39.654  52.450 0.0000000000
51444  31.997  -40.013  52.008 0.0000000000
52543  31.805  -39.859  51.179 0.0000000000
52542  31.983  -40.142  50.648 0.0000000000
52558  31.902  -39.864  50.278 0.0000000000
51478  32.663  -41.277  49.457 0.0000000000
51494  33.285  -41.090  48.047 0.0000000000
50379  33.566  -41.721  48.092 0.0000000000
48154  27.655  -41.323  47.747 0.0000000000
48153  28.325  -41.803  48.058 0.0000000000
49328  28.679  -41.243  45.406 0.0000000000
48190  28.952  -41.511  46.211 0.0000000000
48211  29.252  -41.740  45.772 0.0000000000
48188  29.827  -42.558  46.164 0.0000000000
48210  29.546  -42.024  45.553 0.0000000000
48209  29.969  -42.411  45.577 0.0000000000
49363  29.076  -41.405  43.141 0.0000000000
60547  31.399  -31.507  44.909 0.0000000000
61685  31.282  -30.850  44.299 0.0000000000
60548  30.765  -31.683  44.380 0.0000000000
60566  29.932  -31.962  42.816 0.0000000000
60581  29.625  -32.204  41.689 0.0000000000
87468  48.672  -7.691  29.533 0.0000000000
87470  48.976  -6.921  28.909 0.0000000000
88536  49.588  -6.391  28.122 0.0000000000
87474  48.779  -6.884  27.774 0.0000000000
69644  38.600  -24.264  35.590 0.0000000000
67385  37.511  -26.468  35.315 0.0000000000
68501  37.131  -25.660  35.464 0.0000000000
67386  36.478  -26.260  35.314 0.0000000000
66268  35.279  -27.572  35.445 0.0000000000
66222  43.398  -26.580  39.749 0.0000000000
66230  44.122  -26.023  39.932 0.0000000000
66239  43.170  -25.974  38.760 0.0000000000
67365  42.331  -25.150  37.240 0.0000000000
67349  42.748  -25.419  37.848 0.0000000000
68464  42.681  -24.693  37.367 0.0000000000
69626  43.550  -23.717  38.153 0.0000000000
69627  43.044  -23.946  37.532 0.0000000000
70612  42.738  -23.309  37.195 0.0000000000
69639  42.534  -24.179  36.952 0.0000000000
68480  40.205  -25.297  35.736 0.0000000000
69642  40.756  -24.366  35.937 0.0000000000
70629  40.296  -23.407  35.952 0.0000000000
43227  28.210  -45.545  54.586 0.0000000000
43226  29.219  -45.237  54.623 0.0000000000
44546  27.852  -45.268  54.106 0.0000000000
46918  26.373  -43.416  52.230 0.0000000000
46906  27.470  -43.654  52.934 0.0000000000
46917  27.463  -43.502  52.363 0.0000000000
48093  27.857  -43.225  51.784 0.0000000000
48138  22.584  -42.981  49.547 0.0000000000
48121  23.963  -42.833  50.555 0.0000000000
49293  24.604  -41.487  48.715 0.0000000000
49278  25.036  -41.755  49.125 0.0000000000
49277  26.117  -41.456  49.093 0.0000000000
49291  26.632  -41.130  48.132 0.0000000000
51532  24.272  -39.488  45.579 0.0000000000
50442  25.458  -39.465  45.251 0.0000000000
51559  24.914  -39.367  43.210 0.0000000000
50502  20.529  -41.154  41.812 0.0000000000
50523  20.798  -41.269  40.567 0.0000000000
80984  46.512  -13.302  36.994 0.0000000000
79016  47.213  -14.333  34.562 0.0000000000
79990  48.181  -13.290  35.081 0.0000000000
79015  48.166  -14.686  34.509 0.0000000000
79989  49.039  -14.278  34.907 0.0000000000
79029  48.114  -15.151  33.723 0.0000000000
79071  45.127  -15.413  32.249 0.0000000000
79057  45.690  -15.294  32.780 0.0000000000
79068  47.071  -14.554  31.494 0.0000000000
79054  47.911  -15.110  31.819 0.0000000000
80017  48.598  -14.885  32.702 0.0000000000
80031  48.576  -14.864  32.194 0.0000000000
80030  49.062  -14.239  31.838 0.0000000000
81041  47.372  -12.983  30.456 0.0000000000
81035  47.904  -12.928  31.054 0.0000000000
82028  47.516  -12.567  30.507 0.0000000000
82023  47.376  -11.675  30.050 0.0000000000
44673  19.622  -45.188  46.555 0.0000000000
44674  19.264  -45.261  46.118 0.0000000000
43397  19.792  -45.432  47.501 0.0000000000
42092  19.646  -46.228  49.533 0.0000000000
42109  19.287  -45.662  48.698 0.0000000000
42110  18.783  -45.520  48.551 0.0000000000
42093  18.711  -45.627  49.180 0.0000000000
42039  18.851  -46.256  50.934 0.0000000000
42059  17.809  -45.959  50.338 0.0000000000
42060  16.954  -45.839  50.621 0.0000000000
41977  28.831  -46.101  55.687 0.0000000000
43259  25.574  -45.516  53.801 0.0000000000
43302  22.992  -46.404  51.232 0.0000000000
43301  23.262  -45.872  51.013 0.0000000000
43319  22.902  -45.605  50.294 0.0000000000
44621  23.007  -45.145  49.873 0.0000000000
43339  22.296  -45.589  50.010 0.0000000000
43375  20.506  -45.430  48.610 0.0000000000
43374  20.917  -45.203  48.724 0.0000000000
44655  20.433  -45.333  47.886 0.0000000000
44672  20.213  -45.041  47.090 0.0000000000
69646  36.602  -23.955  35.243 0.0000000000
79007  43.608  -15.614  36.844 0.0000000000
79006  44.436  -14.902  36.473 0.0000000000
79019  44.062  -15.309  35.735 0.0000000000
78038  43.804  -15.766  35.234 0.0000000000
78029  42.775  -17.077  36.579 0.0000000000
76952  41.886  -17.023  36.162 0.0000000000
76951  42.724  -16.273  35.361 0.0000000000
76960  42.949  -15.889  34.388 0.0000000000
76972  43.063  -15.676  33.793 0.0000000000
43420  18.293  -44.850  45.840 0.0000000000
44694  18.482  -44.641  45.529 0.0000000000
44677  16.625  -43.986  46.404 0.0000000000
44697  16.895  -43.589  45.867 0.0000000000
45856  16.344  -43.634  45.512 0.0000000000
47028  15.915  -43.447  44.731 0.0000000000
47004  15.544  -43.700  45.249 0.0000000000
44643  15.094  -44.287  48.050 0.0000000000
44642  15.618  -44.402  47.738 0.0000000000
45841  13.381  -44.183  45.767 0.0000000000
45825  14.148  -44.223  46.300 0.0000000000
47006  13.985  -44.023  45.576 0.0000000000
47029  14.329  -43.771  44.900 0.0000000000
47030  13.301  -44.050  44.479 0.0000000000
47051  13.401  -44.087  43.374 0.0000000000
45857  12.766  -44.457  43.644 0.0000000000
45879  12.162  -44.978  43.203 0.0000000000
44745  11.039  -46.372  42.682 0.0000000000
43328  11.565  -44.941  50.193 0.0000000000
44608  11.565  -45.106  49.552 0.0000000000
44627  11.557  -45.203  48.895 0.0000000000
44647  10.750  -45.489  48.192 0.0000000000
42096  8.924  -46.216  48.324 0.0000000000
42095  9.382  -45.909  48.246 0.0000000000
43383  9.857  -46.167  46.420 0.0000000000
43382  10.572  -45.449  47.017 0.0000000000
38616  4.591  -50.782  48.474 0.0000000000
37511  4.145  -52.222  48.231 0.0000000000
36281  4.248  -52.482  47.883 0.0000000000
63866  35.071  -28.630  44.468 0.0000000000
60524  32.685  -31.252  45.706 0.0000000000
60510  32.811  -31.834  45.955 0.0000000000
58227  32.317  -33.336  46.392 0.0000000000
59380  31.937  -33.163  45.697 0.0000000000
58228  31.826  -33.691  46.056 0.0000000000
58229  31.125  -34.023  45.796 0.0000000000
57080  31.158  -34.338  46.336 0.0000000000
55852  32.459  -36.180  50.479 0.0000000000
55923  31.950  -34.786  48.668 0.0000000000
54839  29.933  -36.305  48.253 0.0000000000
55895  30.311  -35.985  48.071 0.0000000000
55926  29.961  -35.924  47.713 0.0000000000
57054  29.967  -35.476  47.133 0.0000000000
55945  29.403  -36.176  47.100 0.0000000000
54878  28.744  -36.675  46.167 0.0000000000
54877  28.999  -37.177  46.701 0.0000000000
53763  30.468  -38.834  47.675 0.0000000000
53781  30.522  -38.878  46.404 0.0000000000
53792  30.924  -38.892  45.264 0.0000000000
53780  31.235  -39.450  46.250 0.0000000000
52609  32.070  -39.836  48.437 0.0000000000
52628  32.200  -40.411  47.647 0.0000000000
53778  32.628  -40.369  45.976 0.0000000000
53789  33.212  -40.263  44.963 0.0000000000
53790  32.483  -39.963  45.076 0.0000000000
53800  33.796  -39.640  44.224 0.0000000000
53799  33.890  -39.994  44.568 0.0000000000
51557  34.905  -40.983  43.779 0.0000000000
52673  34.453  -40.455  43.249 0.0000000000
51576  34.555  -40.841  42.802 0.0000000000
51577  34.375  -40.749  42.252 0.0000000000
43256  30.083  -44.730  54.058 0.0000000000
43255  31.255  -44.782  53.695 0.0000000000
43281  31.647  -45.210  52.752 0.0000000000
43280  32.053  -45.473  52.179 0.0000000000
46950  29.883  -43.243  49.154 0.0000000000
44619  31.950  -44.164  49.675 0.0000000000
44620  31.577  -44.178  49.909 0.0000000000
44602  32.323  -44.741  50.292 0.0000000000
44586  32.733  -45.329  50.963 0.0000000000
44585  33.192  -44.977  50.812 0.0000000000
44569  33.609  -44.736  51.741 0.0000000000
44584  33.494  -44.319  50.645 0.0000000000
45788  33.652  -43.529  49.361 0.0000000000
45776  33.651  -43.701  50.211 0.0000000000
48115  34.375  -42.908  49.848 0.0000000000
46976  32.738  -42.681  47.302 0.0000000000
48151  33.292  -42.452  47.505 0.0000000000
48169  33.118  -42.254  46.635 0.0000000000
49303  33.288  -41.923  46.534 0.0000000000
48186  32.951  -41.962  45.663 0.0000000000
48228  30.836  -42.559  44.117 0.0000000000
48207  31.134  -42.833  44.962 0.0000000000
49360  31.937  -41.927  43.109 0.0000000000
49340  32.318  -41.982  43.690 0.0000000000
48224  33.224  -41.687  44.074 0.0000000000
49339  33.061  -41.784  43.591 0.0000000000
49358  33.545  -41.714  43.037 0.0000000000
63907  37.019  -27.794  42.162 0.0000000000
65054  36.176  -28.036  42.314 0.0000000000
63926  34.521  -27.993  40.780 0.0000000000
63947  34.295  -27.700  39.532 0.0000000000
62765  31.573  -29.733  42.814 0.0000000000
62781  32.096  -28.808  42.302 0.0000000000
62782  31.202  -29.732  41.856 0.0000000000
63929  31.422  -28.794  39.613 0.0000000000
89566  52.585  -5.167  27.746 0.0000000000
90530  52.879  -4.850  27.198 0.0000000000
90529  53.593  -4.591  27.561 0.0000000000
85273  47.293  -9.537  28.763 0.0000000000
63974  38.536  -27.240  39.276 0.0000000000
63958  38.572  -26.906  39.992 0.0000000000
47097  18.818  -42.741  42.639 0.0000000000
47098  18.303  -42.788  42.222 0.0000000000
47072  18.649  -42.997  43.273 0.0000000000
47047  17.908  -43.294  43.860 0.0000000000
46983  21.113  -43.610  46.886 0.0000000000
47002  20.650  -43.422  46.427 0.0000000000
48212  20.348  -42.666  45.075 0.0000000000
48232  20.298  -42.338  44.510 0.0000000000
48233  19.901  -42.518  44.219 0.0000000000
71610  41.559  -22.427  36.626 0.0000000000
72620  41.282  -21.575  36.519 0.0000000000
73630  41.695  -21.051  36.364 0.0000000000
73638  41.143  -20.466  36.341 0.0000000000
73639  39.916  -20.441  36.372 0.0000000000
43285  15.412  -44.966  51.204 0.0000000000
39735  6.527  -49.488  46.671 0.0000000000
38638  5.319  -50.325  47.962 0.0000000000
50327  32.565  -40.626  53.314 0.0000000000
51460  32.566  -40.974  50.279 0.0000000000
50361  33.005  -41.641  50.540 0.0000000000
49318  27.326  -40.519  46.300 0.0000000000
49304  27.903  -40.887  46.840 0.0000000000
49329  27.899  -40.617  45.473 0.0000000000
49345  28.787  -41.355  44.312 0.0000000000
50461  28.163  -40.468  43.789 0.0000000000
59399  30.816  -33.016  45.049 0.0000000000
60527  30.581  -32.559  44.472 0.0000000000
60528  30.201  -32.793  44.154 0.0000000000
59424  29.839  -32.977  43.016 0.0000000000
83083  49.350  -11.247  31.398 0.0000000000
83075  49.938  -11.314  31.728 0.0000000000
84164  49.632  -10.804  31.493 0.0000000000
87466  50.339  -6.982  30.480 0.0000000000
87464  49.923  -7.552  31.140 0.0000000000
86394  48.177  -8.041  29.365 0.0000000000
68481  38.982  -25.453  35.322 0.0000000000
67383  38.841  -26.401  35.299 0.0000000000
66289  38.539  -26.871  35.184 0.0000000000
66290  38.001  -27.285  35.099 0.0000000000
65151  36.380  -28.341  36.564 0.0000000000
64015  35.722  -28.667  36.574 0.0000000000
65167  34.618  -27.989  35.681 0.0000000000
65135  41.890  -26.496  38.407 0.0000000000
66240  42.730  -26.209  38.300 0.0000000000
66249  41.878  -25.969  37.367 0.0000000000
67366  41.903  -25.385  36.877 0.0000000000
68478  41.862  -24.990  36.324 0.0000000000
67367  41.438  -25.588  36.394 0.0000000000
45945  16.926  -44.866  40.890 0.0000000000
44761  14.014  -45.888  41.448 0.0000000000
44762  13.560  -45.554  41.754 0.0000000000
43258  26.474  -45.438  53.932 0.0000000000
44559  27.236  -45.051  53.734 0.0000000000
44576  25.680  -44.611  52.826 0.0000000000
46931  25.276  -43.335  51.847 0.0000000000
50380  23.528  -41.543  48.594 0.0000000000
50408  23.283  -40.528  47.630 0.0000000000
50407  24.404  -40.091  47.263 0.0000000000
50391  25.148  -40.573  47.690 0.0000000000
51520  24.083  -39.677  46.446 0.0000000000
51560  23.601  -38.999  43.565 0.0000000000
51582  22.760  -39.121  42.353 0.0000000000
54901  30.700  -38.199  44.460 0.0000000000
79992  45.869  -13.950  35.816 0.0000000000
80994  46.695  -13.200  36.149 0.0000000000
79069  46.239  -14.796  31.645 0.0000000000
80039  47.544  -14.545  31.410 0.0000000000
80046  47.013  -14.161  31.005 0.0000000000
80055  46.865  -13.630  30.362 0.0000000000
81042  46.929  -13.109  30.032 0.0000000000
43376  20.020  -45.655  48.623 0.0000000000
43377  19.533  -45.545  47.956 0.0000000000
42125  19.955  -45.861  49.091 0.0000000000
42108  19.901  -46.107  49.276 0.0000000000
42071  22.123  -46.575  50.615 0.0000000000
44623  21.915  -45.411  49.595 0.0000000000
43340  21.474  -46.070  50.017 0.0000000000
43357  20.686  -45.910  49.382 0.0000000000
43380  17.739  -44.808  47.264 0.0000000000
44656  17.074  -44.256  47.138 0.0000000000
44678  15.770  -44.404  46.571 0.0000000000
44644  13.853  -43.901  47.925 0.0000000000
45826  13.149  -44.318  46.272 0.0000000000
45842  12.590  -44.415  45.326 0.0000000000
44698  11.639  -44.986  44.870 0.0000000000
42111  9.291  -46.091  47.670 0.0000000000
43404  9.306  -46.992  44.613 0.0000000000
60505  33.154  -32.038  46.570 0.0000000000
59364  32.897  -32.719  46.986 0.0000000000
59365  32.588  -32.928  46.530 0.0000000000
58218  32.090  -33.811  46.571 0.0000000000
53679  31.929  -37.715  52.233 0.0000000000
54775  32.480  -37.040  51.814 0.0000000000
54776  31.851  -36.992  51.353 0.0000000000
54797  31.758  -36.741  50.792 0.0000000000
55870  31.322  -36.155  49.674 0.0000000000
55893  31.264  -35.601  48.933 0.0000000000
55871  30.654  -36.295  49.145 0.0000000000
54838  30.044  -36.907  48.808 0.0000000000
54859  29.775  -37.443  48.393 0.0000000000
53765  29.374  -37.539  47.400 0.0000000000
53764  29.732  -38.038  47.915 0.0000000000
52607  33.061  -40.634  47.891 0.0000000000
52627  32.796  -40.523  47.076 0.0000000000
52648  33.709  -40.461  45.072 0.0000000000
52661  34.085  -40.134  44.201 0.0000000000
50476  34.617  -41.332  43.351 0.0000000000
45739  29.584  -44.084  52.739 0.0000000000
44556  30.685  -44.387  53.236 0.0000000000
45753  29.769  -43.850  52.091 0.0000000000
44590  30.532  -44.195  51.664 0.0000000000
44589  31.234  -44.514  51.365 0.0000000000
45808  30.362  -43.387  47.795 0.0000000000
45792  30.543  -43.425  48.699 0.0000000000
45790  31.848  -43.717  49.232 0.0000000000
44618  32.373  -44.200  49.613 0.0000000000
44600  33.113  -44.215  49.853 0.0000000000
44617  32.720  -44.072  49.378 0.0000000000
44616  32.992  -43.945  48.944 0.0000000000
45802  33.530  -43.480  48.758 0.0000000000
46949  33.924  -43.191  48.785 0.0000000000
45817  32.855  -43.174  47.916 0.0000000000
46996  32.130  -42.603  46.111 0.0000000000
50458  30.286  -41.905  43.132 0.0000000000
50481  31.434  -41.682  42.385 0.0000000000
50480  32.389  -41.566  42.353 0.0000000000
50496  31.931  -41.031  41.526 0.0000000000
65056  34.955  -27.968  43.059 0.0000000000
65055  35.550  -28.101  42.765 0.0000000000
63910  33.473  -28.315  41.962 0.0000000000
62783  30.428  -30.029  41.255 0.0000000000
88535  50.467  -5.925  28.522 0.0000000000
89562  51.568  -5.467  28.361 0.0000000000
65163  39.268  -27.489  36.711 0.0000000000
65149  38.303  -27.729  37.371 0.0000000000
63995  37.060  -27.905  37.497 0.0000000000
63975  37.944  -27.486  38.695 0.0000000000
63994  37.720  -27.736  37.971 0.0000000000
63978  35.260  -28.401  37.821 0.0000000000
65105  42.930  -26.923  39.842 0.0000000000
65121  41.868  -26.621  39.199 0.0000000000
65136  41.105  -26.621  38.384 0.0000000000
65147  40.480  -26.822  37.634 0.0000000000
45923  17.594  -44.444  40.835 0.0000000000
45924  17.161  -44.392  41.189 0.0000000000
47076  15.621  -43.594  42.870 0.0000000000
45793  23.243  -44.660  50.182 0.0000000000
46952  22.836  -43.951  49.881 0.0000000000
48155  22.109  -43.074  48.799 0.0000000000
49294  22.305  -42.289  48.181 0.0000000000
48174  21.387  -42.863  47.238 0.0000000000
49295  21.949  -42.177  47.526 0.0000000000
50394  22.405  -41.789  47.753 0.0000000000
50425  21.820  -41.058  46.084 0.0000000000
51547  21.524  -40.866  44.721 0.0000000000
51562  21.430  -40.664  43.998 0.0000000000
49375  20.043  -41.925  41.709 0.0000000000
79043  44.840  -15.469  33.380 0.0000000000
79058  44.970  -15.425  32.869 0.0000000000
40862  21.069  -47.371  50.739 0.0000000000
40851  20.928  -47.560  51.156 0.0000000000
72589  43.980  -21.061  38.418 0.0000000000
73615  43.696  -20.307  37.920 0.0000000000
72618  42.636  -21.458  36.958 0.0000000000
74754  43.499  -19.570  37.669 0.0000000000
75850  43.625  -18.823  37.827 0.0000000000
76934  43.194  -17.977  37.553 0.0000000000
78018  43.034  -17.394  37.189 0.0000000000
75852  42.736  -18.378  37.229 0.0000000000
74778  41.216  -19.306  36.243 0.0000000000
75868  40.555  -18.145  35.812 0.0000000000
75879  40.294  -17.608  35.154 0.0000000000
43344  16.289  -44.926  49.154 0.0000000000
43345  15.179  -44.359  49.163 0.0000000000
44625  13.787  -43.936  48.863 0.0000000000
43311  9.292  -45.831  50.682 0.0000000000
42097  8.085  -46.977  47.991 0.0000000000
42130  8.121  -47.778  45.938 0.0000000000
52529  32.212  -38.595  52.939 0.0000000000
53662  32.375  -37.816  52.721 0.0000000000
52583  31.385  -39.283  49.697 0.0000000000
52582  32.156  -39.788  49.441 0.0000000000
52581  32.769  -40.340  49.130 0.0000000000
52580  32.849  -40.527  48.419 0.0000000000
51506  33.548  -41.099  47.069 0.0000000000
48134  29.074  -42.319  49.206 0.0000000000
48152  28.997  -42.312  48.242 0.0000000000
46965  29.512  -42.831  48.438 0.0000000000
48172  28.549  -41.453  47.070 0.0000000000
46982  29.455  -42.884  47.458 0.0000000000
46981  29.919  -43.345  47.187 0.0000000000
46980  30.349  -43.163  46.936 0.0000000000
46999  30.548  -42.748  46.411 0.0000000000
46998  31.126  -42.587  46.521 0.0000000000
47024  30.376  -42.609  45.837 0.0000000000
48208  30.543  -42.654  45.065 0.0000000000
48229  30.203  -42.207  44.348 0.0000000000
49364  28.866  -41.350  43.501 0.0000000000
49344  29.549  -41.652  43.659 0.0000000000
50459  29.964  -41.812  43.083 0.0000000000
61684  32.355  -30.225  44.807 0.0000000000
61696  32.320  -29.653  43.924 0.0000000000
61697  31.703  -30.056  43.704 0.0000000000
61698  30.579  -30.664  42.922 0.0000000000
60565  30.274  -31.453  43.667 0.0000000000
61713  29.789  -30.964  41.420 0.0000000000
88530  50.412  -6.331  29.718 0.0000000000
88534  51.030  -5.688  29.228 0.0000000000
70631  38.214  -23.247  35.614 0.0000000000
69645  37.543  -24.074  35.514 0.0000000000
65181  37.827  -27.887  35.491 0.0000000000
65182  37.313  -27.481  35.606 0.0000000000
66292  35.800  -26.895  35.304 0.0000000000
67335  43.099  -25.758  38.426 0.0000000000
67347  43.527  -25.122  38.883 0.0000000000
70611  43.398  -23.089  37.744 0.0000000000
70613  42.355  -23.171  36.844 0.0000000000
69641  41.634  -24.379  36.149 0.0000000000
70627  42.017  -23.773  36.485 0.0000000000
70614  41.901  -23.095  36.716 0.0000000000
43183  29.491  -45.860  55.556 0.0000000000
43198  30.363  -45.602  54.976 0.0000000000
43257  29.369  -44.795  54.176 0.0000000000
45741  27.599  -43.926  53.455 0.0000000000
44558  28.254  -44.446  53.821 0.0000000000
45740  28.817  -43.871  52.795 0.0000000000
46916  28.429  -43.548  52.101 0.0000000000
46929  28.183  -43.344  51.738 0.0000000000
48104  28.208  -43.034  51.118 0.0000000000
46939  24.220  -43.525  51.272 0.0000000000
48120  25.189  -42.540  50.714 0.0000000000
49279  23.733  -42.009  49.210 0.0000000000
49266  24.608  -42.383  49.787 0.0000000000
48106  26.081  -42.515  51.256 0.0000000000
48118  28.095  -42.246  50.239 0.0000000000
48136  27.262  -41.622  48.704 0.0000000000
49305  27.176  -40.778  47.258 0.0000000000
50406  25.567  -40.317  46.874 0.0000000000
49319  26.492  -40.448  46.786 0.0000000000
50441  26.627  -39.632  44.907 0.0000000000
51558  26.144  -39.349  42.898 0.0000000000
57092  28.888  -35.498  44.659 0.0000000000
80002  48.996  -14.340  34.034 0.0000000000
79041  46.473  -15.078  33.359 0.0000000000
79040  47.373  -15.135  33.110 0.0000000000
79028  48.590  -14.855  33.467 0.0000000000
80001  49.483  -13.743  33.635 0.0000000000
80015  49.475  -13.715  32.452 0.0000000000
80029  49.546  -13.640  31.490 0.0000000000
81026  49.529  -13.027  31.360 0.0000000000
80044  48.453  -13.376  31.033 0.0000000000
81034  48.861  -12.944  31.035 0.0000000000
81033  49.257  -12.578  31.331 0.0000000000
82014  48.557  -11.765  31.187 0.0000000000
83085  48.125  -11.202  30.695 0.0000000000
84166  48.239  -10.277  30.458 0.0000000000
84174  47.914  -9.849  29.931 0.0000000000
45853  19.175  -44.244  45.402 0.0000000000
44716  19.017  -44.416  45.385 0.0000000000
44692  19.389  -44.813  45.733 0.0000000000
43418  18.977  -45.368  46.173 0.0000000000
43399  18.775  -45.315  46.699 0.0000000000
43378  19.076  -45.524  47.683 0.0000000000
43379  18.492  -45.248  47.362 0.0000000000
43360  18.322  -45.176  48.258 0.0000000000
43342  17.928  -45.276  48.851 0.0000000000
42056  20.679  -47.291  50.516 0.0000000000
42057  19.986  -46.861  50.430 0.0000000000
42058  19.102  -46.219  50.365 0.0000000000
42077  18.161  -45.755  49.849 0.0000000000
42078  17.594  -45.544  49.492 0.0000000000
43323  17.110  -45.562  49.702 0.0000000000
43304  16.857  -45.716  50.139 0.0000000000
42061  16.530  -45.633  50.843 0.0000000000
42023  16.667  -45.660  51.600 0.0000000000
42042  16.214  -45.486  51.160 0.0000000000
43171  30.409  -46.039  56.162 0.0000000000
43172  29.749  -45.923  55.891 0.0000000000
43200  28.492  -45.846  55.145 0.0000000000
43201  27.795  -45.959  54.913 0.0000000000
41987  27.167  -46.395  54.986 0.0000000000
43228  27.231  -45.679  54.403 0.0000000000
44561  25.134  -45.284  53.292 0.0000000000
44578  24.185  -45.595  52.088 0.0000000000
44592  24.053  -45.343  51.524 0.0000000000
45810  21.852  -44.427  48.369 0.0000000000
44641  21.515  -45.057  48.882 0.0000000000
45823  21.243  -44.483  47.578 0.0000000000
45837  20.439  -44.122  46.538 0.0000000000
45838  19.975  -44.508  46.364 0.0000000000
80985  45.934  -13.708  37.037 0.0000000000
79980  44.957  -14.494  37.049 0.0000000000
79969  45.487  -14.043  37.289 0.0000000000
79979  45.624  -14.051  36.641 0.0000000000
79018  45.154  -14.861  35.491 0.0000000000
78049  44.941  -15.483  34.203 0.0000000000
78028  42.944  -16.912  36.655 0.0000000000
78039  43.085  -16.206  35.721 0.0000000000
78050  44.234  -15.658  34.441 0.0000000000
78061  44.663  -15.547  33.799 0.0000000000
45873  18.531  -43.704  44.604 0.0000000000
44719  17.945  -43.912  44.830 0.0000000000
45875  17.597  -43.419  44.339 0.0000000000
44696  17.309  -43.855  45.824 0.0000000000
45854  17.415  -43.704  45.100 0.0000000000
45903  16.977  -43.144  43.822 0.0000000000
47048  16.690  -43.267  43.825 0.0000000000
48248  15.673  -43.500  43.505 0.0000000000
48249  15.193  -43.479  43.336 0.0000000000
45824  14.733  -44.357  46.419 0.0000000000
48194  14.985  -43.840  45.018 0.0000000000
48235  14.884  -43.553  43.833 0.0000000000
47077  14.254  -43.772  42.647 0.0000000000
45905  13.418  -44.934  42.191 0.0000000000
45906  12.586  -45.330  42.483 0.0000000000
44743  13.017  -46.128  41.834 0.0000000000
43327  12.650  -44.998  50.028 0.0000000000
44610  10.297  -45.525  49.658 0.0000000000
44629  10.136  -45.554  49.160 0.0000000000
43348  9.947  -45.641  48.316 0.0000000000
43364  10.677  -45.454  47.627 0.0000000000
44699  10.571  -45.588  44.307 0.0000000000
43422  9.682  -46.275  44.266 0.0000000000
44700  10.020  -46.039  43.499 0.0000000000
44721  10.604  -46.108  43.034 0.0000000000
38639  4.792  -50.988  47.776 0.0000000000
37530  4.775  -51.735  46.986 0.0000000000
36297  4.259  -52.770  47.388 0.0000000000
62761  34.521  -28.776  44.485 0.0000000000
62751  33.857  -29.427  44.892 0.0000000000
61683  33.107  -29.788  45.113 0.0000000000
60511  32.322  -32.288  45.808 0.0000000000
59397  32.079  -32.621  45.678 0.0000000000
59398  31.567  -32.865  45.448 0.0000000000
58242  31.000  -33.552  45.463 0.0000000000
58230  30.361  -34.095  45.665 0.0000000000
57082  29.650  -34.895  45.684 0.0000000000
57066  32.444  -33.921  47.623 0.0000000000
57067  31.992  -34.305  47.073 0.0000000000
55924  31.203  -35.191  48.242 0.0000000000
57052  31.191  -34.845  47.559 0.0000000000
57068  31.178  -34.600  46.931 0.0000000000
57069  30.458  -34.836  46.815 0.0000000000
57070  29.662  -35.362  46.492 0.0000000000
57083  28.998  -35.625  45.291 0.0000000000
55960  28.743  -36.286  45.725 0.0000000000
54904  28.618  -37.208  45.252 0.0000000000
53783  29.390  -37.938  47.074 0.0000000000
54875  29.932  -38.485  46.082 0.0000000000
52651  32.193  -39.484  44.659 0.0000000000
53740  31.699  -39.422  47.906 0.0000000000
53760  32.108  -40.458  46.816 0.0000000000
52650  32.320  -39.674  44.799 0.0000000000
53810  33.816  -39.669  43.252 0.0000000000
52674  34.093  -39.928  43.274 0.0000000000
49245  33.737  -42.773  51.522 0.0000000000
43223  31.931  -45.680  53.886 0.0000000000
43254  31.797  -45.487  53.257 0.0000000000
43222  32.672  -46.012  53.746 0.0000000000
43252  33.285  -45.840  52.819 0.0000000000
46938  29.810  -43.583  50.153 0.0000000000
44605  30.755  -44.208  50.833 0.0000000000
44604  31.336  -44.324  50.462 0.0000000000
45778  31.234  -44.008  49.870 0.0000000000
44588  31.711  -44.883  51.126 0.0000000000
43299  32.437  -45.407  51.481 0.0000000000
43278  33.115  -45.331  52.029 0.0000000000
43251  33.493  -45.233  52.291 0.0000000000
46915  34.283  -43.822  51.687 0.0000000000
49254  34.044  -42.491  50.138 0.0000000000
49264  34.232  -42.249  49.011 0.0000000000
48150  33.670  -42.591  48.157 0.0000000000
49289  33.418  -41.983  46.977 0.0000000000
49302  33.458  -41.526  45.894 0.0000000000
47022  31.392  -42.653  45.717 0.0000000000
47021  31.884  -42.567  45.674 0.0000000000
47020  32.182  -42.482  45.685 0.0000000000
49341  31.660  -42.297  43.756 0.0000000000
48226  31.967  -42.299  44.350 0.0000000000
48204  32.801  -41.913  44.921 0.0000000000
48203  33.445  -41.548  44.552 0.0000000000
49316  33.747  -41.277  45.026 0.0000000000
49337  34.145  -41.399  43.656 0.0000000000
49357  34.018  -41.614  43.045 0.0000000000
50478  33.931  -41.362  42.654 0.0000000000
50495  32.939  -41.093  41.708 0.0000000000
50494  33.729  -41.006  41.952 0.0000000000
63923  37.871  -27.488  41.372 0.0000000000
63924  36.677  -27.709  41.123 0.0000000000
63945  36.424  -27.756  40.063 0.0000000000
63908  35.348  -27.963  41.557 0.0000000000
63925  35.651  -27.931  41.060 0.0000000000
63963  34.329  -27.889  38.450 0.0000000000
62780  32.776  -28.653  42.920 0.0000000000
63911  32.564  -28.401  41.334 0.0000000000
63928  32.189  -28.379  40.314 0.0000000000
63948  33.223  -27.846  39.425 0.0000000000
63964  33.365  -27.959  38.420 0.0000000000
63980  33.225  -28.130  37.249 0.0000000000
86390  48.103  -9.053  29.584 0.0000000000
86395  47.713  -8.559  29.045 0.0000000000
87472  47.390  -7.890  28.098 0.0000000000
40845  21.161  -47.284  51.547 0.0000000000
41978  28.178  -46.434  55.559 0.0000000000
41996  26.702  -46.094  54.576 0.0000000000
42088  21.424  -46.594  50.157 0.0000000000
42106  21.065  -46.624  49.477 0.0000000000
42107  20.370  -46.409  49.512 0.0000000000
42127  19.404  -45.603  48.271 0.0000000000
43184  28.853  -45.941  55.495 0.0000000000
43261  24.045  -46.379  52.770 0.0000000000
43300  32.078  -45.468  51.879 0.0000000000
43321  21.945  -46.497  50.462 0.0000000000
43322  17.555  -45.824  49.982 0.0000000000
43338  22.696  -45.354  49.863 0.0000000000
43341  21.061  -46.490  49.879 0.0000000000
43401  17.844  -44.780  46.524 0.0000000000
43419  18.603  -45.155  45.957 0.0000000000
44553  34.204  -45.300  52.734 0.0000000000
44555  31.312  -44.812  52.783 0.0000000000
44570  33.194  -45.199  51.478 0.0000000000
44571  33.000  -45.427  51.450 0.0000000000
44572  31.860  -45.230  51.584 0.0000000000
44575  30.231  -44.170  52.595 0.0000000000
44577  24.854  -45.110  52.474 0.0000000000
44603  31.882  -44.622  50.409 0.0000000000
44609  10.808  -45.241  49.624 0.0000000000
44636  32.915  -43.751  48.549 0.0000000000
44637  32.720  -43.717  48.761 0.0000000000
44639  32.125  -43.779  49.284 0.0000000000
44640  22.082  -44.759  48.845 0.0000000000
44654  20.822  -45.115  47.967 0.0000000000
44675  17.860  -44.695  46.178 0.0000000000
44717  18.730  -44.192  45.255 0.0000000000
44718  18.303  -44.069  45.040 0.0000000000
45751  33.126  -45.310  51.110 0.0000000000
45752  33.054  -45.511  51.223 0.0000000000
45755  27.121  -43.989  52.927 0.0000000000
45756  26.420  -44.149  52.826 0.0000000000
45765  32.996  -45.410  50.964 0.0000000000
45766  32.986  -45.502  51.091 0.0000000000
45769  24.917  -44.431  52.002 0.0000000000
45777  33.370  -43.844  49.732 0.0000000000
45781  23.840  -44.606  51.075 0.0000000000
45789  33.281  -43.781  49.150 0.0000000000
45803  33.143  -43.561  48.385 0.0000000000
45806  31.812  -43.362  48.651 0.0000000000
45840  15.133  -44.372  46.250 0.0000000000
45855  16.971  -43.542  45.298 0.0000000000
45874  18.134  -43.629  44.401 0.0000000000
45876  16.933  -43.336  44.483 0.0000000000
45900  18.621  -43.377  43.968 0.0000000000
45928  13.875  -45.188  41.672 0.0000000000
46962  33.499  -43.094  48.195 0.0000000000
46978  31.896  -42.681  47.066 0.0000000000
46979  30.805  -42.844  47.046 0.0000000000
46984  14.535  -44.219  46.041 0.0000000000
46985  14.232  -44.172  45.990 0.0000000000
46997  31.750  -42.619  46.454 0.0000000000
47001  29.616  -43.012  46.812 0.0000000000
47003  15.519  -43.639  45.023 0.0000000000
47025  20.353  -43.318  45.922 0.0000000000
47027  15.694  -43.542  44.986 0.0000000000
47031  12.786  -44.263  44.832 0.0000000000
47045  19.279  -43.284  44.394 0.0000000000
47046  18.069  -43.542  43.958 0.0000000000
47049  16.240  -43.381  43.903 0.0000000000
47078  13.449  -44.322  42.744 0.0000000000
48094  27.437  -43.117  51.828 0.0000000000
48102  29.487  -43.404  50.369 0.0000000000
48103  29.094  -43.239  50.608 0.0000000000
48116  29.500  -43.157  49.972 0.0000000000
48133  29.419  -42.845  49.450 0.0000000000
48137  23.280  -42.983  50.055 0.0000000000
48185  33.376  -41.599  45.466 0.0000000000
48187  32.493  -42.394  45.833 0.0000000000
48192  15.411  -43.629  44.815 0.0000000000
48193  15.235  -43.703  44.901 0.0000000000
48205  32.212  -42.294  45.113 0.0000000000
48214  15.623  -43.531  44.794 0.0000000000
48216  14.828  -43.687  44.534 0.0000000000
48227  31.420  -42.565  44.315 0.0000000000
48234  15.563  -43.501  43.970 0.0000000000
48244  30.739  -42.306  43.625 0.0000000000
48246  19.552  -42.587  43.335 0.0000000000
49290  33.252  -42.145  46.940 0.0000000000
49327  33.931  -41.232  44.415 0.0000000000
49330  20.821  -41.883  45.044 0.0000000000
49338  33.687  -41.590  43.509 0.0000000000
49342  31.252  -42.486  43.850 0.0000000000
49343  30.200  -41.976  43.545 0.0000000000
49356  34.398  -41.481  43.201 0.0000000000
49362  30.544  -42.062  43.336 0.0000000000
50362  32.668  -41.399  50.545 0.0000000000
50363  32.512  -41.145  50.279 0.0000000000
50372  33.085  -41.576  50.008 0.0000000000
50373  32.772  -41.471  50.330 0.0000000000
50374  32.524  -41.350  50.354 0.0000000000
50381  23.210  -41.722  48.771 0.0000000000
50393  22.932  -41.440  48.217 0.0000000000
50439  34.252  -41.120  44.301 0.0000000000
50443  21.482  -41.222  45.210 0.0000000000
50493  34.166  -41.020  42.277 0.0000000000
51429  32.093  -39.337  52.905 0.0000000000
51461  32.887  -41.268  50.186 0.0000000000
51462  32.617  -41.276  50.342 0.0000000000
51480  32.880  -41.491  50.372 0.0000000000
52649  33.459  -40.490  45.284 0.0000000000
52652  22.869  -39.677  45.572 0.0000000000
52663  32.562  -39.757  44.658 0.0000000000
52664  32.439  -39.585  44.516 0.0000000000
52666  22.584  -39.949  45.640 0.0000000000
53680  31.669  -37.432  51.720 0.0000000000
54753  32.909  -37.361  52.553 0.0000000000
54818  30.541  -37.018  49.588 0.0000000000
54891  28.845  -37.633  45.729 0.0000000000
54892  28.555  -36.971  45.760 0.0000000000
55853  31.758  -36.370  50.231 0.0000000000
55869  32.330  -35.804  49.826 0.0000000000
55925  30.636  -35.572  47.894 0.0000000000
57071  29.194  -35.689  45.902 0.0000000000
58217  32.566  -33.457  47.024 0.0000000000
58231  29.805  -34.282  45.262 0.0000000000
59379  32.370  -32.825  46.012 0.0000000000
59400  30.134  -33.265  44.468 0.0000000000
59415  29.865  -33.094  43.806 0.0000000000
61672  32.529  -30.873  45.533 0.0000000000
63922  38.244  -27.246  41.110 0.0000000000
63942  38.634  -26.808  40.346 0.0000000000
65076  38.453  -27.388  42.034 0.0000000000
65077  38.144  -27.458  41.900 0.0000000000
65078  36.266  -27.907  41.683 0.0000000000
65079  35.588  -27.943  41.878 0.0000000000
65080  35.014  -27.925  42.510 0.0000000000
65094  38.471  -27.066  41.444 0.0000000000
65097  35.920  -27.955  41.457 0.0000000000
65104  43.594  -26.755  40.125 0.0000000000
65110  38.660  -26.664  41.053 0.0000000000
65112  33.447  -27.818  38.948 0.0000000000
65125  33.799  -27.825  38.612 0.0000000000
65126  33.593  -27.823  38.743 0.0000000000
65134  42.298  -26.453  38.329 0.0000000000
66225  40.481  -26.720  40.758 0.0000000000
66231  43.413  -26.128  39.391 0.0000000000
66232  43.010  -26.521  39.209 0.0000000000
66242  41.446  -26.499  37.931 0.0000000000
66262  41.578  -25.758  36.812 0.0000000000
66266  38.278  -27.706  35.498 0.0000000000
67325  43.830  -25.693  39.631 0.0000000000
67348  43.249  -25.271  38.455 0.0000000000
67350  42.223  -25.568  37.410 0.0000000000
67384  38.297  -26.547  35.169 0.0000000000
68448  43.689  -24.506  38.985 0.0000000000
68462  43.422  -24.897  38.600 0.0000000000
68463  43.207  -24.579  38.167 0.0000000000
68500  38.079  -25.903  35.330 0.0000000000
69640  42.186  -24.359  36.473 0.0000000000
72603  42.979  -20.921  37.234 0.0000000000
72634  37.432  -21.434  35.590 0.0000000000
73601  44.120  -20.132  38.390 0.0000000000
75851  43.139  -18.753  37.451 0.0000000000
76935  42.881  -17.754  37.133 0.0000000000
76936  42.616  -17.978  37.063 0.0000000000
76942  42.837  -17.255  36.798 0.0000000000
78998  43.544  -15.951  37.502 0.0000000000
79038  48.591  -14.870  32.970 0.0000000000
79067  47.715  -14.738  31.537 0.0000000000
80036  49.518  -13.573  31.167 0.0000000000
80054  47.206  -13.333  30.490 0.0000000000
81027  49.343  -13.418  31.104 0.0000000000
82015  48.354  -11.796  31.073 0.0000000000
82021  48.768  -11.930  31.336 0.0000000000
83076  48.457  -11.561  31.056 0.0000000000
83077  48.206  -11.648  30.912 0.0000000000
84167  47.825  -10.712  30.309 0.0000000000
85264  48.211  -9.465  29.983 0.0000000000
85265  47.781  -9.448  29.506 0.0000000000
