#!ascii label  , from subject 3166 vox2ras=TkReg
1293
135886  44.961  39.372  28.696 0.0000000000
136725  49.579  40.452  30.176 0.0000000000
130720  52.335  33.341  33.838 0.0000000000
134936  38.653  38.370  30.872 0.0000000000
132286  43.122  35.443  33.106 0.0000000000
133266  44.742  36.239  22.290 0.0000000000
139110  44.446  43.863  30.826 0.0000000000
139928  49.783  45.335  27.045 0.0000000000
127568  51.811  29.739  31.279 0.0000000000
129275  50.878  31.030  25.635 0.0000000000
134068  50.760  37.572  28.276 0.0000000000
134879  48.401  38.471  34.239 0.0000000000
135752  51.972  39.884  36.036 0.0000000000
131465  49.785  34.486  36.662 0.0000000000
139990  46.698  44.468  22.964 0.0000000000
134167  48.861  37.146  22.455 0.0000000000
130001  46.661  32.416  30.335 0.0000000000
135867  42.047  39.550  29.539 0.0000000000
134013  41.368  37.135  32.362 0.0000000000
134913  43.579  38.635  31.472 0.0000000000
134119  45.207  38.078  25.338 0.0000000000
135015  41.199  38.780  26.362 0.0000000000
141325  44.631  46.268  28.276 0.0000000000
126625  48.603  28.086  31.377 0.0000000000
127603  49.252  29.837  28.217 0.0000000000
126674  45.980  29.059  28.873 0.0000000000
142109  49.948  47.203  19.728 0.0000000000
135900  52.702  38.979  28.172 0.0000000000
135817  53.161  39.221  32.019 0.0000000000
137551  51.736  41.980  33.392 0.0000000000
133953  45.858  37.103  37.322 0.0000000000
134822  48.174  37.896  37.523 0.0000000000
131453  46.765  34.762  37.701 0.0000000000
129925  48.670  32.222  34.405 0.0000000000
137614  47.402  41.016  27.356 0.0000000000
136802  47.064  40.338  24.486 0.0000000000
135938  49.942  39.138  25.980 0.0000000000
133208  51.728  36.291  24.890 0.0000000000
132272  49.507  35.649  35.517 0.0000000000
131497  47.377  34.764  33.609 0.0000000000
129967  49.499  32.645  32.119 0.0000000000
131541  40.838  33.913  31.443 0.0000000000
130005  42.517  33.020  30.062 0.0000000000
134221  46.020  37.022  18.223 0.0000000000
135095  42.251  37.378  20.329 0.0000000000
137579  47.061  41.647  30.811 0.0000000000
138299  49.089  43.964  34.634 0.0000000000
144624  49.000  51.948  30.880 0.0000000000
142706  49.530  48.556  27.422 0.0000000000
139914  46.820  44.241  28.702 0.0000000000
129185  53.398  31.371  32.860 0.0000000000
129220  52.234  31.657  29.314 0.0000000000
128415  52.350  30.677  28.302 0.0000000000
127650  50.387  29.017  24.677 0.0000000000
134979  47.735  38.159  28.413 0.0000000000
134909  47.196  39.115  31.327 0.0000000000
135829  50.069  39.406  31.688 0.0000000000
135776  51.041  39.147  35.015 0.0000000000
133095  51.945  36.494  37.574 0.0000000000
136650  49.883  40.915  36.337 0.0000000000
133053  50.954  36.932  38.572 0.0000000000
130679  52.253  33.801  36.370 0.0000000000
129140  51.472  31.830  34.318 0.0000000000
128369  49.334  30.160  32.048 0.0000000000
142758  46.255  48.247  21.745 0.0000000000
139232  49.909  43.725  20.080 0.0000000000
137686  48.432  41.070  21.358 0.0000000000
134218  48.945  37.638  18.152 0.0000000000
132414  47.684  35.598  20.988 0.0000000000
133212  48.096  36.951  24.646 0.0000000000
134004  45.404  37.230  33.462 0.0000000000
130746  44.897  33.396  31.974 0.0000000000
130030  43.886  32.152  28.686 0.0000000000
129236  48.920  31.527  28.142 0.0000000000
135888  43.203  39.890  28.696 0.0000000000
135846  42.763  39.330  30.265 0.0000000000
135844  44.679  39.276  30.356 0.0000000000
135012  44.505  38.979  26.774 0.0000000000
135032  43.463  38.688  25.535 0.0000000000
135924  42.791  39.340  27.072 0.0000000000
135909  41.540  39.411  27.823 0.0000000000
125728  47.305  27.646  30.989 0.0000000000
126659  46.785  28.517  30.067 0.0000000000
126660  45.740  28.217  29.778 0.0000000000
129244  40.233  31.062  28.843 0.0000000000
135862  51.527  39.839  28.803 0.0000000000
136712  52.312  40.883  31.116 0.0000000000
137569  50.570  41.226  31.885 0.0000000000
133059  45.092  36.071  38.324 0.0000000000
132219  46.412  35.542  38.599 0.0000000000
137588  48.605  40.803  28.972 0.0000000000
136784  48.317  39.972  26.927 0.0000000000
135903  50.380  39.690  27.410 0.0000000000
135918  51.835  39.102  27.089 0.0000000000
131480  50.783  33.991  34.591 0.0000000000
131495  49.778  34.204  33.760 0.0000000000
130740  50.484  33.087  32.807 0.0000000000
134036  37.497  37.919  30.643 0.0000000000
133136  38.908  37.144  31.819 0.0000000000
133126  42.359  36.396  32.760 0.0000000000
132299  41.150  35.251  32.392 0.0000000000
131521  41.874  34.330  32.523 0.0000000000
130777  41.910  33.228  30.719 0.0000000000
130748  42.602  33.647  32.099 0.0000000000
133291  44.665  36.660  20.241 0.0000000000
134207  44.080  37.168  19.860 0.0000000000
133293  42.597  36.551  20.420 0.0000000000
134983  38.799  38.482  28.780 0.0000000000
134055  37.329  37.710  29.513 0.0000000000
138345  45.705  42.575  31.582 0.0000000000
138341  46.603  43.121  32.988 0.0000000000
139079  44.807  44.080  32.739 0.0000000000
140604  44.204  44.622  29.033 0.0000000000
140620  46.353  45.349  28.293 0.0000000000
139116  45.569  43.186  29.794 0.0000000000
138358  46.726  42.583  29.561 0.0000000000
127566  53.214  30.030  31.853 0.0000000000
128404  53.404  30.761  30.157 0.0000000000
128397  52.224  30.202  30.034 0.0000000000
127615  48.340  29.460  26.835 0.0000000000
127626  50.096  29.769  26.193 0.0000000000
127638  48.774  29.104  25.418 0.0000000000
134069  49.463  37.682  28.050 0.0000000000
134957  48.720  38.580  29.380 0.0000000000
134925  50.844  38.532  30.435 0.0000000000
136690  52.147  40.626  34.187 0.0000000000
135810  51.790  39.285  33.261 0.0000000000
134859  52.274  39.176  34.952 0.0000000000
133970  50.966  37.503  36.520 0.0000000000
133968  52.306  38.234  37.199 0.0000000000
138282  47.805  42.750  35.590 0.0000000000
138280  49.643  43.232  35.358 0.0000000000
136671  48.190  40.558  35.758 0.0000000000
132217  48.651  35.875  38.430 0.0000000000
133939  49.164  37.528  38.379 0.0000000000
132216  49.819  35.986  38.407 0.0000000000
131449  51.771  34.973  37.665 0.0000000000
130671  51.091  34.084  37.111 0.0000000000
129922  52.049  32.271  35.209 0.0000000000
129908  50.459  32.693  35.488 0.0000000000
129165  47.324  31.486  33.340 0.0000000000
129164  48.492  31.584  33.453 0.0000000000
141423  46.375  46.494  22.172 0.0000000000
141440  47.800  46.456  21.304 0.0000000000
140005  48.435  44.264  21.115 0.0000000000
141337  50.655  46.857  27.440 0.0000000000
141355  49.486  46.674  26.160 0.0000000000
139953  50.390  44.977  25.738 0.0000000000
135071  47.593  38.904  22.992 0.0000000000
136823  47.541  40.737  22.253 0.0000000000
135089  47.578  38.768  20.643 0.0000000000
135987  48.161  39.398  20.039 0.0000000000
134203  47.899  37.628  19.953 0.0000000000
132424  48.280  35.942  19.467 0.0000000000
133275  49.064  35.990  21.702 0.0000000000
134098  51.309  37.022  25.975 0.0000000000
133210  49.727  36.195  24.883 0.0000000000
134100  48.964  37.267  26.359 0.0000000000
134101  47.759  37.453  26.467 0.0000000000
134882  48.092  38.907  33.200 0.0000000000
134896  46.231  38.580  32.412 0.0000000000
133998  47.101  37.515  34.195 0.0000000000
130763  47.232  33.017  31.859 0.0000000000
131517  45.913  33.916  32.622 0.0000000000
129985  45.985  32.558  31.214 0.0000000000
130003  44.630  32.645  30.385 0.0000000000
130017  45.319  32.401  29.419 0.0000000000
129249  51.940  31.422  27.211 0.0000000000
129222  50.305  31.541  28.961 0.0000000000
129251  49.719  31.546  27.241 0.0000000000
134961  40.458  39.243  29.820 0.0000000000
134917  39.633  38.122  31.375 0.0000000000
134933  41.756  38.782  30.819 0.0000000000
134914  42.468  38.366  31.749 0.0000000000
134011  43.390  37.299  32.694 0.0000000000
134154  45.134  37.287  23.652 0.0000000000
135911  39.887  39.219  28.039 0.0000000000
126624  49.473  28.491  31.332 0.0000000000
127593  50.284  29.764  29.600 0.0000000000
126657  49.066  29.154  29.649 0.0000000000
126681  47.710  29.341  27.716 0.0000000000
134052  52.547  38.006  28.627 0.0000000000
134924  52.096  38.028  30.084 0.0000000000
135837  53.520  39.172  30.346 0.0000000000
137557  52.467  40.850  32.549 0.0000000000
136691  51.748  41.323  34.565 0.0000000000
134863  46.098  38.896  35.678 0.0000000000
135758  47.211  38.903  36.209 0.0000000000
133952  46.707  37.130  37.417 0.0000000000
132218  47.511  35.757  38.473 0.0000000000
131466  48.286  34.422  36.776 0.0000000000
130696  49.013  33.171  35.735 0.0000000000
130697  47.905  33.316  35.673 0.0000000000
129911  47.125  32.838  35.031 0.0000000000
129143  45.990  31.769  33.836 0.0000000000
140669  46.279  45.472  25.403 0.0000000000
138379  46.659  42.393  27.052 0.0000000000
139162  46.901  43.211  25.659 0.0000000000
136786  46.814  40.711  26.073 0.0000000000
135949  48.508  39.197  25.007 0.0000000000
134132  49.477  37.832  24.163 0.0000000000
134165  50.222  36.476  23.297 0.0000000000
135046  51.713  37.777  24.951 0.0000000000
134081  52.447  37.665  26.635 0.0000000000
133988  48.691  37.013  35.358 0.0000000000
133113  47.700  36.618  34.626 0.0000000000
132276  48.471  35.694  34.940 0.0000000000
130742  48.717  33.217  32.400 0.0000000000
129983  47.910  32.522  31.265 0.0000000000
128474  50.108  29.988  23.790 0.0000000000
128454  48.980  30.858  25.370 0.0000000000
131543  38.960  33.771  32.026 0.0000000000
134015  39.911  36.739  32.260 0.0000000000
132300  40.213  35.310  31.975 0.0000000000
130770  40.395  33.419  31.331 0.0000000000
130007  40.543  32.691  30.515 0.0000000000
130021  41.145  32.309  29.358 0.0000000000
130032  41.851  32.084  28.755 0.0000000000
135103  46.388  38.703  19.333 0.0000000000
135991  44.561  39.017  20.721 0.0000000000
137577  48.864  40.674  30.554 0.0000000000
137561  48.454  41.732  32.731 0.0000000000
137555  47.433  42.705  33.159 0.0000000000
139846  47.218  44.169  34.511 0.0000000000
138284  45.529  42.744  35.255 0.0000000000
136693  45.573  40.625  34.753 0.0000000000
134865  44.364  38.464  35.401 0.0000000000
143998  49.886  50.236  28.851 0.0000000000
142696  50.449  48.779  28.974 0.0000000000
141321  49.194  46.706  27.971 0.0000000000
139913  48.270  44.828  28.114 0.0000000000
139127  47.024  43.237  28.747 0.0000000000
138357  47.395  41.646  29.172 0.0000000000
129942  53.274  32.446  33.408 0.0000000000
129979  52.003  32.275  31.511 0.0000000000
129994  53.327  32.009  30.963 0.0000000000
129232  52.839  31.260  28.483 0.0000000000
129262  52.304  31.110  26.791 0.0000000000
127602  50.273  30.161  28.451 0.0000000000
128440  51.509  30.442  26.419 0.0000000000
128464  51.366  30.078  24.824 0.0000000000
134995  45.703  38.899  27.845 0.0000000000
134960  46.044  38.786  29.635 0.0000000000
134958  47.591  38.607  29.445 0.0000000000
134908  48.235  39.225  31.162 0.0000000000
135821  48.969  39.227  32.930 0.0000000000
134892  51.798  38.884  31.708 0.0000000000
135811  50.848  39.209  33.439 0.0000000000
134877  50.005  38.925  34.829 0.0000000000
133971  50.154  37.400  36.158 0.0000000000
133108  50.798  36.250  36.557 0.0000000000
131473  52.028  34.399  35.758 0.0000000000
138323  50.063  42.734  34.121 0.0000000000
137503  51.293  42.771  35.140 0.0000000000
135753  51.456  40.194  36.458 0.0000000000
135756  48.964  39.332  36.925 0.0000000000
135742  49.880  39.197  37.425 0.0000000000
134818  51.471  38.944  37.576 0.0000000000
133070  52.155  36.543  38.040 0.0000000000
131463  52.176  34.910  36.959 0.0000000000
130693  52.408  33.517  35.632 0.0000000000
129921  52.953  32.300  35.012 0.0000000000
129160  52.732  31.314  33.895 0.0000000000
128367  51.865  30.559  32.415 0.0000000000
129924  49.884  32.321  34.699 0.0000000000
129186  49.857  30.818  32.626 0.0000000000
127548  50.142  29.239  31.803 0.0000000000
126609  49.542  28.632  31.795 0.0000000000
142093  48.343  47.481  20.994 0.0000000000
140750  49.875  45.458  19.739 0.0000000000
137718  50.373  41.694  18.743 0.0000000000
138416  47.816  42.581  24.048 0.0000000000
139195  48.860  43.046  22.478 0.0000000000
137683  50.167  41.734  20.697 0.0000000000
136855  49.630  40.376  19.252 0.0000000000
135127  49.287  39.558  16.920 0.0000000000
133320  48.363  37.015  17.758 0.0000000000
132434  46.714  35.848  19.265 0.0000000000
132404  46.624  35.681  22.085 0.0000000000
132394  49.479  35.853  22.802 0.0000000000
133245  47.785  35.986  23.139 0.0000000000
133246  46.699  36.447  23.274 0.0000000000
134136  46.027  37.297  24.431 0.0000000000
134103  46.218  37.901  26.388 0.0000000000
134911  45.408  38.776  31.656 0.0000000000
134898  44.436  38.058  32.562 0.0000000000
133120  44.345  36.280  33.391 0.0000000000
132283  46.383  35.609  33.774 0.0000000000
132284  45.130  35.409  33.602 0.0000000000
131519  44.243  33.970  32.755 0.0000000000
129987  44.071  32.885  31.290 0.0000000000
130019  43.194  32.547  29.442 0.0000000000
129211  50.737  32.101  31.139 0.0000000000
130013  49.492  31.875  29.783 0.0000000000
130015  47.446  32.216  29.353 0.0000000000
128442  47.951  30.881  26.145 0.0000000000
130028  46.046  32.229  28.461 0.0000000000
125756  44.320  27.911  28.289 0.0000000000
125768  45.202  27.929  26.864 0.0000000000
135887  44.044  39.554  28.798 0.0000000000
136741  43.806  39.655  29.172 0.0000000000
135864  44.787  39.268  29.508 0.0000000000
134996  44.994  39.202  27.632 0.0000000000
135906  44.450  39.437  27.838 0.0000000000
135907  43.453  39.469  27.907 0.0000000000
125741  46.288  28.045  30.197 0.0000000000
136738  50.287  40.297  29.350 0.0000000000
136724  50.742  40.379  30.228 0.0000000000
136714  50.078  40.627  31.013 0.0000000000
136739  49.214  40.570  29.260 0.0000000000
136775  49.681  40.018  27.887 0.0000000000
136757  49.920  40.266  28.569 0.0000000000
136756  50.937  39.931  28.590 0.0000000000
130707  51.714  33.552  34.374 0.0000000000
130721  51.130  33.322  33.561 0.0000000000
134035  38.133  38.107  30.908 0.0000000000
134021  38.429  37.714  31.369 0.0000000000
134918  39.042  37.943  31.403 0.0000000000
132287  42.601  35.778  33.076 0.0000000000
132298  42.265  35.307  32.866 0.0000000000
131520  43.080  34.366  32.695 0.0000000000
133279  44.780  36.498  21.281 0.0000000000
133292  43.680  36.545  20.415 0.0000000000
133280  43.544  36.282  21.278 0.0000000000
134963  38.765  38.590  29.838 0.0000000000
134984  37.951  38.196  29.102 0.0000000000
134964  37.977  38.269  30.112 0.0000000000
139109  45.178  43.344  30.943 0.0000000000
139097  45.356  43.541  32.075 0.0000000000
139098  44.736  44.013  31.696 0.0000000000
139903  44.326  44.144  29.792 0.0000000000
140603  44.804  44.532  28.766 0.0000000000
139117  44.880  43.631  30.284 0.0000000000
127583  52.793  29.867  31.143 0.0000000000
127584  51.951  29.838  30.684 0.0000000000
127628  48.235  29.211  25.913 0.0000000000
134977  50.177  37.948  28.775 0.0000000000
134976  50.788  37.824  28.840 0.0000000000
135774  52.428  39.781  35.107 0.0000000000
134836  52.221  38.867  36.123 0.0000000000
134817  52.296  38.993  37.240 0.0000000000
137507  47.393  41.695  35.551 0.0000000000
137506  48.505  41.820  35.767 0.0000000000
132267  49.547  34.936  37.143 0.0000000000
131451  49.945  34.869  37.180 0.0000000000
131450  50.726  34.618  37.375 0.0000000000
131464  50.721  34.166  36.971 0.0000000000
130694  50.802  32.987  36.051 0.0000000000
130681  49.752  33.641  36.194 0.0000000000
129189  46.799  30.942  32.884 0.0000000000
140701  45.609  45.582  23.641 0.0000000000
141407  45.481  46.569  23.133 0.0000000000
140720  46.305  45.493  22.630 0.0000000000
140737  47.141  45.461  21.740 0.0000000000
140719  46.992  44.630  22.342 0.0000000000
140636  50.676  46.079  26.949 0.0000000000
140651  50.770  45.594  26.228 0.0000000000
139942  50.047  45.202  26.514 0.0000000000
134168  47.844  38.042  22.660 0.0000000000
135080  47.346  38.813  21.989 0.0000000000
134178  47.795  37.762  21.625 0.0000000000
135102  47.729  38.101  20.187 0.0000000000
134177  48.373  36.974  21.377 0.0000000000
134188  48.285  36.914  20.366 0.0000000000
133262  48.834  36.580  21.890 0.0000000000
134083  51.042  37.421  27.086 0.0000000000
134099  50.168  37.175  26.264 0.0000000000
134084  49.840  37.477  27.218 0.0000000000
134883  47.159  38.412  33.472 0.0000000000
134880  47.702  38.008  34.213 0.0000000000
129984  46.945  32.560  31.187 0.0000000000
130764  46.323  33.065  31.782 0.0000000000
130002  45.642  32.490  30.374 0.0000000000
130016  46.325  32.372  29.414 0.0000000000
129263  51.627  31.224  26.161 0.0000000000
129250  50.914  31.553  27.107 0.0000000000
129264  50.446  31.371  26.374 0.0000000000
135868  41.016  39.469  29.728 0.0000000000
134934  40.748  38.896  30.452 0.0000000000
135848  41.347  39.136  30.338 0.0000000000
134931  43.181  38.963  30.756 0.0000000000
134932  42.617  38.806  30.839 0.0000000000
134900  42.872  37.927  32.399 0.0000000000
134899  43.430  38.073  32.335 0.0000000000
134137  44.862  37.793  24.579 0.0000000000
134155  44.018  37.346  23.506 0.0000000000
134138  43.703  37.742  24.142 0.0000000000
135033  42.344  38.715  25.489 0.0000000000
135053  42.530  38.305  24.688 0.0000000000
135890  41.249  39.599  28.713 0.0000000000
135910  40.485  39.247  27.709 0.0000000000
135891  40.271  39.410  28.793 0.0000000000
126641  50.008  29.113  30.416 0.0000000000
126642  48.860  28.491  30.566 0.0000000000
126673  47.228  29.056  28.824 0.0000000000
126682  46.626  29.074  27.642 0.0000000000
142755  48.861  48.439  20.712 0.0000000000
143407  49.215  49.250  20.206 0.0000000000
134975  52.677  38.442  28.352 0.0000000000
134953  53.000  38.444  29.419 0.0000000000
135860  53.190  39.149  29.741 0.0000000000
137568  51.735  41.327  31.859 0.0000000000
137567  52.502  41.070  31.888 0.0000000000
137558  52.105  41.576  32.564 0.0000000000
137550  52.161  41.192  33.289 0.0000000000
137526  51.764  41.501  33.911 0.0000000000
134843  45.890  38.002  36.341 0.0000000000
134842  46.522  38.432  36.280 0.0000000000
133973  46.253  37.562  36.719 0.0000000000
132247  46.396  35.033  38.250 0.0000000000
133057  46.815  36.262  38.457 0.0000000000
132246  47.176  35.160  38.164 0.0000000000
132245  48.252  35.254  38.020 0.0000000000
131452  47.754  34.770  37.545 0.0000000000
130683  47.544  33.820  36.374 0.0000000000
131467  47.146  34.470  36.938 0.0000000000
130698  46.787  33.461  35.739 0.0000000000
129912  45.952  32.997  35.122 0.0000000000
129927  46.311  32.161  34.192 0.0000000000
137615  46.949  41.640  27.257 0.0000000000
137628  46.595  41.545  26.236 0.0000000000
137627  46.989  41.020  26.712 0.0000000000
135921  49.176  39.654  26.625 0.0000000000
135922  48.393  39.824  26.263 0.0000000000
135029  49.034  38.977  25.162 0.0000000000
135049  49.049  38.526  24.660 0.0000000000
135048  50.133  38.250  24.703 0.0000000000
134131  50.523  37.556  24.167 0.0000000000
135027  50.679  38.626  25.363 0.0000000000
135901  52.312  39.287  27.736 0.0000000000
135008  52.201  38.559  26.635 0.0000000000
134991  52.559  38.447  27.319 0.0000000000
134066  52.446  37.954  27.615 0.0000000000
133110  49.089  36.540  35.539 0.0000000000
132273  48.825  36.078  35.350 0.0000000000
132275  49.147  35.265  35.128 0.0000000000
130741  49.705  33.210  32.614 0.0000000000
130723  49.147  33.724  33.189 0.0000000000
130762  48.090  33.024  31.836 0.0000000000
129982  48.920  32.347  31.595 0.0000000000
131524  39.082  34.234  32.061 0.0000000000
132301  39.245  35.292  32.080 0.0000000000
134019  40.473  37.653  31.875 0.0000000000
134014  40.471  36.916  32.346 0.0000000000
131522  40.989  34.373  31.777 0.0000000000
131542  40.621  33.984  31.648 0.0000000000
130750  40.170  33.812  31.755 0.0000000000
129988  40.190  32.842  30.964 0.0000000000
130779  40.713  33.063  30.912 0.0000000000
130006  41.569  32.887  30.107 0.0000000000
130033  41.320  31.955  28.826 0.0000000000
130020  42.173  32.707  29.278 0.0000000000
134229  46.917  37.187  17.699 0.0000000000
134205  45.677  37.611  18.884 0.0000000000
134190  43.187  37.314  19.810 0.0000000000
135093  43.919  38.226  20.318 0.0000000000
135082  43.040  38.644  20.803 0.0000000000
137571  47.625  41.508  31.613 0.0000000000
137562  47.212  42.286  32.629 0.0000000000
139054  46.925  44.141  33.823 0.0000000000
139034  46.617  43.805  35.139 0.0000000000
137530  45.319  41.627  34.678 0.0000000000
135780  44.837  39.105  34.949 0.0000000000
143985  48.437  51.027  29.321 0.0000000000
144638  49.483  50.942  29.785 0.0000000000
142685  50.337  49.312  29.807 0.0000000000
142697  50.042  48.334  28.929 0.0000000000
142021  50.521  47.644  28.104 0.0000000000
140619  47.572  45.451  28.220 0.0000000000
139126  47.544  43.960  28.104 0.0000000000
138349  46.427  42.169  30.513 0.0000000000
138348  47.062  41.771  30.066 0.0000000000
137578  47.863  40.935  30.269 0.0000000000
129962  53.482  31.899  32.685 0.0000000000
129963  53.113  32.300  32.519 0.0000000000
129977  53.384  31.864  31.716 0.0000000000
128414  53.031  30.865  28.757 0.0000000000
129231  53.303  31.111  29.102 0.0000000000
128425  52.670  31.007  27.815 0.0000000000
129248  52.528  31.212  27.498 0.0000000000
128438  52.562  30.960  27.052 0.0000000000
127594  49.560  29.671  29.143 0.0000000000
127601  50.859  30.287  29.048 0.0000000000
127636  50.965  29.678  25.508 0.0000000000
127635  51.463  30.228  25.779 0.0000000000
127649  50.614  29.448  24.555 0.0000000000
127659  50.354  29.479  23.592 0.0000000000
126720  50.544  29.003  24.207 0.0000000000
134994  46.611  38.277  27.668 0.0000000000
134980  46.695  38.532  28.658 0.0000000000
134926  49.541  38.641  30.325 0.0000000000
134927  48.445  38.857  30.289 0.0000000000
135841  49.262  39.427  30.967 0.0000000000
135830  49.100  39.163  31.943 0.0000000000
135820  49.975  39.384  32.656 0.0000000000
134890  53.277  38.858  31.309 0.0000000000
134906  51.909  38.837  30.863 0.0000000000
135818  52.255  39.016  32.367 0.0000000000
135797  51.624  39.143  34.316 0.0000000000
135798  50.604  39.039  34.472 0.0000000000
134861  50.517  38.756  35.359 0.0000000000
134862  49.808  38.229  35.670 0.0000000000
134838  50.377  38.113  36.104 0.0000000000
133096  51.279  36.604  37.017 0.0000000000
133097  50.636  36.846  36.456 0.0000000000
132266  51.277  35.957  36.792 0.0000000000
132271  50.944  35.463  36.318 0.0000000000
132265  52.063  35.728  36.918 0.0000000000
138339  49.186  42.405  33.485 0.0000000000
138338  49.852  42.262  33.596 0.0000000000
138298  49.710  43.535  34.863 0.0000000000
137505  49.670  41.853  35.877 0.0000000000
138279  50.768  43.243  35.170 0.0000000000
137497  50.335  41.631  35.934 0.0000000000
136668  51.072  41.384  35.690 0.0000000000
136649  50.712  41.062  36.069 0.0000000000
134841  47.714  38.333  36.907 0.0000000000
134840  48.393  38.785  36.840 0.0000000000
134821  48.833  38.354  37.601 0.0000000000
133938  50.222  37.539  38.393 0.0000000000
134820  49.766  38.651  37.901 0.0000000000
134808  50.448  38.215  38.224 0.0000000000
134819  50.607  38.832  37.813 0.0000000000
134807  51.342  38.305  38.049 0.0000000000
133936  52.120  37.750  38.182 0.0000000000
133052  51.654  37.053  38.321 0.0000000000
130670  51.631  34.294  37.088 0.0000000000
131448  52.203  35.457  37.641 0.0000000000
130692  52.610  32.917  35.221 0.0000000000
129905  52.575  32.690  35.335 0.0000000000
129139  52.478  31.714  34.539 0.0000000000
129161  51.914  31.226  33.792 0.0000000000
128343  52.319  30.877  33.245 0.0000000000
128344  51.525  30.782  33.020 0.0000000000
129910  48.260  32.689  35.137 0.0000000000
129909  49.396  32.687  35.236 0.0000000000
129187  48.887  31.065  32.458 0.0000000000
129163  49.620  31.379  33.360 0.0000000000
128368  50.654  30.138  32.211 0.0000000000
127549  49.580  29.196  31.974 0.0000000000
142749  45.767  48.569  22.144 0.0000000000
143397  45.482  49.535  22.411 0.0000000000
143396  46.360  49.644  21.907 0.0000000000
142757  47.026  48.453  21.629 0.0000000000
140016  49.130  44.470  20.467 0.0000000000
140751  49.067  45.645  20.347 0.0000000000
140015  49.755  44.558  19.840 0.0000000000
139250  50.620  43.769  18.937 0.0000000000
138486  50.708  42.499  19.257 0.0000000000
137640  46.602  41.750  25.181 0.0000000000
139173  47.411  43.015  24.832 0.0000000000
137651  47.195  42.001  24.146 0.0000000000
137660  47.927  41.858  23.181 0.0000000000
137659  48.713  42.151  22.746 0.0000000000
137672  49.136  41.937  22.073 0.0000000000
138442  49.742  42.075  21.566 0.0000000000
137698  49.111  40.992  20.626 0.0000000000
135113  48.828  38.583  18.633 0.0000000000
135996  49.364  39.832  18.860 0.0000000000
136006  49.423  39.440  18.345 0.0000000000
136865  49.754  40.697  18.250 0.0000000000
135112  49.409  38.285  18.025 0.0000000000
134227  48.687  37.986  17.619 0.0000000000
132413  48.374  35.902  20.839 0.0000000000
132433  47.574  35.973  18.883 0.0000000000
132425  47.715  35.632  19.880 0.0000000000
133277  46.185  36.177  20.362 0.0000000000
132415  46.627  35.787  21.180 0.0000000000
133241  50.988  36.272  23.628 0.0000000000
133243  49.865  36.161  23.126 0.0000000000
132384  50.284  35.889  23.614 0.0000000000
133211  48.651  36.598  24.732 0.0000000000
133227  48.850  35.962  23.912 0.0000000000
133228  47.703  36.646  24.092 0.0000000000
133229  46.480  36.748  23.995 0.0000000000
134135  47.177  37.115  24.627 0.0000000000
134086  47.818  37.634  27.377 0.0000000000
135009  47.269  37.805  26.919 0.0000000000
134993  47.288  37.924  27.540 0.0000000000
134929  46.336  38.902  30.374 0.0000000000
135831  45.807  39.248  30.807 0.0000000000
134910  46.175  39.016  31.348 0.0000000000
134884  46.183  38.114  33.163 0.0000000000
134897  45.361  38.370  32.488 0.0000000000
134886  44.879  37.685  33.199 0.0000000000
134005  44.393  37.248  33.229 0.0000000000
133119  45.299  36.390  33.597 0.0000000000
131483  47.509  35.320  33.913 0.0000000000
132277  47.327  35.844  34.210 0.0000000000
132282  47.159  35.408  33.839 0.0000000000
130745  45.748  33.535  32.207 0.0000000000
131498  46.064  34.480  33.139 0.0000000000
131518  45.265  33.938  32.729 0.0000000000
131499  44.744  34.589  33.252 0.0000000000
130747  43.754  33.287  32.170 0.0000000000
129969  44.509  33.112  31.709 0.0000000000
130018  44.262  32.448  29.465 0.0000000000
130031  42.838  32.168  28.731 0.0000000000
129241  43.483  31.645  28.164 0.0000000000
129996  51.813  31.954  30.493 0.0000000000
129980  50.886  32.289  31.364 0.0000000000
130011  51.323  31.789  29.856 0.0000000000
129235  50.063  31.535  28.059 0.0000000000
129223  49.239  31.506  28.963 0.0000000000
130014  48.468  31.985  29.661 0.0000000000
129224  48.305  31.592  28.934 0.0000000000
128467  48.727  30.217  24.373 0.0000000000
128441  48.560  31.058  26.055 0.0000000000
128455  47.749  30.493  25.418 0.0000000000
135889  42.269  39.687  28.698 0.0000000000
135866  43.111  39.840  29.526 0.0000000000
135845  43.752  39.329  30.600 0.0000000000
135834  44.143  39.002  31.275 0.0000000000
135031  44.633  38.359  25.461 0.0000000000
135013  43.157  39.050  26.368 0.0000000000
135014  42.104  39.073  26.261 0.0000000000
135925  41.811  39.468  26.969 0.0000000000
135908  42.510  39.428  27.880 0.0000000000
126643  47.775  28.100  30.923 0.0000000000
126644  47.133  27.970  30.667 0.0000000000
135861  51.925  39.832  28.939 0.0000000000
136736  52.367  40.001  29.496 0.0000000000
136723  51.875  40.524  30.249 0.0000000000
136713  51.249  40.757  31.103 0.0000000000
137559  51.208  41.703  32.764 0.0000000000
133073  45.454  36.545  37.845 0.0000000000
133072  46.298  36.653  37.977 0.0000000000
133058  45.891  36.152  38.490 0.0000000000
131454  45.951  34.730  37.902 0.0000000000
136759  48.303  40.535  28.101 0.0000000000
136777  47.944  40.431  27.495 0.0000000000
136776  48.817  40.046  27.569 0.0000000000
135904  49.641  39.754  27.247 0.0000000000
135920  50.218  39.497  26.671 0.0000000000
135937  51.038  39.242  25.972 0.0000000000
135919  51.078  39.378  26.855 0.0000000000
135884  51.800  39.761  28.367 0.0000000000
131474  50.280  34.786  35.450 0.0000000000
131475  49.499  35.063  35.246 0.0000000000
131494  50.440  33.797  33.773 0.0000000000
130722  50.116  33.608  33.248 0.0000000000
129966  50.277  32.609  32.195 0.0000000000
133127  41.329  36.186  32.522 0.0000000000
130769  41.312  33.667  31.271 0.0000000000
130749  41.737  33.789  31.911 0.0000000000
130768  42.225  33.472  31.349 0.0000000000
130776  42.681  33.269  30.726 0.0000000000
133324  45.305  36.601  18.743 0.0000000000
134206  44.874  37.126  18.839 0.0000000000
133308  43.819  36.918  19.944 0.0000000000
134208  43.212  36.969  19.612 0.0000000000
134191  42.533  37.038  19.762 0.0000000000
134072  38.204  37.682  28.181 0.0000000000
134073  37.513  37.238  28.540 0.0000000000
134056  36.654  37.331  29.845 0.0000000000
134037  36.547  37.416  30.880 0.0000000000
138344  46.008  42.236  31.049 0.0000000000
137563  46.223  42.363  32.325 0.0000000000
138342  45.845  42.934  32.408 0.0000000000
139078  45.754  43.787  33.071 0.0000000000
140622  44.017  45.280  28.567 0.0000000000
141324  45.763  46.252  28.218 0.0000000000
139915  45.778  44.679  28.675 0.0000000000
139901  46.112  43.657  29.245 0.0000000000
139115  46.467  43.335  29.204 0.0000000000
138350  45.758  42.609  30.584 0.0000000000
128384  53.261  30.412  32.137 0.0000000000
129198  53.564  31.234  31.886 0.0000000000
128395  53.372  30.470  31.154 0.0000000000
128405  52.937  30.621  29.661 0.0000000000
128406  52.371  30.528  29.232 0.0000000000
127604  48.545  29.565  27.718 0.0000000000
127614  49.254  29.674  27.056 0.0000000000
127627  49.128  29.355  26.108 0.0000000000
126704  49.954  28.822  24.777 0.0000000000
134070  48.380  37.744  27.973 0.0000000000
134978  49.074  38.231  28.604 0.0000000000
134956  49.897  38.295  29.501 0.0000000000
135839  50.782  38.913  30.989 0.0000000000
135809  52.538  39.537  32.935 0.0000000000
135796  52.236  39.603  34.066 0.0000000000
134875  52.099  39.203  34.547 0.0000000000
134860  51.699  38.919  35.176 0.0000000000
134837  51.318  38.384  36.140 0.0000000000
133969  51.932  37.625  36.886 0.0000000000
133949  52.157  37.495  37.677 0.0000000000
139829  48.601  44.140  35.633 0.0000000000
139032  49.400  44.068  35.387 0.0000000000
138281  48.832  42.905  35.710 0.0000000000
136670  49.175  41.095  35.958 0.0000000000
133940  48.352  37.222  38.417 0.0000000000
133950  48.426  37.672  37.960 0.0000000000
133055  48.946  36.641  38.628 0.0000000000
133054  49.994  36.794  38.395 0.0000000000
132215  50.874  36.241  38.308 0.0000000000
132214  51.562  36.485  38.318 0.0000000000
132243  50.815  35.567  37.800 0.0000000000
129896  52.029  33.331  36.219 0.0000000000
129907  51.455  32.833  35.869 0.0000000000
129923  50.976  32.284  35.005 0.0000000000
129945  47.787  32.042  33.792 0.0000000000
142070  45.053  47.429  23.236 0.0000000000
142083  45.676  47.424  22.426 0.0000000000
142095  46.380  47.423  21.766 0.0000000000
142094  47.424  47.478  21.471 0.0000000000
141441  46.919  46.543  21.696 0.0000000000
140736  48.195  45.252  20.962 0.0000000000
139233  49.296  43.624  20.598 0.0000000000
142705  50.339  48.371  27.571 0.0000000000
142716  49.940  48.043  27.217 0.0000000000
142042  50.757  47.106  26.676 0.0000000000
141372  50.947  46.115  25.849 0.0000000000
135958  47.315  39.610  23.685 0.0000000000
136812  47.185  40.691  23.468 0.0000000000
135968  47.287  39.774  22.628 0.0000000000
135977  47.368  39.841  21.480 0.0000000000
135988  47.821  40.040  20.565 0.0000000000
136847  48.240  40.427  20.642 0.0000000000
135088  47.916  38.900  20.110 0.0000000000
135101  48.106  38.539  19.691 0.0000000000
134202  48.208  37.407  19.205 0.0000000000
133303  48.160  36.657  18.755 0.0000000000
133288  48.609  36.372  19.915 0.0000000000
133197  51.763  36.540  25.469 0.0000000000
133209  50.967  36.306  25.016 0.0000000000
134114  50.447  36.634  25.552 0.0000000000
134115  49.340  36.804  25.537 0.0000000000
134116  48.103  37.165  25.295 0.0000000000
134085  48.678  37.536  27.258 0.0000000000
134895  47.090  39.101  32.416 0.0000000000
134002  46.675  37.889  33.645 0.0000000000
134003  46.303  37.407  33.705 0.0000000000
130725  47.116  33.950  33.073 0.0000000000
130744  46.560  33.588  32.502 0.0000000000
130765  45.520  33.159  31.667 0.0000000000
129986  45.015  32.895  31.358 0.0000000000
130029  45.002  31.918  28.559 0.0000000000
129233  52.205  31.686  28.142 0.0000000000
129221  51.319  31.579  29.018 0.0000000000
129234  51.186  31.508  28.046 0.0000000000
134935  39.675  38.613  30.593 0.0000000000
134916  40.539  38.337  31.300 0.0000000000
134915  41.444  38.457  31.380 0.0000000000
134017  41.888  38.079  31.827 0.0000000000
134012  42.304  37.548  32.350 0.0000000000
133125  42.865  36.886  32.686 0.0000000000
133121  43.322  36.351  33.167 0.0000000000
133248  44.318  36.640  23.043 0.0000000000
133267  43.370  36.369  22.175 0.0000000000
134156  42.909  37.232  23.444 0.0000000000
135052  43.555  38.248  24.684 0.0000000000
135927  40.468  39.002  27.041 0.0000000000
134997  40.129  38.745  27.065 0.0000000000
134982  39.482  38.908  28.373 0.0000000000
134962  39.800  38.977  29.522 0.0000000000
139916  43.791  44.739  29.201 0.0000000000
126623  50.813  28.839  31.095 0.0000000000
126640  51.103  29.078  30.568 0.0000000000
126656  49.717  29.392  29.729 0.0000000000
126671  49.016  29.528  28.967 0.0000000000
126658  47.989  28.833  29.854 0.0000000000
126672  48.378  29.312  28.718 0.0000000000
126692  47.439  29.142  26.587 0.0000000000
134067  51.840  37.733  27.909 0.0000000000
134053  51.787  37.907  28.957 0.0000000000
134033  52.577  37.910  29.484 0.0000000000
134904  53.313  38.762  30.595 0.0000000000
135816  53.463  39.115  31.488 0.0000000000
136722  52.823  40.427  30.397 0.0000000000
136711  53.083  40.230  31.440 0.0000000000
136706  52.801  40.140  32.381 0.0000000000
136704  52.571  40.352  33.272 0.0000000000
136666  52.009  40.628  35.125 0.0000000000
135778  46.688  39.552  35.504 0.0000000000
135777  47.496  39.996  35.614 0.0000000000
133972  46.987  37.724  36.972 0.0000000000
133951  47.655  37.400  37.734 0.0000000000
133071  47.056  36.800  38.073 0.0000000000
133056  47.828  36.581  38.491 0.0000000000
132268  48.862  34.988  37.185 0.0000000000
130682  48.710  33.794  36.222 0.0000000000
129926  47.514  32.387  34.359 0.0000000000
129946  46.924  31.930  33.788 0.0000000000
129190  46.338  30.952  32.977 0.0000000000
140685  46.578  44.826  24.453 0.0000000000
139944  48.009  44.346  26.616 0.0000000000
139149  48.240  44.278  25.816 0.0000000000
139151  46.740  43.242  26.687 0.0000000000
138387  46.350  42.509  25.976 0.0000000000
136795  46.655  40.895  25.299 0.0000000000
136785  47.547  40.288  26.518 0.0000000000
136794  47.206  40.215  25.441 0.0000000000
135950  47.664  39.482  24.654 0.0000000000
135063  47.822  38.676  23.868 0.0000000000
134151  48.620  37.920  23.511 0.0000000000
134150  49.786  37.372  23.370 0.0000000000
134149  50.655  36.787  23.581 0.0000000000
133223  51.887  36.760  24.588 0.0000000000
135026  51.958  38.298  25.504 0.0000000000
135025  52.363  37.710  25.684 0.0000000000
133196  52.167  36.757  25.377 0.0000000000
134097  52.142  37.067  26.018 0.0000000000
134082  52.065  37.369  26.891 0.0000000000
133996  48.866  37.950  34.818 0.0000000000
133997  48.264  37.443  34.775 0.0000000000
133112  48.452  36.543  35.158 0.0000000000
131482  48.121  35.187  34.128 0.0000000000
131481  49.288  34.777  34.662 0.0000000000
131496  48.638  34.468  33.709 0.0000000000
130724  48.084  33.893  33.124 0.0000000000
130743  47.626  33.476  32.458 0.0000000000
130000  47.682  32.345  30.391 0.0000000000
128453  50.231  30.629  25.154 0.0000000000
128466  49.771  30.406  24.386 0.0000000000
130772  38.734  33.447  32.230 0.0000000000
134020  39.508  37.381  31.892 0.0000000000
133129  39.354  36.420  32.137 0.0000000000
133128  40.392  36.141  32.293 0.0000000000
131523  40.122  34.249  31.920 0.0000000000
130751  39.872  33.802  31.839 0.0000000000
129989  39.576  32.414  31.041 0.0000000000
130778  41.093  33.164  30.801 0.0000000000
130022  40.193  32.063  29.733 0.0000000000
129226  40.585  31.698  29.103 0.0000000000
135105  44.870  37.819  19.502 0.0000000000
135092  45.055  38.560  20.103 0.0000000000
133281  42.370  36.241  21.296 0.0000000000
133294  41.776  36.587  20.810 0.0000000000
136715  49.362  40.637  30.836 0.0000000000
137570  49.066  41.103  31.503 0.0000000000
137554  48.029  42.506  33.376 0.0000000000
138340  47.151  42.830  33.081 0.0000000000
138325  47.441  43.291  33.497 0.0000000000
139845  47.880  44.197  34.729 0.0000000000
139023  47.216  43.538  35.373 0.0000000000
138283  46.708  42.683  35.348 0.0000000000
136692  46.300  40.479  34.981 0.0000000000
135779  45.711  39.279  35.255 0.0000000000
134864  45.453  38.407  35.758 0.0000000000
133974  45.389  37.535  36.508 0.0000000000
143348  49.577  49.793  28.186 0.0000000000
143982  50.495  50.081  29.952 0.0000000000
143997  50.368  49.953  29.275 0.0000000000
143361  50.499  48.878  27.919 0.0000000000
141319  50.465  47.052  27.782 0.0000000000
140638  49.442  45.651  27.556 0.0000000000
142025  46.251  47.103  28.445 0.0000000000
140618  48.785  45.690  27.902 0.0000000000
139930  48.234  44.564  27.377 0.0000000000
139139  47.490  43.864  27.216 0.0000000000
139140  46.989  43.157  27.776 0.0000000000
138371  46.898  42.200  28.285 0.0000000000
138370  47.299  41.623  28.432 0.0000000000
137589  48.068  41.086  29.131 0.0000000000
136740  48.450  40.764  29.491 0.0000000000
129943  52.731  32.731  33.268 0.0000000000
129944  51.972  32.829  33.174 0.0000000000
129964  52.354  32.451  32.446 0.0000000000
129978  52.908  32.240  31.613 0.0000000000
129210  52.674  31.840  30.010 0.0000000000
129208  53.511  31.357  30.800 0.0000000000
129219  53.051  31.452  29.444 0.0000000000
127592  51.040  30.160  29.818 0.0000000000
128407  51.620  30.451  29.047 0.0000000000
128416  51.334  30.553  28.111 0.0000000000
127613  50.272  30.074  27.256 0.0000000000
128428  50.795  30.296  27.202 0.0000000000
128426  52.196  30.746  27.362 0.0000000000
128439  51.852  30.737  26.416 0.0000000000
128451  51.455  30.450  25.573 0.0000000000
128452  51.088  30.507  25.183 0.0000000000
128465  50.584  30.063  24.476 0.0000000000
135885  45.512  39.132  28.589 0.0000000000
135863  45.519  38.998  29.361 0.0000000000
134981  46.024  38.842  28.945 0.0000000000
134959  46.651  38.676  29.578 0.0000000000
134928  47.389  38.894  30.362 0.0000000000
134894  48.125  38.928  32.161 0.0000000000
135813  48.936  39.104  33.843 0.0000000000
134907  51.243  38.945  31.151 0.0000000000
135828  50.798  39.256  31.406 0.0000000000
135819  51.132  39.358  32.259 0.0000000000
135812  49.816  39.242  33.634 0.0000000000
135799  49.629  38.970  34.352 0.0000000000
135800  49.078  38.797  34.346 0.0000000000
133987  49.281  37.519  35.546 0.0000000000
133109  50.069  36.517  35.976 0.0000000000
131479  51.737  33.678  34.988 0.0000000000
137553  50.194  42.229  33.666 0.0000000000
137552  50.804  42.255  33.775 0.0000000000
138297  50.908  43.164  34.574 0.0000000000
137527  51.332  42.311  34.396 0.0000000000
136667  51.436  41.523  35.247 0.0000000000
136648  51.378  40.737  35.798 0.0000000000
135757  47.878  39.426  36.283 0.0000000000
136652  48.512  39.902  36.366 0.0000000000
136651  49.086  40.280  36.393 0.0000000000
135743  49.371  38.851  37.451 0.0000000000
135755  49.907  39.835  36.782 0.0000000000
135754  50.749  40.174  36.685 0.0000000000
135740  51.579  39.658  37.111 0.0000000000
135739  51.993  39.742  36.810 0.0000000000
134805  52.221  38.388  37.681 0.0000000000
132242  51.859  35.786  38.132 0.0000000000
132241  52.342  35.885  37.942 0.0000000000
131462  52.237  35.465  37.303 0.0000000000
132270  51.832  35.066  36.607 0.0000000000
130706  52.430  33.368  34.839 0.0000000000
130719  53.097  33.090  33.994 0.0000000000
130718  53.358  32.564  34.051 0.0000000000
129941  53.541  32.018  33.688 0.0000000000
129138  53.167  31.630  34.425 0.0000000000
128341  53.147  31.231  33.362 0.0000000000
128366  52.738  30.626  32.731 0.0000000000
128385  52.395  30.177  32.000 0.0000000000
128386  51.441  30.005  31.847 0.0000000000
130695  50.125  33.217  35.781 0.0000000000
129141  50.359  31.825  34.138 0.0000000000
129142  49.391  31.827  34.056 0.0000000000
129162  50.786  31.158  33.353 0.0000000000
128387  50.997  29.838  31.875 0.0000000000
127569  50.881  29.433  31.653 0.0000000000
126608  50.082  29.002  31.431 0.0000000000
125711  48.935  27.991  31.676 0.0000000000
126626  48.131  27.717  31.506 0.0000000000
142110  49.226  47.419  20.399 0.0000000000
141439  48.660  46.479  20.618 0.0000000000
141458  49.611  46.466  20.187 0.0000000000
140024  50.663  44.823  18.887 0.0000000000
138500  50.281  42.834  18.267 0.0000000000
137719  49.570  41.692  18.024 0.0000000000
139977  47.066  44.253  23.645 0.0000000000
139955  48.991  44.485  25.534 0.0000000000
139159  49.506  44.063  25.156 0.0000000000
137661  47.372  41.800  23.663 0.0000000000
139185  48.193  43.734  23.264 0.0000000000
139989  47.514  43.984  22.865 0.0000000000
139213  48.291  43.376  22.012 0.0000000000
138455  49.550  42.507  21.095 0.0000000000
138469  50.561  42.170  20.195 0.0000000000
136845  49.942  40.988  20.030 0.0000000000
136854  50.313  41.073  19.775 0.0000000000
137707  50.579  41.606  19.594 0.0000000000
136864  50.348  41.011  19.129 0.0000000000
136029  49.355  40.124  16.676 0.0000000000
135121  48.754  39.100  17.117 0.0000000000
133333  47.009  36.595  17.747 0.0000000000
133304  47.844  36.263  18.638 0.0000000000
132444  47.243  36.075  18.398 0.0000000000
133323  46.059  36.350  18.455 0.0000000000
133289  46.175  36.018  19.672 0.0000000000
133278  45.642  36.480  20.806 0.0000000000
132417  45.253  35.851  21.983 0.0000000000
133261  49.433  36.243  22.454 0.0000000000
132401  49.014  35.804  21.836 0.0000000000
132402  48.531  35.558  21.855 0.0000000000
133226  50.079  35.811  24.217 0.0000000000
132395  48.521  35.602  22.831 0.0000000000
132403  47.603  35.499  22.027 0.0000000000
133263  47.313  35.744  22.514 0.0000000000
133264  46.704  36.037  22.642 0.0000000000
133265  45.868  36.337  22.619 0.0000000000
133247  45.612  36.725  23.297 0.0000000000
134118  45.887  37.832  25.615 0.0000000000
134117  46.936  37.403  25.484 0.0000000000
135030  45.379  38.190  25.735 0.0000000000
135011  45.662  38.224  26.590 0.0000000000
135843  45.534  39.050  30.238 0.0000000000
135833  44.663  39.182  31.154 0.0000000000
134912  44.600  38.648  31.753 0.0000000000
134010  43.920  37.663  32.679 0.0000000000
134006  43.848  36.825  33.174 0.0000000000
132285  44.066  35.450  33.334 0.0000000000
133114  46.801  36.766  34.171 0.0000000000
133118  46.140  36.582  33.778 0.0000000000
131500  43.751  34.760  33.057 0.0000000000
130767  43.166  33.352  31.298 0.0000000000
130004  43.512  32.928  30.361 0.0000000000
129965  51.264  32.568  32.497 0.0000000000
129981  50.031  32.255  31.513 0.0000000000
130012  50.496  31.773  29.839 0.0000000000
129998  49.809  31.862  30.785 0.0000000000
129999  48.697  32.156  30.578 0.0000000000
129276  49.824  31.067  25.861 0.0000000000
129265  49.308  31.370  26.571 0.0000000000
129252  48.555  31.475  27.382 0.0000000000
129266  48.277  31.289  26.629 0.0000000000
129253  47.457  31.600  27.424 0.0000000000
129237  47.722  31.692  28.299 0.0000000000
130027  46.883  32.247  28.664 0.0000000000
126661  44.922  28.243  29.761 0.0000000000
126675  44.996  28.443  28.794 0.0000000000
126684  44.782  28.244  27.985 0.0000000000
126683  45.488  28.447  27.573 0.0000000000
125712  48.497  27.681  31.780 0.0000000000
125729  46.621  27.729  30.726 0.0000000000
125742  46.066  27.853  30.241 0.0000000000
126622  51.462  29.206  30.807 0.0000000000
126639  51.469  29.366  30.620 0.0000000000
126645  45.306  28.116  30.060 0.0000000000
126705  49.308  28.924  24.786 0.0000000000
126739  50.470  28.953  23.774 0.0000000000
127567  52.904  29.905  31.688 0.0000000000
127582  53.214  30.004  31.610 0.0000000000
127585  51.460  29.717  30.311 0.0000000000
127586  50.797  29.483  30.209 0.0000000000
127612  50.862  30.258  26.945 0.0000000000
127624  51.545  30.392  26.169 0.0000000000
127625  51.057  30.152  26.378 0.0000000000
127637  50.001  29.168  25.136 0.0000000000
127639  48.237  29.007  25.494 0.0000000000
127648  51.550  29.853  25.143 0.0000000000
128342  52.942  31.083  33.350 0.0000000000
128365  53.188  31.008  33.047 0.0000000000
128396  52.844  30.251  30.465 0.0000000000
128398  51.727  30.253  29.740 0.0000000000
128413  53.372  30.912  29.415 0.0000000000
128417  50.760  30.376  27.605 0.0000000000
128427  51.341  30.469  27.012 0.0000000000
129137  53.335  31.687  34.210 0.0000000000
129159  53.249  31.493  33.722 0.0000000000
129166  46.169  31.365  33.416 0.0000000000
129199  50.761  32.350  31.310 0.0000000000
129200  50.567  32.185  31.318 0.0000000000
129209  53.213  31.708  30.251 0.0000000000
129212  50.396  31.953  31.143 0.0000000000
129218  53.435  31.213  29.790 0.0000000000
129225  41.051  31.890  28.879 0.0000000000
129274  51.343  30.819  25.606 0.0000000000
129277  48.984  31.207  26.058 0.0000000000
129895  52.355  33.415  36.152 0.0000000000
129906  52.378  33.041  35.718 0.0000000000
129920  53.440  31.861  34.353 0.0000000000
129947  46.466  31.831  33.801 0.0000000000
129968  44.813  33.182  31.657 0.0000000000
129995  52.746  32.125  30.752 0.0000000000
129997  50.779  31.914  30.669 0.0000000000
130680  51.052  33.574  36.607 0.0000000000
130704  53.382  32.296  34.403 0.0000000000
130705  53.005  32.741  34.588 0.0000000000
130766  45.148  33.204  31.636 0.0000000000
131468  46.213  34.429  37.196 0.0000000000
131501  43.239  34.902  32.909 0.0000000000
132244  49.585  35.321  37.666 0.0000000000
132264  52.259  35.814  37.570 0.0000000000
132278  46.641  36.187  34.030 0.0000000000
132297  42.944  35.017  32.857 0.0000000000
132383  50.977  35.965  23.648 0.0000000000
132385  49.365  35.771  23.454 0.0000000000
132386  48.823  35.704  23.382 0.0000000000
132392  50.750  36.102  23.471 0.0000000000
132393  50.368  36.041  23.391 0.0000000000
132396  47.812  35.630  22.646 0.0000000000
132405  45.916  35.913  22.255 0.0000000000
132406  45.428  36.063  22.285 0.0000000000
132412  48.747  35.892  21.473 0.0000000000
132416  45.807  36.068  21.642 0.0000000000
132426  46.902  35.934  20.222 0.0000000000
132432  47.916  36.270  18.983 0.0000000000
132435  46.156  35.794  19.009 0.0000000000
132445  46.775  35.940  18.600 0.0000000000
132446  46.249  35.907  18.803 0.0000000000
133069  52.328  36.127  38.113 0.0000000000
133094  52.302  36.125  37.871 0.0000000000
133122  42.794  36.006  33.222 0.0000000000
133198  51.378  36.579  25.476 0.0000000000
133207  52.092  36.648  24.813 0.0000000000
133224  51.457  36.427  24.299 0.0000000000
133225  51.014  35.961  24.259 0.0000000000
133230  45.908  36.835  23.943 0.0000000000
133242  50.319  36.254  23.327 0.0000000000
133244  48.521  35.762  23.320 0.0000000000
133249  43.144  36.683  22.918 0.0000000000
133260  49.918  36.339  23.154 0.0000000000
133276  48.607  36.258  21.305 0.0000000000
133290  45.474  36.320  19.877 0.0000000000
133305  46.153  35.869  19.237 0.0000000000
133306  45.734  36.125  19.092 0.0000000000
133307  44.765  36.688  19.384 0.0000000000
133309  43.070  36.747  19.837 0.0000000000
133321  47.673  36.321  18.086 0.0000000000
133322  46.869  36.196  18.129 0.0000000000
133332  47.658  37.012  17.531 0.0000000000
133334  46.459  36.560  18.011 0.0000000000
133935  52.251  38.183  37.987 0.0000000000
133937  51.166  37.625  38.351 0.0000000000
133948  52.301  38.170  37.758 0.0000000000
133999  46.714  37.230  34.064 0.0000000000
134018  41.344  37.855  31.810 0.0000000000
134034  52.141  37.886  29.548 0.0000000000
134054  51.124  37.800  28.880 0.0000000000
134071  47.758  37.769  27.871 0.0000000000
134096  52.370  37.373  25.855 0.0000000000
134102  46.770  37.712  26.319 0.0000000000
134111  52.239  37.275  25.145 0.0000000000
134112  51.961  37.640  24.993 0.0000000000
134113  51.079  36.619  25.496 0.0000000000
134129  52.108  36.925  24.708 0.0000000000
134130  51.584  37.171  24.479 0.0000000000
134133  48.850  38.045  24.203 0.0000000000
134134  47.783  37.055  24.628 0.0000000000
134148  51.222  36.618  23.959 0.0000000000
134152  47.911  38.345  23.263 0.0000000000
134153  45.684  37.034  23.816 0.0000000000
134166  49.844  36.693  23.069 0.0000000000
134189  47.876  37.622  20.671 0.0000000000
134192  41.911  37.041  20.381 0.0000000000
134204  46.168  38.036  19.092 0.0000000000
134217  49.304  37.863  18.122 0.0000000000
134222  45.456  36.751  18.442 0.0000000000
134226  49.330  38.020  17.899 0.0000000000
134230  46.556  36.812  17.838 0.0000000000
134806  52.040  38.414  37.851 0.0000000000
134809  49.646  38.120  38.243 0.0000000000
134839  49.801  37.886  36.015 0.0000000000
134876  52.039  39.008  34.733 0.0000000000
134878  49.424  38.486  34.908 0.0000000000
134885  45.400  37.893  33.179 0.0000000000
134891  52.620  38.769  31.589 0.0000000000
134893  51.276  39.193  31.605 0.0000000000
134905  52.759  38.612  30.738 0.0000000000
134922  53.378  38.657  30.037 0.0000000000
134923  53.051  38.171  30.104 0.0000000000
134930  45.829  38.838  29.905 0.0000000000
134937  38.056  38.182  30.641 0.0000000000
134952  53.322  38.767  29.815 0.0000000000
134954  51.822  37.934  29.519 0.0000000000
134955  51.088  38.074  29.365 0.0000000000
134992  52.302  38.830  27.213 0.0000000000
134998  39.608  38.688  27.459 0.0000000000
135007  52.552  37.995  26.238 0.0000000000
135010  46.664  38.054  26.887 0.0000000000
135028  49.608  38.716  25.331 0.0000000000
135047  51.194  38.032  24.768 0.0000000000
135050  48.307  38.878  24.455 0.0000000000
135051  44.187  38.012  24.729 0.0000000000
135062  48.498  38.379  24.161 0.0000000000
135094  42.773  37.730  20.314 0.0000000000
135104  45.682  38.165  19.525 0.0000000000
135106  44.428  37.522  19.622 0.0000000000
135120  49.231  38.889  17.585 0.0000000000
135128  49.093  39.796  16.605 0.0000000000
135741  50.736  39.488  37.314 0.0000000000
135775  51.292  39.081  34.761 0.0000000000
135801  46.359  39.961  35.082 0.0000000000
135802  46.009  39.909  34.916 0.0000000000
135826  53.623  39.146  31.041 0.0000000000
135827  53.414  39.464  31.415 0.0000000000
135832  45.393  39.297  30.975 0.0000000000
135838  53.320  39.532  30.127 0.0000000000
135840  50.223  39.104  30.942 0.0000000000
135842  46.010  39.133  30.662 0.0000000000
135847  41.914  39.225  30.271 0.0000000000
135859  53.463  38.914  29.969 0.0000000000
135865  43.970  39.543  29.614 0.0000000000
135869  40.368  39.336  29.475 0.0000000000
135882  52.664  38.983  28.998 0.0000000000
135883  52.366  39.519  28.760 0.0000000000
135902  51.278  39.637  27.700 0.0000000000
135905  45.195  39.337  28.097 0.0000000000
135923  43.700  39.377  27.152 0.0000000000
135926  40.928  39.278  26.983 0.0000000000
135936  51.655  38.935  26.391 0.0000000000
135939  48.957  39.358  25.693 0.0000000000
135940  47.974  39.666  25.619 0.0000000000
135992  44.054  38.935  20.694 0.0000000000
135997  48.935  39.584  19.188 0.0000000000
136007  49.096  39.186  18.665 0.0000000000
136017  49.590  39.896  17.316 0.0000000000
136030  49.082  40.260  16.527 0.0000000000
136647  51.714  40.656  35.527 0.0000000000
136669  49.582  41.307  36.097 0.0000000000
136710  53.488  39.669  31.052 0.0000000000
136720  53.534  39.464  30.758 0.0000000000
136721  53.353  39.840  30.560 0.0000000000
136726  48.743  40.630  29.944 0.0000000000
136735  53.036  39.844  29.901 0.0000000000
136737  51.389  40.070  29.380 0.0000000000
136742  43.569  39.773  29.292 0.0000000000
136754  52.664  39.557  29.360 0.0000000000
136755  52.416  39.678  29.207 0.0000000000
136758  48.959  40.440  28.430 0.0000000000
136760  43.600  39.829  29.010 0.0000000000
136761  43.378  39.957  29.140 0.0000000000
136774  50.451  40.011  27.997 0.0000000000
136803  46.761  41.158  24.352 0.0000000000
136813  47.206  41.505  23.740 0.0000000000
136832  48.624  40.816  20.817 0.0000000000
136833  48.165  40.679  21.137 0.0000000000
136844  50.285  41.189  20.047 0.0000000000
136846  48.871  40.491  20.279 0.0000000000
136856  49.184  40.145  19.558 0.0000000000
136875  49.422  40.726  17.099 0.0000000000
137498  50.156  41.402  36.135 0.0000000000
137504  50.713  42.185  35.610 0.0000000000
137528  50.997  42.737  34.218 0.0000000000
137560  49.940  41.902  32.908 0.0000000000
137564  45.842  42.418  32.100 0.0000000000
137566  52.674  40.593  32.031 0.0000000000
137572  46.399  41.909  31.592 0.0000000000
137573  45.913  42.156  31.949 0.0000000000
137600  48.293  40.786  28.604 0.0000000000
137601  47.729  41.098  28.283 0.0000000000
137602  47.258  41.537  27.921 0.0000000000
137650  47.581  42.194  23.753 0.0000000000
137671  49.595  41.868  21.631 0.0000000000
137673  48.282  41.306  21.827 0.0000000000
137684  49.881  41.768  21.128 0.0000000000
137685  48.871  41.216  21.057 0.0000000000
137696  50.269  41.507  20.310 0.0000000000
137697  49.541  41.199  20.562 0.0000000000
138278  51.191  43.192  34.957 0.0000000000
138296  51.268  42.992  34.801 0.0000000000
138322  50.768  42.761  34.219 0.0000000000
138324  48.718  43.263  34.191 0.0000000000
138326  46.839  43.622  33.440 0.0000000000
138359  46.012  42.506  30.014 0.0000000000
138401  46.810  42.548  25.020 0.0000000000
138417  47.284  42.534  24.516 0.0000000000
138443  49.092  42.410  21.876 0.0000000000
138453  50.293  41.889  20.677 0.0000000000
138454  50.128  42.141  20.907 0.0000000000
138470  50.086  42.705  20.423 0.0000000000
138471  49.452  43.080  20.609 0.0000000000
139020  49.357  43.927  35.677 0.0000000000
139021  49.023  43.782  35.788 0.0000000000
139022  48.229  43.634  35.651 0.0000000000
139024  46.151  43.480  35.336 0.0000000000
139033  49.106  44.267  34.973 0.0000000000
139052  48.531  44.094  34.627 0.0000000000
139053  47.766  43.827  34.259 0.0000000000
139077  46.417  43.865  33.463 0.0000000000
139150  47.458  43.814  26.227 0.0000000000
139160  48.685  43.873  25.164 0.0000000000
139161  47.810  43.600  25.368 0.0000000000
139172  48.292  43.276  24.657 0.0000000000
139196  48.228  43.556  22.697 0.0000000000
139212  48.686  43.264  21.207 0.0000000000
139231  50.571  43.096  19.768 0.0000000000
139251  50.365  43.764  19.509 0.0000000000
139828  49.115  44.125  35.662 0.0000000000
139830  47.827  44.113  35.473 0.0000000000
139831  47.183  43.968  35.193 0.0000000000
139836  48.957  44.303  35.401 0.0000000000
139837  48.361  44.338  35.155 0.0000000000
139838  47.525  44.195  35.033 0.0000000000
139839  46.734  44.081  34.834 0.0000000000
139902  45.582  44.052  29.208 0.0000000000
139912  48.693  45.242  27.782 0.0000000000
139917  43.390  45.137  29.089 0.0000000000
139929  49.148  45.223  27.344 0.0000000000
139941  50.507  45.236  26.144 0.0000000000
139943  48.921  44.728  26.412 0.0000000000
139954  49.747  44.633  25.721 0.0000000000
140006  47.844  44.156  21.816 0.0000000000
140025  50.309  44.624  19.426 0.0000000000
140617  49.696  46.137  27.652 0.0000000000
140621  45.222  45.371  28.395 0.0000000000
140637  50.031  45.645  27.197 0.0000000000
140652  50.468  45.618  26.727 0.0000000000
140700  46.321  44.761  23.510 0.0000000000
140721  45.789  46.026  22.985 0.0000000000
140738  46.698  46.017  22.096 0.0000000000
140749  50.255  45.956  19.517 0.0000000000
140762  50.268  45.229  19.437 0.0000000000
141320  50.230  46.862  27.862 0.0000000000
141338  50.336  46.312  27.421 0.0000000000
141353  50.806  46.579  26.640 0.0000000000
141354  50.522  46.655  26.293 0.0000000000
141424  45.928  46.494  22.595 0.0000000000
141457  50.075  46.374  19.698 0.0000000000
142026  45.242  47.048  28.474 0.0000000000
142031  50.655  47.535  27.298 0.0000000000
142032  50.274  47.896  27.272 0.0000000000
142043  50.091  47.443  26.759 0.0000000000
142082  46.054  46.953  22.212 0.0000000000
142096  45.901  47.905  21.862 0.0000000000
142108  50.089  46.657  19.526 0.0000000000
142672  50.402  49.502  30.039 0.0000000000
142673  50.242  49.358  30.090 0.0000000000
142704  50.612  48.435  28.060 0.0000000000
142717  49.193  47.989  26.972 0.0000000000
142748  46.469  48.839  21.841 0.0000000000
142756  48.053  48.484  21.362 0.0000000000
143334  50.432  49.523  29.485 0.0000000000
143347  50.422  49.376  28.515 0.0000000000
143362  50.069  49.157  27.729 0.0000000000
143968  50.185  50.452  30.294 0.0000000000
143983  49.948  50.481  29.686 0.0000000000
143984  49.309  50.830  29.289 0.0000000000
144063  48.789  50.347  20.554 0.0000000000
144623  49.754  50.973  30.451 0.0000000000
144639  49.111  51.550  29.754 0.0000000000
