#!ascii label  , from subject 3166 vox2ras=TkReg
1023
60115  27.856  -29.577  66.618 0.0000000000
85270  45.434  -9.233  53.071 0.0000000000
90256  51.603  -4.864  50.331 0.0000000000
73841  46.509  -17.474  60.011 0.0000000000
57733  33.859  -31.157  60.936 0.0000000000
52525  31.742  -33.610  64.512 0.0000000000
87752  50.261  -7.154  51.940 0.0000000000
85223  49.849  -9.178  56.054 0.0000000000
71221  42.944  -19.970  61.896 0.0000000000
60163  37.456  -28.342  63.085 0.0000000000
95269  58.397  -0.089  44.254 0.0000000000
96417  51.511  0.429  49.221 0.0000000000
75229  44.417  -16.615  56.432 0.0000000000
82679  46.195  -11.388  57.935 0.0000000000
58955  30.592  -30.802  63.702 0.0000000000
56387  29.879  -31.339  65.706 0.0000000000
86518  47.881  -8.793  52.310 0.0000000000
86470  50.374  -7.480  54.033 0.0000000000
87689  47.672  -7.771  54.982 0.0000000000
63772  42.669  -24.614  60.764 0.0000000000
53785  34.892  -32.974  62.753 0.0000000000
57711  36.130  -30.640  61.663 0.0000000000
55124  36.992  -32.045  62.430 0.0000000000
96478  56.138  0.362  44.686 0.0000000000
92858  57.289  -2.071  45.098 0.0000000000
96446  55.716  0.268  46.589 0.0000000000
90278  50.320  -4.521  49.715 0.0000000000
92806  49.421  -2.425  48.262 0.0000000000
92763  51.061  -2.466  50.382 0.0000000000
94020  52.110  -1.508  48.738 0.0000000000
91568  50.784  -3.902  48.537 0.0000000000
73807  44.939  -18.325  62.120 0.0000000000
73881  43.312  -18.164  59.299 0.0000000000
76423  44.992  -15.621  59.788 0.0000000000
78877  45.556  -13.404  56.929 0.0000000000
78826  46.604  -14.190  59.279 0.0000000000
80117  47.477  -13.049  58.039 0.0000000000
75194  47.258  -16.334  58.583 0.0000000000
55102  33.297  -32.732  63.370 0.0000000000
87791  49.825  -6.514  49.128 0.0000000000
89028  51.672  -5.476  50.985 0.0000000000
87713  52.375  -6.675  52.897 0.0000000000
84021  51.787  -9.336  53.916 0.0000000000
66041  39.462  -24.418  62.938 0.0000000000
67251  42.163  -22.838  62.784 0.0000000000
68625  44.187  -21.676  61.575 0.0000000000
69928  45.551  -19.832  59.796 0.0000000000
71285  46.435  -18.994  58.119 0.0000000000
64892  37.704  -25.332  61.543 0.0000000000
61374  39.345  -27.166  63.408 0.0000000000
92907  58.142  -2.064  41.270 0.0000000000
96449  52.861  0.347  46.851 0.0000000000
95220  54.559  -0.064  48.222 0.0000000000
92846  52.374  -2.400  45.395 0.0000000000
86416  45.505  -8.941  55.480 0.0000000000
85195  47.901  -10.092  56.822 0.0000000000
81443  49.353  -12.232  56.304 0.0000000000
55029  27.929  -31.042  66.242 0.0000000000
58898  28.955  -30.120  66.304 0.0000000000
55042  29.312  -31.788  66.074 0.0000000000
85289  47.048  -9.172  52.514 0.0000000000
86473  47.857  -8.334  54.233 0.0000000000
86474  46.713  -8.697  53.925 0.0000000000
53783  36.683  -32.981  62.751 0.0000000000
96479  55.211  0.421  44.824 0.0000000000
96459  55.914  0.425  45.527 0.0000000000
96460  55.001  0.493  45.799 0.0000000000
90257  50.774  -4.601  50.193 0.0000000000
91536  50.704  -3.288  50.051 0.0000000000
91534  51.376  -3.662  50.122 0.0000000000
91552  51.351  -3.496  49.740 0.0000000000
73823  45.710  -17.787  61.293 0.0000000000
75148  45.131  -17.727  61.091 0.0000000000
75167  45.484  -16.752  60.712 0.0000000000
77595  45.387  -14.969  59.874 0.0000000000
76408  46.609  -15.717  60.193 0.0000000000
77591  47.229  -14.823  59.557 0.0000000000
75180  47.207  -16.719  59.388 0.0000000000
57681  31.617  -31.537  63.410 0.0000000000
55058  32.225  -32.869  64.475 0.0000000000
52540  33.229  -33.724  63.729 0.0000000000
86535  49.033  -8.346  51.014 0.0000000000
86555  48.483  -8.005  48.721 0.0000000000
86534  49.953  -7.477  50.572 0.0000000000
87779  50.526  -6.421  50.169 0.0000000000
87751  50.826  -6.770  51.481 0.0000000000
88977  51.945  -5.757  52.454 0.0000000000
87733  51.446  -6.462  52.653 0.0000000000
86448  50.362  -7.918  55.032 0.0000000000
87687  51.511  -7.747  55.071 0.0000000000
84007  51.424  -9.338  54.716 0.0000000000
82786  51.441  -10.338  54.173 0.0000000000
82769  51.194  -10.459  55.148 0.0000000000
64847  40.852  -25.055  63.411 0.0000000000
67254  40.684  -23.758  63.043 0.0000000000
64866  41.737  -24.492  62.665 0.0000000000
66069  43.917  -23.299  61.187 0.0000000000
69911  44.971  -20.740  60.478 0.0000000000
58970  36.837  -29.211  62.353 0.0000000000
61431  36.994  -27.860  61.886 0.0000000000
62589  37.595  -26.604  62.982 0.0000000000
63740  38.422  -25.812  63.136 0.0000000000
61376  38.091  -27.229  63.441 0.0000000000
96491  57.656  0.967  43.654 0.0000000000
94077  58.285  -1.116  42.966 0.0000000000
92842  56.596  -2.058  45.784 0.0000000000
95225  50.145  -1.257  48.637 0.0000000000
94045  49.635  -1.824  47.110 0.0000000000
95235  50.904  -0.474  47.623 0.0000000000
95247  50.863  -0.572  46.608 0.0000000000
96430  52.211  0.743  48.343 0.0000000000
97631  53.523  0.976  48.305 0.0000000000
97613  53.316  1.111  49.386 0.0000000000
92832  51.509  -2.418  46.611 0.0000000000
94043  52.710  -1.381  46.869 0.0000000000
69914  41.985  -20.830  61.254 0.0000000000
71260  42.296  -19.944  60.163 0.0000000000
73901  43.635  -17.677  58.090 0.0000000000
72619  43.348  -18.480  57.023 0.0000000000
80137  45.620  -12.515  57.752 0.0000000000
80151  45.539  -12.272  56.265 0.0000000000
82724  45.391  -10.720  56.527 0.0000000000
83995  44.606  -9.818  55.776 0.0000000000
83979  45.830  -10.253  56.699 0.0000000000
86388  46.755  -9.455  56.741 0.0000000000
85182  46.883  -10.490  57.729 0.0000000000
78867  48.184  -13.834  57.620 0.0000000000
81420  48.013  -12.427  56.702 0.0000000000
78882  48.997  -13.668  56.317 0.0000000000
78888  50.056  -13.078  55.465 0.0000000000
57652  30.370  -31.379  64.968 0.0000000000
53755  30.938  -32.639  65.235 0.0000000000
52560  30.844  -33.394  64.417 0.0000000000
52528  30.038  -32.585  65.123 0.0000000000
86516  49.485  -7.681  51.917 0.0000000000
86492  50.176  -7.548  53.291 0.0000000000
86472  48.749  -7.860  54.028 0.0000000000
86450  48.766  -7.680  54.646 0.0000000000
86429  49.319  -8.261  55.540 0.0000000000
56431  34.471  -32.395  61.881 0.0000000000
56468  35.307  -31.220  61.059 0.0000000000
56430  35.773  -31.783  61.741 0.0000000000
56415  36.940  -31.306  62.481 0.0000000000
57680  37.506  -30.122  62.804 0.0000000000
57679  38.036  -29.693  63.118 0.0000000000
55122  37.672  -31.549  62.258 0.0000000000
97642  57.729  1.030  45.346 0.0000000000
95270  57.570  -0.331  44.402 0.0000000000
95241  56.862  0.096  45.746 0.0000000000
95242  56.414  -0.267  46.358 0.0000000000
94028  55.819  -0.950  46.962 0.0000000000
90294  48.832  -4.736  48.668 0.0000000000
91555  49.291  -3.807  48.951 0.0000000000
94009  50.206  -1.913  49.608 0.0000000000
95197  50.972  -0.781  50.325 0.0000000000
95180  53.027  -0.142  50.325 0.0000000000
92761  52.261  -1.934  49.996 0.0000000000
92805  51.298  -2.395  48.767 0.0000000000
72489  43.755  -19.557  61.803 0.0000000000
72555  43.322  -19.311  60.345 0.0000000000
75150  44.145  -18.279  61.111 0.0000000000
75196  44.219  -17.080  59.436 0.0000000000
75204  44.908  -16.204  58.356 0.0000000000
76451  45.423  -15.412  57.084 0.0000000000
77625  45.336  -14.531  58.403 0.0000000000
80119  45.727  -13.627  58.799 0.0000000000
81369  46.293  -12.451  58.509 0.0000000000
82655  47.148  -11.743  58.301 0.0000000000
80071  47.054  -13.324  59.172 0.0000000000
78855  47.490  -14.018  58.432 0.0000000000
75201  47.696  -15.508  58.036 0.0000000000
58986  31.005  -30.551  62.025 0.0000000000
57713  32.261  -31.457  62.052 0.0000000000
56451  32.905  -31.853  62.148 0.0000000000
55101  33.918  -32.897  63.044 0.0000000000
52539  34.388  -33.710  63.154 0.0000000000
89052  50.052  -5.566  49.268 0.0000000000
89029  51.107  -5.455  50.426 0.0000000000
90232  52.609  -4.860  51.512 0.0000000000
90215  53.441  -4.862  52.435 0.0000000000
87711  53.923  -5.663  52.869 0.0000000000
86491  52.861  -7.573  52.591 0.0000000000
87714  51.405  -6.973  53.250 0.0000000000
86446  51.957  -8.014  53.645 0.0000000000
66081  39.004  -24.294  61.554 0.0000000000
67305  40.384  -22.983  61.996 0.0000000000
69856  41.681  -22.031  62.475 0.0000000000
69854  42.497  -21.334  62.513 0.0000000000
64879  42.809  -23.847  61.817 0.0000000000
68586  43.400  -21.913  62.271 0.0000000000
71180  43.398  -20.312  62.633 0.0000000000
71199  44.456  -20.034  62.167 0.0000000000
71241  45.077  -19.339  61.157 0.0000000000
71240  45.942  -18.434  59.865 0.0000000000
72569  46.751  -18.115  58.909 0.0000000000
68670  46.401  -20.008  58.822 0.0000000000
66058  38.469  -24.796  62.455 0.0000000000
63738  39.438  -25.728  63.551 0.0000000000
62585  40.333  -26.037  63.163 0.0000000000
58937  39.164  -28.934  63.091 0.0000000000
58949  39.953  -28.111  62.419 0.0000000000
95312  59.041  -0.398  40.991 0.0000000000
95244  53.275  -0.141  46.178 0.0000000000
96448  53.759  0.513  46.868 0.0000000000
95219  55.145  -0.090  47.982 0.0000000000
94041  55.007  -1.486  46.692 0.0000000000
95222  53.147  -0.409  48.751 0.0000000000
94042  53.825  -1.448  46.677 0.0000000000
92860  54.238  -2.557  44.849 0.0000000000
71269  43.023  -19.400  59.111 0.0000000000
86435  44.875  -9.217  54.528 0.0000000000
86454  45.120  -9.017  54.204 0.0000000000
86432  46.659  -8.248  55.328 0.0000000000
86413  47.704  -8.635  55.793 0.0000000000
85209  48.712  -9.665  56.195 0.0000000000
83942  47.636  -11.121  57.911 0.0000000000
82722  48.326  -10.950  56.755 0.0000000000
82747  49.944  -10.509  55.825 0.0000000000
80168  50.457  -12.111  55.049 0.0000000000
72587  46.742  -18.046  58.425 0.0000000000
73899  47.118  -17.042  57.368 0.0000000000
57627  28.177  -30.139  66.875 0.0000000000
56357  27.452  -30.498  66.828 0.0000000000
57628  27.560  -29.832  67.132 0.0000000000
58899  28.411  -29.899  66.713 0.0000000000
56356  28.614  -30.944  66.426 0.0000000000
85290  46.062  -9.213  52.605 0.0000000000
86496  46.521  -9.014  53.135 0.0000000000
86497  46.011  -9.012  53.114 0.0000000000
96480  54.342  0.104  45.056 0.0000000000
91535  51.174  -3.639  50.271 0.0000000000
90276  51.570  -5.042  49.823 0.0000000000
73842  46.247  -17.535  60.741 0.0000000000
75166  46.064  -16.811  60.735 0.0000000000
76409  45.980  -15.705  60.550 0.0000000000
75165  46.687  -16.637  60.141 0.0000000000
76422  47.040  -16.337  59.720 0.0000000000
75181  46.924  -16.901  59.775 0.0000000000
55059  31.636  -32.581  64.708 0.0000000000
55081  32.067  -32.569  64.353 0.0000000000
53753  32.011  -33.170  64.892 0.0000000000
52542  31.752  -34.152  64.363 0.0000000000
86515  50.325  -7.326  51.329 0.0000000000
86533  50.590  -7.030  50.836 0.0000000000
88978  51.480  -6.233  52.274 0.0000000000
87734  50.735  -6.936  52.587 0.0000000000
85238  50.491  -8.642  55.429 0.0000000000
85237  50.855  -8.649  55.042 0.0000000000
84008  50.580  -9.596  55.400 0.0000000000
63748  41.038  -25.143  62.889 0.0000000000
64867  41.003  -24.903  63.233 0.0000000000
63757  41.325  -25.403  62.546 0.0000000000
60177  37.259  -28.443  62.701 0.0000000000
60192  36.887  -28.520  62.230 0.0000000000
61413  37.184  -27.544  62.545 0.0000000000
61414  37.042  -27.310  62.038 0.0000000000
61396  37.370  -27.535  63.102 0.0000000000
62577  37.635  -27.016  63.223 0.0000000000
60148  37.679  -27.924  63.349 0.0000000000
97668  58.475  0.959  44.394 0.0000000000
96490  58.542  0.764  43.805 0.0000000000
96474  59.123  0.529  44.051 0.0000000000
95284  59.146  -0.113  43.437 0.0000000000
95285  58.480  -0.475  43.542 0.0000000000
96418  51.129  -0.283  49.320 0.0000000000
95224  50.713  -0.597  48.584 0.0000000000
95223  51.260  -0.290  48.335 0.0000000000
95234  51.464  -0.201  48.045 0.0000000000
96431  51.618  0.287  48.509 0.0000000000
97626  52.630  1.282  48.908 0.0000000000
97615  51.956  0.845  49.654 0.0000000000
91596  50.876  -3.009  46.683 0.0000000000
71222  42.510  -20.344  61.606 0.0000000000
69931  41.924  -20.739  60.508 0.0000000000
71244  42.579  -20.185  60.956 0.0000000000
75217  44.555  -16.835  57.572 0.0000000000
81422  46.002  -11.969  57.701 0.0000000000
81423  45.855  -11.817  57.224 0.0000000000
82699  45.848  -11.042  57.146 0.0000000000
82723  45.609  -10.515  56.643 0.0000000000
83964  46.271  -10.538  57.403 0.0000000000
83945  46.458  -10.875  57.918 0.0000000000
77639  48.539  -14.359  56.854 0.0000000000
78876  48.800  -13.754  56.987 0.0000000000
58914  29.437  -30.507  65.643 0.0000000000
58913  29.788  -30.994  65.131 0.0000000000
57653  29.869  -31.206  65.456 0.0000000000
56386  30.650  -31.690  65.524 0.0000000000
55040  30.725  -31.928  65.996 0.0000000000
53756  30.120  -32.375  65.564 0.0000000000
55041  30.111  -32.002  66.106 0.0000000000
85308  47.664  -8.953  52.021 0.0000000000
85325  47.678  -9.386  51.102 0.0000000000
85307  48.067  -8.780  51.824 0.0000000000
85324  48.206  -8.823  51.397 0.0000000000
86517  48.317  -8.543  52.044 0.0000000000
86494  48.700  -8.307  53.077 0.0000000000
87701  47.893  -7.867  54.709 0.0000000000
87700  48.320  -7.810  54.559 0.0000000000
87688  48.084  -7.692  54.951 0.0000000000
86430  48.473  -8.009  55.326 0.0000000000
55126  35.184  -32.503  62.210 0.0000000000
55125  35.931  -32.196  62.033 0.0000000000
55098  36.854  -32.289  62.484 0.0000000000
56429  36.500  -31.527  62.193 0.0000000000
57694  37.049  -30.402  62.619 0.0000000000
56414  37.449  -30.858  62.580 0.0000000000
56427  37.619  -31.015  62.446 0.0000000000
95271  55.528  -0.274  44.033 0.0000000000
96477  56.866  0.766  44.509 0.0000000000
97659  57.388  1.063  45.062 0.0000000000
96457  57.161  0.540  45.048 0.0000000000
96458  56.828  0.470  45.146 0.0000000000
96445  56.507  0.268  45.896 0.0000000000
95243  55.892  -0.266  46.773 0.0000000000
94039  56.217  -1.116  46.515 0.0000000000
95229  55.949  -0.662  46.777 0.0000000000
90279  49.523  -4.602  49.260 0.0000000000
91554  50.108  -3.672  49.510 0.0000000000
92764  50.354  -2.696  49.897 0.0000000000
93988  50.570  -2.019  50.260 0.0000000000
94008  50.600  -1.438  50.138 0.0000000000
93987  50.951  -1.577  50.556 0.0000000000
93966  51.865  -1.225  50.453 0.0000000000
92737  51.616  -1.912  50.488 0.0000000000
92787  51.953  -2.149  49.648 0.0000000000
92818  51.195  -2.681  47.769 0.0000000000
73808  44.471  -18.783  61.631 0.0000000000
75135  43.999  -18.558  61.458 0.0000000000
75134  44.532  -18.390  61.610 0.0000000000
75168  44.834  -16.907  60.483 0.0000000000
75183  44.350  -17.347  60.086 0.0000000000
75182  44.546  -16.590  59.866 0.0000000000
75195  44.722  -16.339  59.223 0.0000000000
76436  45.242  -15.510  58.876 0.0000000000
78828  45.715  -14.691  59.626 0.0000000000
78841  45.680  -14.330  59.230 0.0000000000
78840  45.943  -13.844  59.199 0.0000000000
80118  45.882  -12.955  58.673 0.0000000000
80095  46.156  -13.249  59.058 0.0000000000
81342  46.736  -12.977  59.135 0.0000000000
80072  46.775  -13.409  59.213 0.0000000000
76421  46.973  -15.635  59.376 0.0000000000
77604  47.200  -14.717  59.245 0.0000000000
77615  47.243  -14.933  58.654 0.0000000000
77623  47.818  -14.827  57.990 0.0000000000
75193  47.559  -15.731  58.120 0.0000000000
58956  29.950  -30.369  63.551 0.0000000000
58973  30.086  -30.308  62.716 0.0000000000
58972  30.719  -30.682  62.965 0.0000000000
56417  32.043  -32.050  63.537 0.0000000000
57696  31.743  -31.389  62.803 0.0000000000
56433  32.285  -31.773  62.806 0.0000000000
56432  33.178  -32.425  62.707 0.0000000000
55128  33.654  -32.721  62.988 0.0000000000
87792  49.280  -6.998  48.786 0.0000000000
89070  49.648  -6.249  48.793 0.0000000000
87768  51.370  -5.874  50.760 0.0000000000
89051  50.673  -5.957  49.930 0.0000000000
90233  51.920  -4.890  51.561 0.0000000000
88957  52.308  -6.065  52.713 0.0000000000
88976  52.827  -5.416  52.437 0.0000000000
87712  53.185  -6.310  52.576 0.0000000000
86490  53.243  -7.057  52.282 0.0000000000
86467  53.016  -6.932  52.548 0.0000000000
87715  50.733  -7.317  53.291 0.0000000000
86469  50.830  -7.623  54.197 0.0000000000
85235  51.574  -8.092  54.185 0.0000000000
87685  51.574  -7.918  54.088 0.0000000000
85268  52.255  -8.467  53.362 0.0000000000
84038  52.289  -9.221  53.059 0.0000000000
67286  39.714  -24.177  62.404 0.0000000000
67306  39.847  -23.817  61.863 0.0000000000
67267  40.082  -23.995  62.617 0.0000000000
67252  41.613  -23.056  62.927 0.0000000000
68540  41.177  -22.968  62.934 0.0000000000
68564  41.721  -22.012  62.979 0.0000000000
69855  42.018  -21.600  62.418 0.0000000000
68563  42.331  -21.953  62.923 0.0000000000
64891  42.538  -24.589  61.785 0.0000000000
64890  42.998  -23.865  61.496 0.0000000000
67303  44.066  -22.670  61.414 0.0000000000
67283  43.430  -22.914  61.719 0.0000000000
68609  43.820  -21.776  61.792 0.0000000000
68561  43.641  -21.289  62.400 0.0000000000
68585  44.027  -21.351  62.135 0.0000000000
71200  44.030  -19.982  62.481 0.0000000000
69894  44.774  -20.811  62.228 0.0000000000
68639  45.185  -21.019  59.960 0.0000000000
69912  44.609  -19.998  60.790 0.0000000000
69929  45.305  -19.485  60.458 0.0000000000
72553  45.651  -18.740  60.543 0.0000000000
69927  45.907  -19.371  59.516 0.0000000000
71268  46.085  -19.095  59.375 0.0000000000
68653  46.356  -20.088  59.041 0.0000000000
57731  35.776  -30.298  60.981 0.0000000000
57753  35.164  -29.991  60.421 0.0000000000
57752  35.651  -29.629  60.679 0.0000000000
63765  37.139  -26.023  61.455 0.0000000000
66073  38.065  -24.852  61.626 0.0000000000
66072  38.413  -24.648  61.924 0.0000000000
64883  38.060  -25.347  62.301 0.0000000000
62575  38.800  -26.442  63.512 0.0000000000
63739  38.809  -25.799  63.439 0.0000000000
62574  39.555  -26.327  63.524 0.0000000000
62573  40.016  -25.912  63.591 0.0000000000
61394  39.884  -26.846  63.298 0.0000000000
58938  38.771  -29.125  63.201 0.0000000000
60189  40.592  -28.048  62.094 0.0000000000
95313  58.643  -0.801  41.810 0.0000000000
94104  58.678  -1.442  41.318 0.0000000000
94066  57.430  -1.212  44.475 0.0000000000
92807  49.155  -2.991  48.392 0.0000000000
91585  48.695  -3.693  47.210 0.0000000000
92820  48.955  -2.870  47.662 0.0000000000
96450  52.105  -0.044  46.941 0.0000000000
95246  51.588  -0.486  46.321 0.0000000000
95245  52.390  -0.351  46.241 0.0000000000
95256  52.568  -0.463  45.358 0.0000000000
97630  53.782  0.826  48.364 0.0000000000
96436  54.169  0.575  47.766 0.0000000000
95231  55.007  -0.559  47.953 0.0000000000
94030  54.446  -0.905  47.451 0.0000000000
95195  52.577  -0.747  49.798 0.0000000000
95194  53.052  -0.313  49.913 0.0000000000
94019  52.504  -0.942  48.885 0.0000000000
92831  52.572  -1.876  46.256 0.0000000000
92830  53.196  -1.662  46.383 0.0000000000
94056  53.977  -1.678  46.147 0.0000000000
92845  53.644  -1.885  45.664 0.0000000000
73865  43.706  -18.560  60.101 0.0000000000
72570  43.275  -19.183  59.424 0.0000000000
72589  43.042  -18.467  58.851 0.0000000000
77634  45.373  -14.388  57.549 0.0000000000
81488  45.231  -11.544  55.718 0.0000000000
85226  45.051  -9.373  55.870 0.0000000000
85227  44.883  -9.521  55.187 0.0000000000
86417  45.184  -9.192  55.255 0.0000000000
86434  45.359  -8.782  54.936 0.0000000000
86433  45.928  -8.434  55.200 0.0000000000
86415  46.003  -8.781  55.740 0.0000000000
86387  47.305  -9.454  56.895 0.0000000000
86399  47.136  -9.195  56.179 0.0000000000
86386  47.812  -9.650  56.695 0.0000000000
86397  48.360  -9.459  56.364 0.0000000000
85210  48.304  -9.875  56.517 0.0000000000
81366  47.416  -12.488  58.317 0.0000000000
82677  47.457  -11.531  58.182 0.0000000000
81396  47.708  -12.061  57.725 0.0000000000
81445  48.278  -11.324  56.649 0.0000000000
81444  48.777  -11.789  56.371 0.0000000000
82748  49.258  -10.638  55.873 0.0000000000
81465  49.986  -11.634  56.112 0.0000000000
81487  50.462  -10.930  55.575 0.0000000000
81464  50.407  -11.908  55.914 0.0000000000
78898  49.998  -13.092  54.842 0.0000000000
71284  46.428  -18.900  58.692 0.0000000000
58915  29.081  -30.049  65.952 0.0000000000
56368  29.578  -31.409  66.052 0.0000000000
56369  29.075  -31.457  66.263 0.0000000000
55028  28.690  -31.439  66.193 0.0000000000
85309  46.911  -9.568  51.823 0.0000000000
85288  47.440  -9.016  52.459 0.0000000000
86495  47.606  -8.846  52.895 0.0000000000
86451  47.327  -7.939  54.895 0.0000000000
53784  35.880  -33.263  62.550 0.0000000000
55099  35.919  -32.490  62.284 0.0000000000
52557  36.528  -33.759  62.703 0.0000000000
52556  36.611  -33.299  62.965 0.0000000000
90277  50.565  -4.347  50.025 0.0000000000
91553  50.619  -3.997  50.017 0.0000000000
92762  51.666  -2.591  50.141 0.0000000000
73806  45.177  -18.121  61.777 0.0000000000
75132  45.039  -17.912  61.758 0.0000000000
75147  45.470  -17.618  61.186 0.0000000000
76410  45.339  -15.725  60.359 0.0000000000
77594  45.775  -14.936  60.110 0.0000000000
77593  46.365  -14.909  59.891 0.0000000000
77592  46.870  -14.874  59.266 0.0000000000
76407  46.945  -15.677  59.643 0.0000000000
57682  31.020  -31.298  63.863 0.0000000000
57667  31.445  -31.664  64.027 0.0000000000
56400  32.251  -32.324  63.941 0.0000000000
56416  32.496  -32.463  63.700 0.0000000000
55080  32.797  -32.807  63.946 0.0000000000
85363  48.303  -8.631  49.550 0.0000000000
86546  49.174  -7.904  49.747 0.0000000000
86545  49.689  -7.249  49.883 0.0000000000
87781  49.633  -7.069  49.434 0.0000000000
87780  50.101  -6.628  49.818 0.0000000000
87770  50.406  -6.774  50.396 0.0000000000
87769  50.912  -6.325  50.624 0.0000000000
87750  51.398  -6.117  51.234 0.0000000000
89000  51.708  -5.630  51.805 0.0000000000
85252  50.850  -8.182  54.854 0.0000000000
85222  51.749  -7.800  55.323 0.0000000000
84006  51.672  -9.047  54.282 0.0000000000
84022  51.472  -9.856  54.496 0.0000000000
81502  51.083  -11.327  54.751 0.0000000000
66020  39.881  -24.404  63.215 0.0000000000
67255  40.292  -23.923  62.816 0.0000000000
66019  40.671  -24.302  63.245 0.0000000000
66038  41.217  -24.236  63.109 0.0000000000
66017  41.616  -23.573  62.856 0.0000000000
64897  43.558  -23.571  60.963 0.0000000000
67316  44.626  -22.294  60.928 0.0000000000
68624  44.626  -21.243  61.277 0.0000000000
67315  44.690  -21.913  60.676 0.0000000000
58954  36.625  -29.875  62.157 0.0000000000
58985  36.019  -29.145  61.019 0.0000000000
60193  36.410  -28.407  61.613 0.0000000000
61447  36.073  -27.256  61.066 0.0000000000
62598  36.912  -26.968  61.881 0.0000000000
62611  37.220  -26.551  61.798 0.0000000000
63758  37.660  -26.011  61.990 0.0000000000
64870  38.201  -25.484  62.631 0.0000000000
62588  38.091  -26.207  63.040 0.0000000000
62576  38.111  -26.548  63.306 0.0000000000
61375  38.743  -27.182  63.468 0.0000000000
96505  58.509  0.263  42.874 0.0000000000
95302  58.571  -0.464  42.726 0.0000000000
94090  58.306  -1.515  42.284 0.0000000000
94021  49.885  -1.940  48.786 0.0000000000
92819  49.381  -2.266  47.615 0.0000000000
94033  49.678  -1.727  48.041 0.0000000000
95236  50.096  -1.063  47.811 0.0000000000
95248  50.177  -1.112  46.853 0.0000000000
96440  51.220  -0.299  47.187 0.0000000000
96439  51.737  -0.004  47.652 0.0000000000
96438  52.504  0.543  47.575 0.0000000000
96437  53.299  0.679  47.612 0.0000000000
97632  52.883  0.983  48.277 0.0000000000
97625  53.044  1.379  48.890 0.0000000000
96415  53.628  0.671  49.020 0.0000000000
94032  51.955  -1.763  47.625 0.0000000000
94044  52.058  -1.664  46.761 0.0000000000
69915  41.436  -21.616  60.820 0.0000000000
73889  43.640  -17.544  58.981 0.0000000000
72605  43.225  -18.293  58.096 0.0000000000
72618  43.535  -18.039  57.632 0.0000000000
73914  43.732  -18.080  56.238 0.0000000000
78870  45.197  -13.354  57.953 0.0000000000
80143  45.662  -12.490  57.174 0.0000000000
81467  45.250  -11.196  56.195 0.0000000000
81468  44.971  -10.895  55.746 0.0000000000
82750  44.749  -10.372  55.403 0.0000000000
82749  44.810  -10.440  56.091 0.0000000000
83994  44.903  -9.924  56.263 0.0000000000
85211  45.655  -9.538  56.142 0.0000000000
85225  45.541  -9.174  55.748 0.0000000000
85198  46.261  -9.812  56.753 0.0000000000
85197  46.817  -9.978  57.414 0.0000000000
85196  47.460  -9.946  57.283 0.0000000000
80116  47.617  -13.169  57.755 0.0000000000
80135  47.686  -12.464  57.307 0.0000000000
80134  47.829  -13.036  57.357 0.0000000000
80142  48.780  -12.811  56.619 0.0000000000
80141  49.297  -12.486  56.344 0.0000000000
78880  50.250  -12.681  55.956 0.0000000000
78881  49.714  -13.149  56.068 0.0000000000
58942  29.971  -30.526  64.220 0.0000000000
58941  30.551  -31.007  64.220 0.0000000000
56402  30.931  -31.643  64.974 0.0000000000
56385  31.288  -32.137  65.138 0.0000000000
52526  31.328  -33.126  64.831 0.0000000000
52544  30.978  -33.414  64.614 0.0000000000
52527  30.592  -32.794  64.959 0.0000000000
52545  30.045  -32.807  64.676 0.0000000000
53747  29.322  -32.175  65.810 0.0000000000
85342  48.366  -8.767  50.462 0.0000000000
87735  50.066  -7.374  52.374 0.0000000000
86493  49.707  -7.718  53.065 0.0000000000
86471  49.538  -7.526  54.032 0.0000000000
86449  49.473  -7.670  54.832 0.0000000000
86428  49.877  -8.514  55.908 0.0000000000
62595  41.768  -25.708  61.955 0.0000000000
56469  34.554  -31.469  61.063 0.0000000000
57732  34.954  -30.974  60.537 0.0000000000
56449  34.942  -31.881  61.296 0.0000000000
56448  35.597  -31.321  61.421 0.0000000000
57695  36.614  -30.636  62.175 0.0000000000
58953  37.133  -29.418  62.567 0.0000000000
58940  37.541  -29.299  62.801 0.0000000000
58939  37.826  -29.107  63.110 0.0000000000
56413  38.028  -30.172  62.900 0.0000000000
55147  38.131  -31.004  62.034 0.0000000000
97669  58.140  1.154  44.382 0.0000000000
96475  58.553  0.574  44.391 0.0000000000
96476  57.686  0.301  44.595 0.0000000000
95253  57.012  -0.368  45.115 0.0000000000
95254  56.810  -0.308  45.866 0.0000000000
94054  56.660  -0.922  45.842 0.0000000000
92827  56.128  -1.649  46.383 0.0000000000
92828  55.767  -1.847  46.243 0.0000000000
92789  49.258  -3.322  48.652 0.0000000000
92788  49.652  -2.831  49.042 0.0000000000
95211  50.281  -1.556  49.107 0.0000000000
95210  50.559  -0.983  49.501 0.0000000000
96404  51.007  -0.458  49.843 0.0000000000
97601  52.108  0.653  49.930 0.0000000000
96374  51.987  -0.290  50.593 0.0000000000
93986  52.408  -1.142  49.959 0.0000000000
94007  52.227  -1.508  49.441 0.0000000000
91583  50.797  -3.233  47.297 0.0000000000
72490  43.225  -19.748  61.980 0.0000000000
72530  43.134  -19.476  61.082 0.0000000000
73825  43.445  -19.119  61.297 0.0000000000
73844  43.519  -18.886  60.908 0.0000000000
73864  44.111  -17.997  60.277 0.0000000000
75149  44.768  -18.020  61.181 0.0000000000
73880  43.882  -17.778  59.686 0.0000000000
75205  44.264  -16.956  58.633 0.0000000000
75228  45.137  -16.257  56.872 0.0000000000
76458  44.870  -15.530  56.107 0.0000000000
75216  45.163  -16.070  57.583 0.0000000000
76442  45.218  -15.325  58.013 0.0000000000
77616  45.446  -14.831  59.143 0.0000000000
78857  45.484  -13.980  58.663 0.0000000000
78869  45.397  -12.882  58.124 0.0000000000
80136  45.708  -12.587  58.195 0.0000000000
81397  46.065  -12.206  58.208 0.0000000000
82656  46.633  -11.686  58.238 0.0000000000
81368  46.702  -12.633  58.703 0.0000000000
81367  47.150  -12.529  58.570 0.0000000000
80092  47.459  -13.017  58.781 0.0000000000
78839  47.074  -14.132  59.039 0.0000000000
78838  47.268  -13.819  58.829 0.0000000000
78868  47.760  -13.890  58.000 0.0000000000
77632  48.073  -14.521  57.464 0.0000000000
57697  31.175  -31.130  63.212 0.0000000000
57712  33.080  -31.598  61.533 0.0000000000
56450  33.798  -31.984  61.535 0.0000000000
55127  34.183  -32.715  62.610 0.0000000000
55100  34.717  -32.834  62.689 0.0000000000
55079  33.594  -32.940  63.411 0.0000000000
53786  34.144  -32.989  63.050 0.0000000000
53768  34.797  -33.374  62.855 0.0000000000
89053  49.153  -5.238  49.101 0.0000000000
89030  50.571  -5.286  50.019 0.0000000000
90258  50.361  -4.975  49.927 0.0000000000
90255  52.616  -5.120  50.757 0.0000000000
90231  53.603  -4.978  51.570 0.0000000000
90230  54.251  -4.898  51.872 0.0000000000
90216  52.390  -4.915  52.151 0.0000000000
90200  54.052  -4.723  53.043 0.0000000000
87699  51.105  -7.665  54.102 0.0000000000
87698  51.705  -7.605  53.616 0.0000000000
86468  52.602  -7.419  52.908 0.0000000000
67320  39.689  -23.707  61.074 0.0000000000
68611  41.113  -22.523  61.650 0.0000000000
68566  40.553  -23.211  62.533 0.0000000000
68588  40.880  -22.677  62.276 0.0000000000
68610  41.523  -22.273  61.984 0.0000000000
69876  41.840  -21.856  62.200 0.0000000000
71183  42.333  -20.996  62.098 0.0000000000
71203  42.492  -20.491  61.974 0.0000000000
64881  41.762  -24.912  62.579 0.0000000000
64865  42.156  -24.212  62.465 0.0000000000
66016  42.101  -23.437  62.641 0.0000000000
66055  42.958  -23.513  61.745 0.0000000000
66056  42.814  -23.282  62.072 0.0000000000
67266  42.663  -22.791  62.395 0.0000000000
68562  42.910  -21.906  62.638 0.0000000000
71181  43.037  -20.472  62.621 0.0000000000
71202  43.008  -19.980  62.343 0.0000000000
71201  43.553  -19.906  62.540 0.0000000000
72488  44.189  -19.470  61.790 0.0000000000
72487  44.584  -19.102  61.720 0.0000000000
69893  44.812  -20.700  61.826 0.0000000000
71220  44.609  -19.778  61.638 0.0000000000
72506  45.197  -18.922  61.458 0.0000000000
72505  45.741  -18.250  61.178 0.0000000000
72528  46.011  -18.254  60.423 0.0000000000
72527  46.177  -18.137  59.840 0.0000000000
73840  46.567  -17.766  59.627 0.0000000000
72552  46.246  -18.305  59.544 0.0000000000
71267  46.268  -19.023  59.142 0.0000000000
69958  46.296  -19.765  58.263 0.0000000000
68671  46.190  -20.366  58.590 0.0000000000
68689  46.111  -20.485  57.947 0.0000000000
66082  38.310  -24.522  61.324 0.0000000000
66071  38.970  -24.473  62.129 0.0000000000
66057  39.129  -24.495  62.676 0.0000000000
64869  38.449  -25.290  62.958 0.0000000000
66022  38.717  -24.997  63.139 0.0000000000
66021  39.098  -24.795  63.214 0.0000000000
64849  39.967  -25.015  63.624 0.0000000000
63749  40.478  -25.507  63.322 0.0000000000
62584  40.695  -26.057  62.698 0.0000000000
58926  38.216  -28.854  63.330 0.0000000000
60146  38.658  -28.011  63.335 0.0000000000
60161  39.318  -28.353  63.174 0.0000000000
58936  39.463  -28.637  62.872 0.0000000000
60160  39.765  -27.951  62.994 0.0000000000
60159  40.087  -27.543  62.803 0.0000000000
60116  27.299  -29.205  66.877 0.0000000000
94103  58.812  -0.854  40.536 0.0000000000
96461  54.122  0.344  45.998 0.0000000000
96447  54.695  0.550  46.796 0.0000000000
96435  55.144  0.307  47.546 0.0000000000
95230  55.548  -0.384  47.323 0.0000000000
94029  55.387  -1.079  47.379 0.0000000000
92829  55.169  -1.868  45.946 0.0000000000
96401  53.042  0.472  50.114 0.0000000000
96416  53.402  0.364  49.498 0.0000000000
95221  53.713  -0.052  48.541 0.0000000000
94031  53.008  -0.707  47.824 0.0000000000
95232  54.043  -0.288  47.983 0.0000000000
94055  54.418  -1.693  46.050 0.0000000000
86476  44.688  -9.151  53.363 0.0000000000
72531  42.802  -19.709  60.509 0.0000000000
71270  42.785  -19.825  59.270 0.0000000000
84009  44.663  -9.881  54.903 0.0000000000
86455  44.272  -8.913  53.766 0.0000000000
86475  45.738  -8.984  53.610 0.0000000000
86453  45.856  -8.549  54.495 0.0000000000
86452  46.687  -8.274  54.729 0.0000000000
86414  46.853  -8.683  55.718 0.0000000000
86412  48.484  -8.791  55.832 0.0000000000
86411  49.121  -9.083  55.834 0.0000000000
83926  47.064  -11.289  58.256 0.0000000000
83943  47.423  -11.064  58.080 0.0000000000
83961  47.762  -10.841  57.513 0.0000000000
81421  47.721  -11.851  56.741 0.0000000000
82698  47.857  -11.254  57.141 0.0000000000
83978  48.259  -10.442  56.683 0.0000000000
83977  48.706  -10.185  56.272 0.0000000000
83993  49.247  -9.994  55.974 0.0000000000
83992  49.892  -9.784  55.786 0.0000000000
82770  50.592  -10.382  55.500 0.0000000000
81486  50.617  -11.547  55.494 0.0000000000
80180  50.599  -11.875  54.333 0.0000000000
80158  50.322  -12.561  55.438 0.0000000000
78897  50.253  -12.525  54.539 0.0000000000
73862  46.931  -17.576  59.364 0.0000000000
73879  47.258  -17.370  58.902 0.0000000000
73887  46.922  -16.945  58.154 0.0000000000
72602  46.563  -18.306  57.208 0.0000000000
73888  47.213  -16.548  57.654 0.0000000000
75203  47.418  -16.278  57.551 0.0000000000
53746  29.843  -32.151  65.972 0.0000000000
53754  31.698  -32.977  64.766 0.0000000000
53771  32.085  -33.593  64.441 0.0000000000
55060  31.117  -32.272  65.376 0.0000000000
55061  30.664  -32.248  65.787 0.0000000000
55097  37.087  -32.377  62.491 0.0000000000
56355  28.968  -31.045  66.431 0.0000000000
56367  30.318  -31.763  65.958 0.0000000000
56428  37.219  -31.648  62.459 0.0000000000
56467  35.695  -30.890  61.326 0.0000000000
57614  27.428  -30.116  67.143 0.0000000000
57625  29.194  -30.960  66.294 0.0000000000
57626  28.819  -30.434  66.472 0.0000000000
57635  29.542  -30.897  65.953 0.0000000000
57636  29.223  -30.451  66.213 0.0000000000
57637  28.304  -29.935  66.966 0.0000000000
57638  28.074  -29.855  66.982 0.0000000000
57665  38.462  -29.337  63.183 0.0000000000
57666  38.294  -29.201  63.271 0.0000000000
57678  38.508  -29.535  63.032 0.0000000000
58878  28.748  -30.084  66.595 0.0000000000
58879  28.570  -30.100  66.753 0.0000000000
58897  29.299  -30.296  66.029 0.0000000000
58900  27.749  -29.614  67.007 0.0000000000
58924  39.016  -28.697  63.249 0.0000000000
58925  38.636  -28.792  63.297 0.0000000000
58927  30.169  -31.005  64.679 0.0000000000
58928  29.489  -30.483  64.916 0.0000000000
58950  39.629  -28.483  62.544 0.0000000000
58951  39.257  -29.053  62.807 0.0000000000
58952  37.252  -29.233  62.666 0.0000000000
58967  40.035  -28.190  62.218 0.0000000000
58969  37.077  -29.175  62.524 0.0000000000
58971  36.414  -29.445  61.739 0.0000000000
60144  39.449  -27.987  63.185 0.0000000000
60145  39.131  -28.061  63.277 0.0000000000
60147  38.049  -28.117  63.384 0.0000000000
60162  37.650  -28.530  63.151 0.0000000000
60174  40.275  -27.698  62.540 0.0000000000
60175  39.871  -28.045  62.679 0.0000000000
60176  37.240  -29.025  62.614 0.0000000000
60191  37.086  -28.863  62.498 0.0000000000
61373  39.517  -27.572  63.231 0.0000000000
61377  37.667  -27.425  63.295 0.0000000000
61393  40.259  -26.948  62.844 0.0000000000
61395  39.802  -26.457  63.446 0.0000000000
61432  36.496  -27.493  61.596 0.0000000000
62586  40.110  -26.050  63.398 0.0000000000
62587  39.912  -26.152  63.499 0.0000000000
62597  37.354  -26.710  62.318 0.0000000000
62610  41.650  -25.976  61.893 0.0000000000
62612  36.558  -26.706  61.410 0.0000000000
63736  40.511  -25.298  63.464 0.0000000000
63737  39.949  -25.687  63.569 0.0000000000
63750  40.200  -25.701  63.449 0.0000000000
63751  38.161  -25.887  62.828 0.0000000000
63752  37.880  -25.982  62.520 0.0000000000
63756  42.066  -25.253  62.194 0.0000000000
64848  40.602  -25.030  63.548 0.0000000000
64850  39.272  -25.086  63.408 0.0000000000
64851  38.777  -25.268  63.265 0.0000000000
64868  40.982  -24.655  63.279 0.0000000000
64880  42.464  -24.209  62.197 0.0000000000
64882  38.341  -25.110  62.686 0.0000000000
64889  43.511  -23.438  61.261 0.0000000000
64898  43.083  -24.135  61.019 0.0000000000
66018  41.191  -23.783  63.105 0.0000000000
66036  42.223  -23.817  62.474 0.0000000000
66037  41.609  -24.105  62.796 0.0000000000
66039  41.013  -24.198  63.227 0.0000000000
66040  39.925  -24.218  62.856 0.0000000000
66042  38.730  -24.789  62.936 0.0000000000
66059  38.115  -24.969  62.026 0.0000000000
66070  43.604  -23.229  61.443 0.0000000000
67253  41.071  -23.363  63.080 0.0000000000
67268  39.616  -24.315  62.716 0.0000000000
67284  43.350  -22.518  62.029 0.0000000000
67285  40.240  -23.453  62.221 0.0000000000
67304  43.787  -22.321  61.611 0.0000000000
67317  44.214  -22.035  61.372 0.0000000000
67318  43.932  -22.082  61.522 0.0000000000
67327  44.645  -21.911  60.286 0.0000000000
67348  45.926  -20.810  58.425 0.0000000000
67365  45.977  -21.009  58.165 0.0000000000
68538  42.153  -22.431  62.969 0.0000000000
68539  41.699  -22.633  63.010 0.0000000000
68541  40.687  -23.294  62.776 0.0000000000
68542  40.402  -23.612  62.647 0.0000000000
68565  41.320  -22.544  62.626 0.0000000000
68587  41.487  -22.295  62.314 0.0000000000
68607  44.871  -21.029  61.794 0.0000000000
68608  44.568  -21.206  61.974 0.0000000000
68623  44.753  -21.518  60.617 0.0000000000
68626  43.938  -21.860  61.588 0.0000000000
68652  46.565  -19.937  58.981 0.0000000000
69852  43.560  -20.834  62.556 0.0000000000
69853  43.026  -21.078  62.663 0.0000000000
69873  44.732  -20.433  62.180 0.0000000000
69874  44.319  -20.725  62.380 0.0000000000
69875  42.178  -21.156  61.901 0.0000000000
69895  42.190  -20.841  61.674 0.0000000000
69896  41.781  -21.661  61.589 0.0000000000
69897  41.392  -22.085  61.131 0.0000000000
69913  45.033  -19.549  60.778 0.0000000000
69930  45.239  -19.408  60.685 0.0000000000
69942  46.374  -19.792  59.069 0.0000000000
69943  46.134  -19.676  59.339 0.0000000000
69944  45.884  -20.016  59.459 0.0000000000
69957  46.398  -19.704  58.819 0.0000000000
69970  46.230  -19.785  57.621 0.0000000000
71182  42.611  -20.783  62.317 0.0000000000
71239  46.107  -18.420  59.662 0.0000000000
71242  45.133  -19.376  60.908 0.0000000000
71243  42.910  -19.864  61.499 0.0000000000
71255  46.240  -18.699  59.298 0.0000000000
71256  46.060  -18.831  59.490 0.0000000000
71257  45.709  -18.912  60.103 0.0000000000
71258  45.433  -19.118  60.696 0.0000000000
71259  45.289  -19.248  60.844 0.0000000000
71286  42.993  -19.153  58.678 0.0000000000
72486  45.288  -18.381  61.564 0.0000000000
72507  43.808  -19.170  61.560 0.0000000000
72508  43.357  -19.447  61.600 0.0000000000
72526  46.360  -18.081  59.582 0.0000000000
72529  45.504  -18.726  60.932 0.0000000000
72551  46.430  -18.265  59.348 0.0000000000
72554  45.542  -18.865  60.730 0.0000000000
72556  42.882  -19.616  59.915 0.0000000000
72571  43.000  -19.559  59.572 0.0000000000
72588  46.518  -18.375  57.846 0.0000000000
72601  46.762  -17.686  57.692 0.0000000000
72604  43.386  -17.961  57.920 0.0000000000
73809  44.186  -18.860  61.535 0.0000000000
73824  43.854  -18.822  61.362 0.0000000000
73843  44.032  -18.438  60.806 0.0000000000
73863  46.879  -17.278  59.641 0.0000000000
73890  43.211  -17.938  58.615 0.0000000000
73900  47.394  -16.533  57.216 0.0000000000
73902  43.289  -17.936  58.283 0.0000000000
75133  44.749  -18.103  61.756 0.0000000000
75169  44.505  -17.893  60.667 0.0000000000
75202  47.433  -16.097  57.921 0.0000000000
75213  47.729  -15.396  57.787 0.0000000000
75214  47.666  -15.659  57.756 0.0000000000
76406  47.139  -15.170  59.713 0.0000000000
76434  47.455  -15.453  58.354 0.0000000000
76435  47.140  -16.000  58.958 0.0000000000
76441  47.835  -15.046  58.225 0.0000000000
76448  47.766  -15.083  57.685 0.0000000000
77605  47.081  -14.610  59.003 0.0000000000
77606  45.421  -14.951  59.605 0.0000000000
77614  47.484  -15.010  58.387 0.0000000000
77624  47.732  -14.218  58.123 0.0000000000
78825  47.025  -13.891  59.155 0.0000000000
78827  46.093  -14.265  59.384 0.0000000000
78854  47.682  -13.510  57.853 0.0000000000
78856  45.569  -13.229  58.424 0.0000000000
78887  50.334  -12.627  55.688 0.0000000000
78889  49.341  -13.639  55.645 0.0000000000
78910  49.742  -13.268  54.602 0.0000000000
80073  46.433  -13.638  59.249 0.0000000000
80093  47.269  -13.211  59.026 0.0000000000
80094  46.532  -13.143  59.152 0.0000000000
80096  45.873  -13.585  59.030 0.0000000000
80148  50.271  -12.216  56.051 0.0000000000
80149  49.669  -12.527  56.224 0.0000000000
80150  49.222  -13.155  56.435 0.0000000000
80157  50.429  -12.250  55.707 0.0000000000
80169  50.206  -12.778  55.070 0.0000000000
81341  46.992  -12.943  59.109 0.0000000000
81446  45.672  -11.595  56.700 0.0000000000
81466  49.308  -11.141  55.914 0.0000000000
82654  47.387  -11.956  58.242 0.0000000000
82657  46.318  -11.954  58.169 0.0000000000
82676  47.710  -11.497  58.011 0.0000000000
82678  46.498  -11.169  58.112 0.0000000000
82700  45.735  -11.261  56.901 0.0000000000
82721  48.715  -10.818  56.223 0.0000000000
83925  47.295  -11.337  58.216 0.0000000000
83944  46.840  -10.891  58.078 0.0000000000
83962  47.556  -10.503  57.495 0.0000000000
83963  46.648  -10.564  57.717 0.0000000000
83980  45.357  -10.055  56.414 0.0000000000
85181  47.180  -10.483  57.695 0.0000000000
85212  45.138  -9.639  56.234 0.0000000000
85221  51.510  -8.124  55.345 0.0000000000
85224  49.199  -9.444  55.919 0.0000000000
85236  51.417  -8.493  54.544 0.0000000000
85250  51.770  -8.203  53.841 0.0000000000
85251  51.772  -8.522  53.926 0.0000000000
85253  50.704  -8.285  55.019 0.0000000000
85269  45.775  -9.095  53.112 0.0000000000
86385  48.061  -9.741  56.616 0.0000000000
86396  48.701  -9.372  56.066 0.0000000000
86398  47.837  -9.125  56.390 0.0000000000
86400  46.427  -9.337  56.068 0.0000000000
86408  51.964  -7.884  55.341 0.0000000000
86409  52.003  -7.701  55.590 0.0000000000
86410  49.651  -8.881  56.019 0.0000000000
86425  51.876  -7.835  54.143 0.0000000000
86426  51.309  -7.888  54.742 0.0000000000
86427  51.721  -7.574  55.355 0.0000000000
86431  47.510  -8.083  55.282 0.0000000000
86445  51.689  -8.111  53.975 0.0000000000
86447  50.902  -7.985  54.708 0.0000000000
87675  51.838  -7.683  55.273 0.0000000000
87676  51.903  -7.494  55.469 0.0000000000
87686  51.329  -7.893  54.440 0.0000000000
87697  51.694  -7.905  53.836 0.0000000000
87716  48.287  -7.968  54.360 0.0000000000
87717  48.083  -7.954  54.501 0.0000000000
87731  54.011  -5.972  52.294 0.0000000000
87732  53.613  -6.183  52.480 0.0000000000
88954  54.095  -5.134  53.104 0.0000000000
88955  53.691  -5.282  53.051 0.0000000000
88956  52.981  -5.805  52.601 0.0000000000
88974  54.254  -5.147  52.736 0.0000000000
88975  53.418  -5.138  52.805 0.0000000000
88999  54.070  -5.334  51.633 0.0000000000
89001  51.260  -6.331  51.888 0.0000000000
90201  53.690  -4.842  53.043 0.0000000000
90214  54.157  -4.785  52.339 0.0000000000
90217  51.882  -5.054  52.097 0.0000000000
92736  52.100  -1.682  50.267 0.0000000000
92738  51.180  -2.010  50.553 0.0000000000
92786  52.259  -1.729  49.800 0.0000000000
92841  57.028  -1.928  45.470 0.0000000000
93940  52.867  -0.280  50.274 0.0000000000
93941  52.446  -0.548  50.197 0.0000000000
93942  52.079  -0.794  50.406 0.0000000000
93964  52.817  -0.462  50.278 0.0000000000
93965  52.314  -1.012  50.138 0.0000000000
93967  51.384  -1.437  50.604 0.0000000000
93985  52.778  -0.495  50.011 0.0000000000
94006  52.382  -1.209  49.679 0.0000000000
94027  55.973  -0.935  46.762 0.0000000000
94040  55.740  -1.355  46.707 0.0000000000
94053  56.992  -1.437  45.325 0.0000000000
95165  52.616  -0.100  50.508 0.0000000000
95166  52.148  -0.225  50.831 0.0000000000
95167  51.918  -0.715  50.491 0.0000000000
95181  51.519  -0.822  50.534 0.0000000000
95182  51.124  -1.111  50.658 0.0000000000
95196  51.244  -0.449  50.173 0.0000000000
95208  53.332  -0.125  49.231 0.0000000000
95209  52.790  -0.570  49.424 0.0000000000
95233  53.505  -0.340  48.320 0.0000000000
95268  59.200  0.063  44.072 0.0000000000
95286  57.850  -0.618  43.949 0.0000000000
95301  58.953  -0.059  43.098 0.0000000000
96373  52.164  -0.073  50.784 0.0000000000
96375  51.798  -0.533  50.468 0.0000000000
96388  52.563  0.124  50.486 0.0000000000
96389  52.048  0.047  50.499 0.0000000000
96390  51.739  -0.303  50.341 0.0000000000
96402  52.352  0.400  50.240 0.0000000000
96403  51.647  0.059  49.860 0.0000000000
96427  54.781  0.171  48.056 0.0000000000
96428  53.925  0.379  48.360 0.0000000000
96429  53.560  0.231  48.947 0.0000000000
96432  51.268  -0.098  48.813 0.0000000000
96444  56.854  0.294  45.473 0.0000000000
96451  51.477  -0.270  46.940 0.0000000000
96456  58.061  0.795  45.096 0.0000000000
96489  59.150  0.311  43.622 0.0000000000
96504  59.079  0.109  43.266 0.0000000000
97599  52.946  0.997  49.860 0.0000000000
97600  52.554  0.880  49.932 0.0000000000
97612  53.669  0.966  49.018 0.0000000000
97614  52.550  1.158  49.527 0.0000000000
97624  53.745  0.836  48.625 0.0000000000
97627  51.902  1.066  49.025 0.0000000000
97641  58.116  1.127  45.234 0.0000000000
97643  57.350  0.838  45.181 0.0000000000
97657  58.301  1.034  44.827 0.0000000000
97658  57.927  1.268  44.991 0.0000000000
97670  57.477  1.176  44.421 0.0000000000
98680  53.588  1.201  48.994 0.0000000000
98681  53.379  1.340  49.043 0.0000000000
98689  53.710  1.021  48.733 0.0000000000
98690  53.532  1.174  48.761 0.0000000000
98693  53.907  0.928  48.495 0.0000000000
98694  53.698  1.075  48.487 0.0000000000
