#!ascii label  , from subject 3789 vox2ras=TkReg
1329
62021  -48.381  -21.422  63.533 0.0000000000
48376  -40.121  -31.865  73.687 0.0000000000
71670  -56.256  -13.619  50.250 0.0000000000
63335  -44.474  -20.605  53.815 0.0000000000
66725  -52.102  -17.262  57.072 0.0000000000
54464  -45.037  -27.541  68.747 0.0000000000
49801  -37.624  -31.355  63.333 0.0000000000
56886  -40.557  -25.890  58.004 0.0000000000
47075  -32.433  -33.760  76.808 0.0000000000
75400  -51.281  -10.428  49.909 0.0000000000
46037  -32.452  -34.545  67.910 0.0000000000
63243  -46.692  -20.745  58.743 0.0000000000
64416  -48.939  -19.179  55.368 0.0000000000
63248  -51.151  -20.076  59.927 0.0000000000
58023  -46.001  -23.832  66.584 0.0000000000
55662  -42.282  -26.580  63.601 0.0000000000
59494  -44.353  -22.694  61.212 0.0000000000
60951  -41.915  -22.755  55.565 0.0000000000
78580  -51.230  -7.513  46.282 0.0000000000
48331  -35.955  -30.832  76.028 0.0000000000
46017  -32.159  -34.418  71.685 0.0000000000
49656  -35.450  -30.996  71.165 0.0000000000
69122  -54.569  -15.276  53.258 0.0000000000
48461  -43.583  -30.996  70.355 0.0000000000
48500  -39.112  -30.662  68.055 0.0000000000
49773  -41.986  -30.626  66.014 0.0000000000
51070  -40.426  -29.579  59.543 0.0000000000
41080  -32.483  -37.456  77.324 0.0000000000
69002  -57.422  -15.539  58.893 0.0000000000
72920  -58.405  -12.613  55.017 0.0000000000
72950  -54.455  -12.503  53.957 0.0000000000
76443  -58.057  -9.143  51.770 0.0000000000
76506  -57.590  -9.115  47.466 0.0000000000
42358  -36.523  -37.415  73.408 0.0000000000
49766  -34.383  -31.197  65.735 0.0000000000
62063  -47.610  -21.501  61.558 0.0000000000
62104  -49.261  -20.801  59.563 0.0000000000
62065  -50.106  -20.947  61.582 0.0000000000
60741  -46.968  -22.411  65.381 0.0000000000
59430  -45.635  -23.176  64.457 0.0000000000
60818  -46.135  -21.936  63.045 0.0000000000
62100  -45.300  -21.728  59.668 0.0000000000
71711  -55.789  -13.775  47.644 0.0000000000
73016  -57.161  -11.944  49.298 0.0000000000
48374  -38.221  -30.974  74.277 0.0000000000
48392  -36.213  -31.235  73.196 0.0000000000
48412  -37.627  -31.689  71.971 0.0000000000
64445  -45.429  -19.520  52.026 0.0000000000
65542  -50.214  -18.265  56.195 0.0000000000
65560  -49.084  -18.222  53.650 0.0000000000
67973  -50.926  -16.959  54.400 0.0000000000
69139  -52.527  -15.443  52.840 0.0000000000
67948  -53.653  -15.992  54.992 0.0000000000
50941  -44.365  -29.707  68.928 0.0000000000
49715  -42.595  -30.786  68.301 0.0000000000
52174  -43.591  -29.088  67.006 0.0000000000
56847  -41.542  -26.131  60.581 0.0000000000
53418  -41.398  -28.095  61.645 0.0000000000
54599  -40.541  -28.072  58.896 0.0000000000
62184  -43.452  -21.319  54.732 0.0000000000
70258  -58.370  -14.585  56.683 0.0000000000
74236  -56.113  -10.939  52.564 0.0000000000
74261  -55.201  -11.537  50.227 0.0000000000
76473  -57.371  -9.107  49.669 0.0000000000
74290  -53.493  -11.390  47.657 0.0000000000
76534  -51.994  -9.405  44.526 0.0000000000
43582  -33.473  -35.856  77.015 0.0000000000
42324  -35.408  -37.195  74.949 0.0000000000
44830  -34.161  -36.318  74.695 0.0000000000
46030  -32.514  -34.623  69.583 0.0000000000
43648  -34.094  -36.499  70.710 0.0000000000
43672  -34.487  -36.587  68.650 0.0000000000
48531  -38.835  -31.204  65.992 0.0000000000
49737  -37.134  -30.763  67.225 0.0000000000
49781  -36.553  -31.035  64.344 0.0000000000
62155  -46.136  -20.975  56.483 0.0000000000
63323  -46.846  -20.334  54.435 0.0000000000
63291  -47.584  -20.329  56.468 0.0000000000
63278  -50.214  -19.708  57.604 0.0000000000
65517  -51.503  -18.451  57.937 0.0000000000
55576  -45.828  -25.939  67.916 0.0000000000
54536  -43.648  -27.291  65.972 0.0000000000
56775  -44.485  -25.289  65.218 0.0000000000
58078  -42.939  -24.592  62.635 0.0000000000
58137  -41.918  -24.302  59.043 0.0000000000
59578  -41.271  -23.897  56.657 0.0000000000
60902  -43.550  -22.803  58.819 0.0000000000
62134  -44.135  -21.626  57.953 0.0000000000
77529  -50.930  -8.859  48.555 0.0000000000
79629  -53.371  -6.104  50.035 0.0000000000
49593  -33.425  -31.727  76.847 0.0000000000
45992  -32.173  -34.474  74.465 0.0000000000
48389  -33.128  -32.544  73.727 0.0000000000
48427  -33.335  -32.131  71.724 0.0000000000
49691  -33.334  -31.727  69.339 0.0000000000
64448  -47.447  -19.115  52.940 0.0000000000
69174  -53.633  -15.182  50.750 0.0000000000
70348  -55.969  -14.825  51.934 0.0000000000
133007  -41.842  -31.455  71.796 0.0000000000
49660  -40.095  -31.254  70.691 0.0000000000
48481  -41.635  -31.357  69.625 0.0000000000
47241  -41.019  -31.688  67.359 0.0000000000
48563  -39.725  -31.452  64.082 0.0000000000
52206  -42.261  -29.049  64.336 0.0000000000
51020  -41.531  -30.190  62.521 0.0000000000
48591  -39.044  -30.402  61.308 0.0000000000
62004  -50.587  -21.067  64.479 0.0000000000
47107  -41.233  -31.697  73.927 0.0000000000
50894  -44.039  -29.509  70.977 0.0000000000
53293  -45.838  -28.119  70.261 0.0000000000
63191  -52.374  -20.413  63.483 0.0000000000
65465  -53.577  -19.301  61.019 0.0000000000
66657  -54.538  -17.690  59.532 0.0000000000
66646  -57.151  -17.182  59.905 0.0000000000
67871  -55.665  -16.722  57.709 0.0000000000
69055  -56.428  -15.548  55.947 0.0000000000
70320  -56.923  -14.579  54.009 0.0000000000
71643  -57.468  -13.038  52.764 0.0000000000
74193  -57.290  -11.298  54.995 0.0000000000
75339  -58.673  -10.054  53.680 0.0000000000
74238  -58.438  -10.988  51.508 0.0000000000
76459  -59.125  -9.164  50.606 0.0000000000
75463  -51.513  -10.440  46.062 0.0000000000
41111  -32.719  -38.699  74.895 0.0000000000
41177  -37.133  -39.072  72.513 0.0000000000
44842  -33.850  -36.193  72.936 0.0000000000
42411  -36.722  -37.432  71.621 0.0000000000
48476  -37.812  -31.302  69.539 0.0000000000
49735  -35.127  -31.127  67.628 0.0000000000
48539  -32.869  -32.102  66.487 0.0000000000
48547  -32.396  -32.542  64.870 0.0000000000
62043  -48.080  -21.453  62.634 0.0000000000
62064  -48.891  -21.332  61.791 0.0000000000
62045  -49.754  -21.356  62.724 0.0000000000
60766  -47.545  -21.707  64.698 0.0000000000
60792  -46.363  -22.064  63.873 0.0000000000
62020  -47.552  -21.604  63.348 0.0000000000
62042  -46.957  -21.645  62.498 0.0000000000
70395  -55.244  -14.504  49.538 0.0000000000
71687  -55.962  -13.456  49.401 0.0000000000
71702  -56.254  -13.297  48.487 0.0000000000
73015  -56.623  -12.770  49.350 0.0000000000
48375  -39.378  -31.768  74.407 0.0000000000
48393  -37.622  -31.041  72.982 0.0000000000
49632  -39.271  -31.441  72.597 0.0000000000
63348  -43.605  -20.345  52.729 0.0000000000
63349  -44.810  -19.997  52.624 0.0000000000
66724  -51.507  -17.960  56.930 0.0000000000
66766  -50.722  -17.411  55.006 0.0000000000
67921  -51.806  -17.099  55.752 0.0000000000
67947  -52.496  -16.202  54.891 0.0000000000
67923  -53.575  -16.290  55.921 0.0000000000
53334  -44.685  -28.537  68.749 0.0000000000
52161  -44.005  -29.350  67.947 0.0000000000
53363  -44.059  -28.645  67.580 0.0000000000
56872  -40.950  -26.120  59.139 0.0000000000
55693  -41.171  -26.989  59.677 0.0000000000
55705  -40.534  -26.752  58.343 0.0000000000
54650  -40.257  -28.222  56.725 0.0000000000
62185  -44.242  -21.055  54.475 0.0000000000
62199  -42.582  -21.180  53.714 0.0000000000
63334  -43.218  -20.706  53.428 0.0000000000
72997  -53.455  -12.451  50.795 0.0000000000
73012  -52.126  -12.441  49.966 0.0000000000
74280  -54.233  -11.327  48.648 0.0000000000
74277  -51.764  -11.728  48.455 0.0000000000
44796  -32.525  -34.871  76.911 0.0000000000
44813  -34.256  -35.849  75.982 0.0000000000
45973  -32.671  -35.242  75.575 0.0000000000
46029  -32.394  -34.598  68.760 0.0000000000
44860  -32.796  -35.302  69.034 0.0000000000
44869  -32.906  -35.290  68.272 0.0000000000
43684  -33.976  -36.472  67.645 0.0000000000
44880  -32.811  -35.356  67.419 0.0000000000
49783  -38.335  -31.352  64.272 0.0000000000
49769  -37.323  -31.093  65.269 0.0000000000
49800  -36.760  -31.324  63.384 0.0000000000
63259  -46.267  -20.504  58.004 0.0000000000
63290  -46.875  -20.680  56.658 0.0000000000
63260  -47.065  -20.430  58.102 0.0000000000
63231  -49.983  -20.601  59.864 0.0000000000
63246  -49.611  -20.370  59.025 0.0000000000
64364  -50.764  -19.717  58.749 0.0000000000
64374  -50.594  -19.443  58.139 0.0000000000
64365  -51.383  -19.489  59.463 0.0000000000
58012  -45.363  -24.949  67.394 0.0000000000
56758  -44.687  -25.082  66.686 0.0000000000
58037  -44.889  -24.618  65.694 0.0000000000
59473  -44.799  -22.903  62.693 0.0000000000
58080  -44.132  -24.004  63.106 0.0000000000
59493  -43.738  -23.213  61.654 0.0000000000
59507  -42.684  -23.993  60.742 0.0000000000
59523  -43.292  -23.043  59.963 0.0000000000
60901  -42.771  -23.228  58.544 0.0000000000
60883  -44.109  -22.471  59.767 0.0000000000
62101  -46.133  -21.227  59.433 0.0000000000
62118  -45.197  -21.705  58.664 0.0000000000
62119  -45.813  -20.997  58.327 0.0000000000
62154  -45.219  -21.178  56.630 0.0000000000
49609  -34.848  -31.075  76.017 0.0000000000
49620  -33.263  -31.627  75.289 0.0000000000
48371  -34.612  -31.355  74.244 0.0000000000
48429  -35.962  -31.001  71.797 0.0000000000
48409  -34.189  -31.635  72.520 0.0000000000
48428  -34.509  -31.307  71.437 0.0000000000
48449  -33.261  -32.034  70.503 0.0000000000
49673  -33.941  -31.456  70.062 0.0000000000
63324  -47.589  -19.927  54.632 0.0000000000
64423  -47.284  -19.734  53.999 0.0000000000
64424  -47.872  -19.428  54.356 0.0000000000
66798  -49.355  -17.597  52.844 0.0000000000
66797  -48.550  -17.674  52.296 0.0000000000
68009  -49.298  -16.858  51.821 0.0000000000
69121  -53.543  -15.402  53.500 0.0000000000
69157  -52.625  -15.487  51.750 0.0000000000
69141  -54.628  -15.095  52.208 0.0000000000
70347  -55.112  -14.954  51.608 0.0000000000
69142  -55.508  -14.973  52.335 0.0000000000
47199  -42.947  -31.382  71.307 0.0000000000
48458  -41.518  -31.366  70.546 0.0000000000
48482  -42.762  -31.221  69.781 0.0000000000
49761  -42.336  -30.583  66.976 0.0000000000
47242  -41.334  -31.513  67.528 0.0000000000
47251  -41.241  -31.546  66.858 0.0000000000
47249  -40.258  -31.441  66.224 0.0000000000
48552  -40.736  -31.348  65.256 0.0000000000
55624  -43.273  -26.775  65.454 0.0000000000
53376  -43.085  -27.876  65.912 0.0000000000
54555  -42.351  -27.275  64.470 0.0000000000
52240  -41.100  -29.357  60.246 0.0000000000
52225  -41.331  -29.519  61.869 0.0000000000
51040  -40.921  -30.080  60.840 0.0000000000
51029  -40.530  -30.450  61.513 0.0000000000
59601  -41.800  -23.287  56.456 0.0000000000
52115  -45.471  -28.772  70.653 0.0000000000
56739  -47.171  -25.530  69.455 0.0000000000
63172  -51.474  -20.742  64.049 0.0000000000
64323  -54.314  -19.491  62.767 0.0000000000
64344  -54.690  -19.143  62.100 0.0000000000
65477  -54.174  -18.383  60.634 0.0000000000
65478  -55.192  -17.919  60.432 0.0000000000
67806  -57.393  -16.568  59.711 0.0000000000
66678  -56.260  -16.924  58.800 0.0000000000
67849  -56.554  -16.688  58.357 0.0000000000
67902  -55.881  -16.205  56.497 0.0000000000
67873  -57.387  -15.886  57.360 0.0000000000
72894  -58.612  -13.008  56.150 0.0000000000
70303  -58.251  -14.555  55.720 0.0000000000
71614  -58.229  -13.402  54.641 0.0000000000
70337  -57.274  -13.840  53.808 0.0000000000
71631  -58.376  -13.052  54.022 0.0000000000
72951  -55.571  -12.408  53.920 0.0000000000
75372  -57.456  -9.392  52.308 0.0000000000
76424  -57.435  -9.505  53.126 0.0000000000
76426  -58.365  -9.502  52.727 0.0000000000
74223  -58.908  -11.217  52.503 0.0000000000
75373  -58.637  -10.343  51.903 0.0000000000
75389  -58.468  -10.282  50.778 0.0000000000
76444  -58.730  -9.209  51.506 0.0000000000
76493  -56.663  -9.526  48.271 0.0000000000
77513  -59.095  -7.562  49.742 0.0000000000
77542  -59.337  -7.810  48.400 0.0000000000
78573  -51.294  -7.682  47.349 0.0000000000
76514  -50.607  -9.544  46.876 0.0000000000
77547  -50.665  -8.832  46.263 0.0000000000
43604  -36.836  -36.983  74.618 0.0000000000
41134  -35.356  -38.051  74.417 0.0000000000
41136  -36.939  -38.015  73.809 0.0000000000
41157  -36.483  -38.637  73.366 0.0000000000
41158  -37.193  -38.282  73.042 0.0000000000
46005  -32.246  -34.226  73.501 0.0000000000
44835  -33.086  -35.901  73.637 0.0000000000
44841  -32.734  -35.615  72.599 0.0000000000
43649  -35.106  -36.722  70.657 0.0000000000
42458  -36.469  -37.911  69.517 0.0000000000
48455  -39.470  -31.205  69.852 0.0000000000
48454  -38.603  -31.257  70.109 0.0000000000
48477  -38.790  -30.886  69.180 0.0000000000
49756  -36.271  -30.931  66.393 0.0000000000
49736  -36.160  -31.024  67.462 0.0000000000
49754  -34.242  -30.974  66.784 0.0000000000
49734  -34.112  -31.215  67.750 0.0000000000
49765  -33.499  -31.521  66.077 0.0000000000
47246  -32.003  -33.764  65.502 0.0000000000
62102  -47.365  -21.066  59.616 0.0000000000
63244  -47.730  -20.717  58.856 0.0000000000
62082  -48.147  -21.353  60.570 0.0000000000
62083  -49.358  -21.102  60.489 0.0000000000
63221  -50.773  -20.470  61.034 0.0000000000
59379  -46.589  -23.076  66.187 0.0000000000
59405  -45.628  -23.442  65.148 0.0000000000
59431  -46.220  -22.908  64.616 0.0000000000
60791  -45.673  -22.468  63.660 0.0000000000
60843  -44.837  -22.247  61.408 0.0000000000
60866  -44.833  -22.128  60.609 0.0000000000
62061  -45.550  -21.747  61.282 0.0000000000
62081  -46.926  -21.299  60.513 0.0000000000
73036  -57.318  -11.841  48.281 0.0000000000
48351  -36.408  -31.166  75.150 0.0000000000
48372  -35.733  -31.055  74.168 0.0000000000
48373  -36.936  -30.852  74.191 0.0000000000
48411  -36.631  -31.493  72.273 0.0000000000
48430  -36.862  -31.599  71.575 0.0000000000
64417  -49.451  -19.085  55.799 0.0000000000
65540  -49.029  -18.714  54.877 0.0000000000
66765  -49.866  -17.680  54.781 0.0000000000
66786  -50.292  -17.315  54.110 0.0000000000
67996  -50.582  -16.677  53.251 0.0000000000
69155  -50.895  -16.075  52.568 0.0000000000
69119  -51.878  -16.013  53.845 0.0000000000
69120  -52.546  -15.722  53.939 0.0000000000
69102  -54.450  -15.483  54.150 0.0000000000
49699  -43.860  -30.669  69.677 0.0000000000
48505  -43.230  -30.851  69.251 0.0000000000
50939  -43.889  -30.328  68.501 0.0000000000
50957  -43.402  -30.230  67.691 0.0000000000
50991  -42.647  -30.053  66.181 0.0000000000
55678  -41.746  -26.631  61.525 0.0000000000
54571  -41.730  -27.451  62.542 0.0000000000
55677  -41.444  -27.165  61.290 0.0000000000
54601  -40.905  -28.521  59.965 0.0000000000
52276  -40.675  -29.045  59.137 0.0000000000
51091  -39.746  -29.603  57.931 0.0000000000
53477  -40.335  -28.745  57.360 0.0000000000
62183  -42.342  -21.907  54.909 0.0000000000
71530  -57.064  -13.911  59.161 0.0000000000
70246  -57.677  -14.755  58.041 0.0000000000
71553  -57.836  -13.803  57.591 0.0000000000
74134  -57.863  -12.281  57.148 0.0000000000
74160  -57.845  -11.706  56.554 0.0000000000
72967  -53.281  -12.417  52.843 0.0000000000
74219  -55.118  -11.937  52.557 0.0000000000
74234  -54.877  -12.102  51.781 0.0000000000
74248  -55.399  -11.434  50.960 0.0000000000
75387  -56.705  -10.077  50.982 0.0000000000
76458  -58.207  -8.628  50.674 0.0000000000
75403  -56.627  -9.719  50.156 0.0000000000
75425  -55.518  -10.243  48.604 0.0000000000
75439  -55.505  -10.082  47.383 0.0000000000
79664  -51.820  -6.948  45.800 0.0000000000
78585  -50.940  -8.190  44.983 0.0000000000
78590  -51.375  -7.904  44.362 0.0000000000
42306  -33.324  -37.085  77.330 0.0000000000
41083  -34.405  -37.469  76.024 0.0000000000
43584  -34.817  -36.860  76.161 0.0000000000
43592  -35.233  -36.861  75.352 0.0000000000
43602  -35.279  -36.637  74.487 0.0000000000
46023  -32.163  -34.304  71.137 0.0000000000
44845  -33.155  -35.596  71.642 0.0000000000
44853  -33.224  -35.766  70.769 0.0000000000
44871  -33.926  -36.196  69.396 0.0000000000
42481  -35.651  -37.767  68.622 0.0000000000
43685  -34.647  -36.811  67.629 0.0000000000
48519  -38.966  -30.955  66.874 0.0000000000
49738  -38.110  -30.708  67.042 0.0000000000
49758  -38.102  -31.167  66.117 0.0000000000
49768  -36.401  -31.027  65.377 0.0000000000
49780  -35.558  -31.078  64.461 0.0000000000
63321  -44.944  -20.734  54.936 0.0000000000
63322  -45.705  -20.415  54.676 0.0000000000
63310  -46.607  -20.650  55.658 0.0000000000
63292  -48.576  -19.853  56.421 0.0000000000
63261  -48.078  -20.487  58.104 0.0000000000
63276  -48.380  -20.230  57.303 0.0000000000
63293  -49.437  -19.623  56.604 0.0000000000
64403  -50.305  -19.057  56.869 0.0000000000
65529  -51.209  -18.428  57.191 0.0000000000
66697  -51.786  -18.010  57.635 0.0000000000
55556  -45.599  -26.677  68.345 0.0000000000
54490  -44.228  -27.670  67.350 0.0000000000
55574  -44.488  -26.690  67.138 0.0000000000
55626  -44.168  -26.040  65.482 0.0000000000
56789  -43.360  -25.829  64.527 0.0000000000
58052  -44.619  -24.457  64.738 0.0000000000
58063  -43.758  -24.465  63.791 0.0000000000
56823  -42.695  -25.452  62.884 0.0000000000
56836  -42.284  -25.638  61.761 0.0000000000
58118  -41.688  -24.976  59.607 0.0000000000
58154  -41.127  -24.991  57.982 0.0000000000
58175  -41.172  -24.457  57.272 0.0000000000
58155  -41.605  -24.305  58.213 0.0000000000
60919  -42.655  -22.981  57.947 0.0000000000
60934  -42.568  -22.700  56.816 0.0000000000
60903  -44.380  -22.391  59.161 0.0000000000
62133  -43.909  -22.181  58.407 0.0000000000
60936  -43.667  -22.000  56.839 0.0000000000
62153  -44.138  -21.596  56.764 0.0000000000
62171  -44.522  -21.205  55.575 0.0000000000
76470  -50.885  -9.873  49.512 0.0000000000
78535  -52.054  -7.916  50.351 0.0000000000
79627  -51.983  -6.879  48.930 0.0000000000
79639  -52.408  -6.261  48.372 0.0000000000
80773  -52.779  -5.661  46.936 0.0000000000
80780  -52.847  -5.652  46.000 0.0000000000
48330  -32.654  -32.331  76.660 0.0000000000
47102  -31.977  -33.982  75.385 0.0000000000
48349  -32.601  -32.449  75.809 0.0000000000
47120  -32.921  -33.121  74.091 0.0000000000
48407  -32.663  -32.681  73.132 0.0000000000
48391  -34.960  -31.216  73.315 0.0000000000
48408  -33.092  -32.164  72.734 0.0000000000
47180  -32.708  -32.720  71.984 0.0000000000
47196  -32.477  -33.249  71.124 0.0000000000
47219  -32.423  -33.177  69.201 0.0000000000
47218  -32.274  -33.618  68.479 0.0000000000
63336  -45.806  -20.075  53.564 0.0000000000
64446  -46.177  -19.400  52.282 0.0000000000
65559  -48.362  -18.570  53.521 0.0000000000
70379  -55.067  -14.773  50.282 0.0000000000
70380  -55.775  -14.188  50.526 0.0000000000
47164  -41.005  -31.673  72.820 0.0000000000
49644  -39.727  -31.117  71.716 0.0000000000
49645  -41.068  -31.369  71.439 0.0000000000
49678  -40.679  -31.609  70.059 0.0000000000
48479  -40.609  -31.034  68.947 0.0000000000
48504  -42.129  -30.867  68.695 0.0000000000
47221  -41.177  -31.851  67.677 0.0000000000
48521  -40.757  -31.536  67.819 0.0000000000
47239  -39.960  -31.397  66.469 0.0000000000
47247  -39.257  -31.525  65.240 0.0000000000
49784  -38.878  -31.347  63.977 0.0000000000
53361  -43.556  -28.149  66.520 0.0000000000
52191  -42.968  -28.631  66.194 0.0000000000
50995  -42.345  -30.036  65.097 0.0000000000
53406  -41.908  -28.307  63.327 0.0000000000
51021  -41.823  -29.884  63.109 0.0000000000
49806  -41.702  -30.519  63.986 0.0000000000
49804  -40.303  -30.927  63.448 0.0000000000
49822  -39.556  -30.666  62.565 0.0000000000
58174  -40.384  -24.607  56.682 0.0000000000
60768  -49.345  -21.703  64.739 0.0000000000
60794  -49.800  -21.708  64.133 0.0000000000
43552  -32.625  -35.634  78.461 0.0000000000
48317  -33.053  -32.420  77.717 0.0000000000
49556  -33.571  -31.806  78.232 0.0000000000
49575  -34.885  -31.269  77.563 0.0000000000
48333  -37.825  -31.824  75.978 0.0000000000
48334  -38.677  -31.424  75.798 0.0000000000
47121  -39.797  -32.253  75.251 0.0000000000
47143  -40.723  -31.782  73.378 0.0000000000
133004  -41.649  -31.482  72.370 0.0000000000
47182  -42.793  -31.193  71.721 0.0000000000
48435  -43.351  -31.146  71.450 0.0000000000
50893  -43.773  -29.970  71.530 0.0000000000
49681  -43.861  -30.572  70.522 0.0000000000
50908  -44.488  -29.822  70.142 0.0000000000
52137  -45.089  -29.180  69.663 0.0000000000
54442  -45.073  -28.113  69.296 0.0000000000
54465  -46.099  -26.871  69.028 0.0000000000
55557  -46.453  -26.003  68.766 0.0000000000
56737  -46.358  -25.242  68.154 0.0000000000
60743  -48.442  -21.587  65.635 0.0000000000
62023  -50.309  -21.380  63.603 0.0000000000
63207  -51.466  -20.473  62.221 0.0000000000
63222  -51.447  -20.120  61.431 0.0000000000
63192  -53.258  -20.161  63.737 0.0000000000
64321  -52.856  -19.565  61.935 0.0000000000
64355  -52.245  -19.350  60.569 0.0000000000
65490  -52.192  -18.913  59.845 0.0000000000
65505  -53.162  -18.246  58.960 0.0000000000
66699  -53.741  -17.403  58.283 0.0000000000
66658  -55.486  -17.628  59.655 0.0000000000
66676  -54.589  -17.358  58.933 0.0000000000
67869  -53.778  -16.998  57.748 0.0000000000
67901  -54.679  -16.344  56.768 0.0000000000
67924  -54.716  -15.920  55.663 0.0000000000
69080  -56.112  -15.724  54.959 0.0000000000
69057  -57.927  -15.251  56.471 0.0000000000
69081  -56.938  -15.107  55.350 0.0000000000
69104  -56.488  -15.342  54.188 0.0000000000
70336  -56.860  -14.499  53.231 0.0000000000
70364  -57.117  -13.857  52.265 0.0000000000
71658  -57.147  -13.245  51.732 0.0000000000
74178  -56.874  -11.226  55.891 0.0000000000
75322  -58.137  -10.920  55.235 0.0000000000
74203  -56.302  -11.625  53.592 0.0000000000
75338  -57.879  -10.054  54.350 0.0000000000
74195  -58.881  -11.565  54.161 0.0000000000
74206  -59.047  -11.545  53.291 0.0000000000
72970  -57.941  -12.200  52.402 0.0000000000
72984  -57.425  -12.280  51.412 0.0000000000
74249  -57.862  -11.169  50.213 0.0000000000
74262  -57.458  -10.924  49.100 0.0000000000
75426  -58.124  -10.361  49.106 0.0000000000
77496  -58.872  -7.912  50.538 0.0000000000
76475  -59.293  -9.171  49.731 0.0000000000
76496  -59.442  -9.184  48.970 0.0000000000
75436  -51.265  -10.889  47.901 0.0000000000
74302  -51.989  -11.070  47.009 0.0000000000
75453  -54.521  -10.409  46.585 0.0000000000
76524  -51.873  -9.761  45.303 0.0000000000
75465  -53.621  -10.401  45.774 0.0000000000
75454  -55.504  -9.932  46.310 0.0000000000
39891  -34.422  -38.295  74.939 0.0000000000
44823  -32.937  -35.403  74.951 0.0000000000
44836  -34.053  -36.179  73.830 0.0000000000
43621  -35.613  -36.670  72.593 0.0000000000
43635  -34.495  -36.454  71.440 0.0000000000
43636  -35.464  -36.579  71.610 0.0000000000
42384  -36.356  -37.229  72.524 0.0000000000
42385  -37.175  -37.858  72.604 0.0000000000
49658  -38.483  -31.195  71.384 0.0000000000
48431  -37.612  -31.465  71.282 0.0000000000
49676  -36.691  -30.695  70.439 0.0000000000
49713  -37.097  -30.868  68.338 0.0000000000
49712  -36.015  -30.891  68.650 0.0000000000
49693  -35.414  -30.999  69.599 0.0000000000
49710  -33.820  -31.395  68.574 0.0000000000
48518  -32.773  -32.229  68.019 0.0000000000
47228  -32.373  -33.576  67.498 0.0000000000
49798  -34.660  -31.301  63.553 0.0000000000
49797  -33.751  -31.373  63.877 0.0000000000
49778  -33.326  -31.564  64.882 0.0000000000
48548  -32.851  -32.079  65.650 0.0000000000
47238  -32.156  -33.730  66.529 0.0000000000
46044  -32.401  -34.622  67.048 0.0000000000
62044  -48.912  -21.297  62.941 0.0000000000
62022  -49.285  -21.540  63.806 0.0000000000
62002  -48.448  -21.529  64.246 0.0000000000
62001  -47.820  -21.558  63.990 0.0000000000
70396  -55.789  -14.034  49.772 0.0000000000
72998  -56.463  -12.987  50.065 0.0000000000
48394  -38.808  -31.430  73.411 0.0000000000
48395  -39.758  -31.614  73.280 0.0000000000
66749  -51.833  -17.330  56.550 0.0000000000
66748  -51.534  -17.354  56.005 0.0000000000
67922  -52.275  -16.754  56.241 0.0000000000
52162  -44.276  -29.133  68.303 0.0000000000
53351  -44.278  -28.252  67.887 0.0000000000
56887  -40.884  -25.642  58.551 0.0000000000
56871  -40.725  -26.279  58.606 0.0000000000
62201  -44.134  -20.865  54.103 0.0000000000
62200  -43.680  -20.949  54.034 0.0000000000
74246  -51.372  -11.323  50.455 0.0000000000
73011  -51.539  -12.068  50.138 0.0000000000
73032  -51.794  -12.094  49.363 0.0000000000
74258  -51.414  -11.471  49.492 0.0000000000
45941  -32.518  -34.411  77.212 0.0000000000
44811  -32.616  -35.133  76.602 0.0000000000
45953  -32.546  -34.964  76.127 0.0000000000
44881  -33.448  -35.900  67.812 0.0000000000
63274  -46.584  -20.683  57.338 0.0000000000
63232  -50.729  -20.447  60.193 0.0000000000
63247  -50.563  -20.142  59.343 0.0000000000
58013  -45.860  -24.447  67.580 0.0000000000
58022  -45.143  -24.563  66.733 0.0000000000
60842  -44.202  -22.666  61.861 0.0000000000
59472  -44.403  -23.339  62.551 0.0000000000
59508  -43.259  -23.208  60.661 0.0000000000
60864  -43.604  -22.782  60.175 0.0000000000
59509  -44.036  -22.665  60.578 0.0000000000
49621  -34.142  -31.082  75.136 0.0000000000
48350  -35.295  -30.932  75.095 0.0000000000
48450  -34.086  -31.386  70.616 0.0000000000
49674  -34.837  -31.209  70.428 0.0000000000
64415  -48.159  -19.585  55.034 0.0000000000
64425  -48.452  -19.072  54.687 0.0000000000
67995  -49.843  -16.878  52.515 0.0000000000
69140  -53.590  -15.282  52.479 0.0000000000
69123  -55.640  -15.196  53.169 0.0000000000
48460  -43.183  -31.344  70.662 0.0000000000
48459  -42.290  -31.378  70.460 0.0000000000
48544  -41.700  -31.162  66.878 0.0000000000
48553  -41.316  -31.252  66.050 0.0000000000
49787  -41.580  -30.693  64.832 0.0000000000
55645  -42.893  -26.300  64.875 0.0000000000
55661  -41.850  -27.039  63.368 0.0000000000
52233  -41.184  -29.454  61.047 0.0000000000
51053  -40.637  -29.836  60.160 0.0000000000
51039  -40.198  -30.486  60.770 0.0000000000
51052  -39.985  -29.900  59.985 0.0000000000
65467  -55.083  -18.631  61.488 0.0000000000
69001  -57.451  -15.133  59.373 0.0000000000
68982  -57.344  -15.654  59.834 0.0000000000
68983  -57.361  -16.077  59.417 0.0000000000
67828  -57.190  -16.456  59.016 0.0000000000
67850  -57.133  -16.105  58.173 0.0000000000
67872  -56.668  -16.386  57.431 0.0000000000
69018  -57.464  -15.492  57.932 0.0000000000
71591  -58.386  -13.675  55.469 0.0000000000
72937  -58.571  -12.628  54.245 0.0000000000
72949  -53.470  -12.452  53.920 0.0000000000
76442  -57.320  -9.567  51.659 0.0000000000
76494  -57.947  -8.633  48.642 0.0000000000
78572  -50.901  -8.144  46.607 0.0000000000
39847  -33.026  -37.467  76.144 0.0000000000
43612  -36.522  -37.333  74.243 0.0000000000
42339  -36.855  -37.384  74.366 0.0000000000
42359  -36.967  -37.655  73.658 0.0000000000
46013  -32.183  -34.489  72.476 0.0000000000
44840  -32.073  -35.021  73.002 0.0000000000
46014  -32.612  -35.018  71.908 0.0000000000
48478  -39.844  -30.860  69.062 0.0000000000
49767  -35.400  -30.936  65.529 0.0000000000
49755  -35.278  -31.037  66.584 0.0000000000
62084  -50.211  -20.704  60.627 0.0000000000
60723  -47.075  -22.317  66.101 0.0000000000
59406  -46.290  -23.209  65.204 0.0000000000
60819  -46.874  -21.914  63.333 0.0000000000
60817  -45.224  -22.315  62.564 0.0000000000
62040  -45.256  -21.865  61.749 0.0000000000
62060  -45.167  -21.924  61.359 0.0000000000
62041  -45.870  -21.662  62.126 0.0000000000
62062  -46.454  -21.515  61.411 0.0000000000
70417  -55.111  -14.268  47.818 0.0000000000
73035  -56.922  -12.711  48.461 0.0000000000
48352  -37.489  -31.291  75.205 0.0000000000
49642  -38.066  -31.354  72.382 0.0000000000
63359  -44.679  -19.564  51.795 0.0000000000
65527  -50.030  -18.514  56.270 0.0000000000
65541  -49.726  -18.424  55.571 0.0000000000
67945  -51.113  -17.210  54.792 0.0000000000
67997  -51.164  -16.338  53.500 0.0000000000
67974  -51.485  -16.372  54.060 0.0000000000
69100  -53.056  -15.834  54.552 0.0000000000
69101  -53.584  -15.598  54.347 0.0000000000
67949  -54.312  -15.628  54.836 0.0000000000
50923  -44.247  -30.238  69.581 0.0000000000
49717  -43.703  -30.595  69.043 0.0000000000
50940  -44.094  -30.117  68.969 0.0000000000
52160  -43.828  -29.392  67.656 0.0000000000
50958  -43.859  -30.115  67.934 0.0000000000
50980  -43.571  -29.743  67.545 0.0000000000
50979  -43.059  -29.972  67.122 0.0000000000
52173  -42.870  -29.362  66.501 0.0000000000
55684  -41.678  -26.313  60.869 0.0000000000
55683  -41.423  -26.848  60.646 0.0000000000
54618  -40.614  -27.702  58.893 0.0000000000
54600  -40.650  -27.946  59.440 0.0000000000
53443  -40.817  -28.744  59.609 0.0000000000
53441  -40.562  -28.397  58.669 0.0000000000
53459  -40.571  -28.655  58.197 0.0000000000
62170  -43.360  -21.585  55.785 0.0000000000
72817  -56.777  -13.410  59.327 0.0000000000
71542  -57.433  -13.814  58.472 0.0000000000
74132  -56.607  -11.791  57.811 0.0000000000
72862  -57.098  -12.132  58.016 0.0000000000
74133  -57.369  -11.916  57.445 0.0000000000
74161  -58.325  -12.266  56.551 0.0000000000
74233  -51.990  -11.518  51.669 0.0000000000
74218  -52.274  -11.288  52.338 0.0000000000
72982  -52.979  -12.499  51.778 0.0000000000
72983  -53.922  -12.674  51.762 0.0000000000
73014  -53.845  -11.912  50.023 0.0000000000
74247  -54.512  -12.014  50.696 0.0000000000
75386  -56.167  -10.829  51.266 0.0000000000
75402  -55.654  -10.667  49.932 0.0000000000
74279  -53.590  -11.586  48.418 0.0000000000
74291  -53.921  -11.274  48.109 0.0000000000
75438  -54.375  -10.845  47.768 0.0000000000
79675  -51.723  -6.956  44.743 0.0000000000
43570  -33.764  -36.746  77.123 0.0000000000
43583  -34.253  -36.439  76.498 0.0000000000
44825  -33.996  -35.961  75.510 0.0000000000
43591  -34.563  -36.399  75.345 0.0000000000
43601  -34.678  -36.506  74.737 0.0000000000
44831  -34.734  -36.472  74.454 0.0000000000
46024  -32.471  -34.656  70.488 0.0000000000
44870  -33.596  -35.839  68.720 0.0000000000
43659  -34.502  -36.641  69.844 0.0000000000
43673  -35.218  -37.287  68.452 0.0000000000
43698  -34.119  -36.592  67.018 0.0000000000
62172  -45.482  -21.014  55.909 0.0000000000
63309  -45.649  -20.702  55.447 0.0000000000
62173  -46.013  -20.917  55.856 0.0000000000
63275  -47.400  -20.437  57.340 0.0000000000
63311  -47.722  -20.152  55.434 0.0000000000
62103  -48.473  -21.070  59.629 0.0000000000
63245  -48.738  -20.718  58.866 0.0000000000
63263  -50.140  -20.157  58.263 0.0000000000
63262  -49.166  -20.637  58.057 0.0000000000
63277  -49.470  -20.055  57.292 0.0000000000
64387  -50.036  -19.503  56.991 0.0000000000
64389  -50.915  -18.986  58.052 0.0000000000
64388  -50.597  -18.987  57.486 0.0000000000
65518  -52.092  -18.109  58.275 0.0000000000
55575  -45.184  -26.469  67.667 0.0000000000
56757  -44.500  -25.511  66.194 0.0000000000
55646  -43.818  -26.049  64.788 0.0000000000
55647  -44.171  -25.639  64.852 0.0000000000
58053  -45.067  -23.699  65.108 0.0000000000
58065  -44.899  -23.666  64.325 0.0000000000
58079  -43.463  -24.370  62.973 0.0000000000
56806  -43.129  -24.911  63.615 0.0000000000
56824  -42.997  -24.794  63.051 0.0000000000
58091  -42.675  -24.625  61.912 0.0000000000
58119  -42.299  -24.533  60.014 0.0000000000
60920  -43.413  -22.351  57.712 0.0000000000
62079  -45.108  -21.806  60.316 0.0000000000
60884  -44.701  -22.122  59.932 0.0000000000
60904  -44.935  -22.171  59.181 0.0000000000
62117  -44.480  -22.096  58.684 0.0000000000
60921  -43.774  -22.030  57.198 0.0000000000
63308  -45.147  -20.861  55.491 0.0000000000
79613  -52.204  -6.991  50.015 0.0000000000
79628  -52.721  -6.250  49.435 0.0000000000
80760  -52.883  -5.715  47.867 0.0000000000
80774  -53.395  -5.281  47.430 0.0000000000
80781  -53.377  -5.204  46.561 0.0000000000
49607  -33.098  -31.903  76.018 0.0000000000
48370  -33.542  -31.693  74.385 0.0000000000
48369  -32.666  -32.491  74.819 0.0000000000
48388  -32.753  -33.011  73.502 0.0000000000
48474  -32.777  -32.510  69.552 0.0000000000
48497  -32.796  -32.590  68.725 0.0000000000
63337  -46.670  -19.839  53.676 0.0000000000
64434  -47.104  -19.542  53.254 0.0000000000
64447  -46.927  -19.231  52.498 0.0000000000
65550  -49.382  -18.289  54.467 0.0000000000
65549  -48.731  -18.629  54.226 0.0000000000
69156  -51.611  -15.658  52.168 0.0000000000
69158  -53.618  -15.317  51.481 0.0000000000
69175  -54.195  -15.034  50.663 0.0000000000
70361  -54.815  -15.077  50.821 0.0000000000
70362  -55.486  -14.654  51.142 0.0000000000
48414  -41.232  -31.556  72.278 0.0000000000
49634  -40.792  -31.538  72.278 0.0000000000
49679  -41.184  -31.471  70.162 0.0000000000
49697  -41.020  -31.431  69.615 0.0000000000
48457  -40.697  -31.378  69.454 0.0000000000
48480  -41.065  -31.154  69.014 0.0000000000
49716  -43.281  -30.641  68.428 0.0000000000
48522  -42.077  -30.836  68.155 0.0000000000
47231  -41.174  -32.123  67.876 0.0000000000
47220  -41.000  -31.829  67.847 0.0000000000
47230  -40.981  -31.718  67.723 0.0000000000
47229  -40.305  -31.470  67.255 0.0000000000
47240  -40.561  -31.557  67.007 0.0000000000
47270  -39.845  -31.546  64.723 0.0000000000
47248  -39.726  -31.456  65.684 0.0000000000
47256  -39.587  -31.556  64.888 0.0000000000
48550  -39.271  -31.457  64.338 0.0000000000
49803  -39.308  -31.179  63.386 0.0000000000
54514  -44.115  -27.277  66.617 0.0000000000
53362  -43.982  -28.247  67.177 0.0000000000
54513  -43.849  -27.723  66.631 0.0000000000
53375  -42.501  -28.186  65.197 0.0000000000
52190  -42.581  -29.237  65.591 0.0000000000
54576  -41.592  -27.599  61.722 0.0000000000
53410  -41.616  -28.464  62.303 0.0000000000
52226  -41.594  -29.405  62.538 0.0000000000
51007  -42.073  -30.043  63.946 0.0000000000
51006  -41.600  -30.334  63.422 0.0000000000
49805  -41.295  -30.840  63.837 0.0000000000
51005  -41.122  -30.561  63.126 0.0000000000
49834  -39.800  -30.651  61.276 0.0000000000
49823  -40.065  -30.567  62.168 0.0000000000
48580  -39.380  -30.489  62.093 0.0000000000
49821  -38.831  -30.685  62.323 0.0000000000
49833  -38.886  -30.395  61.650 0.0000000000
59577  -40.774  -23.833  56.323 0.0000000000
43568  -32.441  -36.434  78.234 0.0000000000
49597  -37.231  -31.370  76.638 0.0000000000
47123  -41.036  -31.839  73.710 0.0000000000
47124  -41.705  -31.387  73.144 0.0000000000
49662  -43.489  -30.571  71.922 0.0000000000
52090  -44.603  -29.364  71.530 0.0000000000
50879  -44.198  -29.604  71.639 0.0000000000
49663  -43.713  -30.561  71.185 0.0000000000
49680  -44.040  -30.595  70.068 0.0000000000
50895  -44.838  -29.260  70.728 0.0000000000
52114  -45.169  -29.166  70.245 0.0000000000
52138  -45.494  -28.753  70.137 0.0000000000
53315  -45.515  -28.332  69.720 0.0000000000
54444  -46.391  -26.986  69.644 0.0000000000
54466  -46.700  -26.242  69.464 0.0000000000
56738  -46.961  -25.082  68.972 0.0000000000
58003  -46.519  -24.218  68.361 0.0000000000
60795  -50.049  -21.656  64.399 0.0000000000
63190  -51.309  -20.666  63.158 0.0000000000
63223  -51.879  -20.012  61.926 0.0000000000
64342  -53.354  -19.459  61.390 0.0000000000
64322  -53.401  -19.530  62.281 0.0000000000
64341  -52.311  -19.635  61.475 0.0000000000
64356  -52.855  -19.611  60.931 0.0000000000
65475  -52.564  -19.169  60.324 0.0000000000
65476  -53.219  -19.193  60.567 0.0000000000
65492  -54.409  -17.970  59.980 0.0000000000
65491  -53.432  -18.372  59.652 0.0000000000
66675  -53.637  -17.861  58.943 0.0000000000
66674  -52.953  -18.088  58.650 0.0000000000
67805  -57.202  -16.643  60.428 0.0000000000
65479  -55.787  -17.783  60.464 0.0000000000
66645  -56.330  -17.476  60.391 0.0000000000
67848  -56.021  -16.897  58.382 0.0000000000
66677  -55.541  -17.082  58.664 0.0000000000
66701  -55.138  -16.987  58.033 0.0000000000
66700  -54.595  -17.118  58.212 0.0000000000
67870  -54.585  -16.727  57.627 0.0000000000
67925  -55.679  -15.791  55.595 0.0000000000
69079  -55.138  -15.622  54.892 0.0000000000
70257  -58.186  -14.589  57.236 0.0000000000
69032  -57.993  -15.285  57.190 0.0000000000
69058  -58.293  -15.026  56.614 0.0000000000
70302  -57.670  -14.636  55.218 0.0000000000
70301  -57.094  -14.730  54.696 0.0000000000
69124  -56.484  -15.012  53.444 0.0000000000
71630  -57.803  -13.072  53.571 0.0000000000
70350  -57.341  -13.893  52.986 0.0000000000
72936  -56.705  -11.808  54.940 0.0000000000
72918  -56.107  -11.751  55.807 0.0000000000
72919  -56.788  -11.519  55.411 0.0000000000
74179  -57.785  -11.052  55.702 0.0000000000
74194  -57.705  -10.871  55.056 0.0000000000
74220  -55.728  -11.582  52.962 0.0000000000
74221  -56.374  -10.785  53.131 0.0000000000
76413  -58.086  -9.584  53.430 0.0000000000
75337  -57.429  -10.037  53.657 0.0000000000
75329  -58.461  -10.737  54.570 0.0000000000
75330  -59.023  -10.705  53.965 0.0000000000
74196  -59.211  -10.971  53.757 0.0000000000
74207  -59.265  -11.099  53.429 0.0000000000
74222  -58.119  -11.605  51.816 0.0000000000
74237  -57.741  -11.456  51.103 0.0000000000
72999  -57.085  -12.211  50.352 0.0000000000
75388  -58.213  -10.697  50.286 0.0000000000
75404  -58.184  -10.582  49.859 0.0000000000
75405  -58.578  -9.797  49.809 0.0000000000
77514  -59.556  -7.760  49.485 0.0000000000
77498  -59.579  -7.985  49.966 0.0000000000
76476  -59.603  -8.503  49.451 0.0000000000
77511  -50.888  -9.244  49.363 0.0000000000
76492  -50.653  -9.686  48.819 0.0000000000
75435  -50.669  -10.314  48.342 0.0000000000
75462  -50.912  -10.205  46.575 0.0000000000
75450  -51.480  -10.747  46.971 0.0000000000
75451  -52.166  -10.990  46.523 0.0000000000
75452  -53.334  -10.918  46.813 0.0000000000
77557  -51.434  -8.757  44.541 0.0000000000
77553  -51.539  -9.220  44.881 0.0000000000
76535  -52.718  -10.102  44.623 0.0000000000
75466  -54.716  -10.380  45.646 0.0000000000
41096  -34.717  -37.504  75.560 0.0000000000
39869  -34.412  -37.893  75.490 0.0000000000
41114  -34.899  -37.711  74.966 0.0000000000
41156  -35.696  -38.523  73.865 0.0000000000
39911  -34.836  -38.651  74.127 0.0000000000
39923  -35.420  -39.031  73.274 0.0000000000
39924  -36.294  -39.406  72.722 0.0000000000
39940  -37.628  -39.598  71.841 0.0000000000
47101  -31.686  -34.063  75.083 0.0000000000
45972  -32.358  -34.858  75.083 0.0000000000
43609  -34.789  -36.379  73.219 0.0000000000
43647  -33.636  -36.241  70.884 0.0000000000
43634  -33.676  -36.226  71.277 0.0000000000
43650  -36.141  -36.993  70.824 0.0000000000
43637  -36.236  -36.730  71.920 0.0000000000
43622  -36.080  -36.839  72.389 0.0000000000
43674  -35.354  -37.402  68.133 0.0000000000
49659  -39.083  -31.052  71.172 0.0000000000
48432  -38.390  -31.181  70.927 0.0000000000
48453  -37.784  -31.235  70.508 0.0000000000
48452  -37.014  -30.997  70.988 0.0000000000
48475  -37.199  -30.816  70.102 0.0000000000
49714  -37.986  -30.861  67.981 0.0000000000
49711  -34.819  -31.165  68.594 0.0000000000
49753  -33.440  -31.497  67.038 0.0000000000
49733  -33.353  -31.671  67.860 0.0000000000
48530  -32.837  -32.095  67.313 0.0000000000
48517  -32.599  -32.725  67.563 0.0000000000
48529  -32.452  -32.804  66.909 0.0000000000
48562  -33.914  -31.383  63.294 0.0000000000
49777  -32.655  -31.921  64.279 0.0000000000
46050  -32.538  -34.895  66.177 0.0000000000
60765  -46.670  -22.384  64.580 0.0000000000
60793  -47.103  -21.763  64.001 0.0000000000
71686  -55.559  -14.107  49.173 0.0000000000
71701  -55.580  -13.848  48.524 0.0000000000
49631  -38.477  -31.361  72.683 0.0000000000
63350  -45.711  -19.693  52.718 0.0000000000
66723  -50.968  -18.133  56.542 0.0000000000
66747  -50.673  -17.823  56.040 0.0000000000
66767  -51.141  -17.433  55.521 0.0000000000
67946  -51.575  -17.098  55.110 0.0000000000
52152  -44.671  -29.285  68.931 0.0000000000
50960  -44.297  -29.646  68.643 0.0000000000
52176  -44.050  -28.867  67.824 0.0000000000
52175  -44.013  -28.927  67.536 0.0000000000
56860  -41.229  -25.777  60.024 0.0000000000
55706  -40.820  -27.083  58.899 0.0000000000
54617  -40.481  -27.694  58.382 0.0000000000
54635  -40.409  -27.921  57.462 0.0000000000
55721  -40.362  -26.874  57.675 0.0000000000
55734  -40.179  -27.087  56.684 0.0000000000
63333  -42.718  -20.831  53.329 0.0000000000
72980  -51.661  -11.988  51.334 0.0000000000
72996  -52.537  -12.641  50.822 0.0000000000
73013  -53.041  -12.341  49.766 0.0000000000
74260  -54.771  -11.550  49.557 0.0000000000
74259  -53.777  -11.812  49.180 0.0000000000
73034  -53.152  -12.120  48.755 0.0000000000
74278  -52.362  -12.027  48.345 0.0000000000
44797  -32.756  -35.284  77.285 0.0000000000
44812  -33.210  -35.749  76.197 0.0000000000
44824  -33.468  -35.669  75.230 0.0000000000
43671  -33.856  -36.300  68.203 0.0000000000
44892  -33.345  -36.017  66.693 0.0000000000
48540  -38.802  -31.444  65.227 0.0000000000
49770  -38.160  -31.165  65.196 0.0000000000
49782  -37.460  -31.184  64.291 0.0000000000
64375  -51.137  -19.187  58.554 0.0000000000
65503  -51.599  -18.799  59.079 0.0000000000
56747  -45.750  -25.290  67.639 0.0000000000
56746  -44.887  -25.569  67.273 0.0000000000
58021  -44.766  -24.919  66.315 0.0000000000
59453  -44.996  -23.247  63.391 0.0000000000
59452  -44.507  -23.671  63.219 0.0000000000
58093  -43.958  -23.940  62.406 0.0000000000
58092  -43.346  -24.122  62.156 0.0000000000
59491  -42.687  -24.317  61.277 0.0000000000
59492  -42.997  -23.850  61.437 0.0000000000
59522  -42.904  -23.571  59.969 0.0000000000
59541  -42.658  -23.544  59.164 0.0000000000
59542  -43.226  -23.155  59.471 0.0000000000
60882  -43.624  -22.777  59.676 0.0000000000
62135  -45.065  -21.343  57.624 0.0000000000
62136  -45.847  -20.956  57.403 0.0000000000
49608  -33.871  -31.463  76.034 0.0000000000
48410  -35.426  -31.162  72.460 0.0000000000
64435  -47.710  -19.173  53.606 0.0000000000
65570  -48.790  -18.157  53.184 0.0000000000
66806  -48.870  -17.369  52.122 0.0000000000
69159  -54.374  -15.196  51.223 0.0000000000
47198  -42.312  -31.359  71.162 0.0000000000
47197  -41.849  -31.276  70.913 0.0000000000
49739  -42.788  -30.613  67.811 0.0000000000
48535  -41.836  -30.961  67.635 0.0000000000
47258  -40.660  -31.416  66.027 0.0000000000
49785  -40.509  -31.428  64.362 0.0000000000
54535  -42.834  -27.194  65.424 0.0000000000
53394  -42.085  -28.059  64.175 0.0000000000
53428  -41.057  -28.768  60.492 0.0000000000
53409  -41.263  -28.995  62.106 0.0000000000
51030  -41.198  -30.167  61.644 0.0000000000
51019  -40.805  -30.490  62.389 0.0000000000
49846  -40.067  -30.683  61.050 0.0000000000
48377  -41.863  -31.207  73.566 0.0000000000
52091  -45.169  -29.034  71.325 0.0000000000
54467  -47.209  -25.991  69.663 0.0000000000
62005  -51.255  -20.607  64.896 0.0000000000
63171  -50.812  -20.879  63.751 0.0000000000
63173  -52.243  -20.340  64.371 0.0000000000
64343  -54.195  -19.232  61.885 0.0000000000
65466  -53.944  -18.995  61.198 0.0000000000
70220  -56.543  -14.861  59.904 0.0000000000
66660  -57.130  -16.978  59.416 0.0000000000
67903  -56.944  -15.910  56.685 0.0000000000
71569  -58.419  -14.099  56.196 0.0000000000
70277  -58.356  -14.702  56.269 0.0000000000
70322  -58.178  -14.180  55.060 0.0000000000
70321  -57.583  -14.097  54.545 0.0000000000
71613  -57.833  -13.443  54.157 0.0000000000
72954  -58.635  -12.371  53.632 0.0000000000
72934  -54.750  -12.512  54.935 0.0000000000
72935  -55.886  -12.509  55.030 0.0000000000
72952  -56.395  -11.993  54.277 0.0000000000
75371  -56.724  -10.333  52.153 0.0000000000
75351  -57.064  -10.039  53.186 0.0000000000
75352  -57.302  -9.555  52.757 0.0000000000
76425  -57.756  -9.114  52.898 0.0000000000
75354  -59.312  -10.855  53.025 0.0000000000
75353  -58.845  -10.236  52.758 0.0000000000
74250  -58.119  -10.939  50.935 0.0000000000
76474  -58.471  -8.267  49.737 0.0000000000
76495  -58.941  -7.995  48.918 0.0000000000
77531  -59.489  -7.695  48.871 0.0000000000
77541  -51.277  -8.245  48.058 0.0000000000
76504  -50.508  -9.552  47.895 0.0000000000
77540  -50.729  -8.652  47.379 0.0000000000
76523  -50.840  -9.721  45.899 0.0000000000
76542  -52.903  -10.154  44.116 0.0000000000
39889  -33.136  -38.501  75.188 0.0000000000
43594  -36.668  -37.016  74.803 0.0000000000
42337  -35.413  -37.583  74.683 0.0000000000
41135  -36.295  -38.070  74.062 0.0000000000
44834  -32.402  -35.183  73.580 0.0000000000
42436  -37.046  -38.343  70.278 0.0000000000
41230  -37.058  -38.643  69.944 0.0000000000
41229  -36.761  -38.887  69.426 0.0000000000
48434  -39.819  -31.675  70.211 0.0000000000
48433  -39.266  -31.217  70.494 0.0000000000
47254  -32.060  -33.643  64.359 0.0000000000
58039  -46.233  -23.597  65.876 0.0000000000
60764  -46.115  -22.604  64.251 0.0000000000
60816  -44.562  -22.596  62.272 0.0000000000
59510  -44.595  -22.449  60.738 0.0000000000
60867  -45.198  -21.881  60.842 0.0000000000
62080  -45.795  -21.543  60.491 0.0000000000
48451  -36.421  -31.031  71.377 0.0000000000
66746  -50.141  -17.694  55.420 0.0000000000
66785  -49.684  -17.785  53.854 0.0000000000
66799  -50.021  -17.409  53.464 0.0000000000
69137  -50.997  -16.276  52.989 0.0000000000
69138  -51.479  -15.992  53.240 0.0000000000
67975  -52.077  -16.042  54.184 0.0000000000
48484  -43.560  -30.988  69.992 0.0000000000
48483  -43.459  -30.973  69.921 0.0000000000
48506  -43.599  -30.761  69.498 0.0000000000
50959  -44.124  -29.844  68.323 0.0000000000
49740  -43.414  -30.467  67.959 0.0000000000
55672  -41.986  -26.526  62.618 0.0000000000
54570  -41.657  -27.090  62.984 0.0000000000
54575  -40.975  -27.735  61.196 0.0000000000
54585  -40.749  -27.934  60.359 0.0000000000
54584  -40.634  -28.069  60.908 0.0000000000
54586  -41.006  -28.614  60.175 0.0000000000
52241  -41.040  -29.060  59.801 0.0000000000
52253  -40.803  -29.312  59.693 0.0000000000
51069  -40.015  -29.684  58.896 0.0000000000
52275  -40.598  -29.214  58.949 0.0000000000
52274  -40.409  -29.371  57.993 0.0000000000
52298  -39.989  -29.223  57.232 0.0000000000
62169  -42.734  -22.178  56.022 0.0000000000
60968  -41.799  -22.448  54.870 0.0000000000
62198  -41.375  -21.770  54.023 0.0000000000
62220  -41.790  -21.228  53.178 0.0000000000
70233  -57.147  -14.678  59.523 0.0000000000
70234  -57.452  -14.638  58.967 0.0000000000
72863  -57.526  -12.739  57.988 0.0000000000
72864  -58.181  -12.970  57.092 0.0000000000
74180  -58.472  -11.634  55.560 0.0000000000
72968  -54.344  -12.613  52.852 0.0000000000
72969  -55.005  -12.222  53.226 0.0000000000
74235  -55.768  -11.217  52.002 0.0000000000
75370  -56.227  -10.795  51.801 0.0000000000
76457  -57.412  -9.332  50.840 0.0000000000
76472  -56.266  -9.747  49.334 0.0000000000
75424  -54.932  -10.913  48.976 0.0000000000
78586  -51.186  -7.543  45.295 0.0000000000
78589  -51.177  -8.317  44.682 0.0000000000
76540  -51.865  -9.143  44.121 0.0000000000
41081  -33.542  -37.553  76.793 0.0000000000
42307  -34.143  -37.161  76.667 0.0000000000
42316  -34.821  -37.183  76.053 0.0000000000
43603  -36.196  -36.948  74.506 0.0000000000
43611  -36.190  -36.836  73.920 0.0000000000
46018  -32.456  -35.100  71.261 0.0000000000
44854  -33.660  -36.229  70.636 0.0000000000
44861  -33.230  -35.508  69.738 0.0000000000
44862  -33.737  -36.229  70.170 0.0000000000
48520  -39.871  -31.236  67.502 0.0000000000
49757  -37.231  -31.070  66.239 0.0000000000
63312  -48.496  -19.647  55.661 0.0000000000
64401  -49.158  -19.461  56.009 0.0000000000
64402  -49.831  -19.035  56.368 0.0000000000
65528  -50.629  -18.482  56.728 0.0000000000
54491  -44.793  -27.241  67.843 0.0000000000
56745  -44.407  -26.061  66.754 0.0000000000
55597  -44.272  -26.437  66.299 0.0000000000
54537  -44.058  -26.723  65.938 0.0000000000
55625  -43.691  -26.485  65.432 0.0000000000
56805  -42.827  -25.592  64.113 0.0000000000
58038  -45.668  -23.893  65.732 0.0000000000
58064  -44.442  -24.029  63.848 0.0000000000
58051  -44.094  -24.626  64.374 0.0000000000
56791  -44.226  -25.091  64.729 0.0000000000
56790  -43.631  -25.254  64.440 0.0000000000
56848  -41.897  -25.642  60.732 0.0000000000
58103  -42.464  -24.822  61.043 0.0000000000
56861  -41.745  -25.206  60.106 0.0000000000
58136  -41.310  -25.125  58.928 0.0000000000
58153  -40.609  -25.100  57.461 0.0000000000
58176  -41.436  -24.342  57.682 0.0000000000
59579  -41.932  -23.771  57.358 0.0000000000
59557  -42.250  -23.671  58.345 0.0000000000
59524  -44.460  -22.375  60.299 0.0000000000
62116  -44.114  -22.392  58.764 0.0000000000
60935  -43.321  -22.257  56.918 0.0000000000
62151  -42.968  -22.256  56.574 0.0000000000
62152  -43.332  -21.938  56.507 0.0000000000
76471  -51.263  -9.427  50.110 0.0000000000
77512  -51.406  -8.569  49.628 0.0000000000
78550  -51.762  -7.695  49.339 0.0000000000
77530  -51.476  -8.237  48.757 0.0000000000
78562  -51.626  -7.621  48.373 0.0000000000
79638  -51.750  -6.835  47.900 0.0000000000
80749  -53.487  -5.573  49.365 0.0000000000
80748  -52.920  -5.694  48.712 0.0000000000
79653  -52.280  -6.246  47.387 0.0000000000
79652  -51.698  -6.857  46.858 0.0000000000
79665  -52.365  -6.322  46.369 0.0000000000
79676  -52.387  -6.207  45.235 0.0000000000
80792  -53.352  -5.056  45.678 0.0000000000
80800  -52.792  -5.679  44.387 0.0000000000
48316  -32.366  -32.982  77.086 0.0000000000
47087  -32.777  -33.960  76.023 0.0000000000
48329  -32.248  -33.063  76.342 0.0000000000
48348  -32.206  -33.107  75.609 0.0000000000
48368  -32.202  -33.215  75.055 0.0000000000
49619  -32.819  -32.017  75.470 0.0000000000
47119  -32.244  -33.537  74.436 0.0000000000
47141  -32.577  -33.365  73.708 0.0000000000
47162  -32.341  -33.406  72.982 0.0000000000
47179  -32.046  -33.467  72.006 0.0000000000
48390  -33.875  -31.715  73.465 0.0000000000
47163  -32.504  -32.810  72.547 0.0000000000
47195  -32.098  -33.846  71.440 0.0000000000
47210  -32.454  -33.404  69.994 0.0000000000
47209  -32.083  -33.898  69.249 0.0000000000
49819  -37.026  -31.628  62.626 0.0000000000
64433  -46.397  -19.637  53.002 0.0000000000
64456  -46.019  -19.157  51.559 0.0000000000
64436  -48.203  -18.981  54.090 0.0000000000
65558  -47.836  -18.705  53.071 0.0000000000
65569  -48.352  -18.201  52.769 0.0000000000
65568  -47.550  -18.580  52.430 0.0000000000
70378  -54.338  -14.789  50.213 0.0000000000
71657  -56.487  -13.683  50.981 0.0000000000
48396  -40.572  -31.608  72.912 0.0000000000
49633  -40.221  -31.396  72.406 0.0000000000
49661  -40.904  -31.329  70.571 0.0000000000
49677  -40.195  -31.762  70.196 0.0000000000
48456  -40.184  -31.514  69.696 0.0000000000
48501  -40.320  -31.115  68.224 0.0000000000
48503  -41.327  -31.218  68.443 0.0000000000
47232  -41.449  -31.362  67.867 0.0000000000
47222  -41.418  -31.271  68.017 0.0000000000
48502  -40.963  -31.466  68.196 0.0000000000
48532  -39.558  -31.269  66.671 0.0000000000
48541  -39.370  -31.322  65.877 0.0000000000
48549  -38.943  -31.493  64.679 0.0000000000
49802  -38.465  -31.253  63.228 0.0000000000
53350  -44.109  -28.114  67.449 0.0000000000
54565  -41.897  -27.407  63.458 0.0000000000
52219  -41.953  -29.224  63.233 0.0000000000
49786  -40.950  -31.375  64.467 0.0000000000
49820  -37.683  -31.151  62.270 0.0000000000
62003  -48.946  -21.630  64.426 0.0000000000
60769  -49.949  -21.457  65.078 0.0000000000
42305  -32.499  -36.843  77.871 0.0000000000
43569  -33.113  -36.164  77.784 0.0000000000
44781  -32.676  -35.018  78.442 0.0000000000
45942  -32.748  -34.299  77.950 0.0000000000
47076  -32.610  -33.564  77.592 0.0000000000
47061  -32.806  -33.412  78.434 0.0000000000
49574  -33.894  -31.568  77.657 0.0000000000
49594  -34.410  -31.396  76.844 0.0000000000
49595  -35.403  -31.170  76.802 0.0000000000
49596  -36.371  -31.215  76.751 0.0000000000
48332  -36.923  -31.419  76.053 0.0000000000
48353  -38.464  -31.456  74.992 0.0000000000
47122  -40.086  -32.132  74.363 0.0000000000
47144  -41.447  -31.518  72.689 0.0000000000
133006  -41.746  -31.486  72.155 0.0000000000
47165  -42.268  -31.376  72.075 0.0000000000
47181  -42.490  -31.341  71.580 0.0000000000
48436  -43.663  -31.076  70.838 0.0000000000
50907  -44.186  -30.434  69.866 0.0000000000
50924  -44.472  -29.735  69.342 0.0000000000
50909  -45.018  -29.237  70.461 0.0000000000
53314  -45.070  -28.740  69.248 0.0000000000
54426  -46.353  -27.223  70.300 0.0000000000
54425  -46.057  -27.689  69.863 0.0000000000
54443  -45.696  -27.566  69.420 0.0000000000
55558  -46.985  -25.765  69.436 0.0000000000
59361  -46.480  -23.373  67.426 0.0000000000
59341  -46.838  -23.367  68.296 0.0000000000
59380  -46.912  -22.605  66.801 0.0000000000
60742  -47.643  -21.815  65.547 0.0000000000
60767  -48.435  -21.578  64.880 0.0000000000
62046  -50.693  -21.015  62.600 0.0000000000
62024  -50.728  -21.020  63.188 0.0000000000
62066  -50.946  -20.687  61.761 0.0000000000
63233  -51.232  -20.108  60.600 0.0000000000
63210  -53.881  -20.227  63.234 0.0000000000
63209  -53.113  -20.070  62.836 0.0000000000
63208  -52.368  -20.025  62.450 0.0000000000
64340  -51.670  -19.653  60.902 0.0000000000
64354  -51.544  -19.661  60.251 0.0000000000
64366  -51.804  -19.341  60.047 0.0000000000
65489  -51.650  -19.043  59.508 0.0000000000
65504  -52.406  -18.301  58.816 0.0000000000
66698  -52.493  -17.746  58.007 0.0000000000
67868  -53.247  -17.344  57.823 0.0000000000
65468  -55.745  -17.962  60.806 0.0000000000
65493  -54.976  -17.850  59.884 0.0000000000
66659  -56.451  -17.244  59.404 0.0000000000
67899  -52.898  -17.081  57.330 0.0000000000
67900  -53.583  -16.518  57.025 0.0000000000
69103  -55.455  -15.574  54.065 0.0000000000
67904  -57.607  -15.616  56.775 0.0000000000
69056  -57.262  -15.326  56.234 0.0000000000
69082  -57.770  -15.018  55.857 0.0000000000
70335  -56.216  -14.888  52.748 0.0000000000
70349  -56.681  -14.416  52.444 0.0000000000
70363  -56.423  -14.201  51.560 0.0000000000
74204  -57.035  -10.905  54.077 0.0000000000
74205  -57.523  -10.688  54.638 0.0000000000
75328  -58.025  -10.662  55.058 0.0000000000
72953  -58.043  -12.421  53.171 0.0000000000
74224  -59.302  -11.172  53.044 0.0000000000
72971  -58.598  -11.929  53.031 0.0000000000
71671  -56.863  -13.064  50.787 0.0000000000
77481  -58.734  -8.580  51.039 0.0000000000
77482  -59.163  -8.250  50.772 0.0000000000
76445  -59.229  -8.483  50.799 0.0000000000
77497  -59.339  -7.770  50.296 0.0000000000
77483  -59.443  -8.058  50.556 0.0000000000
76460  -59.449  -8.469  50.295 0.0000000000
75427  -58.817  -9.929  48.774 0.0000000000
75423  -51.058  -10.954  48.870 0.0000000000
74288  -51.880  -11.317  47.481 0.0000000000
75449  -50.739  -10.276  47.396 0.0000000000
74304  -52.994  -11.418  47.259 0.0000000000
75437  -53.765  -11.056  47.369 0.0000000000
78579  -50.899  -8.153  45.771 0.0000000000
75464  -52.540  -10.579  45.750 0.0000000000
75476  -53.022  -10.465  45.178 0.0000000000
76505  -56.415  -9.533  46.933 0.0000000000
39848  -33.690  -37.587  75.983 0.0000000000
39890  -33.720  -38.480  75.184 0.0000000000
41113  -33.433  -38.589  74.901 0.0000000000
39938  -35.709  -39.866  72.239 0.0000000000
47088  -32.498  -34.592  75.785 0.0000000000
44829  -33.438  -35.787  74.450 0.0000000000
44828  -32.690  -35.347  74.368 0.0000000000
44837  -34.801  -36.362  74.037 0.0000000000
43610  -35.465  -36.619  73.583 0.0000000000
42357  -35.911  -37.113  73.127 0.0000000000
44846  -33.751  -36.165  72.038 0.0000000000
43620  -34.696  -36.413  72.305 0.0000000000
42383  -35.976  -36.973  72.651 0.0000000000
41178  -37.952  -38.776  72.091 0.0000000000
49643  -38.577  -31.266  71.937 0.0000000000
48413  -38.081  -31.411  71.505 0.0000000000
49675  -36.014  -30.802  70.684 0.0000000000
49696  -38.471  -30.843  68.506 0.0000000000
49695  -37.933  -31.184  68.736 0.0000000000
48499  -37.457  -31.250  68.951 0.0000000000
48498  -37.003  -31.101  69.216 0.0000000000
49694  -36.428  -30.577  69.786 0.0000000000
49692  -34.342  -31.266  69.430 0.0000000000
49709  -33.160  -31.846  68.505 0.0000000000
48496  -32.616  -32.967  68.052 0.0000000000
49799  -35.781  -31.258  63.434 0.0000000000
49779  -34.508  -31.156  64.652 0.0000000000
48538  -32.170  -32.724  66.008 0.0000000000
44891  -32.680  -35.320  66.808 0.0000000000
39849  -34.139  -37.713  75.877 0.0000000000
39850  -34.392  -37.655  75.752 0.0000000000
39868  -33.984  -38.163  75.632 0.0000000000
41082  -34.065  -37.488  76.344 0.0000000000
41112  -33.027  -38.643  74.903 0.0000000000
41132  -33.172  -38.522  74.535 0.0000000000
41133  -33.420  -38.588  74.659 0.0000000000
42308  -34.363  -37.319  76.316 0.0000000000
42315  -34.561  -36.935  76.368 0.0000000000
42325  -36.431  -37.139  74.659 0.0000000000
42326  -36.734  -37.193  74.653 0.0000000000
42338  -35.977  -37.485  74.471 0.0000000000
43593  -36.148  -37.138  74.599 0.0000000000
45952  -32.551  -34.530  76.591 0.0000000000
45971  -31.908  -34.377  75.047 0.0000000000
45991  -31.797  -34.207  74.863 0.0000000000
47103  -32.383  -34.708  75.507 0.0000000000
47118  -31.754  -33.877  74.780 0.0000000000
47142  -32.973  -33.079  73.789 0.0000000000
47250  -40.809  -31.541  66.691 0.0000000000
47255  -39.143  -31.581  64.939 0.0000000000
47257  -39.885  -31.546  65.317 0.0000000000
47259  -41.023  -31.478  66.426 0.0000000000
47269  -39.816  -31.524  64.470 0.0000000000
48533  -40.881  -31.281  65.014 0.0000000000
48534  -41.039  -31.163  64.853 0.0000000000
48542  -40.566  -31.418  65.080 0.0000000000
48543  -40.693  -31.367  64.895 0.0000000000
48551  -40.367  -31.473  64.832 0.0000000000
48564  -40.081  -31.498  64.064 0.0000000000
48579  -39.086  -30.401  61.878 0.0000000000
48581  -39.652  -30.531  62.139 0.0000000000
48592  -39.503  -30.516  61.553 0.0000000000
48593  -39.847  -30.545  61.973 0.0000000000
48604  -39.232  -30.447  61.052 0.0000000000
48605  -39.318  -30.448  61.303 0.0000000000
49657  -35.976  -30.854  71.340 0.0000000000
49698  -41.126  -31.500  69.885 0.0000000000
49700  -43.729  -30.819  70.125 0.0000000000
49759  -40.773  -31.330  65.194 0.0000000000
49760  -40.837  -31.279  64.879 0.0000000000
49771  -40.618  -31.390  64.841 0.0000000000
49772  -40.764  -31.370  64.658 0.0000000000
49796  -32.913  -31.557  63.904 0.0000000000
49835  -40.039  -30.653  61.419 0.0000000000
49844  -39.045  -30.244  61.029 0.0000000000
51018  -38.711  -30.487  61.840 0.0000000000
52254  -40.785  -29.031  59.419 0.0000000000
53416  -40.759  -28.322  61.019 0.0000000000
53417  -41.118  -28.586  61.367 0.0000000000
53427  -40.771  -28.338  60.774 0.0000000000
53429  -41.185  -28.858  60.005 0.0000000000
53442  -40.615  -28.523  59.107 0.0000000000
53460  -40.640  -28.823  58.861 0.0000000000
53461  -40.690  -28.819  59.198 0.0000000000
54564  -41.732  -27.184  63.188 0.0000000000
54574  -40.761  -28.132  61.156 0.0000000000
55671  -41.788  -26.887  63.163 0.0000000000
59525  -44.649  -22.252  60.421 0.0000000000
60844  -45.157  -21.942  61.105 0.0000000000
60865  -43.847  -22.583  60.037 0.0000000000
63189  -50.740  -20.964  63.431 0.0000000000
65516  -50.997  -18.584  57.327 0.0000000000
66644  -55.750  -17.749  60.220 0.0000000000
66656  -53.976  -17.840  59.596 0.0000000000
67827  -56.761  -16.909  59.007 0.0000000000
69033  -58.337  -14.941  56.945 0.0000000000
69083  -58.214  -14.994  56.160 0.0000000000
71554  -58.346  -13.865  56.840 0.0000000000
72995  -51.787  -12.419  50.837 0.0000000000
73033  -52.399  -12.253  48.956 0.0000000000
73042  -52.743  -12.106  48.347 0.0000000000
73043  -53.139  -11.863  48.147 0.0000000000
74289  -52.595  -11.770  47.759 0.0000000000
74303  -52.471  -11.246  47.117 0.0000000000
75321  -57.937  -10.802  55.329 0.0000000000
75340  -59.164  -10.626  53.448 0.0000000000
75399  -50.944  -10.192  49.542 0.0000000000
75401  -55.171  -11.074  49.435 0.0000000000
75422  -50.781  -10.269  49.193 0.0000000000
76411  -57.397  -9.742  53.338 0.0000000000
76412  -57.679  -9.610  53.453 0.0000000000
76525  -52.554  -10.212  45.209 0.0000000000
76536  -53.130  -10.403  44.321 0.0000000000
77552  -51.086  -8.879  45.291 0.0000000000
77556  -51.137  -8.501  44.878 0.0000000000
80791  -52.823  -5.420  45.205 0.0000000000
133001  -41.886  -31.438  72.345 0.0000000000
133002  -41.491  -31.516  72.264 0.0000000000
133003  -41.537  -31.521  72.029 0.0000000000
133008  -42.034  -31.354  72.547 0.0000000000
