#!ascii label  , from subject 3789 vox2ras=TkReg
1563
69132  -44.248  -16.780  52.218 0.0000000000
84073  -54.595  -2.733  47.762 0.0000000000
77508  -47.629  -8.356  49.040 0.0000000000
43529  -18.892  -36.854  79.332 0.0000000000
68992  -39.482  -16.849  58.513 0.0000000000
52004  -33.655  -29.532  74.065 0.0000000000
54440  -42.162  -27.839  69.530 0.0000000000
60763  -42.370  -22.394  64.217 0.0000000000
64339  -44.326  -19.631  62.027 0.0000000000
47176  -25.198  -34.139  71.668 0.0000000000
49606  -30.250  -31.595  75.756 0.0000000000
49689  -28.942  -31.780  69.200 0.0000000000
55592  -35.114  -27.682  65.580 0.0000000000
56773  -40.068  -26.091  64.745 0.0000000000
67864  -46.972  -17.570  58.069 0.0000000000
69078  -49.043  -15.349  55.384 0.0000000000
81878  -50.110  -5.235  49.044 0.0000000000
71666  -46.572  -13.841  49.651 0.0000000000
84133  -52.566  -2.554  41.602 0.0000000000
42221  -16.043  -39.229  81.753 0.0000000000
68955  -44.584  -15.939  60.976 0.0000000000
66740  -41.790  -17.739  55.667 0.0000000000
54480  -31.901  -28.550  67.304 0.0000000000
53264  -37.106  -29.222  71.391 0.0000000000
72964  -51.028  -12.455  52.780 0.0000000000
89495  -58.938  3.132  39.527 0.0000000000
60812  -40.001  -23.435  61.356 0.0000000000
62058  -41.364  -21.669  60.877 0.0000000000
48447  -27.108  -33.387  70.632 0.0000000000
56820  -36.046  -26.821  61.776 0.0000000000
58076  -38.963  -25.138  61.785 0.0000000000
58049  -41.302  -24.749  63.844 0.0000000000
67942  -45.466  -17.312  54.844 0.0000000000
67866  -48.529  -16.788  57.527 0.0000000000
67971  -47.014  -16.839  53.480 0.0000000000
83000  -52.525  -4.058  48.298 0.0000000000
82959  -52.654  -4.391  51.677 0.0000000000
84085  -56.337  -1.595  47.134 0.0000000000
43558  -16.036  -36.755  77.670 0.0000000000
42256  -17.074  -37.893  80.603 0.0000000000
66628  -41.929  -17.767  60.211 0.0000000000
66631  -44.347  -17.685  61.289 0.0000000000
67796  -43.241  -16.681  60.210 0.0000000000
67839  -43.241  -16.852  58.925 0.0000000000
69051  -39.846  -16.574  56.700 0.0000000000
51978  -31.819  -30.411  75.413 0.0000000000
50767  -32.301  -30.473  77.878 0.0000000000
53168  -34.250  -28.764  76.890 0.0000000000
53192  -35.866  -28.762  75.142 0.0000000000
53373  -29.148  -29.543  64.638 0.0000000000
55635  -29.876  -27.698  63.872 0.0000000000
54488  -39.376  -28.507  67.071 0.0000000000
54460  -37.066  -28.191  68.277 0.0000000000
53312  -39.619  -29.343  69.481 0.0000000000
53241  -40.243  -29.244  72.709 0.0000000000
45965  -21.573  -35.229  74.998 0.0000000000
45938  -24.342  -34.821  77.740 0.0000000000
47008  -24.540  -34.510  81.189 0.0000000000
74254  -47.309  -11.716  48.727 0.0000000000
71655  -49.384  -13.579  51.078 0.0000000000
75398  -49.366  -11.038  49.910 0.0000000000
92779  -59.951  5.647  39.854 0.0000000000
42225  -19.588  -37.983  81.536 0.0000000000
61966  -45.116  -21.557  66.363 0.0000000000
64284  -45.458  -20.218  65.110 0.0000000000
63168  -43.490  -21.314  63.578 0.0000000000
64352  -42.061  -19.730  60.468 0.0000000000
47116  -26.694  -34.440  74.443 0.0000000000
48314  -28.826  -33.427  76.581 0.0000000000
48385  -28.161  -33.614  73.556 0.0000000000
49641  -29.684  -31.916  72.440 0.0000000000
50892  -31.804  -30.480  71.916 0.0000000000
56783  -31.886  -27.469  63.391 0.0000000000
56800  -34.480  -27.396  62.633 0.0000000000
55620  -37.831  -27.520  65.218 0.0000000000
55572  -41.243  -27.559  66.603 0.0000000000
56755  -42.381  -25.530  66.505 0.0000000000
59378  -43.598  -23.522  66.471 0.0000000000
47155  -22.308  -34.280  71.991 0.0000000000
68958  -48.693  -16.176  61.369 0.0000000000
68946  -52.039  -15.872  62.195 0.0000000000
67802  -50.288  -16.662  60.233 0.0000000000
67847  -51.220  -15.536  58.471 0.0000000000
79624  -47.705  -6.384  49.277 0.0000000000
76454  -50.359  -8.684  50.818 0.0000000000
79612  -50.559  -5.717  50.673 0.0000000000
34426  -12.929  -43.242  81.475 0.0000000000
70356  -45.222  -15.069  51.487 0.0000000000
74271  -44.136  -11.175  47.822 0.0000000000
78560  -46.022  -7.636  47.690 0.0000000000
79660  -47.801  -6.676  46.638 0.0000000000
80799  -50.073  -6.327  45.401 0.0000000000
83031  -51.836  -4.334  44.863 0.0000000000
84104  -53.630  -2.643  44.646 0.0000000000
83059  -50.235  -3.569  42.367 0.0000000000
39817  -18.289  -39.502  82.215 0.0000000000
37468  -16.953  -41.214  82.698 0.0000000000
34415  -15.066  -42.454  82.142 0.0000000000
70140  -49.445  -16.201  65.002 0.0000000000
64302  -47.419  -19.073  64.009 0.0000000000
67758  -47.716  -16.484  63.715 0.0000000000
70186  -47.384  -15.302  62.632 0.0000000000
67798  -46.015  -16.718  60.089 0.0000000000
66720  -44.852  -17.639  57.186 0.0000000000
66782  -42.459  -17.742  53.423 0.0000000000
49545  -30.679  -31.748  79.404 0.0000000000
53324  -30.689  -29.999  68.121 0.0000000000
53282  -32.789  -29.125  70.118 0.0000000000
55570  -33.398  -27.710  66.628 0.0000000000
54421  -34.768  -28.507  69.885 0.0000000000
52058  -35.110  -29.222  72.270 0.0000000000
53206  -37.600  -28.986  74.424 0.0000000000
44805  -17.502  -36.312  76.629 0.0000000000
44820  -18.863  -35.717  75.743 0.0000000000
43546  -20.200  -36.808  78.720 0.0000000000
69136  -48.048  -15.129  52.354 0.0000000000
70319  -50.404  -14.160  54.361 0.0000000000
71589  -52.081  -13.162  55.630 0.0000000000
75348  -50.879  -10.411  53.428 0.0000000000
85185  -55.583  -1.279  44.550 0.0000000000
86282  -56.898  -0.229  43.471 0.0000000000
88405  -58.061  0.926  42.724 0.0000000000
87388  -57.691  0.871  40.341 0.0000000000
90498  -59.974  3.322  42.943 0.0000000000
59505  -39.097  -23.947  60.308 0.0000000000
60862  -39.707  -22.968  60.312 0.0000000000
59540  -38.472  -23.424  58.939 0.0000000000
56846  -36.944  -25.595  60.588 0.0000000000
59504  -38.276  -24.724  60.370 0.0000000000
59469  -39.446  -24.649  61.821 0.0000000000
67969  -44.557  -17.472  53.558 0.0000000000
67943  -46.712  -17.197  54.461 0.0000000000
69133  -45.338  -16.252  52.345 0.0000000000
84063  -53.815  -3.372  48.410 0.0000000000
82981  -54.023  -3.197  50.083 0.0000000000
84055  -55.318  -2.564  49.666 0.0000000000
84066  -56.293  -2.142  48.657 0.0000000000
84074  -55.578  -2.458  47.648 0.0000000000
43559  -16.904  -36.829  77.951 0.0000000000
43526  -16.175  -37.380  79.180 0.0000000000
42274  -17.348  -37.559  79.985 0.0000000000
67793  -40.703  -17.044  59.472 0.0000000000
67775  -41.994  -17.173  60.200 0.0000000000
67816  -40.923  -16.749  59.170 0.0000000000
67837  -41.219  -16.599  58.575 0.0000000000
69009  -40.052  -16.503  57.908 0.0000000000
47043  -26.993  -33.769  79.516 0.0000000000
52003  -32.811  -29.789  74.356 0.0000000000
51979  -32.621  -29.959  75.580 0.0000000000
51980  -33.622  -29.535  75.120 0.0000000000
53179  -35.074  -28.733  76.008 0.0000000000
53191  -34.872  -29.179  74.875 0.0000000000
54462  -40.904  -28.673  68.145 0.0000000000
53333  -39.734  -28.978  68.558 0.0000000000
54438  -40.594  -29.210  68.995 0.0000000000
53291  -40.979  -28.949  70.594 0.0000000000
47096  -25.082  -35.034  76.485 0.0000000000
47071  -25.488  -34.659  78.054 0.0000000000
47042  -25.834  -33.970  79.713 0.0000000000
68913  -51.292  -16.045  65.057 0.0000000000
75420  -47.466  -10.216  48.468 0.0000000000
74256  -48.938  -11.285  49.234 0.0000000000
75397  -49.055  -10.315  49.664 0.0000000000
61981  -44.028  -22.200  64.701 0.0000000000
62000  -44.299  -21.507  64.486 0.0000000000
61998  -42.841  -21.807  64.034 0.0000000000
63219  -41.822  -20.903  60.861 0.0000000000
64363  -40.692  -19.691  59.334 0.0000000000
65488  -40.798  -18.751  59.136 0.0000000000
47158  -25.876  -34.068  72.630 0.0000000000
47117  -27.552  -34.236  74.257 0.0000000000
47159  -26.952  -33.885  72.405 0.0000000000
48473  -28.035  -32.800  69.353 0.0000000000
48426  -28.847  -32.400  71.536 0.0000000000
49653  -29.006  -32.065  70.937 0.0000000000
50890  -30.354  -31.414  72.271 0.0000000000
50905  -30.011  -31.259  70.085 0.0000000000
56817  -32.658  -26.910  62.038 0.0000000000
56785  -37.893  -26.952  63.373 0.0000000000
56784  -37.186  -27.162  63.336 0.0000000000
55644  -38.983  -26.670  64.457 0.0000000000
55595  -39.776  -27.338  65.709 0.0000000000
55622  -39.898  -26.628  65.259 0.0000000000
56743  -42.243  -26.432  67.175 0.0000000000
56774  -40.885  -25.547  65.101 0.0000000000
59429  -41.887  -23.745  64.085 0.0000000000
59403  -42.452  -23.866  64.987 0.0000000000
60720  -43.225  -23.199  65.334 0.0000000000
60722  -44.618  -22.488  66.166 0.0000000000
47175  -24.071  -34.277  71.531 0.0000000000
67822  -47.723  -16.947  59.932 0.0000000000
67781  -49.317  -16.486  61.034 0.0000000000
67823  -48.308  -16.957  59.668 0.0000000000
69028  -48.883  -15.655  56.885 0.0000000000
67867  -49.159  -15.666  57.599 0.0000000000
69029  -49.485  -14.734  57.179 0.0000000000
70256  -51.497  -14.331  57.858 0.0000000000
70254  -50.291  -14.226  56.984 0.0000000000
81876  -48.935  -5.158  49.041 0.0000000000
79611  -49.688  -6.006  50.233 0.0000000000
81854  -50.387  -4.923  50.307 0.0000000000
81828  -53.795  -4.511  52.602 0.0000000000
78561  -46.775  -7.220  47.698 0.0000000000
78578  -46.139  -7.131  46.200 0.0000000000
80797  -48.409  -6.061  44.728 0.0000000000
81916  -49.241  -5.415  44.304 0.0000000000
81918  -51.174  -4.554  45.078 0.0000000000
81926  -50.738  -4.604  44.247 0.0000000000
83043  -51.510  -4.254  43.786 0.0000000000
42254  -14.671  -38.355  80.705 0.0000000000
41015  -15.261  -39.459  82.948 0.0000000000
38568  -20.258  -39.702  80.939 0.0000000000
41033  -18.928  -38.735  81.459 0.0000000000
37474  -19.467  -40.109  81.061 0.0000000000
36426  -17.418  -41.647  82.136 0.0000000000
35422  -16.900  -42.158  81.512 0.0000000000
35396  -16.124  -42.104  82.456 0.0000000000
35432  -15.826  -41.833  81.421 0.0000000000
35431  -14.664  -41.915  81.432 0.0000000000
64300  -45.497  -19.731  63.714 0.0000000000
64285  -46.207  -19.803  64.824 0.0000000000
65433  -45.611  -19.074  63.269 0.0000000000
67766  -44.426  -16.201  61.341 0.0000000000
66633  -46.540  -16.852  62.031 0.0000000000
68942  -46.368  -16.166  62.609 0.0000000000
68930  -47.456  -15.943  63.877 0.0000000000
70198  -46.191  -15.870  61.938 0.0000000000
70199  -46.673  -15.690  61.749 0.0000000000
68974  -45.126  -16.126  60.463 0.0000000000
67892  -42.362  -17.655  56.928 0.0000000000
67861  -43.694  -17.305  57.909 0.0000000000
66718  -43.052  -17.754  56.562 0.0000000000
66762  -43.555  -17.776  54.869 0.0000000000
66760  -41.625  -17.707  54.418 0.0000000000
48328  -29.266  -32.743  76.034 0.0000000000
49554  -30.223  -32.359  78.863 0.0000000000
49555  -30.736  -31.586  78.413 0.0000000000
54503  -30.807  -29.297  66.274 0.0000000000
53358  -30.458  -29.855  66.749 0.0000000000
53343  -30.942  -29.067  67.864 0.0000000000
53305  -31.730  -29.655  69.115 0.0000000000
53327  -32.238  -28.861  68.603 0.0000000000
55639  -33.821  -27.629  64.216 0.0000000000
55615  -32.620  -27.324  64.998 0.0000000000
55591  -34.330  -27.729  65.839 0.0000000000
53310  -37.401  -28.780  69.604 0.0000000000
54436  -35.787  -28.388  68.969 0.0000000000
53286  -35.881  -28.735  70.347 0.0000000000
53261  -34.481  -28.456  70.920 0.0000000000
53263  -36.143  -29.287  71.095 0.0000000000
53219  -36.650  -29.309  73.303 0.0000000000
53238  -37.393  -29.255  72.461 0.0000000000
57990  -44.065  -25.238  69.589 0.0000000000
44822  -20.571  -35.400  75.412 0.0000000000
44808  -20.961  -35.805  76.292 0.0000000000
44807  -19.680  -35.990  76.600 0.0000000000
44731  -25.039  -35.329  81.564 0.0000000000
70371  -45.424  -14.593  50.272 0.0000000000
69154  -46.912  -15.177  51.568 0.0000000000
70358  -47.171  -14.622  50.889 0.0000000000
71656  -49.971  -13.116  51.729 0.0000000000
71641  -49.720  -13.704  52.200 0.0000000000
71628  -50.817  -13.448  53.472 0.0000000000
71588  -51.537  -13.612  55.219 0.0000000000
71629  -51.542  -13.105  53.978 0.0000000000
78510  -51.044  -7.932  52.609 0.0000000000
76439  -50.442  -9.206  51.802 0.0000000000
77452  -50.718  -8.850  53.602 0.0000000000
84123  -52.554  -3.019  42.586 0.0000000000
84114  -54.305  -2.138  44.053 0.0000000000
85192  -53.752  -2.150  43.043 0.0000000000
85204  -55.225  -1.205  42.464 0.0000000000
86305  -55.785  -0.440  41.475 0.0000000000
87349  -57.813  0.677  43.429 0.0000000000
87372  -56.815  0.225  41.319 0.0000000000
88466  -57.795  2.268  38.802 0.0000000000
87416  -56.758  1.211  38.738 0.0000000000
89480  -58.064  2.172  39.987 0.0000000000
88426  -58.618  1.750  41.232 0.0000000000
89470  -59.485  2.684  41.346 0.0000000000
90520  -59.973  4.190  40.436 0.0000000000
91638  -61.305  4.704  39.636 0.0000000000
60790  -41.790  -22.956  62.930 0.0000000000
62038  -42.452  -22.248  62.555 0.0000000000
60840  -41.041  -22.419  61.290 0.0000000000
60881  -40.256  -21.953  59.390 0.0000000000
47194  -26.420  -33.616  71.040 0.0000000000
56834  -36.346  -26.417  60.901 0.0000000000
56821  -37.310  -26.175  61.724 0.0000000000
56804  -39.120  -25.849  62.929 0.0000000000
56787  -40.464  -25.515  64.218 0.0000000000
58060  -39.785  -24.665  62.844 0.0000000000
59450  -40.675  -23.537  62.980 0.0000000000
66722  -46.438  -17.610  56.758 0.0000000000
67865  -47.636  -17.377  57.647 0.0000000000
67919  -46.531  -17.490  55.825 0.0000000000
67920  -47.414  -16.823  55.275 0.0000000000
69098  -47.729  -15.798  54.262 0.0000000000
81889  -51.213  -4.941  48.295 0.0000000000
81867  -51.405  -4.305  50.033 0.0000000000
81868  -51.961  -3.947  49.739 0.0000000000
82961  -53.663  -3.438  51.512 0.0000000000
86256  -56.761  -0.691  46.535 0.0000000000
42272  -15.352  -37.657  79.650 0.0000000000
42238  -16.743  -38.232  81.301 0.0000000000
65463  -43.779  -19.041  61.378 0.0000000000
65464  -44.617  -18.964  61.804 0.0000000000
66630  -43.433  -17.970  60.694 0.0000000000
67777  -43.924  -16.746  60.836 0.0000000000
68972  -43.988  -16.305  60.484 0.0000000000
68973  -44.597  -16.090  60.501 0.0000000000
67818  -42.671  -16.583  59.537 0.0000000000
67859  -41.520  -16.776  57.799 0.0000000000
66716  -40.820  -17.572  56.140 0.0000000000
50805  -31.347  -30.923  75.820 0.0000000000
49573  -31.358  -31.180  77.185 0.0000000000
50806  -32.011  -30.467  76.266 0.0000000000
51941  -33.497  -29.257  77.478 0.0000000000
53170  -36.166  -28.878  77.075 0.0000000000
54554  -29.767  -28.056  64.396 0.0000000000
55587  -31.405  -28.305  65.682 0.0000000000
54509  -37.691  -28.150  66.452 0.0000000000
53360  -36.194  -28.429  67.208 0.0000000000
54461  -37.816  -28.283  68.002 0.0000000000
53331  -37.876  -28.536  68.727 0.0000000000
53289  -38.834  -29.505  70.550 0.0000000000
53265  -38.097  -29.358  71.553 0.0000000000
53267  -40.126  -29.295  71.710 0.0000000000
46002  -21.745  -34.562  73.392 0.0000000000
45986  -22.143  -35.129  74.305 0.0000000000
45922  -23.142  -35.346  77.822 0.0000000000
45904  -23.770  -35.220  79.822 0.0000000000
47040  -24.603  -34.712  79.681 0.0000000000
73007  -46.822  -12.265  48.981 0.0000000000
71668  -48.055  -13.473  50.406 0.0000000000
72992  -48.382  -12.816  49.891 0.0000000000
72993  -49.269  -12.664  50.150 0.0000000000
74230  -49.992  -11.427  51.603 0.0000000000
85219  -51.304  -2.214  40.867 0.0000000000
85220  -52.874  -2.120  41.264 0.0000000000
85239  -52.714  -1.849  40.417 0.0000000000
89523  -58.331  3.548  38.382 0.0000000000
90533  -59.467  3.974  39.457 0.0000000000
91649  -58.851  4.808  38.496 0.0000000000
93913  -59.131  5.955  38.310 0.0000000000
43505  -20.111  -37.463  80.909 0.0000000000
42258  -18.689  -37.469  80.727 0.0000000000
64261  -46.283  -20.558  67.159 0.0000000000
63156  -45.214  -20.728  65.752 0.0000000000
63170  -44.692  -20.636  64.585 0.0000000000
63205  -44.161  -20.267  62.608 0.0000000000
63204  -42.632  -21.228  62.172 0.0000000000
64318  -43.041  -20.201  61.893 0.0000000000
65447  -42.920  -19.702  61.533 0.0000000000
65460  -41.729  -18.616  60.322 0.0000000000
66642  -40.625  -17.686  59.250 0.0000000000
47084  -26.566  -34.408  76.674 0.0000000000
47074  -28.177  -33.974  77.026 0.0000000000
47099  -27.901  -34.109  75.193 0.0000000000
48327  -28.546  -33.132  75.671 0.0000000000
49605  -29.521  -31.980  75.456 0.0000000000
48404  -27.908  -32.951  72.115 0.0000000000
48387  -29.284  -32.654  73.429 0.0000000000
49630  -29.978  -31.668  74.066 0.0000000000
50854  -30.658  -31.348  74.034 0.0000000000
50876  -31.530  -30.402  72.661 0.0000000000
52055  -32.313  -29.928  72.295 0.0000000000
55656  -33.307  -27.360  63.484 0.0000000000
55640  -34.813  -27.517  64.225 0.0000000000
56801  -35.633  -27.284  62.593 0.0000000000
55641  -35.912  -27.476  64.123 0.0000000000
55619  -36.554  -27.501  64.985 0.0000000000
55593  -38.147  -27.915  65.945 0.0000000000
54489  -40.546  -28.385  66.959 0.0000000000
55553  -41.496  -27.868  67.517 0.0000000000
55541  -42.538  -26.925  69.125 0.0000000000
56734  -42.249  -26.555  68.050 0.0000000000
56744  -42.806  -25.682  67.245 0.0000000000
58010  -43.021  -24.931  67.266 0.0000000000
58035  -41.471  -24.794  65.053 0.0000000000
59359  -43.028  -24.266  66.869 0.0000000000
59340  -43.806  -23.891  67.870 0.0000000000
60692  -44.645  -23.135  68.302 0.0000000000
46011  -23.543  -34.705  73.157 0.0000000000
70188  -49.570  -15.297  62.762 0.0000000000
68945  -50.537  -15.632  62.237 0.0000000000
68961  -51.650  -16.204  61.547 0.0000000000
67804  -51.974  -15.921  60.365 0.0000000000
67845  -49.485  -16.325  58.393 0.0000000000
67826  -51.297  -16.077  59.039 0.0000000000
78547  -47.661  -7.303  49.247 0.0000000000
77491  -48.920  -8.872  50.014 0.0000000000
77510  -49.118  -7.279  49.609 0.0000000000
78534  -50.409  -6.624  50.788 0.0000000000
79584  -51.453  -7.249  52.381 0.0000000000
81843  -51.765  -4.832  51.255 0.0000000000
79586  -52.642  -5.821  52.386 0.0000000000
69150  -43.178  -16.148  51.282 0.0000000000
70342  -44.750  -15.681  51.865 0.0000000000
70369  -43.538  -15.187  50.136 0.0000000000
70390  -44.566  -14.473  49.463 0.0000000000
71682  -44.719  -13.859  48.773 0.0000000000
71700  -45.514  -12.637  48.489 0.0000000000
73028  -45.968  -11.913  48.367 0.0000000000
75419  -46.526  -10.213  48.460 0.0000000000
76467  -46.465  -9.201  48.725 0.0000000000
78546  -47.212  -7.721  48.621 0.0000000000
79623  -47.313  -6.762  48.760 0.0000000000
80755  -47.827  -6.092  48.617 0.0000000000
79649  -48.932  -6.129  47.735 0.0000000000
79671  -47.539  -6.670  45.673 0.0000000000
79673  -49.269  -6.571  46.080 0.0000000000
79651  -50.230  -5.864  47.240 0.0000000000
81897  -51.436  -5.020  47.545 0.0000000000
81908  -52.279  -4.521  46.602 0.0000000000
83022  -53.355  -3.433  46.342 0.0000000000
84094  -53.586  -3.088  45.717 0.0000000000
84103  -52.948  -3.253  44.617 0.0000000000
83054  -52.494  -3.444  43.148 0.0000000000
83061  -51.296  -3.262  41.990 0.0000000000
85218  -50.641  -2.170  41.067 0.0000000000
42240  -18.546  -37.681  81.157 0.0000000000
42223  -17.413  -38.560  81.581 0.0000000000
41031  -17.027  -39.233  81.969 0.0000000000
37473  -18.556  -40.925  81.893 0.0000000000
38558  -17.459  -40.225  82.709 0.0000000000
39793  -16.371  -39.880  83.153 0.0000000000
38556  -15.921  -40.469  83.293 0.0000000000
37459  -15.260  -41.396  83.297 0.0000000000
34401  -14.379  -42.202  82.893 0.0000000000
35409  -13.896  -42.751  81.934 0.0000000000
70152  -49.978  -15.334  64.578 0.0000000000
65405  -48.566  -18.274  65.279 0.0000000000
65450  -46.323  -18.180  62.666 0.0000000000
66610  -47.703  -17.445  63.548 0.0000000000
68912  -48.758  -16.444  64.698 0.0000000000
70162  -48.926  -15.701  64.258 0.0000000000
70175  -49.227  -15.107  63.483 0.0000000000
70187  -48.470  -15.347  62.607 0.0000000000
70229  -47.008  -16.676  60.654 0.0000000000
67842  -46.596  -17.456  59.153 0.0000000000
67819  -44.615  -16.700  59.614 0.0000000000
67841  -45.543  -17.656  59.195 0.0000000000
67863  -46.295  -18.010  58.255 0.0000000000
66743  -44.593  -17.589  56.023 0.0000000000
66784  -44.046  -17.688  54.311 0.0000000000
67990  -43.325  -17.391  52.437 0.0000000000
69025  -38.856  -16.496  57.049 0.0000000000
69050  -39.222  -16.454  56.566 0.0000000000
67915  -39.899  -17.044  56.005 0.0000000000
66738  -39.910  -17.402  54.943 0.0000000000
66759  -40.715  -17.584  54.271 0.0000000000
67966  -40.937  -17.321  53.129 0.0000000000
68007  -41.729  -16.873  52.105 0.0000000000
69149  -42.105  -16.491  51.671 0.0000000000
50736  -31.771  -30.782  79.403 0.0000000000
50955  -28.569  -31.239  67.116 0.0000000000
50978  -28.973  -30.885  66.558 0.0000000000
50938  -29.797  -30.743  68.152 0.0000000000
52111  -30.969  -30.241  69.859 0.0000000000
52113  -32.114  -29.559  70.561 0.0000000000
52056  -33.268  -29.474  72.200 0.0000000000
56781  -30.722  -27.441  63.241 0.0000000000
55614  -31.704  -27.382  64.993 0.0000000000
55569  -32.785  -27.823  66.689 0.0000000000
53328  -35.383  -28.328  67.873 0.0000000000
54457  -34.176  -27.767  68.361 0.0000000000
54456  -33.385  -27.904  68.399 0.0000000000
54419  -33.690  -28.295  70.125 0.0000000000
53260  -33.811  -28.411  71.065 0.0000000000
52030  -34.753  -29.437  72.971 0.0000000000
53204  -35.786  -29.303  74.029 0.0000000000
53205  -36.722  -28.861  74.310 0.0000000000
44804  -16.361  -36.578  76.697 0.0000000000
43560  -17.625  -36.811  78.033 0.0000000000
45982  -18.459  -35.093  74.189 0.0000000000
45961  -18.136  -35.454  74.948 0.0000000000
44819  -17.795  -35.765  75.820 0.0000000000
44792  -19.297  -36.469  77.486 0.0000000000
43545  -19.213  -36.753  78.566 0.0000000000
43531  -20.843  -37.072  79.639 0.0000000000
46987  -23.468  -34.849  81.352 0.0000000000
69152  -45.596  -15.641  51.986 0.0000000000
69135  -47.296  -15.757  52.488 0.0000000000
69099  -48.190  -15.308  54.048 0.0000000000
70360  -48.650  -14.220  51.178 0.0000000000
70332  -48.674  -14.806  52.636 0.0000000000
70298  -49.740  -14.692  55.202 0.0000000000
70275  -51.119  -14.023  56.434 0.0000000000
75383  -50.192  -9.508  50.947 0.0000000000
75366  -50.159  -10.396  51.926 0.0000000000
74216  -51.311  -11.372  53.002 0.0000000000
84095  -54.634  -2.229  45.619 0.0000000000
85177  -55.390  -1.659  45.535 0.0000000000
85186  -56.290  -0.873  45.147 0.0000000000
85203  -54.541  -1.779  42.469 0.0000000000
86273  -55.777  -0.946  43.990 0.0000000000
86275  -57.416  0.071  44.665 0.0000000000
87340  -58.089  0.433  44.657 0.0000000000
87341  -58.965  1.068  44.642 0.0000000000
87386  -56.210  -0.023  40.308 0.0000000000
88412  -58.144  1.051  42.107 0.0000000000
89442  -59.206  2.384  43.528 0.0000000000
91625  -60.446  4.836  40.397 0.0000000000
59519  -38.444  -24.094  59.498 0.0000000000
59520  -39.095  -23.430  59.516 0.0000000000
59503  -37.788  -25.123  59.990 0.0000000000
59489  -39.140  -24.471  61.172 0.0000000000
69115  -44.635  -17.159  52.817 0.0000000000
69116  -44.958  -16.937  52.823 0.0000000000
84072  -53.886  -3.201  47.788 0.0000000000
84064  -54.426  -2.986  48.853 0.0000000000
84065  -55.421  -2.582  48.678 0.0000000000
84056  -56.016  -2.163  49.575 0.0000000000
43543  -17.394  -36.904  78.716 0.0000000000
43528  -18.070  -37.131  79.659 0.0000000000
67815  -40.292  -16.989  58.879 0.0000000000
67835  -39.825  -16.871  58.577 0.0000000000
67836  -40.365  -16.724  58.461 0.0000000000
69008  -39.603  -16.646  58.189 0.0000000000
47044  -27.567  -33.777  78.824 0.0000000000
52028  -32.977  -29.659  73.254 0.0000000000
51981  -34.162  -29.359  74.627 0.0000000000
54439  -41.478  -28.578  69.276 0.0000000000
54422  -41.726  -28.374  70.142 0.0000000000
47057  -26.177  -34.133  78.802 0.0000000000
76490  -48.017  -9.773  48.676 0.0000000000
76491  -48.256  -9.827  48.812 0.0000000000
76469  -48.341  -9.382  49.241 0.0000000000
61980  -43.259  -22.176  64.596 0.0000000000
61997  -42.358  -22.083  63.860 0.0000000000
63241  -39.777  -20.665  58.550 0.0000000000
63228  -40.965  -20.500  59.735 0.0000000000
47177  -26.149  -33.757  71.697 0.0000000000
49669  -28.533  -32.460  69.672 0.0000000000
49652  -28.612  -32.530  70.402 0.0000000000
49670  -29.100  -32.153  69.999 0.0000000000
49671  -29.661  -31.680  70.238 0.0000000000
49690  -29.398  -31.726  69.661 0.0000000000
56786  -39.218  -26.148  63.776 0.0000000000
56772  -39.412  -26.487  64.675 0.0000000000
55623  -40.593  -26.190  65.376 0.0000000000
60737  -42.234  -22.992  64.432 0.0000000000
60738  -42.748  -22.726  64.775 0.0000000000
60739  -43.496  -22.684  65.082 0.0000000000
67843  -47.560  -17.449  58.990 0.0000000000
69053  -48.589  -15.666  55.979 0.0000000000
69054  -49.317  -15.097  56.184 0.0000000000
81877  -49.305  -4.851  48.824 0.0000000000
81865  -49.761  -5.275  49.544 0.0000000000
81820  -54.243  -5.099  52.727 0.0000000000
81925  -49.882  -4.953  43.819 0.0000000000
83042  -50.342  -4.397  43.327 0.0000000000
42237  -15.717  -38.692  81.479 0.0000000000
42236  -14.936  -38.731  81.408 0.0000000000
41043  -15.053  -39.127  81.737 0.0000000000
41029  -15.583  -39.399  82.175 0.0000000000
36428  -20.220  -40.218  80.653 0.0000000000
35433  -16.587  -41.959  81.402 0.0000000000
64320  -44.634  -19.824  62.607 0.0000000000
68940  -44.873  -15.969  61.544 0.0000000000
68941  -45.899  -16.114  61.903 0.0000000000
70184  -46.187  -15.855  62.186 0.0000000000
68956  -45.630  -16.035  61.376 0.0000000000
67916  -41.933  -17.598  56.486 0.0000000000
67917  -42.399  -17.706  56.237 0.0000000000
66741  -42.863  -17.773  55.624 0.0000000000
49590  -29.967  -32.203  76.411 0.0000000000
49571  -30.290  -32.183  77.618 0.0000000000
49591  -30.713  -31.662  76.636 0.0000000000
54504  -31.328  -28.817  66.084 0.0000000000
54479  -31.080  -28.854  67.197 0.0000000000
53344  -31.379  -28.743  67.835 0.0000000000
54454  -31.878  -28.656  68.122 0.0000000000
55617  -34.501  -27.681  64.977 0.0000000000
55616  -33.565  -27.516  65.000 0.0000000000
53287  -36.826  -28.778  70.463 0.0000000000
53309  -36.457  -28.479  69.592 0.0000000000
44764  -22.545  -35.875  79.199 0.0000000000
71665  -45.885  -14.090  49.736 0.0000000000
70372  -46.412  -14.444  50.250 0.0000000000
70373  -47.136  -14.185  50.129 0.0000000000
72979  -50.331  -12.416  51.973 0.0000000000
71642  -50.419  -13.224  52.442 0.0000000000
72946  -51.376  -12.683  53.512 0.0000000000
79575  -51.344  -7.772  53.232 0.0000000000
77467  -50.650  -8.636  52.769 0.0000000000
84124  -53.284  -2.450  42.518 0.0000000000
86306  -56.442  -0.086  41.706 0.0000000000
87371  -56.082  -0.099  41.040 0.0000000000
89508  -58.111  2.855  38.909 0.0000000000
89494  -58.196  2.433  39.507 0.0000000000
89481  -58.877  2.287  40.311 0.0000000000
89482  -59.574  3.259  40.620 0.0000000000
89496  -59.614  3.585  40.008 0.0000000000
60789  -41.107  -23.249  62.436 0.0000000000
60813  -40.714  -23.233  61.740 0.0000000000
60879  -39.295  -22.939  59.391 0.0000000000
60880  -39.654  -22.548  59.410 0.0000000000
60900  -39.438  -22.359  58.857 0.0000000000
56844  -35.468  -26.078  60.012 0.0000000000
58075  -38.147  -25.557  61.537 0.0000000000
58074  -37.499  -25.579  61.247 0.0000000000
58058  -38.568  -25.689  62.064 0.0000000000
56822  -38.206  -26.058  61.865 0.0000000000
58059  -39.121  -25.396  62.524 0.0000000000
58047  -39.452  -25.416  63.100 0.0000000000
58077  -39.487  -24.797  62.255 0.0000000000
59470  -40.000  -24.043  62.072 0.0000000000
59471  -40.645  -23.549  62.339 0.0000000000
67918  -45.848  -17.466  55.545 0.0000000000
67944  -47.492  -16.588  54.297 0.0000000000
69076  -47.665  -16.091  54.953 0.0000000000
81890  -51.637  -4.506  48.198 0.0000000000
81880  -51.886  -4.328  49.112 0.0000000000
82990  -52.547  -3.831  49.459 0.0000000000
84040  -54.311  -2.924  51.689 0.0000000000
84030  -54.127  -3.182  52.243 0.0000000000
84031  -54.813  -2.747  52.244 0.0000000000
85160  -56.962  -1.262  47.645 0.0000000000
86246  -57.336  -0.814  47.194 0.0000000000
86245  -56.779  -0.883  47.056 0.0000000000
42273  -16.522  -37.741  79.842 0.0000000000
42255  -16.036  -38.131  80.602 0.0000000000
66629  -42.485  -17.927  60.444 0.0000000000
67795  -42.223  -16.650  60.046 0.0000000000
67776  -42.813  -17.075  60.489 0.0000000000
70226  -44.040  -16.129  60.303 0.0000000000
67858  -40.661  -16.643  57.842 0.0000000000
67891  -41.751  -17.210  57.065 0.0000000000
67890  -40.747  -16.911  56.919 0.0000000000
50831  -31.326  -30.783  74.798 0.0000000000
51958  -33.503  -29.447  76.316 0.0000000000
51957  -32.649  -29.903  76.988 0.0000000000
53180  -35.993  -28.719  76.177 0.0000000000
55612  -30.076  -27.934  64.640 0.0000000000
55613  -30.809  -27.851  64.946 0.0000000000
54486  -37.347  -28.211  67.407 0.0000000000
54487  -38.357  -28.222  67.380 0.0000000000
52136  -39.409  -29.202  68.948 0.0000000000
53332  -38.834  -28.760  68.664 0.0000000000
53311  -38.522  -29.172  69.398 0.0000000000
53290  -39.920  -29.446  70.657 0.0000000000
53268  -41.117  -29.133  71.656 0.0000000000
46003  -22.814  -34.832  73.693 0.0000000000
45987  -23.135  -35.258  74.568 0.0000000000
45951  -24.284  -34.885  76.917 0.0000000000
45937  -23.720  -35.051  77.384 0.0000000000
47054  -24.201  -35.169  78.979 0.0000000000
47055  -24.497  -34.733  78.811 0.0000000000
47028  -26.228  -33.802  80.516 0.0000000000
47027  -25.314  -34.201  80.549 0.0000000000
73008  -47.779  -12.377  49.155 0.0000000000
74255  -47.818  -11.901  48.560 0.0000000000
73010  -49.390  -11.962  49.587 0.0000000000
74245  -49.683  -11.676  50.328 0.0000000000
72978  -49.762  -12.497  51.145 0.0000000000
85238  -51.668  -1.824  40.433 0.0000000000
89521  -57.246  2.907  37.569 0.0000000000
90558  -57.699  3.668  37.529 0.0000000000
90544  -58.628  4.049  38.546 0.0000000000
91669  -58.372  4.567  37.627 0.0000000000
38575  -21.175  -39.724  81.004 0.0000000000
63130  -45.317  -20.951  67.061 0.0000000000
63145  -45.716  -20.793  66.775 0.0000000000
63144  -45.216  -20.912  66.629 0.0000000000
63169  -44.172  -21.152  63.804 0.0000000000
63188  -44.532  -20.412  63.422 0.0000000000
63187  -43.879  -20.701  62.955 0.0000000000
60815  -42.085  -22.183  61.642 0.0000000000
63203  -42.778  -21.888  62.790 0.0000000000
62059  -42.123  -21.573  61.438 0.0000000000
63230  -42.192  -20.339  60.702 0.0000000000
63220  -42.339  -20.663  61.276 0.0000000000
64337  -42.613  -20.060  61.419 0.0000000000
64336  -42.289  -19.343  60.861 0.0000000000
65462  -42.770  -19.109  61.242 0.0000000000
64335  -41.717  -18.971  60.459 0.0000000000
47085  -27.486  -34.139  76.295 0.0000000000
45989  -27.035  -34.494  74.870 0.0000000000
48365  -28.016  -33.822  73.949 0.0000000000
48345  -28.051  -33.715  74.499 0.0000000000
48366  -28.254  -33.323  74.103 0.0000000000
48347  -28.872  -32.547  75.127 0.0000000000
48367  -28.702  -32.757  74.209 0.0000000000
47178  -26.933  -33.566  71.547 0.0000000000
48424  -27.532  -33.228  71.523 0.0000000000
49640  -29.262  -32.126  71.712 0.0000000000
48405  -28.897  -32.681  72.345 0.0000000000
48406  -29.540  -32.416  72.877 0.0000000000
49629  -29.806  -32.002  73.422 0.0000000000
50874  -30.197  -31.472  73.124 0.0000000000
50891  -31.079  -31.001  71.538 0.0000000000
50875  -30.800  -30.948  72.897 0.0000000000
56799  -33.433  -27.362  62.734 0.0000000000
55657  -34.148  -27.556  63.466 0.0000000000
56819  -34.857  -27.197  61.765 0.0000000000
55642  -37.177  -27.570  63.876 0.0000000000
55659  -36.283  -27.372  63.337 0.0000000000
54534  -37.689  -27.980  65.819 0.0000000000
54512  -40.454  -27.716  66.192 0.0000000000
55554  -42.189  -27.252  67.916 0.0000000000
55573  -41.719  -27.120  67.195 0.0000000000
58001  -43.125  -25.506  67.709 0.0000000000
56788  -41.094  -25.225  64.528 0.0000000000
59377  -42.952  -23.744  66.057 0.0000000000
59376  -42.262  -24.251  65.813 0.0000000000
59360  -43.443  -23.836  66.974 0.0000000000
60707  -44.195  -23.248  66.982 0.0000000000
60708  -45.055  -22.253  67.316 0.0000000000
61949  -45.173  -21.254  67.146 0.0000000000
47156  -23.340  -34.484  72.247 0.0000000000
47115  -25.785  -34.433  74.854 0.0000000000
68943  -49.082  -15.743  62.108 0.0000000000
68944  -49.991  -15.722  62.233 0.0000000000
68959  -49.613  -16.229  61.671 0.0000000000
67801  -49.548  -16.658  60.484 0.0000000000
67782  -50.071  -16.687  61.107 0.0000000000
67783  -50.997  -16.487  60.942 0.0000000000
67784  -51.886  -16.302  60.813 0.0000000000
67803  -51.309  -16.403  60.025 0.0000000000
66696  -48.346  -17.324  58.190 0.0000000000
69014  -49.994  -15.499  57.730 0.0000000000
67846  -50.566  -15.944  58.416 0.0000000000
68998  -51.817  -15.355  58.880 0.0000000000
69017  -52.133  -14.779  58.690 0.0000000000
70243  -51.708  -13.926  57.802 0.0000000000
78548  -48.317  -6.884  49.541 0.0000000000
78522  -50.755  -7.262  51.716 0.0000000000
79597  -51.299  -6.326  51.382 0.0000000000
82968  -51.942  -4.568  50.952 0.0000000000
81855  -50.885  -4.680  50.518 0.0000000000
81857  -52.038  -4.750  51.309 0.0000000000
79599  -52.441  -5.229  52.033 0.0000000000
34421  -13.009  -43.469  81.814 0.0000000000
34412  -12.366  -43.696  82.051 0.0000000000
34420  -12.289  -43.551  81.522 0.0000000000
71681  -43.973  -14.130  48.831 0.0000000000
71699  -44.778  -12.963  48.347 0.0000000000
73027  -44.913  -12.004  48.156 0.0000000000
75418  -45.552  -9.867  48.291 0.0000000000
75395  -46.187  -9.651  48.451 0.0000000000
76466  -45.892  -9.301  48.483 0.0000000000
78545  -46.370  -7.968  48.454 0.0000000000
79622  -46.875  -7.409  48.250 0.0000000000
79647  -47.235  -6.772  47.558 0.0000000000
80767  -47.357  -6.615  48.258 0.0000000000
79648  -48.050  -6.442  47.743 0.0000000000
79636  -48.455  -6.070  48.278 0.0000000000
80798  -49.494  -6.192  44.817 0.0000000000
79678  -48.930  -6.381  45.097 0.0000000000
79680  -49.667  -6.451  45.725 0.0000000000
79662  -49.481  -6.390  46.852 0.0000000000
80778  -50.595  -5.731  46.909 0.0000000000
80779  -50.963  -5.399  47.148 0.0000000000
80790  -50.919  -5.478  46.539 0.0000000000
83020  -51.800  -4.541  45.463 0.0000000000
83021  -52.573  -4.002  45.893 0.0000000000
84093  -52.831  -3.478  45.219 0.0000000000
83032  -52.355  -3.821  44.672 0.0000000000
83052  -50.705  -3.841  42.827 0.0000000000
83044  -52.375  -3.632  43.749 0.0000000000
83053  -51.748  -3.660  42.722 0.0000000000
39791  -14.563  -39.654  83.218 0.0000000000
43488  -19.139  -37.721  81.404 0.0000000000
41045  -18.477  -39.309  81.883 0.0000000000
41032  -18.018  -39.051  81.868 0.0000000000
39807  -17.501  -39.424  82.304 0.0000000000
37480  -18.796  -40.577  81.004 0.0000000000
36425  -17.131  -41.472  82.537 0.0000000000
37472  -17.536  -41.113  82.442 0.0000000000
38565  -17.285  -40.848  82.646 0.0000000000
39794  -17.238  -39.814  82.736 0.0000000000
38557  -16.790  -40.624  82.894 0.0000000000
38550  -16.317  -40.952  82.976 0.0000000000
35403  -15.956  -42.306  82.345 0.0000000000
36416  -15.737  -41.658  82.756 0.0000000000
35394  -15.491  -41.864  82.735 0.0000000000
36414  -14.946  -41.751  83.193 0.0000000000
34406  -14.701  -42.375  82.550 0.0000000000
34414  -14.325  -42.584  82.199 0.0000000000
35410  -14.954  -42.447  81.913 0.0000000000
36441  -14.200  -41.693  80.767 0.0000000000
68904  -50.153  -16.162  65.465 0.0000000000
68905  -50.714  -15.973  65.300 0.0000000000
70141  -49.805  -15.881  65.109 0.0000000000
64272  -46.072  -20.348  65.981 0.0000000000
65386  -46.706  -20.039  66.877 0.0000000000
65402  -46.784  -19.765  66.157 0.0000000000
64286  -47.033  -19.357  64.815 0.0000000000
65403  -47.157  -19.150  65.802 0.0000000000
65418  -47.499  -18.995  65.117 0.0000000000
65404  -47.972  -18.838  65.572 0.0000000000
65419  -47.930  -18.547  64.690 0.0000000000
66618  -45.127  -17.930  61.718 0.0000000000
66619  -45.932  -17.535  61.893 0.0000000000
67757  -46.907  -16.594  63.182 0.0000000000
66609  -47.073  -17.583  62.970 0.0000000000
66599  -48.430  -17.279  64.195 0.0000000000
67748  -48.344  -16.549  64.201 0.0000000000
67739  -48.728  -16.830  64.621 0.0000000000
67747  -47.937  -16.182  64.242 0.0000000000
70173  -47.058  -15.483  63.266 0.0000000000
68931  -47.987  -15.851  64.216 0.0000000000
70174  -48.257  -15.617  63.647 0.0000000000
70163  -49.200  -15.208  64.185 0.0000000000
70214  -46.719  -16.341  61.036 0.0000000000
70215  -47.271  -16.121  61.279 0.0000000000
70228  -46.610  -16.578  60.582 0.0000000000
68996  -46.596  -16.845  59.922 0.0000000000
69010  -43.835  -16.815  59.445 0.0000000000
68994  -44.454  -16.416  59.887 0.0000000000
67840  -44.348  -17.323  59.171 0.0000000000
67893  -44.234  -17.527  57.515 0.0000000000
66693  -44.690  -17.646  58.241 0.0000000000
66694  -45.394  -17.898  58.150 0.0000000000
66721  -45.904  -17.727  57.159 0.0000000000
66783  -43.472  -17.796  53.964 0.0000000000
67968  -43.474  -17.668  53.125 0.0000000000
67967  -42.877  -17.551  52.821 0.0000000000
69049  -38.454  -16.273  56.299 0.0000000000
67913  -38.399  -16.762  55.128 0.0000000000
67914  -38.924  -17.002  55.308 0.0000000000
67940  -39.230  -17.370  54.547 0.0000000000
66757  -39.206  -17.534  53.809 0.0000000000
66779  -39.899  -17.480  53.419 0.0000000000
66780  -40.567  -17.499  53.544 0.0000000000
67965  -40.506  -17.286  52.982 0.0000000000
48303  -28.662  -33.364  77.733 0.0000000000
50749  -31.694  -30.743  78.471 0.0000000000
52172  -29.643  -30.393  66.391 0.0000000000
52159  -30.141  -30.387  67.366 0.0000000000
52133  -30.284  -30.581  68.579 0.0000000000
50922  -30.468  -30.638  69.635 0.0000000000
52149  -30.687  -30.271  68.405 0.0000000000
53306  -32.211  -29.207  69.198 0.0000000000
53281  -31.967  -29.539  69.846 0.0000000000
52088  -32.711  -29.440  71.239 0.0000000000
56782  -31.168  -27.485  63.315 0.0000000000
55590  -33.405  -27.567  65.811 0.0000000000
55589  -32.630  -27.564  65.841 0.0000000000
54485  -36.561  -28.348  67.568 0.0000000000
53359  -35.732  -28.354  67.080 0.0000000000
54459  -36.116  -28.416  68.196 0.0000000000
54435  -34.808  -28.407  69.267 0.0000000000
54434  -33.962  -28.140  69.250 0.0000000000
54433  -33.367  -28.465  69.175 0.0000000000
54420  -34.342  -28.413  70.110 0.0000000000
53235  -34.816  -28.877  71.546 0.0000000000
53234  -34.334  -28.681  71.339 0.0000000000
52057  -34.220  -29.186  71.925 0.0000000000
52006  -35.142  -29.427  73.639 0.0000000000
52031  -35.591  -29.452  73.029 0.0000000000
53220  -37.562  -28.894  73.476 0.0000000000
53240  -39.289  -28.972  72.695 0.0000000000
53239  -38.343  -28.907  72.597 0.0000000000
44790  -17.216  -36.624  77.379 0.0000000000
45985  -21.202  -34.936  74.191 0.0000000000
45984  -20.297  -34.825  74.197 0.0000000000
45964  -20.798  -35.019  74.906 0.0000000000
44821  -19.868  -35.605  75.612 0.0000000000
45962  -19.102  -35.139  75.006 0.0000000000
44793  -20.580  -36.437  77.725 0.0000000000
43562  -19.743  -36.722  78.082 0.0000000000
44775  -18.959  -36.989  77.854 0.0000000000
43530  -19.781  -37.072  79.440 0.0000000000
47025  -23.813  -34.819  80.267 0.0000000000
47024  -23.328  -35.118  80.482 0.0000000000
47007  -23.832  -34.608  80.990 0.0000000000
68932  -52.062  -15.700  63.046 0.0000000000
70355  -44.378  -15.226  51.348 0.0000000000
70343  -45.199  -15.557  51.990 0.0000000000
69117  -47.767  -15.613  53.523 0.0000000000
69118  -48.136  -15.289  53.126 0.0000000000
70375  -48.648  -13.839  50.671 0.0000000000
70374  -48.182  -13.919  50.859 0.0000000000
70334  -50.085  -14.081  53.556 0.0000000000
70333  -49.468  -14.349  52.979 0.0000000000
70318  -49.742  -14.778  53.987 0.0000000000
70299  -50.799  -14.123  55.428 0.0000000000
70300  -51.439  -13.732  55.784 0.0000000000
71568  -51.752  -13.395  56.386 0.0000000000
77492  -49.713  -8.122  49.914 0.0000000000
76453  -49.707  -9.232  50.369 0.0000000000
76422  -50.452  -9.581  52.873 0.0000000000
76438  -50.321  -9.837  52.100 0.0000000000
75347  -50.475  -10.264  52.635 0.0000000000
74215  -50.582  -10.926  52.482 0.0000000000
85184  -54.786  -1.859  44.548 0.0000000000
85178  -56.130  -0.981  45.708 0.0000000000
85221  -53.632  -1.927  41.518 0.0000000000
86291  -55.874  -0.606  42.466 0.0000000000
86281  -55.859  -0.739  43.412 0.0000000000
86274  -56.558  -0.604  44.577 0.0000000000
86283  -57.561  0.234  44.079 0.0000000000
87350  -58.716  1.298  43.813 0.0000000000
88399  -59.679  1.963  44.379 0.0000000000
88398  -59.128  1.939  44.020 0.0000000000
87403  -56.901  0.887  39.484 0.0000000000
87402  -56.229  0.320  39.477 0.0000000000
87387  -56.882  0.480  40.367 0.0000000000
87373  -57.563  0.687  41.261 0.0000000000
89458  -59.631  2.891  42.401 0.0000000000
89449  -59.188  2.272  42.766 0.0000000000
89450  -59.511  2.988  43.326 0.0000000000
90487  -59.904  3.050  44.144 0.0000000000
90499  -60.282  3.110  43.456 0.0000000000
91637  -59.690  4.926  39.757 0.0000000000
91624  -60.035  5.190  40.264 0.0000000000
92760  -60.308  5.397  40.183 0.0000000000
59490  -39.581  -23.725  61.238 0.0000000000
60838  -39.590  -23.257  60.959 0.0000000000
59506  -39.434  -23.420  60.096 0.0000000000
56845  -36.461  -25.763  60.437 0.0000000000
58101  -37.131  -25.428  60.022 0.0000000000
58102  -37.647  -25.135  60.491 0.0000000000
58090  -38.471  -25.005  61.294 0.0000000000
67941  -44.847  -17.430  54.434 0.0000000000
67970  -45.842  -16.970  53.328 0.0000000000
67992  -45.998  -16.577  52.559 0.0000000000
83001  -53.325  -3.668  47.937 0.0000000000
82991  -53.550  -3.555  49.095 0.0000000000
84054  -54.721  -2.938  49.952 0.0000000000
85144  -56.707  -1.660  49.637 0.0000000000
85145  -57.503  -1.592  49.624 0.0000000000
84075  -56.493  -2.038  47.666 0.0000000000
84084  -55.607  -1.959  46.670 0.0000000000
43542  -16.498  -37.030  78.567 0.0000000000
43527  -16.991  -37.187  79.368 0.0000000000
66643  -41.412  -17.485  59.853 0.0000000000
67794  -41.426  -16.811  59.779 0.0000000000
67817  -41.717  -16.486  59.365 0.0000000000
69027  -40.096  -16.517  57.344 0.0000000000
47029  -27.214  -33.716  80.529 0.0000000000
52002  -31.960  -30.165  74.575 0.0000000000
53178  -34.258  -29.130  75.736 0.0000000000
53349  -39.934  -28.568  67.759 0.0000000000
53348  -39.112  -28.534  67.945 0.0000000000
53313  -40.545  -29.085  69.813 0.0000000000
53292  -41.674  -28.615  70.878 0.0000000000
47082  -24.912  -34.715  77.410 0.0000000000
47070  -24.771  -34.591  78.185 0.0000000000
45939  -25.575  -34.434  78.482 0.0000000000
74275  -47.971  -11.283  48.231 0.0000000000
73031  -48.548  -11.640  48.643 0.0000000000
74276  -48.489  -11.151  48.607 0.0000000000
60740  -44.203  -22.538  65.384 0.0000000000
61982  -44.664  -21.682  65.312 0.0000000000
61999  -43.650  -21.704  64.189 0.0000000000
62077  -40.876  -21.599  59.972 0.0000000000
62078  -41.375  -21.008  60.333 0.0000000000
64351  -41.365  -19.471  59.904 0.0000000000
47137  -25.737  -34.419  73.710 0.0000000000
47138  -26.765  -34.308  73.412 0.0000000000
47139  -27.632  -33.901  73.297 0.0000000000
48448  -28.129  -33.137  70.083 0.0000000000
48425  -28.264  -32.806  71.216 0.0000000000
49654  -30.013  -31.704  71.301 0.0000000000
49655  -30.522  -31.355  70.881 0.0000000000
50906  -30.525  -30.921  70.294 0.0000000000
56802  -36.879  -26.825  62.803 0.0000000000
55643  -38.424  -27.164  64.215 0.0000000000
55594  -38.828  -27.615  65.819 0.0000000000
55621  -38.996  -27.032  65.072 0.0000000000
55596  -40.861  -26.985  65.729 0.0000000000
56742  -41.560  -26.797  66.518 0.0000000000
56754  -41.475  -25.945  65.958 0.0000000000
58018  -41.451  -25.319  65.460 0.0000000000
59428  -41.805  -24.297  64.634 0.0000000000
59404  -42.913  -23.447  65.199 0.0000000000
60721  -43.712  -23.037  65.960 0.0000000000
47157  -24.600  -34.500  72.802 0.0000000000
68977  -48.180  -16.385  60.857 0.0000000000
67800  -48.756  -16.609  60.484 0.0000000000
67824  -49.327  -16.730  59.584 0.0000000000
67898  -48.221  -16.141  56.555 0.0000000000
69015  -50.900  -15.316  57.837 0.0000000000
69016  -51.511  -14.862  58.254 0.0000000000
69030  -50.465  -14.736  57.389 0.0000000000
70255  -51.159  -14.122  57.288 0.0000000000
80745  -48.046  -5.850  49.087 0.0000000000
79625  -48.444  -6.107  49.445 0.0000000000
80747  -49.498  -5.550  49.803 0.0000000000
80738  -50.536  -5.205  50.717 0.0000000000
81845  -53.138  -4.480  52.242 0.0000000000
81844  -52.538  -4.683  51.814 0.0000000000
81827  -53.071  -4.799  52.425 0.0000000000
87332  -58.711  0.192  45.574 0.0000000000
74272  -45.165  -11.011  48.211 0.0000000000
79634  -46.769  -7.326  47.955 0.0000000000
78571  -46.494  -7.236  47.053 0.0000000000
79659  -46.957  -6.902  46.402 0.0000000000
81917  -50.499  -5.468  44.963 0.0000000000
81906  -50.879  -5.424  45.687 0.0000000000
81927  -51.314  -4.406  44.490 0.0000000000
41028  -14.628  -39.444  82.369 0.0000000000
39796  -20.056  -38.720  81.005 0.0000000000
39810  -19.669  -39.282  80.988 0.0000000000
39809  -18.840  -39.497  81.772 0.0000000000
38567  -19.238  -40.074  81.652 0.0000000000
36433  -18.258  -41.338  81.211 0.0000000000
35413  -17.246  -41.979  81.665 0.0000000000
36421  -17.019  -42.032  82.348 0.0000000000
37462  -16.455  -41.273  82.787 0.0000000000
35412  -16.689  -42.402  81.919 0.0000000000
35421  -16.250  -42.272  81.698 0.0000000000
35420  -15.357  -42.312  81.788 0.0000000000
36442  -15.204  -41.443  80.912 0.0000000000
64301  -46.651  -19.457  63.818 0.0000000000
67767  -45.054  -16.727  61.658 0.0000000000
67768  -46.003  -17.030  62.078 0.0000000000
67769  -46.521  -16.628  62.352 0.0000000000
68929  -46.676  -15.783  63.229 0.0000000000
70172  -46.684  -15.544  63.066 0.0000000000
68957  -46.278  -15.884  60.985 0.0000000000
68975  -46.047  -16.401  60.644 0.0000000000
67860  -42.586  -17.101  57.716 0.0000000000
66692  -43.219  -17.620  57.312 0.0000000000
66719  -43.941  -17.546  56.869 0.0000000000
66742  -43.763  -17.712  55.806 0.0000000000
66761  -42.627  -17.910  54.646 0.0000000000
48315  -29.493  -32.883  77.113 0.0000000000
51920  -33.101  -30.021  79.209 0.0000000000
50750  -32.335  -30.276  78.860 0.0000000000
54529  -29.350  -28.828  64.377 0.0000000000
53374  -30.041  -29.716  65.676 0.0000000000
54478  -30.776  -29.271  67.228 0.0000000000
53342  -30.644  -29.747  67.691 0.0000000000
53325  -31.129  -29.845  68.431 0.0000000000
53326  -31.636  -29.083  68.410 0.0000000000
54432  -32.810  -28.846  69.187 0.0000000000
55638  -32.775  -27.148  64.025 0.0000000000
55637  -31.813  -27.395  64.103 0.0000000000
55571  -33.957  -27.780  66.452 0.0000000000
53330  -37.065  -28.538  68.986 0.0000000000
54437  -36.524  -28.418  68.817 0.0000000000
53308  -35.514  -28.508  69.722 0.0000000000
53307  -35.020  -28.545  69.804 0.0000000000
53285  -34.954  -28.608  70.297 0.0000000000
53262  -35.260  -28.907  70.983 0.0000000000
53236  -35.543  -29.178  71.757 0.0000000000
52060  -35.964  -29.414  72.641 0.0000000000
53237  -36.356  -29.362  72.242 0.0000000000
45948  -21.825  -35.414  75.812 0.0000000000
45947  -21.156  -35.394  75.459 0.0000000000
44776  -21.165  -36.824  78.924 0.0000000000
45890  -24.997  -34.604  81.335 0.0000000000
45873  -24.555  -34.849  81.523 0.0000000000
70357  -46.224  -14.912  51.047 0.0000000000
70344  -47.624  -14.931  51.720 0.0000000000
71627  -50.097  -13.768  52.929 0.0000000000
71610  -51.219  -13.667  54.506 0.0000000000
71611  -51.980  -13.111  54.677 0.0000000000
77478  -50.744  -8.237  51.734 0.0000000000
76409  -50.878  -9.447  53.711 0.0000000000
84112  -52.993  -3.102  43.707 0.0000000000
84105  -54.280  -2.215  44.585 0.0000000000
84113  -53.632  -2.415  43.587 0.0000000000
85193  -54.463  -1.901  43.515 0.0000000000
86292  -56.518  -0.200  42.387 0.0000000000
87358  -56.982  0.267  42.342 0.0000000000
87359  -57.497  0.691  42.214 0.0000000000
88475  -56.910  2.038  37.606 0.0000000000
88465  -57.295  1.644  38.451 0.0000000000
88451  -57.225  1.362  39.163 0.0000000000
87404  -57.616  1.241  39.712 0.0000000000
88438  -58.052  1.756  40.426 0.0000000000
88439  -58.608  1.938  40.759 0.0000000000
89469  -59.050  2.056  41.070 0.0000000000
90509  -59.995  3.420  41.688 0.0000000000
93898  -60.180  6.188  39.385 0.0000000000
92780  -60.517  5.739  39.830 0.0000000000
92781  -61.145  5.543  39.700 0.0000000000
60762  -42.056  -22.762  63.802 0.0000000000
60814  -41.747  -22.681  61.963 0.0000000000
60839  -40.279  -22.850  60.933 0.0000000000
62057  -40.811  -22.230  60.635 0.0000000000
47193  -25.674  -33.746  70.788 0.0000000000
48472  -27.241  -33.166  69.334 0.0000000000
49687  -27.771  -32.663  68.773 0.0000000000
49708  -28.575  -31.971  68.673 0.0000000000
56843  -34.414  -26.670  59.988 0.0000000000
56833  -35.198  -26.709  60.914 0.0000000000
56835  -37.013  -25.943  60.952 0.0000000000
56803  -38.319  -26.193  62.592 0.0000000000
58048  -40.140  -25.169  63.428 0.0000000000
58061  -40.425  -24.267  63.246 0.0000000000
58062  -41.050  -23.985  63.435 0.0000000000
59451  -41.562  -23.523  63.390 0.0000000000
66672  -47.818  -17.559  58.613 0.0000000000
67896  -46.993  -17.458  57.011 0.0000000000
67897  -47.579  -16.850  56.508 0.0000000000
69052  -47.887  -16.122  55.738 0.0000000000
69077  -48.280  -15.652  54.996 0.0000000000
80758  -50.428  -5.178  48.470 0.0000000000
81866  -50.534  -4.804  49.749 0.0000000000
81879  -50.962  -4.701  48.899 0.0000000000
82979  -52.250  -3.846  50.350 0.0000000000
82980  -53.135  -3.384  50.160 0.0000000000
82970  -52.979  -3.540  51.048 0.0000000000
84029  -53.752  -3.496  52.149 0.0000000000
82948  -54.487  -3.588  52.361 0.0000000000
85154  -57.652  -1.455  48.634 0.0000000000
86247  -57.992  -0.833  47.198 0.0000000000
86257  -57.587  -0.487  46.559 0.0000000000
43541  -15.446  -37.231  78.467 0.0000000000
67778  -44.390  -16.710  61.334 0.0000000000
70197  -44.297  -15.740  61.025 0.0000000000
68993  -43.772  -16.488  59.907 0.0000000000
67838  -42.154  -16.468  58.635 0.0000000000
66717  -41.378  -17.498  56.504 0.0000000000
50804  -30.821  -31.312  75.962 0.0000000000
49592  -31.230  -31.376  76.893 0.0000000000
50786  -31.528  -30.956  76.740 0.0000000000
50787  -32.014  -30.551  77.086 0.0000000000
51940  -32.880  -29.698  78.219 0.0000000000
53169  -35.278  -28.704  76.984 0.0000000000
54530  -30.208  -28.697  64.981 0.0000000000
54505  -31.835  -28.404  66.294 0.0000000000
54532  -35.999  -27.773  65.731 0.0000000000
54508  -36.484  -28.349  66.642 0.0000000000
53347  -38.397  -28.455  68.149 0.0000000000
53288  -37.756  -29.303  70.472 0.0000000000
53266  -39.110  -29.224  71.681 0.0000000000
45966  -22.457  -35.405  75.246 0.0000000000
45949  -22.740  -35.366  76.217 0.0000000000
45914  -23.215  -35.573  78.775 0.0000000000
45915  -23.792  -35.402  79.247 0.0000000000
47039  -24.244  -35.107  79.543 0.0000000000
47026  -24.479  -34.470  80.473 0.0000000000
47041  -25.205  -34.578  79.929 0.0000000000
71684  -46.736  -13.127  49.212 0.0000000000
71667  -47.320  -13.412  49.931 0.0000000000
71685  -47.230  -12.745  49.533 0.0000000000
72991  -47.711  -12.903  49.868 0.0000000000
71669  -48.791  -13.340  50.363 0.0000000000
73009  -48.777  -12.246  49.170 0.0000000000
84144  -51.903  -2.501  40.896 0.0000000000
84145  -52.370  -2.284  40.804 0.0000000000
88476  -57.579  2.358  38.107 0.0000000000
88477  -57.865  2.616  38.482 0.0000000000
89509  -58.393  3.422  38.793 0.0000000000
90532  -58.866  3.704  39.039 0.0000000000
91650  -59.222  4.545  39.002 0.0000000000
92795  -59.420  5.487  38.966 0.0000000000
92794  -58.848  5.316  38.239 0.0000000000
93897  -59.809  6.011  39.277 0.0000000000
43516  -18.497  -37.438  80.298 0.0000000000
43517  -19.210  -37.381  80.209 0.0000000000
43489  -19.889  -37.659  81.249 0.0000000000
38569  -20.851  -39.132  81.055 0.0000000000
63157  -45.507  -20.699  66.287 0.0000000000
64271  -45.519  -20.388  65.620 0.0000000000
63206  -44.324  -20.348  62.866 0.0000000000
64319  -43.772  -20.017  62.157 0.0000000000
62019  -42.793  -21.867  63.454 0.0000000000
63185  -42.956  -21.738  62.937 0.0000000000
63186  -43.159  -21.125  62.879 0.0000000000
64298  -43.294  -20.453  62.406 0.0000000000
65448  -43.203  -19.646  61.614 0.0000000000
65461  -41.989  -18.499  60.483 0.0000000000
65474  -41.760  -18.006  60.087 0.0000000000
65473  -41.508  -18.411  59.884 0.0000000000
67792  -40.281  -17.260  58.900 0.0000000000
47073  -27.279  -34.206  77.415 0.0000000000
47086  -28.141  -33.646  76.038 0.0000000000
45970  -27.537  -34.314  74.774 0.0000000000
47100  -28.061  -33.352  75.449 0.0000000000
48403  -27.405  -33.399  72.028 0.0000000000
47140  -28.147  -33.610  73.047 0.0000000000
47161  -28.322  -33.294  72.621 0.0000000000
48386  -28.648  -33.262  73.328 0.0000000000
49617  -29.461  -32.155  74.369 0.0000000000
49618  -30.007  -31.532  74.828 0.0000000000
50830  -30.734  -31.245  75.202 0.0000000000
50855  -31.456  -30.677  73.740 0.0000000000
52027  -32.068  -29.925  73.499 0.0000000000
56816  -31.644  -26.755  62.081 0.0000000000
56798  -32.407  -27.407  62.886 0.0000000000
55618  -35.465  -27.668  64.933 0.0000000000
55660  -36.852  -27.254  63.341 0.0000000000
55658  -35.194  -27.359  63.413 0.0000000000
54533  -37.053  -28.029  65.759 0.0000000000
54510  -38.675  -28.067  66.495 0.0000000000
54511  -39.609  -27.965  66.349 0.0000000000
54463  -41.796  -28.037  68.340 0.0000000000
55540  -42.046  -27.481  68.825 0.0000000000
55555  -42.452  -26.914  68.424 0.0000000000
56735  -42.950  -26.242  68.167 0.0000000000
58002  -43.592  -25.064  68.208 0.0000000000
58019  -41.931  -24.959  65.805 0.0000000000
58036  -41.953  -24.397  65.409 0.0000000000
58020  -42.608  -24.669  66.447 0.0000000000
58011  -43.331  -24.347  67.457 0.0000000000
60693  -45.344  -22.330  68.267 0.0000000000
47135  -21.797  -34.282  72.555 0.0000000000
46010  -22.582  -34.525  72.826 0.0000000000
46004  -23.739  -34.777  74.012 0.0000000000
46012  -24.160  -34.676  73.527 0.0000000000
47097  -25.844  -34.608  75.971 0.0000000000
70189  -50.540  -15.333  62.649 0.0000000000
68960  -50.651  -16.158  61.843 0.0000000000
66673  -48.077  -17.464  58.576 0.0000000000
67844  -48.523  -17.030  58.681 0.0000000000
67825  -50.391  -16.423  59.271 0.0000000000
68978  -51.895  -15.634  59.710 0.0000000000
70244  -52.008  -14.251  58.343 0.0000000000
77509  -48.574  -8.010  49.393 0.0000000000
78549  -49.081  -6.487  49.662 0.0000000000
78533  -49.714  -6.993  50.161 0.0000000000
77493  -50.367  -7.619  50.801 0.0000000000
80723  -50.599  -4.954  50.716 0.0000000000
80724  -51.182  -5.239  51.112 0.0000000000
80726  -52.465  -4.959  51.997 0.0000000000
79598  -52.111  -5.658  51.645 0.0000000000
79585  -52.181  -6.578  52.217 0.0000000000
35399  -13.240  -42.484  82.827 0.0000000000
69151  -44.068  -15.780  51.540 0.0000000000
70354  -43.680  -15.318  50.949 0.0000000000
70370  -44.311  -14.873  50.470 0.0000000000
70389  -43.560  -14.843  49.232 0.0000000000
70391  -45.316  -14.193  49.384 0.0000000000
71683  -45.739  -13.473  48.991 0.0000000000
73006  -46.194  -12.721  48.730 0.0000000000
73029  -46.643  -11.550  48.644 0.0000000000
74273  -46.120  -10.921  48.508 0.0000000000
74274  -47.011  -10.964  48.541 0.0000000000
75396  -46.788  -9.722  48.572 0.0000000000
76468  -47.322  -9.325  48.867 0.0000000000
77506  -45.996  -8.613  48.660 0.0000000000
77507  -46.816  -8.510  48.762 0.0000000000
79635  -47.149  -6.901  48.189 0.0000000000
80754  -47.367  -6.383  48.600 0.0000000000
80744  -47.338  -6.023  48.983 0.0000000000
80756  -48.765  -5.560  48.670 0.0000000000
80757  -49.636  -5.308  48.499 0.0000000000
79670  -46.527  -6.464  45.420 0.0000000000
79672  -48.486  -6.610  45.652 0.0000000000
79661  -48.654  -6.502  46.787 0.0000000000
79650  -49.729  -5.941  47.407 0.0000000000
80772  -50.893  -5.281  48.017 0.0000000000
81898  -52.062  -4.599  47.314 0.0000000000
81907  -51.450  -5.042  46.172 0.0000000000
83009  -52.744  -4.133  47.147 0.0000000000
83010  -53.320  -3.588  46.972 0.0000000000
84082  -53.909  -3.086  46.868 0.0000000000
84083  -54.581  -2.478  46.736 0.0000000000
84132  -51.598  -2.843  41.503 0.0000000000
84131  -50.588  -2.874  41.579 0.0000000000
42257  -18.016  -37.670  80.513 0.0000000000
42239  -17.728  -38.049  81.136 0.0000000000
42224  -18.482  -38.197  81.483 0.0000000000
42222  -16.541  -38.890  81.674 0.0000000000
37481  -19.188  -40.277  80.846 0.0000000000
38566  -18.012  -40.375  82.459 0.0000000000
39795  -17.755  -40.050  82.648 0.0000000000
41018  -17.089  -39.484  82.440 0.0000000000
41017  -16.648  -39.527  82.635 0.0000000000
41030  -16.307  -39.396  82.170 0.0000000000
41016  -15.962  -39.371  82.964 0.0000000000
39792  -15.444  -39.915  83.374 0.0000000000
37461  -16.022  -41.306  82.858 0.0000000000
38555  -15.489  -40.449  83.447 0.0000000000
34405  -13.799  -42.606  82.515 0.0000000000
35408  -13.402  -43.180  81.898 0.0000000000
35418  -13.425  -43.012  81.701 0.0000000000
35419  -14.229  -42.472  81.722 0.0000000000
67732  -51.036  -16.258  65.316 0.0000000000
70153  -50.892  -15.529  64.655 0.0000000000
65374  -47.181  -19.743  67.581 0.0000000000
64273  -46.668  -19.690  65.514 0.0000000000
65449  -45.412  -18.685  62.691 0.0000000000
65434  -46.007  -18.845  63.325 0.0000000000
65435  -47.137  -18.563  63.137 0.0000000000
65451  -46.837  -18.035  62.830 0.0000000000
65436  -47.682  -18.386  63.954 0.0000000000
65420  -48.421  -17.944  64.615 0.0000000000
66586  -48.780  -17.532  64.986 0.0000000000
68902  -49.274  -16.752  65.367 0.0000000000
70139  -49.204  -16.383  64.856 0.0000000000
68920  -48.018  -16.130  64.553 0.0000000000
68921  -48.463  -15.856  64.449 0.0000000000
70151  -49.409  -15.714  64.625 0.0000000000
70164  -49.808  -14.899  64.049 0.0000000000
70201  -48.342  -15.600  61.802 0.0000000000
70200  -47.655  -15.451  61.838 0.0000000000
70216  -47.941  -15.898  61.259 0.0000000000
68976  -47.622  -16.567  60.666 0.0000000000
68997  -47.228  -16.920  59.935 0.0000000000
69012  -46.905  -17.264  59.357 0.0000000000
67797  -45.607  -16.492  60.094 0.0000000000
66670  -44.636  -17.607  58.726 0.0000000000
67821  -45.911  -16.858  59.642 0.0000000000
66744  -45.533  -17.569  56.030 0.0000000000
66764  -45.007  -17.406  55.450 0.0000000000
66763  -44.507  -17.567  54.908 0.0000000000
67991  -43.997  -17.475  52.746 0.0000000000
68991  -39.181  -16.864  58.301 0.0000000000
70252  -39.254  -16.504  57.438 0.0000000000
69026  -39.506  -16.477  57.116 0.0000000000
69074  -39.063  -16.470  55.988 0.0000000000
69075  -39.510  -16.573  56.319 0.0000000000
66739  -40.792  -17.486  55.232 0.0000000000
66758  -39.897  -17.760  54.104 0.0000000000
66781  -41.396  -17.527  53.375 0.0000000000
66796  -41.946  -17.614  52.934 0.0000000000
67987  -40.474  -17.252  52.258 0.0000000000
67988  -41.285  -17.252  52.566 0.0000000000
67989  -42.278  -17.254  52.402 0.0000000000
69131  -42.939  -17.063  51.741 0.0000000000
47059  -27.861  -33.813  78.106 0.0000000000
48292  -28.372  -33.627  79.180 0.0000000000
48304  -29.388  -32.832  78.339 0.0000000000
49572  -31.035  -31.374  77.532 0.0000000000
50735  -31.201  -31.181  78.943 0.0000000000
50936  -28.231  -31.816  67.520 0.0000000000
50937  -28.919  -31.428  68.286 0.0000000000
50920  -29.235  -31.460  68.913 0.0000000000
50921  -29.806  -31.140  69.280 0.0000000000
52086  -31.164  -30.383  70.643 0.0000000000
53304  -31.369  -30.157  69.219 0.0000000000
52112  -31.556  -29.902  70.311 0.0000000000
52087  -31.723  -29.982  71.253 0.0000000000
55636  -30.835  -27.616  63.798 0.0000000000
55588  -31.968  -27.927  65.839 0.0000000000
55568  -32.359  -28.244  66.700 0.0000000000
54507  -35.315  -27.947  66.378 0.0000000000
54506  -34.548  -27.889  66.627 0.0000000000
54483  -34.218  -27.816  67.301 0.0000000000
54458  -35.146  -28.275  68.082 0.0000000000
54482  -33.448  -27.655  67.537 0.0000000000
54481  -32.738  -27.968  67.534 0.0000000000
54455  -32.607  -28.407  68.337 0.0000000000
54418  -33.135  -28.479  69.865 0.0000000000
53283  -33.339  -28.552  70.418 0.0000000000
54404  -34.069  -28.258  70.636 0.0000000000
53259  -33.199  -28.796  70.901 0.0000000000
52089  -33.461  -29.068  71.436 0.0000000000
52029  -33.906  -29.537  73.050 0.0000000000
52005  -34.506  -29.446  73.932 0.0000000000
53203  -35.079  -29.375  74.152 0.0000000000
53218  -36.072  -29.412  73.347 0.0000000000
53193  -36.752  -28.880  75.293 0.0000000000
53221  -38.470  -28.885  73.579 0.0000000000
44789  -16.628  -36.686  77.423 0.0000000000
43544  -18.294  -36.771  78.604 0.0000000000
45963  -20.005  -35.127  74.900 0.0000000000
44806  -18.568  -36.153  76.628 0.0000000000
44791  -18.256  -36.626  77.582 0.0000000000
44774  -18.658  -36.963  78.140 0.0000000000
43518  -20.407  -37.260  80.317 0.0000000000
45872  -23.629  -35.011  81.689 0.0000000000
67993  -46.647  -16.563  52.746 0.0000000000
69153  -46.228  -15.476  51.774 0.0000000000
67994  -47.214  -16.431  52.992 0.0000000000
71653  -47.668  -13.992  50.541 0.0000000000
70359  -47.923  -14.257  51.169 0.0000000000
70345  -48.346  -14.633  51.832 0.0000000000
70346  -49.066  -14.243  51.982 0.0000000000
70317  -48.899  -15.045  53.535 0.0000000000
70297  -49.043  -15.268  54.515 0.0000000000
70274  -49.973  -14.295  56.329 0.0000000000
76452  -49.120  -9.722  50.053 0.0000000000
75382  -49.708  -10.357  50.610 0.0000000000
75367  -50.183  -9.883  51.462 0.0000000000
74231  -50.658  -11.717  52.338 0.0000000000
72965  -51.551  -12.049  53.339 0.0000000000
85168  -55.604  -1.641  46.214 0.0000000000
85176  -54.809  -2.057  45.052 0.0000000000
85169  -56.144  -1.220  46.609 0.0000000000
86264  -56.809  -0.513  45.733 0.0000000000
84134  -53.259  -2.273  41.863 0.0000000000
85202  -53.821  -2.089  42.491 0.0000000000
85194  -55.256  -1.333  43.397 0.0000000000
86265  -57.834  -0.257  45.632 0.0000000000
87342  -59.761  1.034  44.697 0.0000000000
88425  -58.162  1.249  41.227 0.0000000000
88413  -58.637  1.679  42.070 0.0000000000
88406  -58.600  1.563  43.104 0.0000000000
91626  -61.022  4.755  40.288 0.0000000000
34400  -14.048  -42.306  82.844 0.0000000000
34407  -15.395  -42.374  82.362 0.0000000000
34408  -15.703  -42.397  82.317 0.0000000000
34413  -13.399  -43.165  82.131 0.0000000000
34416  -15.642  -42.471  82.114 0.0000000000
35389  -14.515  -41.966  83.089 0.0000000000
35393  -14.881  -41.994  82.968 0.0000000000
35395  -15.734  -41.953  82.604 0.0000000000
35400  -13.787  -42.338  82.867 0.0000000000
35401  -15.127  -42.096  82.778 0.0000000000
35402  -15.600  -42.217  82.511 0.0000000000
35404  -16.497  -42.218  82.325 0.0000000000
35405  -17.065  -42.174  82.112 0.0000000000
35411  -15.992  -42.489  81.985 0.0000000000
36415  -15.372  -41.688  82.952 0.0000000000
36417  -16.110  -41.654  82.649 0.0000000000
36420  -16.699  -41.741  82.548 0.0000000000
36427  -19.651  -40.190  80.707 0.0000000000
36434  -19.234  -40.589  80.540 0.0000000000
37460  -15.657  -41.343  83.063 0.0000000000
38548  -15.368  -40.890  83.440 0.0000000000
38549  -16.011  -40.961  83.124 0.0000000000
38559  -20.430  -38.991  80.719 0.0000000000
38560  -21.088  -39.027  81.715 0.0000000000
38574  -20.789  -40.075  81.153 0.0000000000
38579  -21.465  -39.970  80.756 0.0000000000
39808  -18.102  -39.607  82.346 0.0000000000
39818  -18.497  -39.481  82.102 0.0000000000
41034  -19.557  -38.763  81.236 0.0000000000
41044  -18.246  -39.332  82.074 0.0000000000
42215  -19.932  -38.080  81.540 0.0000000000
43504  -19.235  -37.456  81.065 0.0000000000
43561  -19.334  -36.904  77.952 0.0000000000
44762  -21.339  -36.770  79.570 0.0000000000
45889  -24.677  -34.646  81.366 0.0000000000
45923  -23.965  -35.168  78.346 0.0000000000
45924  -24.420  -34.799  78.255 0.0000000000
45925  -25.778  -34.338  78.599 0.0000000000
45926  -26.074  -34.442  78.444 0.0000000000
45940  -25.863  -34.563  78.324 0.0000000000
45969  -27.349  -34.418  74.997 0.0000000000
45990  -27.246  -34.418  74.649 0.0000000000
46988  -23.700  -34.815  81.438 0.0000000000
46989  -24.089  -34.815  81.510 0.0000000000
47006  -23.375  -35.003  80.951 0.0000000000
47056  -25.277  -34.301  78.890 0.0000000000
47058  -27.054  -34.049  78.451 0.0000000000
47160  -27.724  -33.516  72.555 0.0000000000
48346  -27.976  -32.948  74.905 0.0000000000
48446  -26.269  -33.557  70.548 0.0000000000
49672  -30.203  -31.465  70.517 0.0000000000
49688  -28.348  -32.365  68.975 0.0000000000
50748  -31.082  -30.959  78.098 0.0000000000
50765  -31.173  -31.034  77.754 0.0000000000
50766  -31.518  -30.913  77.592 0.0000000000
50785  -31.156  -31.276  76.396 0.0000000000
50853  -30.130  -31.577  73.661 0.0000000000
52032  -36.155  -29.451  72.919 0.0000000000
52059  -35.710  -29.344  72.381 0.0000000000
52134  -30.762  -30.510  69.037 0.0000000000
52135  -39.131  -29.144  69.114 0.0000000000
52148  -30.388  -30.288  68.036 0.0000000000
52150  -38.939  -28.957  69.002 0.0000000000
52151  -39.198  -28.994  68.834 0.0000000000
53190  -34.213  -29.254  75.095 0.0000000000
53280  -31.520  -29.887  69.705 0.0000000000
53284  -34.488  -28.443  70.543 0.0000000000
53329  -35.622  -28.386  67.887 0.0000000000
53345  -35.470  -28.330  67.618 0.0000000000
53346  -35.955  -28.442  67.599 0.0000000000
54405  -34.294  -28.351  70.621 0.0000000000
54484  -35.042  -28.109  67.175 0.0000000000
54531  -30.942  -28.411  65.410 0.0000000000
56756  -42.746  -25.208  66.839 0.0000000000
58050  -41.513  -24.043  63.617 0.0000000000
58088  -37.291  -25.374  60.784 0.0000000000
58089  -37.805  -24.983  61.086 0.0000000000
58100  -36.150  -25.507  59.711 0.0000000000
59402  -41.895  -24.325  65.088 0.0000000000
59449  -40.173  -24.073  62.871 0.0000000000
59488  -38.393  -24.825  61.012 0.0000000000
59521  -39.465  -23.076  59.746 0.0000000000
60837  -39.301  -23.648  60.934 0.0000000000
60841  -41.673  -22.132  61.394 0.0000000000
60861  -39.429  -23.430  60.613 0.0000000000
60863  -40.315  -22.421  60.092 0.0000000000
60899  -39.012  -22.740  58.846 0.0000000000
62018  -42.467  -22.220  63.285 0.0000000000
62039  -42.432  -22.087  61.916 0.0000000000
63229  -41.699  -20.331  60.293 0.0000000000
64287  -47.519  -18.967  64.613 0.0000000000
64299  -43.457  -20.557  62.595 0.0000000000
64303  -47.659  -18.756  64.316 0.0000000000
64338  -44.146  -19.469  61.773 0.0000000000
64353  -42.439  -20.017  60.895 0.0000000000
66598  -47.996  -17.897  64.211 0.0000000000
66611  -48.174  -16.797  63.784 0.0000000000
66620  -46.644  -17.317  62.385 0.0000000000
66632  -46.374  -17.040  61.845 0.0000000000
66671  -44.922  -17.748  58.748 0.0000000000
66691  -42.770  -17.708  57.209 0.0000000000
66695  -47.974  -17.481  58.176 0.0000000000
66745  -46.118  -17.609  56.426 0.0000000000
66795  -41.714  -17.441  52.790 0.0000000000
67738  -48.298  -16.195  64.579 0.0000000000
67759  -48.041  -16.447  63.971 0.0000000000
67779  -46.278  -16.735  61.848 0.0000000000
67780  -46.400  -16.659  62.078 0.0000000000
67799  -48.090  -16.716  60.343 0.0000000000
67820  -45.055  -16.561  59.705 0.0000000000
67862  -44.247  -17.521  58.071 0.0000000000
67894  -44.496  -17.597  57.719 0.0000000000
67895  -46.581  -17.762  57.433 0.0000000000
67972  -47.450  -16.153  53.514 0.0000000000
68911  -48.301  -16.059  64.721 0.0000000000
68939  -44.489  -15.966  61.220 0.0000000000
68954  -44.342  -15.950  60.816 0.0000000000
68995  -44.920  -16.227  60.088 0.0000000000
69011  -44.105  -16.693  59.636 0.0000000000
69013  -47.039  -17.149  59.549 0.0000000000
69031  -51.200  -14.729  57.583 0.0000000000
69130  -42.434  -16.863  51.965 0.0000000000
69134  -46.183  -16.047  52.265 0.0000000000
70142  -50.295  -15.719  65.093 0.0000000000
70150  -49.109  -16.105  64.542 0.0000000000
70185  -46.489  -15.629  62.575 0.0000000000
70196  -44.132  -15.885  60.767 0.0000000000
70202  -50.881  -15.547  62.199 0.0000000000
70212  -44.090  -16.097  60.654 0.0000000000
70213  -44.276  -15.866  60.817 0.0000000000
70227  -44.245  -16.218  60.498 0.0000000000
70241  -39.403  -16.531  57.772 0.0000000000
70242  -39.802  -16.502  57.921 0.0000000000
70251  -38.913  -16.541  57.402 0.0000000000
70253  -39.690  -16.482  57.595 0.0000000000
70276  -51.595  -13.573  56.098 0.0000000000
71654  -47.969  -13.873  50.794 0.0000000000
73030  -48.236  -11.990  48.582 0.0000000000
74257  -49.398  -11.507  49.733 0.0000000000
75381  -49.282  -10.135  50.123 0.0000000000
75394  -45.894  -9.608  48.370 0.0000000000
75421  -48.376  -10.372  48.707 0.0000000000
76421  -50.355  -10.026  52.388 0.0000000000
77443  -50.899  -8.854  54.146 0.0000000000
79626  -49.064  -6.088  49.832 0.0000000000
79637  -48.716  -5.881  48.261 0.0000000000
79663  -50.224  -6.196  46.806 0.0000000000
79674  -49.937  -6.355  46.126 0.0000000000
79679  -49.335  -6.471  45.416 0.0000000000
80725  -52.160  -5.050  51.644 0.0000000000
80737  -50.133  -5.311  50.281 0.0000000000
80746  -48.925  -5.489  49.288 0.0000000000
80759  -50.879  -5.052  48.506 0.0000000000
80768  -47.547  -6.466  48.258 0.0000000000
80769  -48.944  -5.790  48.210 0.0000000000
80770  -49.332  -5.621  48.028 0.0000000000
80771  -50.176  -5.441  47.690 0.0000000000
80789  -50.649  -5.814  46.033 0.0000000000
81841  -50.742  -4.800  50.678 0.0000000000
81842  -51.064  -4.793  50.925 0.0000000000
81856  -51.601  -4.648  50.949 0.0000000000
81864  -49.125  -5.166  49.204 0.0000000000
82947  -53.889  -3.708  52.326 0.0000000000
82960  -53.221  -3.982  51.898 0.0000000000
82969  -52.319  -4.396  51.223 0.0000000000
82978  -51.846  -4.388  50.735 0.0000000000
82992  -54.201  -3.197  49.504 0.0000000000
84039  -53.771  -3.309  51.959 0.0000000000
84096  -55.318  -1.874  46.002 0.0000000000
84122  -51.802  -3.222  42.181 0.0000000000
87331  -58.002  0.174  45.199 0.0000000000
87348  -57.005  0.172  42.922 0.0000000000
88452  -57.759  1.819  39.424 0.0000000000
89443  -59.655  2.755  44.085 0.0000000000
89457  -59.204  2.145  41.838 0.0000000000
89522  -58.102  3.023  38.107 0.0000000000
90488  -59.932  2.991  44.336 0.0000000000
90492  -59.903  3.160  43.747 0.0000000000
90493  -60.111  3.006  44.083 0.0000000000
90545  -59.103  4.019  38.931 0.0000000000
90559  -58.266  3.727  38.000 0.0000000000
92759  -60.067  5.449  40.154 0.0000000000
92761  -60.740  5.314  40.183 0.0000000000
