#!ascii label  , from subject 3789 vox2ras=TkReg
735
109810  41.102  19.745  46.382 0.0000000000
110732  46.097  20.549  36.256 0.0000000000
115741  51.503  26.292  34.302 0.0000000000
108108  49.592  18.145  29.496 0.0000000000
106972  42.322  16.543  42.507 0.0000000000
114888  52.105  25.531  39.386 0.0000000000
110779  49.607  20.170  29.872 0.0000000000
113200  41.275  22.977  35.727 0.0000000000
113126  47.528  23.752  40.187 0.0000000000
110688  43.926  20.983  41.075 0.0000000000
107990  46.427  16.726  38.242 0.0000000000
114911  48.110  25.972  37.538 0.0000000000
113221  44.361  23.701  32.785 0.0000000000
113205  49.647  24.116  34.408 0.0000000000
114169  48.288  23.536  28.674 0.0000000000
113158  42.782  23.600  38.084 0.0000000000
111429  44.414  21.951  43.533 0.0000000000
110675  42.671  20.294  43.811 0.0000000000
107962  44.280  16.684  40.406 0.0000000000
116446  51.336  27.473  37.391 0.0000000000
117173  49.937  28.251  37.629 0.0000000000
115726  49.460  26.214  36.002 0.0000000000
114075  45.642  24.633  35.109 0.0000000000
114104  47.746  24.648  33.185 0.0000000000
112291  46.546  22.516  37.632 0.0000000000
113168  48.625  23.730  37.060 0.0000000000
112311  47.728  22.818  35.329 0.0000000000
110814  51.721  20.936  27.237 0.0000000000
112386  49.283  22.623  28.238 0.0000000000
110006  48.374  21.070  27.440 0.0000000000
110795  46.839  20.690  29.153 0.0000000000
108110  47.453  18.043  29.427 0.0000000000
106074  46.580  15.655  32.547 0.0000000000
108891  39.515  18.023  46.615 0.0000000000
108901  41.487  18.478  43.771 0.0000000000
114917  52.250  25.821  36.696 0.0000000000
109020  47.455  18.581  34.032 0.0000000000
110756  47.287  20.580  33.097 0.0000000000
109067  50.304  18.696  31.602 0.0000000000
109982  52.990  19.901  29.630 0.0000000000
113980  49.148  24.653  43.589 0.0000000000
112220  46.195  23.298  43.369 0.0000000000
112262  45.690  22.503  40.680 0.0000000000
110714  45.285  20.598  38.302 0.0000000000
108917  43.032  18.761  41.376 0.0000000000
108966  44.553  18.671  38.738 0.0000000000
108978  45.683  18.715  37.017 0.0000000000
108016  48.637  17.240  36.542 0.0000000000
104867  39.467  15.396  48.915 0.0000000000
117905  48.034  29.081  38.750 0.0000000000
114890  46.502  25.952  38.940 0.0000000000
113170  44.299  24.088  36.717 0.0000000000
113210  42.627  23.499  33.880 0.0000000000
111510  44.207  21.278  33.987 0.0000000000
114025  49.657  24.948  39.465 0.0000000000
114046  50.925  24.822  37.474 0.0000000000
114100  51.631  24.957  33.952 0.0000000000
112341  48.355  22.438  32.118 0.0000000000
113240  49.754  23.897  31.778 0.0000000000
114966  49.506  24.895  31.697 0.0000000000
113243  46.862  23.480  30.709 0.0000000000
110774  45.727  20.505  31.223 0.0000000000
113143  42.584  23.492  39.108 0.0000000000
114030  44.253  24.230  39.335 0.0000000000
110671  43.219  20.999  44.408 0.0000000000
109813  41.955  20.066  45.079 0.0000000000
115724  51.149  26.632  36.007 0.0000000000
116459  50.819  26.992  36.806 0.0000000000
115736  49.897  26.307  35.102 0.0000000000
114942  48.735  25.253  34.019 0.0000000000
114941  49.928  25.909  34.295 0.0000000000
111491  46.399  21.491  36.529 0.0000000000
112301  46.751  22.311  36.813 0.0000000000
111499  46.497  21.368  35.667 0.0000000000
109994  50.323  19.709  27.930 0.0000000000
110004  50.136  20.516  27.531 0.0000000000
109995  49.256  19.862  27.823 0.0000000000
109104  47.580  19.176  28.427 0.0000000000
108109  48.519  18.107  29.456 0.0000000000
107116  47.652  17.082  30.880 0.0000000000
107115  48.813  16.955  30.741 0.0000000000
106931  40.322  16.253  45.668 0.0000000000
115712  52.942  26.341  37.788 0.0000000000
114907  52.590  25.802  37.721 0.0000000000
109033  49.413  17.967  33.660 0.0000000000
109034  48.341  18.412  33.416 0.0000000000
109049  50.960  18.378  32.421 0.0000000000
109967  53.511  19.505  30.590 0.0000000000
109980  54.108  19.290  29.709 0.0000000000
109098  53.302  18.858  28.626 0.0000000000
111437  44.437  21.790  42.533 0.0000000000
112251  45.078  22.238  42.089 0.0000000000
111458  44.591  21.412  40.670 0.0000000000
111466  45.269  21.695  39.370 0.0000000000
111467  44.660  21.227  39.788 0.0000000000
107926  41.630  17.301  42.922 0.0000000000
108903  42.065  18.370  42.890 0.0000000000
107943  42.791  17.179  41.619 0.0000000000
107976  45.285  16.653  39.293 0.0000000000
107978  43.843  17.852  40.088 0.0000000000
107992  44.786  17.930  38.835 0.0000000000
108965  45.163  18.580  37.988 0.0000000000
108004  45.875  17.891  37.282 0.0000000000
108018  46.507  17.995  36.288 0.0000000000
108003  46.814  17.115  37.518 0.0000000000
108990  50.295  18.200  37.419 0.0000000000
116449  48.967  27.306  37.777 0.0000000000
117159  49.368  28.796  38.316 0.0000000000
116450  48.412  27.455  38.032 0.0000000000
116439  47.267  27.641  38.958 0.0000000000
114901  46.885  25.676  38.455 0.0000000000
114038  46.004  24.950  38.559 0.0000000000
114049  45.893  24.540  37.396 0.0000000000
114090  45.335  24.154  33.814 0.0000000000
114076  44.482  24.433  34.864 0.0000000000
113222  43.559  23.514  32.790 0.0000000000
112333  42.838  22.614  33.315 0.0000000000
112345  43.854  22.663  32.727 0.0000000000
114006  48.437  24.531  41.589 0.0000000000
114005  49.567  25.082  41.535 0.0000000000
114017  48.070  24.348  40.397 0.0000000000
113182  48.740  23.660  36.153 0.0000000000
113152  49.213  24.094  37.361 0.0000000000
114057  50.158  24.421  35.905 0.0000000000
114071  51.035  24.587  35.293 0.0000000000
114086  50.360  24.411  34.063 0.0000000000
110772  48.410  20.330  31.251 0.0000000000
111531  47.570  21.456  32.380 0.0000000000
111539  48.266  21.427  30.887 0.0000000000
113278  48.952  23.154  28.359 0.0000000000
112362  49.180  23.083  29.807 0.0000000000
114153  48.821  23.787  29.239 0.0000000000
114128  49.527  24.360  31.447 0.0000000000
114140  48.511  24.111  30.003 0.0000000000
114130  47.560  23.773  30.904 0.0000000000
113264  47.556  23.463  29.410 0.0000000000
109986  46.278  19.716  29.638 0.0000000000
110782  46.266  20.671  30.159 0.0000000000
109973  45.258  18.852  30.899 0.0000000000
109053  45.195  18.777  32.173 0.0000000000
114867  51.689  25.275  41.265 0.0000000000
113173  41.852  23.644  37.125 0.0000000000
113172  42.935  23.825  37.029 0.0000000000
112211  45.274  22.286  45.043 0.0000000000
111427  43.829  21.667  45.043 0.0000000000
111430  43.797  21.506  43.981 0.0000000000
110679  43.247  20.662  42.432 0.0000000000
106987  43.493  16.307  41.504 0.0000000000
117171  51.060  27.850  37.953 0.0000000000
115714  49.712  26.781  36.967 0.0000000000
114919  48.844  25.912  36.624 0.0000000000
114058  47.421  25.030  36.397 0.0000000000
114932  47.881  25.050  35.258 0.0000000000
114089  46.956  24.610  34.296 0.0000000000
114106  45.814  23.879  32.692 0.0000000000
113155  47.037  23.203  38.908 0.0000000000
113138  48.219  23.961  38.725 0.0000000000
112279  47.129  23.080  38.039 0.0000000000
113183  47.972  23.371  36.698 0.0000000000
112310  48.373  23.053  34.557 0.0000000000
110805  51.047  21.380  28.117 0.0000000000
110793  49.262  21.426  29.344 0.0000000000
111567  50.503  21.605  27.699 0.0000000000
111582  49.727  21.977  27.487 0.0000000000
111584  48.604  22.759  27.604 0.0000000000
111570  47.248  22.253  28.800 0.0000000000
110807  47.369  20.998  27.998 0.0000000000
109985  46.693  19.629  29.037 0.0000000000
108112  46.092  18.271  29.659 0.0000000000
107085  47.442  16.054  32.258 0.0000000000
109811  40.422  19.267  46.622 0.0000000000
109814  41.184  19.487  45.415 0.0000000000
108898  40.491  17.970  45.081 0.0000000000
106958  40.702  16.916  43.926 0.0000000000
106956  42.153  16.006  43.730 0.0000000000
115707  52.681  27.126  38.434 0.0000000000
116445  52.342  26.904  37.027 0.0000000000
115733  52.189  26.174  35.349 0.0000000000
109907  46.583  19.799  35.208 0.0000000000
110749  46.613  20.504  34.647 0.0000000000
109929  47.181  19.669  33.687 0.0000000000
109941  48.332  19.593  31.791 0.0000000000
109956  49.771  19.205  30.930 0.0000000000
109065  52.454  18.949  31.592 0.0000000000
109969  51.382  19.370  30.369 0.0000000000
109984  50.999  20.008  29.439 0.0000000000
110803  52.679  20.646  28.073 0.0000000000
109992  52.190  19.471  27.903 0.0000000000
108107  50.694  18.092  29.249 0.0000000000
108093  50.279  17.532  30.122 0.0000000000
113092  47.829  24.051  43.573 0.0000000000
113115  46.807  23.572  41.655 0.0000000000
112221  45.669  22.887  43.697 0.0000000000
113116  46.117  23.272  42.049 0.0000000000
112261  46.350  22.855  40.244 0.0000000000
112270  46.455  22.689  39.382 0.0000000000
112292  45.797  22.110  38.041 0.0000000000
110724  45.933  20.897  37.082 0.0000000000
109821  41.821  19.212  43.786 0.0000000000
109824  42.412  19.245  42.323 0.0000000000
109833  43.301  19.361  41.239 0.0000000000
107964  43.143  17.485  41.077 0.0000000000
108950  43.716  18.530  40.074 0.0000000000
109843  43.943  19.807  39.938 0.0000000000
110715  44.742  20.063  38.720 0.0000000000
109883  45.401  19.510  37.294 0.0000000000
109895  45.848  19.496  36.463 0.0000000000
108033  46.832  18.450  35.291 0.0000000000
108032  47.292  17.822  35.359 0.0000000000
108042  49.735  17.656  35.127 0.0000000000
108001  48.880  17.168  37.597 0.0000000000
108029  50.100  17.815  35.871 0.0000000000
108887  39.247  18.414  47.602 0.0000000000
106917  39.371  16.593  47.750 0.0000000000
104865  41.295  14.348  49.057 0.0000000000
117891  49.552  30.133  39.413 0.0000000000
117145  47.298  29.048  38.998 0.0000000000
113156  44.575  24.201  38.551 0.0000000000
114040  44.377  24.076  37.372 0.0000000000
113186  43.153  24.112  36.027 0.0000000000
114060  45.833  24.427  36.251 0.0000000000
114063  43.103  24.287  35.158 0.0000000000
113211  41.921  22.938  34.366 0.0000000000
114878  51.107  25.464  40.209 0.0000000000
114036  48.665  24.208  38.560 0.0000000000
114034  50.484  25.027  38.673 0.0000000000
114899  51.201  25.273  38.079 0.0000000000
114918  51.883  25.428  36.263 0.0000000000
114083  52.088  25.293  35.069 0.0000000000
114949  51.488  25.557  33.753 0.0000000000
111518  47.196  21.428  33.423 0.0000000000
112331  47.724  22.286  33.603 0.0000000000
112330  48.453  22.742  32.975 0.0000000000
112363  48.783  22.617  30.378 0.0000000000
113241  48.919  23.211  31.483 0.0000000000
113229  49.958  23.832  32.628 0.0000000000
113239  50.313  24.333  32.349 0.0000000000
114958  50.541  25.215  32.493 0.0000000000
114950  50.725  25.756  33.583 0.0000000000
114116  48.491  24.969  32.413 0.0000000000
114118  46.698  23.935  31.994 0.0000000000
113244  45.836  23.411  31.188 0.0000000000
112375  46.412  22.343  29.829 0.0000000000
112366  45.241  22.775  30.746 0.0000000000
112344  44.659  22.622  32.076 0.0000000000
111520  45.114  21.298  32.633 0.0000000000
106075  45.451  16.029  32.364 0.0000000000
114019  43.949  24.536  40.105 0.0000000000
114018  44.560  24.943  39.728 0.0000000000
110669  41.725  20.343  46.049 0.0000000000
110668  42.599  20.692  45.784 0.0000000000
115734  51.691  26.491  35.173 0.0000000000
115735  50.833  26.637  35.127 0.0000000000
115742  50.632  26.255  34.208 0.0000000000
114940  50.444  26.038  33.977 0.0000000000
109088  49.869  18.701  29.049 0.0000000000
109102  49.559  19.133  28.406 0.0000000000
109103  48.508  19.130  28.217 0.0000000000
109089  48.973  18.542  28.814 0.0000000000
108094  49.204  17.580  30.123 0.0000000000
114877  52.433  25.382  40.406 0.0000000000
114887  53.044  25.413  39.659 0.0000000000
114897  52.798  25.592  38.706 0.0000000000
109018  49.674  17.759  34.552 0.0000000000
109032  50.883  18.054  33.397 0.0000000000
109965  54.457  19.065  30.550 0.0000000000
108103  54.246  18.092  30.172 0.0000000000
108104  53.678  17.994  29.582 0.0000000000
112323  41.760  22.277  34.808 0.0000000000
111449  43.755  21.251  41.980 0.0000000000
111448  44.465  21.649  41.565 0.0000000000
110698  44.106  20.701  40.230 0.0000000000
107925  42.194  17.543  42.245 0.0000000000
106988  42.855  16.456  41.895 0.0000000000
107991  45.621  17.116  38.487 0.0000000000
115716  48.245  26.994  37.713 0.0000000000
115708  47.463  26.544  38.421 0.0000000000
114900  47.532  26.028  38.158 0.0000000000
114048  46.639  25.005  37.823 0.0000000000
114912  47.346  25.287  37.318 0.0000000000
113220  45.045  23.544  33.198 0.0000000000
113208  44.520  23.920  33.437 0.0000000000
113234  43.400  22.910  32.676 0.0000000000
113233  43.774  23.058  32.468 0.0000000000
113114  47.503  23.977  41.114 0.0000000000
113195  49.492  24.167  34.958 0.0000000000
113181  49.421  24.148  35.565 0.0000000000
114072  50.218  24.342  34.914 0.0000000000
110780  48.852  20.516  30.039 0.0000000000
110773  47.880  20.701  31.533 0.0000000000
113279  48.664  23.145  28.002 0.0000000000
114139  49.067  24.076  30.295 0.0000000000
114154  48.385  23.875  29.110 0.0000000000
114141  47.897  23.792  29.696 0.0000000000
114155  47.983  23.697  28.976 0.0000000000
109079  45.451  18.526  30.538 0.0000000000
109972  45.665  19.453  30.504 0.0000000000
109080  45.088  18.353  31.003 0.0000000000
109959  45.177  18.686  31.219 0.0000000000
111423  44.878  21.929  45.745 0.0000000000
110674  43.232  20.820  43.398 0.0000000000
111438  43.858  21.279  42.979 0.0000000000
116434  52.142  27.341  37.924 0.0000000000
116435  51.453  27.767  38.213 0.0000000000
115725  50.148  26.644  36.421 0.0000000000
116460  50.312  27.014  37.042 0.0000000000
115715  49.175  26.536  37.089 0.0000000000
114931  49.096  25.786  35.341 0.0000000000
114088  48.020  24.873  33.852 0.0000000000
114943  47.699  24.886  34.498 0.0000000000
114105  46.695  24.287  33.025 0.0000000000
112280  46.466  22.632  38.502 0.0000000000
112312  46.937  22.158  35.957 0.0000000000
112300  47.412  22.864  36.309 0.0000000000
113197  48.089  23.331  35.910 0.0000000000
111566  51.428  21.376  27.626 0.0000000000
111581  50.781  21.441  27.682 0.0000000000
110005  49.131  20.752  27.381 0.0000000000
110816  50.004  21.326  27.416 0.0000000000
110817  49.135  21.675  27.278 0.0000000000
111583  48.980  22.527  27.385 0.0000000000
110818  48.418  21.910  27.619 0.0000000000
109091  47.118  18.617  29.056 0.0000000000
109105  47.013  19.205  28.898 0.0000000000
109092  46.437  18.815  29.309 0.0000000000
108111  46.507  18.049  29.459 0.0000000000
108096  46.948  17.568  30.112 0.0000000000
107099  47.174  16.489  31.718 0.0000000000
108894  40.187  18.336  45.817 0.0000000000
108895  39.688  17.753  46.100 0.0000000000
106943  40.559  16.840  44.404 0.0000000000
106957  41.097  16.760  43.666 0.0000000000
106942  41.381  16.019  44.772 0.0000000000
115713  52.532  26.324  37.183 0.0000000000
116444  52.764  26.651  37.411 0.0000000000
115722  52.245  26.278  36.301 0.0000000000
109021  46.979  18.964  34.284 0.0000000000
109917  46.799  19.749  34.441 0.0000000000
109036  47.269  19.026  33.806 0.0000000000
109051  48.684  18.709  32.342 0.0000000000
109068  49.458  18.798  31.654 0.0000000000
109957  48.940  19.525  31.179 0.0000000000
109048  51.918  18.610  32.481 0.0000000000
109064  52.879  19.045  31.827 0.0000000000
109968  52.572  19.446  30.616 0.0000000000
109983  52.018  19.910  29.484 0.0000000000
110790  52.534  20.489  28.705 0.0000000000
108117  53.052  18.368  28.634 0.0000000000
109991  52.924  19.669  28.298 0.0000000000
109086  52.042  18.284  28.891 0.0000000000
109100  51.583  18.713  28.575 0.0000000000
109087  51.638  18.238  28.930 0.0000000000
108092  51.244  17.412  30.065 0.0000000000
113093  46.863  23.600  43.944 0.0000000000
113104  47.547  24.093  42.249 0.0000000000
113105  46.676  23.587  42.777 0.0000000000
112222  45.072  22.478  44.114 0.0000000000
112237  45.025  22.426  43.088 0.0000000000
112250  45.660  22.662  41.616 0.0000000000
112249  46.235  23.056  41.141 0.0000000000
112271  45.793  22.310  39.808 0.0000000000
111476  45.431  21.475  38.558 0.0000000000
111485  45.785  21.138  37.864 0.0000000000
108897  40.908  18.499  44.831 0.0000000000
109818  41.554  19.285  44.480 0.0000000000
108918  42.563  18.305  41.689 0.0000000000
109834  42.869  19.105  41.697 0.0000000000
109823  42.843  19.879  41.927 0.0000000000
107005  44.109  16.359  40.854 0.0000000000
107942  43.302  17.045  41.230 0.0000000000
107963  43.665  17.109  40.632 0.0000000000
108949  44.155  18.322  39.418 0.0000000000
109854  43.878  19.048  39.773 0.0000000000
109844  43.645  19.175  40.439 0.0000000000
110706  44.444  20.359  39.475 0.0000000000
109853  44.346  19.357  39.218 0.0000000000
109867  44.968  19.757  37.968 0.0000000000
108991  46.345  19.015  35.750 0.0000000000
108992  46.018  18.666  36.421 0.0000000000
108017  47.558  17.402  36.393 0.0000000000
108031  48.263  17.540  35.506 0.0000000000
108043  48.981  17.715  34.705 0.0000000000
108030  49.270  17.492  35.764 0.0000000000
108015  49.760  17.781  36.955 0.0000000000
108014  50.329  18.089  36.475 0.0000000000
109796  39.363  18.790  48.207 0.0000000000
106904  38.658  16.589  49.379 0.0000000000
106910  38.931  16.614  48.637 0.0000000000
105904  39.496  15.812  48.378 0.0000000000
117160  48.644  28.582  38.456 0.0000000000
117903  49.446  29.579  38.754 0.0000000000
117904  48.631  29.388  38.680 0.0000000000
117892  48.679  30.072  39.215 0.0000000000
117893  47.722  29.807  39.172 0.0000000000
115701  46.891  26.427  39.129 0.0000000000
114891  45.846  25.647  39.321 0.0000000000
114029  44.955  24.735  39.217 0.0000000000
114028  45.603  25.080  39.060 0.0000000000
114050  44.844  24.246  36.901 0.0000000000
114039  44.974  24.273  38.037 0.0000000000
114051  44.352  23.989  36.969 0.0000000000
113171  43.886  23.882  36.895 0.0000000000
114074  46.845  24.768  35.499 0.0000000000
114092  43.221  23.972  34.088 0.0000000000
114077  43.567  24.219  34.703 0.0000000000
114078  42.874  24.069  34.461 0.0000000000
113198  42.485  23.942  35.093 0.0000000000
112322  42.243  22.522  34.017 0.0000000000
111522  43.579  21.931  33.557 0.0000000000
114847  49.606  24.896  43.220 0.0000000000
114015  50.243  25.320  40.491 0.0000000000
114868  50.867  25.328  40.818 0.0000000000
114014  50.578  25.377  40.133 0.0000000000
113153  48.553  23.894  38.000 0.0000000000
114047  50.051  24.342  36.977 0.0000000000
114035  49.510  24.436  38.238 0.0000000000
114908  51.629  25.369  37.318 0.0000000000
114055  51.412  25.067  36.685 0.0000000000
114084  51.686  24.896  34.756 0.0000000000
114099  51.984  25.240  34.487 0.0000000000
114948  51.918  25.457  34.183 0.0000000000
110757  46.852  20.512  33.867 0.0000000000
111519  46.741  21.120  34.161 0.0000000000
111530  48.019  21.815  31.627 0.0000000000
112342  47.804  22.085  32.874 0.0000000000
111554  49.536  21.956  28.657 0.0000000000
111555  49.210  22.122  29.314 0.0000000000
112373  49.045  22.512  29.651 0.0000000000
113251  49.172  23.588  30.649 0.0000000000
113252  48.808  23.044  30.907 0.0000000000
113230  49.118  23.319  32.331 0.0000000000
114965  50.056  24.926  31.866 0.0000000000
114127  50.258  24.623  32.040 0.0000000000
114959  49.772  25.299  32.210 0.0000000000
114952  49.033  25.450  32.753 0.0000000000
114960  49.170  25.112  31.954 0.0000000000
113242  47.238  23.556  30.570 0.0000000000
114117  47.656  24.458  32.108 0.0000000000
114131  46.487  23.610  31.348 0.0000000000
114119  45.977  23.726  31.800 0.0000000000
111556  47.230  21.520  28.663 0.0000000000
112374  46.919  22.634  29.389 0.0000000000
111557  46.756  21.846  29.354 0.0000000000
111541  45.645  21.560  30.961 0.0000000000
111549  45.967  21.750  30.344 0.0000000000
112353  45.388  22.306  30.803 0.0000000000
112354  44.838  22.785  31.172 0.0000000000
112343  45.168  22.258  31.366 0.0000000000
111532  45.327  21.631  31.905 0.0000000000
109054  44.546  18.173  32.424 0.0000000000
109944  44.763  19.037  32.948 0.0000000000
106089  45.775  16.470  31.857 0.0000000000
106063  46.050  15.352  33.242 0.0000000000
113142  43.678  23.754  39.080 0.0000000000
110667  43.256  21.150  45.448 0.0000000000
110672  42.669  20.470  44.782 0.0000000000
116458  51.596  26.831  36.602 0.0000000000
115737  49.478  26.129  35.462 0.0000000000
114930  49.611  26.067  34.889 0.0000000000
114103  48.388  25.133  33.299 0.0000000000
112321  46.941  22.081  35.048 0.0000000000
110003  51.095  20.331  27.441 0.0000000000
110815  50.976  21.021  27.509 0.0000000000
109996  48.080  20.045  27.711 0.0000000000
109090  47.972  18.540  28.820 0.0000000000
108095  48.075  17.625  30.139 0.0000000000
107098  48.484  16.370  31.586 0.0000000000
106924  39.631  16.392  46.670 0.0000000000
107898  39.811  17.296  45.768 0.0000000000
106932  39.750  16.770  46.076 0.0000000000
115706  53.132  26.464  38.552 0.0000000000
114896  53.237  25.830  39.107 0.0000000000
114906  53.073  25.941  38.331 0.0000000000
108057  48.227  18.271  33.971 0.0000000000
109050  49.917  18.399  32.507 0.0000000000
109953  53.275  19.268  31.641 0.0000000000
109966  54.111  19.353  30.568 0.0000000000
109981  53.623  19.650  29.711 0.0000000000
110802  53.321  20.045  28.637 0.0000000000
109085  53.828  18.747  29.156 0.0000000000
108116  53.348  18.350  28.950 0.0000000000
113094  46.258  23.252  44.236 0.0000000000
111447  45.108  22.061  41.134 0.0000000000
111457  45.263  21.794  40.265 0.0000000000
111477  44.834  20.978  38.952 0.0000000000
107913  41.229  17.586  43.580 0.0000000000
108904  41.611  17.929  43.281 0.0000000000
107977  44.580  17.090  39.671 0.0000000000
108000  49.551  17.595  38.034 0.0000000000
108976  50.737  18.406  37.810 0.0000000000
116436  49.218  28.027  37.916 0.0000000000
116437  48.552  27.850  38.291 0.0000000000
117161  47.934  28.380  38.674 0.0000000000
116438  47.789  27.542  38.457 0.0000000000
115700  47.320  26.671  38.960 0.0000000000
114037  46.504  25.187  38.292 0.0000000000
114091  44.118  23.900  34.119 0.0000000000
113209  43.626  23.905  33.417 0.0000000000
113223  43.075  23.106  32.863 0.0000000000
112332  43.452  22.468  33.096 0.0000000000
111534  44.061  22.266  33.174 0.0000000000
113994  48.344  24.559  42.851 0.0000000000
113993  49.148  25.069  42.604 0.0000000000
114016  48.978  24.917  40.448 0.0000000000
113167  49.351  24.093  36.502 0.0000000000
114056  50.904  24.711  36.318 0.0000000000
114085  51.057  24.545  34.382 0.0000000000
110765  48.000  20.122  31.865 0.0000000000
110766  47.582  20.481  32.248 0.0000000000
111540  47.719  21.188  31.674 0.0000000000
112372  49.163  22.770  29.027 0.0000000000
113263  49.094  23.518  29.496 0.0000000000
114129  48.831  24.554  31.367 0.0000000000
113253  47.322  23.527  30.199 0.0000000000
113254  46.829  23.089  30.131 0.0000000000
110796  46.452  20.324  29.639 0.0000000000
110781  46.526  20.883  29.708 0.0000000000
110767  45.466  20.482  32.157 0.0000000000
109958  45.391  19.241  31.548 0.0000000000
109070  45.031  18.387  31.645 0.0000000000
113159  41.602  23.591  38.203 0.0000000000
113188  41.243  23.305  36.215 0.0000000000
111426  44.470  22.066  44.576 0.0000000000
110689  43.383  20.419  41.524 0.0000000000
105990  43.485  15.736  42.077 0.0000000000
106986  44.462  15.785  41.395 0.0000000000
107004  44.793  16.080  40.483 0.0000000000
107021  45.240  16.334  39.813 0.0000000000
107020  45.949  16.235  39.402 0.0000000000
107036  46.343  16.423  38.702 0.0000000000
107035  47.104  16.494  38.440 0.0000000000
117157  51.006  28.263  38.393 0.0000000000
117172  50.635  28.033  37.846 0.0000000000
116447  50.457  27.530  37.295 0.0000000000
116448  49.808  27.154  37.395 0.0000000000
114910  48.791  26.107  37.108 0.0000000000
114921  47.380  25.172  36.806 0.0000000000
114920  47.869  25.292  36.461 0.0000000000
114073  47.441  24.896  36.072 0.0000000000
114933  47.297  24.892  34.833 0.0000000000
113231  45.270  23.482  32.296 0.0000000000
113140  47.004  23.245  39.791 0.0000000000
113139  47.700  23.734  39.313 0.0000000000
113154  47.735  23.564  38.429 0.0000000000
113169  47.858  23.460  37.570 0.0000000000
112290  47.244  22.972  37.173 0.0000000000
113196  48.818  23.611  35.109 0.0000000000
110792  49.999  20.698  28.943 0.0000000000
110806  50.211  21.674  28.197 0.0000000000
111568  49.654  22.077  27.849 0.0000000000
112401  49.060  22.778  27.641 0.0000000000
112402  48.896  23.180  27.474 0.0000000000
112388  48.477  22.955  27.930 0.0000000000
113280  47.963  23.321  28.663 0.0000000000
111569  47.858  22.219  28.142 0.0000000000
110794  47.189  21.060  28.596 0.0000000000
109997  47.208  19.990  28.477 0.0000000000
109093  45.864  18.724  29.917 0.0000000000
107118  45.769  17.091  30.996 0.0000000000
106088  46.330  16.203  32.001 0.0000000000
106087  47.015  15.967  32.224 0.0000000000
109815  40.670  19.198  45.906 0.0000000000
108893  40.743  18.884  45.485 0.0000000000
107897  40.262  17.385  45.168 0.0000000000
107905  40.619  17.630  44.555 0.0000000000
107904  41.042  17.850  44.156 0.0000000000
106973  41.701  16.604  43.108 0.0000000000
116433  52.904  26.914  37.757 0.0000000000
116457  52.039  26.609  36.462 0.0000000000
110741  46.394  20.562  35.406 0.0000000000
109928  47.574  19.866  33.007 0.0000000000
109052  48.107  18.863  32.875 0.0000000000
109942  47.901  19.472  32.455 0.0000000000
109971  49.406  19.765  30.376 0.0000000000
108067  51.386  18.340  32.758 0.0000000000
109066  51.360  18.802  31.439 0.0000000000
109954  52.704  19.224  31.227 0.0000000000
109078  52.038  19.126  31.006 0.0000000000
109955  50.573  19.080  30.846 0.0000000000
109970  50.200  19.663  30.045 0.0000000000
110791  51.491  20.656  28.670 0.0000000000
110804  52.064  21.281  28.058 0.0000000000
110813  52.135  20.895  27.369 0.0000000000
110001  52.434  20.244  27.698 0.0000000000
110002  51.878  20.250  27.403 0.0000000000
109993  51.299  19.535  27.890 0.0000000000
109101  50.611  18.900  28.580 0.0000000000
113981  48.413  24.434  43.471 0.0000000000
112210  46.032  22.657  44.757 0.0000000000
112236  45.782  22.862  42.658 0.0000000000
113106  46.164  23.247  42.575 0.0000000000
113127  46.856  23.455  40.668 0.0000000000
112281  45.852  22.170  38.945 0.0000000000
111484  46.216  21.731  37.335 0.0000000000
109817  42.158  19.799  44.193 0.0000000000
108900  41.919  18.873  43.411 0.0000000000
109820  42.279  19.402  43.328 0.0000000000
110680  42.725  20.088  42.854 0.0000000000
108934  42.819  17.797  41.207 0.0000000000
108933  43.148  18.257  40.742 0.0000000000
110699  43.683  20.082  40.727 0.0000000000
109868  44.673  19.279  38.476 0.0000000000
110725  45.472  20.351  37.564 0.0000000000
110733  45.565  20.195  36.859 0.0000000000
109894  46.282  19.875  35.839 0.0000000000
109006  46.828  19.113  34.998 0.0000000000
108045  47.164  18.332  34.647 0.0000000000
108044  47.943  17.981  34.452 0.0000000000
109017  50.502  18.090  34.842 0.0000000000
107047  47.626  16.633  37.886 0.0000000000
108002  47.974  16.868  37.248 0.0000000000
109805  41.032  19.702  47.316 0.0000000000
108890  39.784  18.787  46.919 0.0000000000
108883  39.277  18.248  48.639 0.0000000000
107882  39.016  17.450  48.129 0.0000000000
107885  39.279  17.361  47.156 0.0000000000
104866  40.021  14.898  48.639 0.0000000000
104874  40.770  14.797  48.083 0.0000000000
117894  46.664  29.729  39.375 0.0000000000
117162  47.148  28.220  38.830 0.0000000000
117146  46.380  28.878  39.203 0.0000000000
113141  44.336  24.067  38.862 0.0000000000
113157  43.907  24.048  37.996 0.0000000000
113187  42.115  23.818  36.079 0.0000000000
114059  46.976  24.875  36.675 0.0000000000
114061  44.691  24.440  35.926 0.0000000000
113185  44.014  24.275  36.296 0.0000000000
113199  41.704  23.224  35.153 0.0000000000
111523  42.815  21.984  33.866 0.0000000000
113992  50.208  24.931  42.557 0.0000000000
114027  47.896  24.106  39.794 0.0000000000
114026  48.499  24.442  39.332 0.0000000000
114024  50.495  25.313  39.673 0.0000000000
114889  51.158  25.514  39.052 0.0000000000
114898  51.916  25.512  38.362 0.0000000000
114070  51.710  25.158  35.655 0.0000000000
114929  51.973  25.397  35.820 0.0000000000
114928  52.195  25.629  35.641 0.0000000000
114938  52.190  25.704  34.739 0.0000000000
114939  51.941  25.860  34.250 0.0000000000
115747  51.141  26.080  33.808 0.0000000000
111509  46.572  21.275  34.830 0.0000000000
111508  47.095  21.799  34.237 0.0000000000
112320  47.652  22.545  34.415 0.0000000000
112319  48.401  22.962  33.796 0.0000000000
113206  49.082  23.560  34.085 0.0000000000
111547  48.742  21.758  29.821 0.0000000000
112352  48.504  22.456  31.224 0.0000000000
113219  49.196  23.437  33.200 0.0000000000
113218  50.062  24.096  33.520 0.0000000000
113217  50.438  24.346  33.317 0.0000000000
114101  50.760  24.573  33.511 0.0000000000
114115  50.819  24.783  32.680 0.0000000000
114114  51.296  25.020  33.290 0.0000000000
114957  51.092  25.220  33.082 0.0000000000
114951  49.846  25.625  33.123 0.0000000000
113265  47.393  23.115  29.112 0.0000000000
112364  46.416  22.677  30.117 0.0000000000
111558  46.197  21.977  29.886 0.0000000000
112365  45.858  22.478  30.396 0.0000000000
113255  45.876  22.959  30.575 0.0000000000
113245  45.117  23.138  30.882 0.0000000000
113232  44.661  23.194  31.973 0.0000000000
111533  44.630  22.075  32.665 0.0000000000
111521  44.558  21.480  33.296 0.0000000000
109943  45.309  19.621  32.551 0.0000000000
110758  45.235  20.562  33.021 0.0000000000
105895  39.012  15.890  49.227 0.0000000000
107891  39.561  17.266  46.374 0.0000000000
107914  40.737  17.224  43.942 0.0000000000
108019  45.988  18.277  36.732 0.0000000000
108046  46.964  18.692  34.800 0.0000000000
108054  51.621  18.428  32.935 0.0000000000
108055  51.377  18.246  33.082 0.0000000000
108056  48.576  18.037  34.028 0.0000000000
108068  51.154  18.126  32.892 0.0000000000
108106  51.676  17.876  29.284 0.0000000000
108118  51.302  18.205  28.943 0.0000000000
108119  51.021  18.388  28.777 0.0000000000
108886  39.599  18.978  47.489 0.0000000000
109019  47.933  18.444  33.847 0.0000000000
109035  47.699  19.018  33.374 0.0000000000
109069  45.265  18.750  31.769 0.0000000000
109076  54.461  18.590  30.432 0.0000000000
109077  52.443  19.197  31.108 0.0000000000
109084  54.183  18.616  29.835 0.0000000000
109099  52.583  18.721  28.513 0.0000000000
109930  45.117  19.805  33.324 0.0000000000
109979  54.357  18.931  30.136 0.0000000000
109990  53.662  19.452  28.832 0.0000000000
110788  53.721  19.849  29.135 0.0000000000
110789  53.295  20.256  28.953 0.0000000000
110808  47.158  20.543  28.528 0.0000000000
111548  46.447  21.313  29.786 0.0000000000
111565  52.047  21.231  27.428 0.0000000000
111579  51.974  21.206  27.117 0.0000000000
111580  51.658  21.204  27.391 0.0000000000
112235  46.192  23.238  42.840 0.0000000000
112346  43.232  22.777  32.875 0.0000000000
112387  48.735  23.097  27.664 0.0000000000
112389  47.627  22.852  28.650 0.0000000000
112403  48.730  23.026  27.577 0.0000000000
113184  44.449  24.248  36.462 0.0000000000
113207  44.952  23.774  33.532 0.0000000000
113228  50.449  24.328  32.949 0.0000000000
113256  45.455  22.863  30.629 0.0000000000
113281  47.660  23.116  28.781 0.0000000000
113291  48.752  23.372  27.552 0.0000000000
113292  48.671  23.352  27.325 0.0000000000
113979  50.132  24.691  43.401 0.0000000000
114003  51.338  25.323  41.746 0.0000000000
114045  51.341  25.051  37.158 0.0000000000
114062  43.803  24.369  35.514 0.0000000000
114069  52.053  25.361  35.404 0.0000000000
114087  48.388  25.097  33.714 0.0000000000
114093  42.836  23.901  34.109 0.0000000000
114102  50.392  24.368  33.695 0.0000000000
114132  46.066  23.579  31.442 0.0000000000
114168  48.640  23.547  28.616 0.0000000000
114170  47.981  23.609  28.763 0.0000000000
114846  49.883  24.907  43.026 0.0000000000
114857  49.619  25.023  42.900 0.0000000000
114858  49.343  25.062  43.115 0.0000000000
114879  50.703  25.371  40.521 0.0000000000
114892  45.214  25.295  39.491 0.0000000000
114902  46.240  25.406  38.792 0.0000000000
114909  51.254  25.150  37.626 0.0000000000
114944  47.299  24.788  34.583 0.0000000000
114967  49.226  24.870  31.662 0.0000000000
115709  47.108  26.198  38.688 0.0000000000
115723  51.871  26.496  35.951 0.0000000000
115740  52.051  26.166  34.679 0.0000000000
115743  50.153  26.201  34.515 0.0000000000
115748  50.891  26.079  33.806 0.0000000000
116424  47.429  27.043  39.108 0.0000000000
