#!ascii label  , from subject 3789 vox2ras=TkReg
1145
60318  29.009  -22.272  58.482 0.0000000000
87114  45.778  -2.124  44.191 0.0000000000
71843  36.735  -14.072  50.924 0.0000000000
50809  13.384  -29.647  70.164 0.0000000000
60150  25.015  -20.190  66.222 0.0000000000
78523  37.293  -8.364  50.579 0.0000000000
58725  17.159  -23.326  67.463 0.0000000000
52079  17.493  -29.365  68.531 0.0000000000
58754  21.461  -23.930  65.274 0.0000000000
87147  49.742  -1.640  42.422 0.0000000000
66693  29.619  -17.932  60.482 0.0000000000
69192  30.183  -15.680  56.949 0.0000000000
62967  35.574  -20.106  60.036 0.0000000000
92666  47.249  3.671  43.772 0.0000000000
92720  50.009  3.456  39.504 0.0000000000
87089  41.711  -1.490  47.305 0.0000000000
79740  45.955  -7.124  46.511 0.0000000000
80892  40.998  -7.163  48.284 0.0000000000
73200  42.061  -13.086  50.366 0.0000000000
57344  30.408  -25.554  63.810 0.0000000000
45718  13.476  -34.139  72.635 0.0000000000
43275  9.728  -35.785  73.543 0.0000000000
43250  6.087  -35.356  76.299 0.0000000000
61630  25.785  -20.878  61.401 0.0000000000
57349  25.721  -25.074  64.163 0.0000000000
74447  30.874  -11.128  55.875 0.0000000000
71765  36.069  -15.067  57.113 0.0000000000
98361  52.522  7.895  38.486 0.0000000000
85941  47.651  -1.877  43.455 0.0000000000
84713  48.261  -4.086  44.503 0.0000000000
64296  29.637  -19.719  57.974 0.0000000000
65535  32.015  -18.685  56.456 0.0000000000
61691  32.578  -21.681  58.223 0.0000000000
89400  44.739  0.830  45.198 0.0000000000
92660  46.495  3.397  45.350 0.0000000000
90552  46.257  1.188  43.545 0.0000000000
90560  47.960  1.221  42.306 0.0000000000
38581  7.508  -39.497  77.063 0.0000000000
83403  40.418  -4.205  47.733 0.0000000000
82111  38.777  -4.943  49.847 0.0000000000
74567  36.603  -11.348  50.267 0.0000000000
75950  39.501  -10.662  48.985 0.0000000000
71861  39.618  -14.172  49.965 0.0000000000
70502  40.245  -14.960  53.500 0.0000000000
50836  14.915  -29.650  68.735 0.0000000000
49538  17.511  -30.379  70.820 0.0000000000
48375  15.817  -31.882  70.663 0.0000000000
47035  15.775  -32.639  73.439 0.0000000000
47073  13.660  -32.762  71.424 0.0000000000
45683  9.570  -32.749  73.603 0.0000000000
43268  7.538  -35.575  74.305 0.0000000000
60191  25.596  -20.089  64.949 0.0000000000
60231  25.342  -22.958  62.477 0.0000000000
60193  23.881  -22.028  63.372 0.0000000000
57280  21.234  -24.761  67.355 0.0000000000
55854  23.876  -26.156  67.645 0.0000000000
69148  34.741  -15.215  59.367 0.0000000000
71752  32.793  -14.400  57.211 0.0000000000
82087  37.663  -5.904  51.908 0.0000000000
75907  35.843  -9.534  51.999 0.0000000000
74533  34.919  -10.804  51.773 0.0000000000
55858  19.668  -25.546  67.143 0.0000000000
53293  19.577  -28.018  69.010 0.0000000000
54627  16.986  -26.491  67.418 0.0000000000
54606  15.224  -26.948  68.476 0.0000000000
53264  13.874  -26.923  71.092 0.0000000000
60175  22.483  -20.980  63.852 0.0000000000
62873  20.313  -19.909  65.830 0.0000000000
58742  19.124  -22.785  65.969 0.0000000000
70390  29.532  -14.716  62.473 0.0000000000
71720  28.052  -13.686  59.649 0.0000000000
67958  28.967  -16.722  58.799 0.0000000000
66713  33.687  -17.402  57.993 0.0000000000
94801  49.527  6.164  41.180 0.0000000000
92683  48.424  3.319  41.138 0.0000000000
90570  50.045  1.088  41.092 0.0000000000
85925  43.545  -1.669  45.242 0.0000000000
84716  45.471  -4.094  45.099 0.0000000000
83412  43.157  -4.439  45.790 0.0000000000
80932  42.834  -6.579  47.412 0.0000000000
79684  44.187  -8.673  48.714 0.0000000000
79702  39.277  -7.627  49.084 0.0000000000
77316  42.127  -9.950  48.852 0.0000000000
58826  28.882  -23.528  61.229 0.0000000000
60229  32.148  -23.217  61.169 0.0000000000
89378  43.587  0.458  48.087 0.0000000000
49527  11.722  -29.757  72.430 0.0000000000
47055  11.164  -32.432  72.223 0.0000000000
44500  11.326  -34.966  73.206 0.0000000000
42036  11.622  -36.221  75.795 0.0000000000
42038  9.843  -37.128  75.637 0.0000000000
40882  7.465  -37.458  75.159 0.0000000000
40871  5.707  -37.612  75.849 0.0000000000
40874  3.481  -37.696  76.840 0.0000000000
61693  26.733  -21.082  59.627 0.0000000000
58811  27.783  -23.591  62.035 0.0000000000
57346  28.386  -25.031  64.189 0.0000000000
57351  23.588  -25.042  64.027 0.0000000000
71805  34.019  -13.401  53.365 0.0000000000
71772  29.545  -12.937  56.710 0.0000000000
71782  32.483  -14.148  55.142 0.0000000000
70493  36.093  -15.404  54.053 0.0000000000
61623  34.793  -22.169  62.172 0.0000000000
97137  54.282  7.022  37.227 0.0000000000
95920  50.276  6.226  38.807 0.0000000000
94827  52.391  5.262  37.521 0.0000000000
85934  46.554  -2.182  43.859 0.0000000000
85921  47.812  -3.356  44.236 0.0000000000
85922  46.632  -3.016  44.362 0.0000000000
61730  29.491  -21.197  57.393 0.0000000000
61728  31.185  -21.075  57.172 0.0000000000
60316  30.810  -22.144  58.283 0.0000000000
88265  44.869  -0.725  43.992 0.0000000000
89410  45.665  0.621  43.900 0.0000000000
88264  45.714  -0.510  43.675 0.0000000000
88275  46.944  -0.592  43.469 0.0000000000
38593  6.503  -39.488  76.173 0.0000000000
84666  39.294  -3.654  49.680 0.0000000000
83349  38.852  -3.804  51.283 0.0000000000
73185  36.710  -13.380  50.459 0.0000000000
73204  38.111  -12.907  49.950 0.0000000000
71842  37.993  -14.297  50.853 0.0000000000
70521  39.958  -14.868  52.284 0.0000000000
70541  38.460  -14.952  51.501 0.0000000000
50824  13.801  -29.587  69.600 0.0000000000
49581  14.980  -30.568  69.436 0.0000000000
49560  14.534  -31.093  69.898 0.0000000000
48358  14.400  -32.125  70.536 0.0000000000
48378  13.278  -31.419  70.407 0.0000000000
60172  25.336  -20.175  65.460 0.0000000000
60192  24.769  -20.725  64.147 0.0000000000
60173  24.434  -20.484  64.839 0.0000000000
57254  21.538  -25.439  68.748 0.0000000000
74377  29.687  -10.656  61.546 0.0000000000
71698  35.744  -14.665  60.314 0.0000000000
75908  35.501  -10.096  51.883 0.0000000000
74511  34.991  -9.958  52.850 0.0000000000
55859  18.617  -25.419  66.852 0.0000000000
54625  19.214  -26.416  67.260 0.0000000000
55860  17.301  -25.210  67.314 0.0000000000
55814  15.635  -24.962  68.732 0.0000000000
54564  14.897  -25.361  70.424 0.0000000000
53280  14.575  -27.006  69.623 0.0000000000
61545  21.601  -19.397  65.922 0.0000000000
60128  17.900  -21.757  67.093 0.0000000000
60153  18.567  -21.485  66.213 0.0000000000
57306  18.733  -23.287  66.382 0.0000000000
57282  19.309  -24.634  66.583 0.0000000000
69137  28.625  -15.893  61.043 0.0000000000
66694  29.009  -17.502  60.251 0.0000000000
64294  33.468  -19.478  57.685 0.0000000000
66732  33.078  -17.897  57.413 0.0000000000
65494  34.372  -18.790  58.542 0.0000000000
66702  35.381  -17.402  59.336 0.0000000000
65483  35.750  -18.347  59.645 0.0000000000
91587  46.639  3.071  44.114 0.0000000000
93734  48.180  4.369  41.703 0.0000000000
92673  47.385  3.483  42.573 0.0000000000
88287  49.046  -0.788  42.220 0.0000000000
89428  49.709  0.409  41.501 0.0000000000
88286  50.008  -0.769  41.728 0.0000000000
87102  42.177  -1.164  46.791 0.0000000000
84699  42.919  -3.418  45.885 0.0000000000
84700  42.002  -3.312  46.303 0.0000000000
82140  40.308  -5.596  48.147 0.0000000000
82138  42.152  -6.192  47.443 0.0000000000
80914  42.335  -6.618  47.745 0.0000000000
79717  43.673  -7.421  48.133 0.0000000000
79699  42.859  -8.060  48.599 0.0000000000
79687  37.429  -7.604  50.804 0.0000000000
80874  38.021  -6.398  50.462 0.0000000000
78522  37.764  -8.159  49.819 0.0000000000
74563  40.718  -12.545  49.484 0.0000000000
75949  40.539  -10.751  48.870 0.0000000000
74576  42.200  -11.812  49.367 0.0000000000
75946  43.861  -10.870  49.374 0.0000000000
58790  29.617  -24.488  62.541 0.0000000000
58788  31.630  -24.144  62.584 0.0000000000
87080  42.483  -0.848  48.601 0.0000000000
88226  42.488  -0.426  47.660 0.0000000000
88238  42.792  -0.295  46.574 0.0000000000
53294  18.959  -28.318  68.862 0.0000000000
52061  19.095  -28.936  70.078 0.0000000000
45700  14.393  -33.787  73.239 0.0000000000
47016  15.082  -32.938  74.896 0.0000000000
45681  14.614  -33.731  74.376 0.0000000000
44482  13.431  -34.864  74.491 0.0000000000
48323  11.176  -30.112  73.284 0.0000000000
49542  11.451  -31.168  71.924 0.0000000000
47037  10.631  -31.864  72.857 0.0000000000
45704  9.351  -33.742  73.300 0.0000000000
44517  10.443  -33.998  72.608 0.0000000000
43274  10.761  -35.775  73.426 0.0000000000
43264  11.876  -35.817  74.296 0.0000000000
42057  10.430  -36.268  73.829 0.0000000000
42037  10.967  -36.519  75.382 0.0000000000
43266  9.167  -36.279  74.018 0.0000000000
43259  6.435  -35.566  75.509 0.0000000000
42040  7.344  -36.557  74.641 0.0000000000
42041  6.670  -36.613  75.143 0.0000000000
40883  6.478  -37.540  75.514 0.0000000000
40860  5.406  -36.912  76.372 0.0000000000
62918  27.096  -19.996  62.898 0.0000000000
62955  27.179  -20.127  60.966 0.0000000000
61646  26.085  -21.117  60.730 0.0000000000
60251  27.182  -22.854  60.693 0.0000000000
60252  26.313  -22.139  61.026 0.0000000000
57370  25.748  -24.765  63.450 0.0000000000
57369  26.574  -24.858  63.247 0.0000000000
57347  27.419  -25.147  64.095 0.0000000000
60195  21.558  -21.819  63.840 0.0000000000
58769  22.892  -23.723  63.458 0.0000000000
57352  22.648  -24.581  64.497 0.0000000000
55884  24.241  -26.180  66.787 0.0000000000
82168  45.328  -5.898  45.602 0.0000000000
82186  47.331  -5.636  45.055 0.0000000000
80944  46.544  -7.096  46.262 0.0000000000
74445  32.262  -10.168  55.761 0.0000000000
74486  33.423  -11.086  54.239 0.0000000000
74487  32.395  -11.771  54.636 0.0000000000
70423  28.379  -14.515  58.271 0.0000000000
73077  28.386  -13.209  57.901 0.0000000000
70452  29.904  -14.259  56.974 0.0000000000
71750  35.072  -14.283  57.606 0.0000000000
71768  33.182  -14.344  56.291 0.0000000000
70467  35.104  -15.081  56.028 0.0000000000
70495  33.940  -15.168  54.195 0.0000000000
70480  36.170  -15.551  55.815 0.0000000000
69246  37.861  -15.790  55.660 0.0000000000
61624  34.074  -22.388  61.669 0.0000000000
97125  53.850  7.625  37.776 0.0000000000
94819  49.394  5.003  39.863 0.0000000000
95910  50.118  6.448  39.692 0.0000000000
93751  50.254  4.463  38.802 0.0000000000
93763  51.950  4.254  37.991 0.0000000000
93777  53.103  3.675  37.300 0.0000000000
58703  17.062  -22.580  68.441 0.0000000000
57266  16.741  -23.332  68.355 0.0000000000
87137  49.303  -2.254  42.864 0.0000000000
87124  50.599  -3.073  43.564 0.0000000000
85931  49.442  -3.291  43.712 0.0000000000
65495  29.759  -18.509  59.587 0.0000000000
65514  29.906  -18.415  58.236 0.0000000000
64315  30.747  -19.792  56.776 0.0000000000
63047  32.223  -20.305  57.189 0.0000000000
62969  34.239  -20.888  58.763 0.0000000000
91570  46.420  2.510  46.902 0.0000000000
90529  45.663  1.964  45.183 0.0000000000
91588  46.090  2.329  44.489 0.0000000000
91596  46.468  2.111  43.471 0.0000000000
90561  47.261  1.873  42.496 0.0000000000
89417  47.500  0.535  42.540 0.0000000000
88274  47.652  -0.564  42.829 0.0000000000
39754  8.481  -38.447  77.345 0.0000000000
85887  41.060  -1.636  48.602 0.0000000000
84688  41.221  -3.221  47.174 0.0000000000
84679  40.090  -3.151  48.616 0.0000000000
82141  39.675  -4.753  48.721 0.0000000000
82126  39.694  -5.847  48.594 0.0000000000
75935  37.070  -10.578  49.904 0.0000000000
77320  37.993  -9.864  49.463 0.0000000000
74580  38.357  -11.351  49.352 0.0000000000
74564  39.674  -12.446  49.336 0.0000000000
73201  41.235  -13.481  50.082 0.0000000000
71820  41.419  -14.139  51.942 0.0000000000
71791  41.036  -14.452  53.878 0.0000000000
57322  30.338  -26.097  64.823 0.0000000000
52080  16.541  -29.109  68.174 0.0000000000
50820  17.339  -30.080  69.407 0.0000000000
49579  16.683  -30.550  69.477 0.0000000000
49558  16.442  -30.918  70.174 0.0000000000
48357  16.408  -31.749  71.653 0.0000000000
47052  14.717  -33.146  72.459 0.0000000000
47053  13.610  -33.359  72.124 0.0000000000
47017  10.403  -31.425  73.743 0.0000000000
45684  8.792  -33.114  73.901 0.0000000000
45705  8.641  -33.948  73.668 0.0000000000
43277  8.106  -35.362  73.929 0.0000000000
45667  7.441  -34.140  74.815 0.0000000000
44470  6.850  -34.627  75.161 0.0000000000
43249  6.151  -34.616  76.721 0.0000000000
61612  25.626  -20.393  62.814 0.0000000000
60230  25.550  -22.059  62.177 0.0000000000
61613  24.572  -20.785  63.089 0.0000000000
60214  24.784  -22.208  63.057 0.0000000000
57371  25.288  -24.803  63.628 0.0000000000
57302  21.677  -24.675  66.611 0.0000000000
57330  22.012  -24.641  65.483 0.0000000000
57278  22.494  -25.323  67.550 0.0000000000
80910  46.120  -7.262  47.996 0.0000000000
75783  30.381  -10.439  57.376 0.0000000000
70421  33.323  -15.172  58.332 0.0000000000
70450  32.005  -14.631  57.299 0.0000000000
70433  33.789  -14.885  58.389 0.0000000000
71735  34.870  -13.970  58.460 0.0000000000
97106  52.091  8.244  40.004 0.0000000000
37262  4.658  -40.262  76.425 0.0000000000
79640  37.403  -6.673  53.132 0.0000000000
78505  36.498  -7.845  51.861 0.0000000000
77293  36.487  -9.360  51.338 0.0000000000
74550  36.083  -10.685  50.813 0.0000000000
73207  35.741  -11.713  50.731 0.0000000000
71844  35.675  -13.356  51.329 0.0000000000
55832  20.741  -25.777  68.452 0.0000000000
54562  21.417  -27.038  69.726 0.0000000000
54603  19.726  -26.754  67.866 0.0000000000
53324  18.786  -27.173  67.485 0.0000000000
53310  17.316  -27.612  67.804 0.0000000000
55834  16.339  -25.398  67.849 0.0000000000
54604  16.541  -27.032  67.652 0.0000000000
53311  16.293  -27.561  67.826 0.0000000000
52099  14.997  -28.440  68.514 0.0000000000
52082  14.006  -28.581  69.420 0.0000000000
52064  13.451  -28.852  70.408 0.0000000000
60174  23.478  -20.911  64.304 0.0000000000
61544  22.518  -19.839  65.652 0.0000000000
61591  21.269  -20.738  64.337 0.0000000000
60197  20.456  -21.316  64.714 0.0000000000
61547  19.615  -20.182  66.003 0.0000000000
60178  19.455  -21.194  65.547 0.0000000000
58756  19.961  -22.637  65.387 0.0000000000
57304  20.074  -24.092  66.371 0.0000000000
57264  20.877  -25.188  67.922 0.0000000000
71684  29.564  -13.657  62.663 0.0000000000
73045  28.992  -12.507  61.393 0.0000000000
70391  29.009  -14.783  61.527 0.0000000000
69150  27.876  -15.372  59.454 0.0000000000
67979  29.237  -15.895  57.681 0.0000000000
66715  30.579  -17.522  57.570 0.0000000000
66714  32.464  -17.134  57.334 0.0000000000
69191  31.529  -15.714  57.372 0.0000000000
67957  34.598  -16.160  58.749 0.0000000000
67938  35.689  -16.565  59.853 0.0000000000
94802  48.897  5.723  41.601 0.0000000000
93733  48.593  4.555  41.015 0.0000000000
92682  48.863  3.504  40.446 0.0000000000
91603  48.100  2.414  41.649 0.0000000000
90571  49.256  1.608  41.057 0.0000000000
87116  44.018  -1.210  45.071 0.0000000000
85923  45.213  -3.049  44.783 0.0000000000
85905  44.316  -3.154  45.011 0.0000000000
83411  44.078  -4.792  45.568 0.0000000000
82169  44.478  -6.103  46.013 0.0000000000
83401  41.666  -4.356  46.583 0.0000000000
82155  42.481  -5.842  47.023 0.0000000000
80930  44.277  -7.071  46.719 0.0000000000
79716  44.363  -7.546  48.282 0.0000000000
79697  44.756  -7.989  48.728 0.0000000000
82112  38.474  -5.255  50.276 0.0000000000
80894  38.705  -6.401  49.584 0.0000000000
79701  40.555  -7.853  48.590 0.0000000000
77319  38.792  -9.752  49.113 0.0000000000
78536  40.182  -8.759  48.927 0.0000000000
78535  41.373  -8.878  48.732 0.0000000000
78534  42.537  -8.974  48.655 0.0000000000
60274  29.588  -22.895  60.173 0.0000000000
60273  30.584  -22.756  59.954 0.0000000000
58824  30.896  -23.318  61.002 0.0000000000
58787  32.677  -23.923  62.859 0.0000000000
89390  43.899  1.109  46.678 0.0000000000
88251  43.617  -0.323  45.394 0.0000000000
52047  13.232  -28.464  71.347 0.0000000000
50789  12.462  -28.829  72.121 0.0000000000
50799  12.448  -29.837  71.205 0.0000000000
49541  11.874  -30.675  71.500 0.0000000000
47074  12.591  -32.941  71.658 0.0000000000
45719  12.358  -33.853  72.013 0.0000000000
45702  10.681  -32.864  72.669 0.0000000000
44515  11.796  -34.389  72.602 0.0000000000
44514  12.617  -34.508  72.736 0.0000000000
44483  12.616  -35.310  74.164 0.0000000000
43255  12.555  -35.567  75.624 0.0000000000
40869  9.648  -37.425  76.524 0.0000000000
43267  8.435  -36.074  74.148 0.0000000000
40881  8.557  -37.624  75.479 0.0000000000
39779  8.521  -38.036  76.042 0.0000000000
38605  7.439  -38.781  75.831 0.0000000000
38606  7.165  -39.066  75.832 0.0000000000
39768  5.455  -38.578  75.932 0.0000000000
40861  4.686  -37.076  76.802 0.0000000000
40873  4.110  -37.771  76.577 0.0000000000
39769  4.471  -38.597  76.241 0.0000000000
63030  28.257  -20.769  58.234 0.0000000000
63002  27.352  -20.784  59.042 0.0000000000
61715  27.694  -21.489  58.772 0.0000000000
60250  28.102  -23.102  60.631 0.0000000000
58827  27.955  -23.328  61.352 0.0000000000
58791  28.642  -24.281  62.656 0.0000000000
58812  26.604  -23.350  61.887 0.0000000000
58792  27.619  -24.165  62.623 0.0000000000
57345  29.363  -25.474  63.959 0.0000000000
58768  24.041  -23.994  63.202 0.0000000000
57327  25.511  -25.516  64.839 0.0000000000
57329  23.265  -25.629  65.481 0.0000000000
55905  25.340  -25.813  65.767 0.0000000000
55904  26.293  -25.904  65.553 0.0000000000
83426  46.669  -4.939  44.487 0.0000000000
75863  34.162  -10.282  53.965 0.0000000000
73169  34.251  -12.200  52.485 0.0000000000
71824  34.747  -13.515  52.235 0.0000000000
73060  28.958  -12.269  60.008 0.0000000000
73087  29.564  -12.027  57.598 0.0000000000
74448  30.472  -11.783  56.006 0.0000000000
71753  31.532  -14.210  56.697 0.0000000000
71784  30.857  -13.082  55.468 0.0000000000
73133  31.379  -12.301  54.949 0.0000000000
71792  33.256  -14.033  54.210 0.0000000000
70507  34.707  -14.890  53.303 0.0000000000
70524  36.592  -15.243  52.288 0.0000000000
69277  37.990  -15.673  53.517 0.0000000000
60271  32.424  -22.364  59.700 0.0000000000
61642  34.276  -22.057  60.944 0.0000000000
62949  35.290  -20.745  60.391 0.0000000000
62914  36.437  -21.002  62.362 0.0000000000
62947  36.689  -20.064  61.218 0.0000000000
97136  54.868  7.629  36.965 0.0000000000
95909  50.611  7.053  39.124 0.0000000000
97127  51.885  7.322  38.262 0.0000000000
93764  51.039  4.197  38.396 0.0000000000
94828  51.503  5.339  38.093 0.0000000000
95917  52.980  6.248  37.582 0.0000000000
95927  53.641  6.253  36.960 0.0000000000
95934  54.003  5.866  36.523 0.0000000000
87128  46.111  -1.467  43.732 0.0000000000
61713  29.235  -21.737  57.852 0.0000000000
61712  30.116  -21.830  57.612 0.0000000000
60317  29.922  -22.276  58.349 0.0000000000
87129  45.341  -1.333  43.839 0.0000000000
37260  6.245  -40.429  77.002 0.0000000000
71863  37.530  -13.670  50.240 0.0000000000
70542  37.424  -14.871  51.525 0.0000000000
49583  13.666  -30.051  69.825 0.0000000000
49582  14.120  -30.311  69.594 0.0000000000
49561  13.541  -30.617  70.098 0.0000000000
50810  12.932  -29.988  70.528 0.0000000000
55811  21.740  -25.712  69.336 0.0000000000
73044  29.319  -11.661  61.511 0.0000000000
57283  18.108  -24.001  66.539 0.0000000000
57284  17.114  -23.785  67.465 0.0000000000
58724  17.366  -22.893  67.230 0.0000000000
58743  18.272  -22.634  66.509 0.0000000000
67925  28.811  -16.898  61.294 0.0000000000
62996  34.397  -20.138  58.748 0.0000000000
64271  34.710  -19.454  58.931 0.0000000000
65493  34.994  -18.394  58.940 0.0000000000
64253  35.296  -19.350  59.560 0.0000000000
92659  47.113  3.985  44.941 0.0000000000
93731  47.594  4.434  43.542 0.0000000000
87146  50.750  -1.795  42.218 0.0000000000
88285  50.924  -1.218  41.714 0.0000000000
40858  9.355  -37.911  77.391 0.0000000000
87103  41.781  -1.616  46.887 0.0000000000
85907  42.434  -2.329  46.006 0.0000000000
85908  41.657  -2.257  46.731 0.0000000000
80916  40.542  -6.539  48.109 0.0000000000
80915  41.285  -6.587  47.933 0.0000000000
80891  42.077  -7.194  48.428 0.0000000000
74562  41.760  -12.584  49.680 0.0000000000
74577  41.170  -11.665  49.316 0.0000000000
57365  30.517  -25.109  63.008 0.0000000000
57343  31.387  -25.348  63.696 0.0000000000
87081  41.623  -1.199  48.159 0.0000000000
87088  42.027  -0.820  47.780 0.0000000000
52096  17.838  -28.518  68.163 0.0000000000
52078  18.538  -28.820  68.915 0.0000000000
45701  13.951  -34.386  73.816 0.0000000000
48324  10.803  -30.702  73.105 0.0000000000
44502  9.051  -34.728  73.351 0.0000000000
44501  10.148  -34.666  72.844 0.0000000000
42048  10.003  -36.630  74.401 0.0000000000
42028  5.997  -36.559  75.873 0.0000000000
42014  5.752  -36.108  76.545 0.0000000000
61611  26.972  -19.721  63.501 0.0000000000
62919  26.611  -20.037  62.639 0.0000000000
62937  26.366  -20.103  61.712 0.0000000000
57348  26.531  -25.205  64.086 0.0000000000
57325  27.273  -25.593  64.888 0.0000000000
57326  26.399  -25.470  64.844 0.0000000000
58771  21.075  -22.544  64.552 0.0000000000
58770  21.708  -23.484  64.300 0.0000000000
80945  45.620  -6.699  45.941 0.0000000000
80962  46.303  -6.556  45.658 0.0000000000
74425  31.177  -10.062  56.382 0.0000000000
75802  31.640  -9.634  56.693 0.0000000000
74446  31.623  -10.412  55.913 0.0000000000
74464  32.561  -10.629  55.215 0.0000000000
74465  31.577  -11.483  55.217 0.0000000000
69193  29.373  -15.292  57.424 0.0000000000
70438  28.712  -14.302  57.622 0.0000000000
70436  30.101  -14.944  56.868 0.0000000000
71749  35.990  -14.421  57.716 0.0000000000
71767  34.352  -14.800  56.445 0.0000000000
71766  35.386  -14.767  56.870 0.0000000000
70466  35.803  -15.194  56.280 0.0000000000
70465  36.601  -15.474  56.637 0.0000000000
98360  53.346  8.136  38.429 0.0000000000
93752  49.707  4.136  39.390 0.0000000000
60084  17.402  -21.860  69.237 0.0000000000
58692  16.976  -22.330  69.494 0.0000000000
60065  17.306  -21.950  69.876 0.0000000000
60102  17.614  -21.827  68.211 0.0000000000
87138  48.318  -1.744  43.095 0.0000000000
87125  48.947  -2.579  43.392 0.0000000000
87126  48.439  -2.366  43.465 0.0000000000
85920  48.824  -3.650  44.109 0.0000000000
64295  29.876  -19.114  58.725 0.0000000000
65515  29.850  -18.970  57.706 0.0000000000
65537  30.220  -19.416  57.307 0.0000000000
61710  31.887  -21.531  57.725 0.0000000000
61727  31.861  -20.874  57.335 0.0000000000
61709  32.575  -21.055  57.670 0.0000000000
61690  33.386  -21.193  58.374 0.0000000000
90531  44.577  1.426  46.132 0.0000000000
90530  45.173  1.686  45.662 0.0000000000
90540  45.728  1.481  44.276 0.0000000000
90551  46.962  1.349  42.694 0.0000000000
89418  46.911  0.325  43.057 0.0000000000
87139  47.513  -1.265  43.308 0.0000000000
88288  48.410  -0.953  42.539 0.0000000000
39755  7.784  -38.788  77.061 0.0000000000
85888  40.423  -2.181  49.093 0.0000000000
84678  40.640  -2.570  48.076 0.0000000000
84680  39.624  -3.701  49.008 0.0000000000
83382  39.381  -4.332  49.270 0.0000000000
82127  39.134  -5.350  49.217 0.0000000000
75952  37.817  -10.681  49.527 0.0000000000
74566  37.619  -11.704  49.710 0.0000000000
73203  39.152  -13.177  49.755 0.0000000000
73202  40.188  -13.391  49.647 0.0000000000
71860  40.489  -14.063  50.256 0.0000000000
71839  41.038  -14.210  50.972 0.0000000000
71803  40.855  -14.492  52.743 0.0000000000
70489  40.379  -14.845  54.640 0.0000000000
85874  41.368  -1.709  49.724 0.0000000000
50834  15.836  -29.076  68.332 0.0000000000
50821  16.350  -29.959  68.621 0.0000000000
50822  15.308  -30.110  68.832 0.0000000000
49559  15.573  -31.290  69.988 0.0000000000
49540  16.266  -31.331  70.748 0.0000000000
47071  15.667  -32.342  71.082 0.0000000000
48359  13.759  -32.142  70.663 0.0000000000
47072  14.803  -32.606  71.072 0.0000000000
45665  8.521  -32.881  74.768 0.0000000000
45685  8.199  -33.736  74.320 0.0000000000
44485  7.906  -34.203  74.261 0.0000000000
45666  7.710  -33.558  75.168 0.0000000000
44457  6.573  -34.370  76.275 0.0000000000
60190  26.183  -20.144  65.433 0.0000000000
61587  26.287  -19.793  64.578 0.0000000000
61588  25.254  -20.488  63.882 0.0000000000
61589  24.540  -20.898  63.564 0.0000000000
60215  24.432  -23.119  63.122 0.0000000000
58795  24.924  -24.078  63.178 0.0000000000
57303  20.932  -24.156  66.466 0.0000000000
57279  22.064  -24.932  67.725 0.0000000000
75763  30.237  -10.318  58.262 0.0000000000
69168  33.585  -15.288  58.455 0.0000000000
70420  33.887  -14.988  58.637 0.0000000000
71700  34.427  -14.712  59.069 0.0000000000
73042  35.964  -14.267  60.081 0.0000000000
73043  35.196  -14.121  59.491 0.0000000000
73059  35.392  -13.954  59.256 0.0000000000
37263  3.995  -40.369  76.360 0.0000000000
78497  36.376  -7.287  52.146 0.0000000000
75921  36.406  -9.223  51.574 0.0000000000
77305  36.560  -9.550  50.986 0.0000000000
75922  36.231  -9.718  51.332 0.0000000000
74551  35.589  -11.174  50.991 0.0000000000
73187  35.363  -12.165  50.998 0.0000000000
55857  20.436  -25.707  67.637 0.0000000000
54602  20.344  -26.392  68.125 0.0000000000
54624  19.974  -26.245  67.499 0.0000000000
54626  18.122  -26.402  67.094 0.0000000000
53325  17.930  -27.210  67.525 0.0000000000
57257  16.290  -23.337  69.201 0.0000000000
55833  16.442  -24.272  68.319 0.0000000000
54584  15.132  -25.631  69.345 0.0000000000
54605  15.821  -26.383  68.138 0.0000000000
53312  15.466  -27.508  68.209 0.0000000000
52098  15.971  -28.373  68.032 0.0000000000
53263  14.343  -26.710  70.385 0.0000000000
53296  14.372  -27.683  69.353 0.0000000000
53281  14.101  -27.461  70.079 0.0000000000
52063  13.602  -27.962  70.649 0.0000000000
60126  23.560  -20.150  66.669 0.0000000000
61567  21.672  -19.911  65.007 0.0000000000
64182  20.986  -20.185  65.200 0.0000000000
61592  20.660  -20.984  64.560 0.0000000000
61568  20.354  -20.955  64.868 0.0000000000
58757  19.308  -21.990  65.473 0.0000000000
58741  19.977  -23.427  65.869 0.0000000000
58740  20.551  -23.694  66.108 0.0000000000
57281  20.361  -24.835  67.084 0.0000000000
71685  29.102  -13.709  61.878 0.0000000000
67939  28.659  -16.782  60.069 0.0000000000
69149  28.315  -15.867  59.795 0.0000000000
69169  28.328  -16.342  58.911 0.0000000000
69170  27.942  -15.842  58.797 0.0000000000
67959  28.785  -16.271  58.299 0.0000000000
65536  30.717  -18.742  56.943 0.0000000000
66734  31.367  -18.097  56.782 0.0000000000
67977  31.781  -16.485  57.462 0.0000000000
67976  33.100  -16.480  57.938 0.0000000000
69189  33.602  -15.995  58.284 0.0000000000
67975  34.108  -16.456  58.368 0.0000000000
66692  36.050  -17.407  59.974 0.0000000000
92652  46.741  3.222  46.474 0.0000000000
94795  49.675  6.226  42.173 0.0000000000
94796  49.129  5.913  42.950 0.0000000000
91604  47.465  2.320  42.345 0.0000000000
90558  49.587  0.860  41.333 0.0000000000
90559  48.989  1.136  41.376 0.0000000000
91615  49.206  2.307  40.574 0.0000000000
85924  44.161  -2.234  44.872 0.0000000000
85906  43.398  -2.566  45.368 0.0000000000
84698  43.736  -3.725  45.369 0.0000000000
82170  43.301  -5.512  46.000 0.0000000000
83402  40.784  -4.236  47.237 0.0000000000
84687  41.564  -3.515  46.631 0.0000000000
80931  43.373  -6.709  47.176 0.0000000000
82154  43.627  -6.352  46.507 0.0000000000
80912  43.942  -7.203  47.656 0.0000000000
79698  43.904  -8.082  48.543 0.0000000000
79683  44.627  -8.598  48.759 0.0000000000
83350  38.329  -4.696  51.345 0.0000000000
82098  37.940  -5.571  51.384 0.0000000000
79685  38.546  -7.139  49.951 0.0000000000
80873  38.430  -6.646  50.029 0.0000000000
75951  38.612  -10.623  49.281 0.0000000000
77317  40.951  -9.832  48.692 0.0000000000
77318  39.823  -9.741  48.896 0.0000000000
60249  28.954  -23.163  60.615 0.0000000000
58844  30.180  -23.184  60.678 0.0000000000
58825  29.853  -23.443  61.041 0.0000000000
57363  32.198  -24.398  63.176 0.0000000000
90520  44.718  1.579  47.161 0.0000000000
89391  43.446  0.490  47.175 0.0000000000
87101  42.934  -1.354  45.798 0.0000000000
88252  43.115  -0.523  45.795 0.0000000000
87117  43.396  -1.026  45.390 0.0000000000
54563  20.481  -27.511  69.446 0.0000000000
50808  17.718  -29.965  70.384 0.0000000000
49526  11.758  -28.927  72.977 0.0000000000
50790  12.174  -29.794  71.839 0.0000000000
48339  11.146  -31.456  72.345 0.0000000000
48361  11.695  -31.933  71.656 0.0000000000
47075  11.712  -32.959  71.719 0.0000000000
45734  11.845  -33.451  71.822 0.0000000000
47038  10.254  -32.384  73.346 0.0000000000
44516  10.944  -34.208  72.603 0.0000000000
44499  12.248  -34.923  73.302 0.0000000000
44484  11.954  -35.402  73.678 0.0000000000
43257  11.356  -36.182  74.640 0.0000000000
43263  12.412  -35.640  74.873 0.0000000000
43256  11.817  -35.942  75.255 0.0000000000
42026  10.605  -36.920  76.632 0.0000000000
40880  9.217  -37.445  75.904 0.0000000000
44504  7.772  -35.019  73.989 0.0000000000
40893  8.151  -37.251  74.748 0.0000000000
39780  7.960  -38.383  75.836 0.0000000000
39767  6.232  -38.363  75.815 0.0000000000
42015  4.992  -36.116  76.482 0.0000000000
42016  4.279  -36.328  77.082 0.0000000000
39770  3.566  -38.455  76.573 0.0000000000
63029  28.957  -20.279  58.317 0.0000000000
62975  26.782  -20.729  59.728 0.0000000000
62974  27.207  -20.269  59.863 0.0000000000
63003  26.842  -20.959  59.382 0.0000000000
61692  27.095  -21.497  59.476 0.0000000000
60302  27.853  -22.314  59.262 0.0000000000
60276  27.412  -22.493  59.991 0.0000000000
58828  27.047  -23.224  61.280 0.0000000000
58810  28.777  -23.794  62.018 0.0000000000
58813  25.856  -23.394  62.228 0.0000000000
57368  27.527  -24.771  63.294 0.0000000000
57367  28.523  -24.639  63.434 0.0000000000
57323  29.095  -25.900  64.669 0.0000000000
60152  23.079  -20.424  65.118 0.0000000000
60194  22.613  -22.204  63.603 0.0000000000
57350  24.793  -25.036  63.881 0.0000000000
55885  23.421  -25.908  66.742 0.0000000000
55883  25.132  -26.202  66.659 0.0000000000
84715  46.238  -3.947  44.798 0.0000000000
75840  33.678  -9.733  54.807 0.0000000000
73150  33.864  -12.199  53.310 0.0000000000
71825  34.247  -12.848  52.871 0.0000000000
71701  28.509  -13.578  60.775 0.0000000000
71719  28.458  -12.981  59.965 0.0000000000
73088  29.132  -12.874  57.310 0.0000000000
73076  28.740  -12.564  58.208 0.0000000000
73103  29.852  -12.392  56.517 0.0000000000
70449  32.663  -14.608  57.598 0.0000000000
71769  32.065  -13.970  56.096 0.0000000000
71783  31.484  -13.654  55.163 0.0000000000
71795  31.071  -12.803  55.194 0.0000000000
71793  32.076  -13.441  54.406 0.0000000000
70494  35.137  -15.398  54.274 0.0000000000
70506  35.662  -15.421  53.215 0.0000000000
70505  36.504  -15.544  53.320 0.0000000000
69290  37.313  -15.538  52.919 0.0000000000
69278  37.136  -15.625  53.538 0.0000000000
69245  38.763  -15.775  55.828 0.0000000000
60247  31.584  -23.054  60.448 0.0000000000
60272  31.350  -22.648  59.609 0.0000000000
60246  32.641  -22.777  60.806 0.0000000000
61661  34.734  -21.296  60.334 0.0000000000
61641  35.171  -21.251  61.210 0.0000000000
62930  36.361  -20.791  61.563 0.0000000000
64237  37.213  -19.313  61.317 0.0000000000
98370  54.558  7.821  37.548 0.0000000000
97146  54.620  6.878  36.605 0.0000000000
97128  51.198  7.463  38.705 0.0000000000
95919  51.008  6.554  38.235 0.0000000000
93762  52.529  4.194  37.467 0.0000000000
95918  52.163  6.299  38.065 0.0000000000
94826  53.091  5.587  37.103 0.0000000000
87127  46.966  -1.547  43.633 0.0000000000
85940  48.049  -2.273  43.521 0.0000000000
85933  47.418  -2.492  43.765 0.0000000000
84714  47.179  -4.101  44.281 0.0000000000
64317  29.528  -20.237  57.581 0.0000000000
64316  30.119  -20.054  57.293 0.0000000000
61729  30.344  -21.218  57.152 0.0000000000
61711  31.000  -21.641  57.682 0.0000000000
60315  31.630  -22.055  58.192 0.0000000000
90541  45.306  1.156  44.708 0.0000000000
89411  45.121  0.169  44.367 0.0000000000
89419  46.305  0.101  43.507 0.0000000000
88276  46.370  -0.477  43.553 0.0000000000
84665  39.863  -2.872  49.752 0.0000000000
84652  39.869  -2.867  50.823 0.0000000000
84653  39.252  -3.366  50.448 0.0000000000
83366  38.774  -4.288  50.038 0.0000000000
73205  36.964  -12.731  50.185 0.0000000000
71862  38.539  -14.032  49.924 0.0000000000
71841  39.006  -14.731  50.602 0.0000000000
71840  40.039  -14.513  51.051 0.0000000000
70540  39.316  -14.914  51.518 0.0000000000
70522  38.994  -15.262  52.264 0.0000000000
50823  14.477  -29.742  69.120 0.0000000000
48376  15.006  -31.974  70.372 0.0000000000
48377  14.063  -31.599  70.240 0.0000000000
57263  21.442  -25.056  68.160 0.0000000000
55831  22.191  -25.386  68.474 0.0000000000
57253  21.916  -25.464  68.861 0.0000000000
74392  29.888  -10.319  60.223 0.0000000000
70404  35.783  -15.126  60.475 0.0000000000
70405  35.134  -14.947  59.744 0.0000000000
74532  35.624  -9.790  52.445 0.0000000000
55794  15.337  -24.677  69.951 0.0000000000
54585  15.024  -26.574  69.058 0.0000000000
61546  20.633  -19.548  66.259 0.0000000000
61529  17.990  -20.846  67.503 0.0000000000
60127  18.021  -20.950  66.874 0.0000000000
57305  19.234  -23.715  66.281 0.0000000000
66704  29.424  -17.249  59.040 0.0000000000
65534  32.953  -18.651  57.136 0.0000000000
65513  33.765  -18.542  57.919 0.0000000000
65512  34.278  -18.089  58.453 0.0000000000
66712  34.614  -17.259  58.678 0.0000000000
65482  36.532  -18.206  60.233 0.0000000000
93722  47.861  4.518  45.590 0.0000000000
93729  48.488  5.148  41.981 0.0000000000
93730  47.977  4.906  42.766 0.0000000000
92672  47.856  3.728  41.864 0.0000000000
89430  48.251  -0.066  42.344 0.0000000000
89429  48.987  0.178  41.885 0.0000000000
89441  50.539  -0.081  41.416 0.0000000000
89440  51.320  0.219  41.080 0.0000000000
88299  50.719  -0.706  41.574 0.0000000000
83413  42.459  -4.109  46.140 0.0000000000
82157  40.552  -4.708  47.752 0.0000000000
82156  41.165  -5.189  47.282 0.0000000000
82139  41.615  -6.032  47.572 0.0000000000
80913  43.174  -7.032  47.711 0.0000000000
80890  43.010  -7.390  48.244 0.0000000000
80861  37.478  -6.505  51.517 0.0000000000
80860  37.776  -6.134  51.222 0.0000000000
80875  37.489  -7.073  50.860 0.0000000000
79686  37.822  -7.533  50.262 0.0000000000
79703  38.318  -7.992  49.452 0.0000000000
74578  40.139  -11.614  49.103 0.0000000000
75948  41.662  -10.884  48.972 0.0000000000
75947  42.906  -11.271  49.146 0.0000000000
58809  29.733  -24.125  61.766 0.0000000000
58808  30.803  -23.981  61.729 0.0000000000
58789  30.650  -24.509  62.442 0.0000000000
57364  31.513  -24.731  63.117 0.0000000000
87066  42.902  -1.121  49.356 0.0000000000
88214  42.493  -0.516  48.171 0.0000000000
88225  42.972  -0.020  47.542 0.0000000000
88239  42.566  -0.436  47.135 0.0000000000
53278  19.933  -28.289  70.153 0.0000000000
52077  19.129  -28.522  69.311 0.0000000000
47036  15.126  -33.246  73.805 0.0000000000
47015  15.482  -32.692  74.367 0.0000000000
45663  14.604  -33.460  75.558 0.0000000000
44467  13.622  -34.862  75.484 0.0000000000
49516  11.486  -29.527  73.423 0.0000000000
49517  11.320  -30.157  72.933 0.0000000000
49528  11.335  -30.638  72.347 0.0000000000
45703  10.149  -33.416  72.952 0.0000000000
43273  11.486  -35.692  73.649 0.0000000000
43265  11.237  -36.114  73.972 0.0000000000
42047  10.808  -36.355  74.329 0.0000000000
42049  8.942  -36.995  74.661 0.0000000000
43258  6.881  -35.782  74.856 0.0000000000
39756  3.122  -37.926  76.984 0.0000000000
62956  26.434  -20.466  60.596 0.0000000000
61667  26.615  -21.307  60.193 0.0000000000
60277  26.892  -22.114  60.393 0.0000000000
58794  25.600  -23.926  62.739 0.0000000000
58793  26.622  -24.159  62.611 0.0000000000
57324  28.183  -25.501  64.868 0.0000000000
55853  24.738  -26.758  67.523 0.0000000000
83410  45.143  -5.032  45.344 0.0000000000
83427  45.910  -4.754  44.926 0.0000000000
82187  46.153  -5.726  45.306 0.0000000000
80961  46.979  -6.479  45.512 0.0000000000
75821  32.667  -9.613  55.775 0.0000000000
75841  32.984  -10.020  55.094 0.0000000000
74463  33.146  -10.327  54.788 0.0000000000
73131  32.902  -12.676  53.907 0.0000000000
71721  28.260  -13.860  58.636 0.0000000000
73062  28.319  -13.139  58.722 0.0000000000
71738  28.407  -13.883  57.956 0.0000000000
71756  28.772  -13.567  57.464 0.0000000000
71755  29.552  -13.534  56.937 0.0000000000
71751  34.054  -14.511  57.418 0.0000000000
71781  33.513  -14.741  55.239 0.0000000000
70482  34.485  -15.308  55.245 0.0000000000
70481  35.476  -15.552  55.379 0.0000000000
69265  36.493  -15.733  54.685 0.0000000000
69264  37.369  -15.800  54.521 0.0000000000
69247  36.839  -15.861  55.604 0.0000000000
58806  33.178  -23.415  62.263 0.0000000000
60228  32.844  -22.998  61.636 0.0000000000
60212  34.187  -23.184  62.490 0.0000000000
60226  34.423  -22.841  62.368 0.0000000000
61605  35.305  -22.465  62.827 0.0000000000
94811  49.080  5.310  40.612 0.0000000000
94810  49.563  5.897  40.177 0.0000000000
94818  49.814  5.388  39.189 0.0000000000
94829  50.547  5.376  38.437 0.0000000000
94837  53.058  4.707  37.070 0.0000000000
57265  16.594  -22.773  69.045 0.0000000000
61511  18.272  -20.476  68.443 0.0000000000
60101  17.744  -21.099  68.401 0.0000000000
87136  50.405  -2.720  42.869 0.0000000000
85939  49.639  -2.900  43.235 0.0000000000
85938  50.104  -3.186  43.462 0.0000000000
85932  48.448  -2.844  43.829 0.0000000000
85919  49.691  -3.565  44.383 0.0000000000
66703  29.450  -17.926  59.135 0.0000000000
64314  31.661  -19.594  56.620 0.0000000000
63048  31.391  -20.397  56.860 0.0000000000
64313  32.622  -19.518  57.060 0.0000000000
63027  33.087  -20.339  57.653 0.0000000000
62997  33.799  -20.254  58.279 0.0000000000
62968  34.896  -20.545  59.470 0.0000000000
91580  45.673  2.287  46.175 0.0000000000
91579  45.988  2.784  45.806 0.0000000000
91595  46.864  2.598  42.918 0.0000000000
90550  47.445  1.026  42.441 0.0000000000
87148  48.934  -1.506  42.559 0.0000000000
85894  41.249  -2.010  47.628 0.0000000000
84689  40.462  -3.591  47.790 0.0000000000
83390  40.019  -4.238  48.260 0.0000000000
77304  36.987  -9.568  50.401 0.0000000000
78539  37.436  -9.319  49.809 0.0000000000
77321  37.399  -9.994  49.736 0.0000000000
74565  38.650  -12.231  49.399 0.0000000000
74579  39.144  -11.504  49.127 0.0000000000
73167  42.129  -13.661  52.026 0.0000000000
71802  41.861  -14.239  53.052 0.0000000000
71821  40.709  -14.513  51.785 0.0000000000
57321  31.311  -25.647  64.501 0.0000000000
55901  31.406  -25.975  65.370 0.0000000000
49557  17.189  -30.544  70.239 0.0000000000
49580  15.901  -30.694  69.308 0.0000000000
49539  17.139  -30.903  71.271 0.0000000000
47051  15.739  -32.555  72.069 0.0000000000
47089  15.260  -32.338  70.752 0.0000000000
45717  14.088  -33.650  72.566 0.0000000000
43276  8.756  -35.493  73.756 0.0000000000
44503  8.165  -34.611  73.830 0.0000000000
44486  7.601  -34.568  74.389 0.0000000000
44471  6.522  -35.029  75.488 0.0000000000
44458  6.415  -34.959  75.766 0.0000000000
60213  24.804  -21.215  62.652 0.0000000000
57331  21.411  -24.127  65.899 0.0000000000
57301  22.530  -25.285  66.752 0.0000000000
55855  22.909  -25.816  67.667 0.0000000000
55856  22.463  -25.392  68.012 0.0000000000
80929  45.513  -7.327  46.861 0.0000000000
79729  46.141  -7.224  46.938 0.0000000000
75782  30.783  -9.701  57.657 0.0000000000
75804  30.560  -10.516  56.831 0.0000000000
70435  31.226  -14.990  57.367 0.0000000000
70434  32.811  -14.919  57.960 0.0000000000
71736  33.902  -14.640  58.104 0.0000000000
71699  34.946  -14.457  59.513 0.0000000000
71717  34.727  -14.159  59.007 0.0000000000
71734  35.755  -13.981  58.671 0.0000000000
98347  52.694  8.466  39.144 0.0000000000
91623  50.404  2.510  39.758 0.0000000000
92719  50.589  3.280  39.108 0.0000000000
80846  38.018  -5.832  53.109 0.0000000000
80847  37.567  -6.198  52.542 0.0000000000
79656  36.750  -6.852  52.158 0.0000000000
78506  36.516  -7.424  51.817 0.0000000000
77292  36.649  -8.901  51.468 0.0000000000
75936  36.540  -10.228  50.550 0.0000000000
75923  35.673  -10.313  51.410 0.0000000000
74568  36.026  -11.405  50.644 0.0000000000
73206  36.108  -12.072  50.496 0.0000000000
73186  36.314  -12.957  50.778 0.0000000000
55812  21.175  -25.878  69.173 0.0000000000
54582  20.693  -26.556  68.952 0.0000000000
54583  20.077  -27.111  68.578 0.0000000000
53308  19.360  -27.352  68.115 0.0000000000
53309  18.579  -27.944  68.188 0.0000000000
55861  16.771  -25.778  67.499 0.0000000000
54628  16.420  -26.017  67.597 0.0000000000
52097  16.930  -28.443  68.013 0.0000000000
53295  14.811  -27.425  68.804 0.0000000000
52081  14.476  -28.007  68.953 0.0000000000
52100  14.672  -29.175  68.769 0.0000000000
52083  13.538  -29.152  69.829 0.0000000000
60151  24.042  -20.361  65.731 0.0000000000
61566  22.167  -20.382  64.533 0.0000000000
61590  21.810  -20.881  63.826 0.0000000000
60196  20.736  -21.655  64.437 0.0000000000
60176  20.505  -22.404  64.902 0.0000000000
61528  18.764  -20.144  67.233 0.0000000000
61569  20.031  -20.745  65.328 0.0000000000
60177  20.072  -21.625  65.045 0.0000000000
58755  20.954  -23.265  65.539 0.0000000000
57255  21.127  -25.411  68.528 0.0000000000
73031  29.594  -12.264  62.444 0.0000000000
73032  29.299  -13.039  62.118 0.0000000000
70407  28.537  -14.836  60.596 0.0000000000
70408  27.866  -14.800  59.971 0.0000000000
70422  27.880  -14.783  59.044 0.0000000000
67980  28.809  -15.478  57.889 0.0000000000
66716  29.674  -17.098  58.169 0.0000000000
66733  32.145  -17.886  56.923 0.0000000000
67978  29.963  -16.581  57.452 0.0000000000
69190  32.961  -15.666  58.147 0.0000000000
69167  34.243  -15.550  58.723 0.0000000000
67974  34.610  -16.579  58.708 0.0000000000
69166  34.779  -15.924  59.055 0.0000000000
69147  35.188  -15.659  59.617 0.0000000000
93741  49.072  4.281  40.103 0.0000000000
92699  49.600  3.205  39.883 0.0000000000
91602  48.789  1.934  41.086 0.0000000000
91616  48.597  2.449  41.068 0.0000000000
91624  49.839  2.447  40.111 0.0000000000
87115  44.783  -1.607  44.460 0.0000000000
84697  44.676  -3.882  45.147 0.0000000000
84701  41.612  -3.103  46.704 0.0000000000
82171  42.497  -4.947  46.120 0.0000000000
82153  44.065  -6.614  46.292 0.0000000000
80946  44.925  -6.957  46.256 0.0000000000
80911  45.015  -7.142  48.002 0.0000000000
80889  45.354  -7.476  48.521 0.0000000000
83367  38.513  -4.445  50.725 0.0000000000
80895  38.326  -5.910  49.919 0.0000000000
82128  38.560  -5.715  49.686 0.0000000000
80893  39.877  -6.556  48.676 0.0000000000
78538  37.928  -8.854  49.365 0.0000000000
78537  38.945  -8.763  48.809 0.0000000000
79700  41.754  -8.003  48.544 0.0000000000
78533  43.728  -9.001  48.773 0.0000000000
77315  43.244  -10.004  48.886 0.0000000000
78532  44.396  -9.349  49.132 0.0000000000
60301  28.763  -22.716  59.197 0.0000000000
60300  29.739  -22.637  59.166 0.0000000000
60248  30.857  -22.999  60.506 0.0000000000
58823  31.640  -23.323  61.129 0.0000000000
58807  31.941  -23.457  61.879 0.0000000000
89401  43.992  0.606  45.648 0.0000000000
89402  43.285  0.312  46.125 0.0000000000
88250  44.418  -0.321  44.853 0.0000000000
52062  18.119  -29.482  69.664 0.0000000000
50798  13.072  -29.298  71.011 0.0000000000
49562  12.674  -30.727  70.649 0.0000000000
48360  12.602  -31.888  70.874 0.0000000000
47054  13.028  -33.577  72.089 0.0000000000
45721  10.694  -33.600  72.549 0.0000000000
45720  11.345  -33.508  72.187 0.0000000000
44498  13.095  -34.762  73.489 0.0000000000
44468  13.067  -35.402  75.062 0.0000000000
44455  13.142  -35.230  75.853 0.0000000000
42050  8.028  -36.634  74.391 0.0000000000
42039  9.161  -37.342  75.398 0.0000000000
40870  8.937  -37.797  76.406 0.0000000000
40859  8.797  -38.071  76.928 0.0000000000
39765  8.465  -38.226  76.542 0.0000000000
39766  8.005  -38.528  76.636 0.0000000000
38592  7.543  -39.028  76.267 0.0000000000
39781  7.030  -38.465  75.691 0.0000000000
38594  5.083  -39.512  76.106 0.0000000000
40872  4.878  -37.699  76.094 0.0000000000
38595  4.129  -39.452  76.283 0.0000000000
70375  30.212  -14.739  63.341 0.0000000000
63051  28.988  -20.604  57.651 0.0000000000
61731  28.731  -21.109  57.657 0.0000000000
61714  28.344  -21.438  58.168 0.0000000000
63001  28.100  -20.448  59.094 0.0000000000
63031  27.770  -21.044  58.428 0.0000000000
60319  28.301  -22.076  58.743 0.0000000000
60275  28.365  -23.063  59.875 0.0000000000
57366  29.515  -24.828  63.324 0.0000000000
55907  23.794  -26.097  66.197 0.0000000000
55906  24.381  -25.994  65.939 0.0000000000
57328  24.469  -25.776  64.863 0.0000000000
55903  26.952  -25.969  65.323 0.0000000000
83425  47.745  -4.845  44.592 0.0000000000
80927  47.414  -7.228  47.105 0.0000000000
75862  34.755  -9.690  54.283 0.0000000000
75888  34.676  -10.073  53.523 0.0000000000
74512  34.071  -10.870  52.882 0.0000000000
74534  34.443  -11.497  52.184 0.0000000000
71845  35.123  -12.819  51.577 0.0000000000
71823  35.856  -14.386  51.688 0.0000000000
74378  29.159  -11.274  60.660 0.0000000000
74393  29.535  -10.867  59.244 0.0000000000
73061  28.593  -12.706  59.212 0.0000000000
73075  29.389  -12.007  58.729 0.0000000000
74409  29.923  -11.143  58.006 0.0000000000
74427  30.304  -11.225  56.814 0.0000000000
70451  30.888  -14.473  57.009 0.0000000000
71754  30.478  -13.912  56.652 0.0000000000
71771  30.134  -13.203  56.220 0.0000000000
71770  30.991  -13.718  55.972 0.0000000000
71785  30.407  -12.676  55.872 0.0000000000
74467  30.651  -12.041  55.666 0.0000000000
73116  31.179  -11.982  55.243 0.0000000000
74488  31.801  -12.036  54.772 0.0000000000
70508  34.038  -14.380  53.588 0.0000000000
71804  34.386  -14.176  52.973 0.0000000000
70526  34.754  -14.385  52.704 0.0000000000
70525  35.331  -14.751  52.494 0.0000000000
70543  36.813  -14.753  51.551 0.0000000000
70523  37.939  -15.440  52.373 0.0000000000
70504  38.713  -15.797  52.928 0.0000000000
70491  38.870  -15.702  53.720 0.0000000000
69263  38.557  -15.888  54.680 0.0000000000
70490  39.542  -15.419  54.331 0.0000000000
60299  30.657  -22.546  59.022 0.0000000000
60298  31.522  -22.360  58.911 0.0000000000
60297  32.240  -22.130  58.670 0.0000000000
60245  33.498  -22.572  61.297 0.0000000000
60270  33.347  -22.315  60.485 0.0000000000
61663  32.870  -21.770  58.966 0.0000000000
61662  33.843  -21.655  59.599 0.0000000000
61604  35.884  -21.627  63.284 0.0000000000
61622  35.791  -21.403  61.969 0.0000000000
61640  35.827  -21.017  61.365 0.0000000000
62948  35.862  -20.281  60.899 0.0000000000
64238  36.606  -19.279  60.721 0.0000000000
65470  37.206  -18.357  60.852 0.0000000000
97107  51.461  7.838  40.726 0.0000000000
97116  51.289  7.665  39.614 0.0000000000
97115  51.913  7.903  38.994 0.0000000000
97126  52.904  7.225  37.990 0.0000000000
97138  53.542  6.899  37.483 0.0000000000
94836  53.597  5.296  36.691 0.0000000000
95926  54.227  6.436  36.717 0.0000000000
40894  7.723  -37.059  74.602 0.0000000000
42056  10.823  -36.202  73.845 0.0000000000
45686  7.725  -33.983  74.566 0.0000000000
45733  12.099  -33.326  71.714 0.0000000000
47088  15.472  -32.183  70.665 0.0000000000
50835  15.325  -29.430  68.535 0.0000000000
52060  19.480  -28.480  69.651 0.0000000000
53323  19.301  -26.959  67.635 0.0000000000
57262  21.848  -25.192  68.412 0.0000000000
58704  17.084  -23.213  67.780 0.0000000000
58805  33.791  -23.309  62.415 0.0000000000
58843  30.409  -23.005  60.486 0.0000000000
60154  18.178  -21.992  66.573 0.0000000000
60227  33.811  -22.816  62.090 0.0000000000
60314  32.139  -21.957  58.145 0.0000000000
61512  17.798  -21.203  67.927 0.0000000000
61666  27.003  -21.831  60.026 0.0000000000
61732  28.353  -21.004  57.855 0.0000000000
62871  21.262  -19.880  65.331 0.0000000000
62872  20.814  -19.874  65.571 0.0000000000
62887  21.146  -20.252  64.988 0.0000000000
62888  20.665  -20.425  65.168 0.0000000000
62889  20.291  -20.228  65.591 0.0000000000
62902  20.852  -20.608  64.728 0.0000000000
62903  20.624  -20.747  64.810 0.0000000000
63049  30.584  -20.556  56.905 0.0000000000
63050  29.799  -20.631  57.200 0.0000000000
63052  28.541  -20.852  57.798 0.0000000000
64169  21.189  -20.073  65.195 0.0000000000
64170  21.019  -20.005  65.362 0.0000000000
64183  20.809  -20.139  65.368 0.0000000000
64252  35.914  -19.260  60.203 0.0000000000
64272  34.112  -19.450  58.355 0.0000000000
64297  29.269  -20.217  57.850 0.0000000000
67956  35.014  -16.485  59.122 0.0000000000
67960  28.562  -15.804  58.217 0.0000000000
69171  28.351  -15.253  58.356 0.0000000000
69194  28.791  -14.942  57.826 0.0000000000
69248  36.147  -15.728  55.240 0.0000000000
69266  35.847  -15.635  54.717 0.0000000000
69291  36.890  -15.491  53.002 0.0000000000
70406  34.529  -14.907  59.221 0.0000000000
70437  29.324  -14.650  57.328 0.0000000000
70453  29.219  -14.065  57.267 0.0000000000
70492  36.723  -15.638  54.018 0.0000000000
70503  39.445  -15.440  53.145 0.0000000000
71702  28.190  -14.206  60.327 0.0000000000
71718  34.308  -14.628  58.822 0.0000000000
71737  33.017  -14.572  57.759 0.0000000000
71794  31.323  -12.977  54.831 0.0000000000
71822  36.498  -14.654  51.583 0.0000000000
71864  36.952  -13.523  50.350 0.0000000000
73089  28.686  -13.186  57.555 0.0000000000
73104  29.504  -12.731  56.857 0.0000000000
73117  30.883  -12.395  55.403 0.0000000000
73118  30.445  -12.255  55.881 0.0000000000
73132  31.894  -12.569  54.448 0.0000000000
73134  31.180  -12.614  55.072 0.0000000000
73168  34.689  -12.191  51.761 0.0000000000
74426  30.823  -10.489  56.369 0.0000000000
74466  30.902  -11.776  55.510 0.0000000000
75803  30.822  -10.061  56.834 0.0000000000
75822  32.074  -9.968  56.056 0.0000000000
79657  36.367  -7.127  51.906 0.0000000000
79667  37.028  -7.387  51.448 0.0000000000
79668  36.591  -7.208  51.804 0.0000000000
79715  44.980  -7.594  48.511 0.0000000000
79730  45.964  -7.209  46.790 0.0000000000
79739  46.195  -7.155  46.713 0.0000000000
80928  46.377  -7.280  47.091 0.0000000000
82099  37.719  -6.037  51.523 0.0000000000
83391  39.661  -4.253  48.803 0.0000000000
85904  44.745  -3.357  44.982 0.0000000000
88263  46.438  -0.921  43.595 0.0000000000
92698  50.154  3.134  39.585 0.0000000000
