#!ascii label  , from subject 3311 vox2ras=TkReg
362
26256  45.769  -62.300  3.645 0.0000000000
24057  37.389  -64.501  -2.490 0.0000000000
25126  38.845  -63.545  1.476 0.0000000000
29731  39.615  -59.884  1.090 0.0000000000
20749  43.419  -67.299  -1.343 0.0000000000
22950  42.349  -64.969  -0.357 0.0000000000
20713  44.431  -67.836  0.998 0.0000000000
26303  37.816  -62.142  0.263 0.0000000000
32754  38.743  -56.440  3.092 0.0000000000
27387  41.464  -61.295  4.151 0.0000000000
27462  40.507  -61.371  0.815 0.0000000000
26324  41.184  -62.998  -1.321 0.0000000000
21869  39.961  -66.457  -1.390 0.0000000000
18554  40.978  -69.837  -2.156 0.0000000000
26152  48.876  -62.071  8.081 0.0000000000
28473  44.240  -60.991  6.987 0.0000000000
28551  38.981  -60.524  4.470 0.0000000000
31766  43.019  -57.214  3.475 0.0000000000
20715  43.169  -67.737  1.444 0.0000000000
24029  36.937  -63.866  -0.801 0.0000000000
28638  36.499  -60.716  -0.249 0.0000000000
27419  39.214  -61.366  3.153 0.0000000000
26294  39.812  -62.248  1.217 0.0000000000
22948  43.491  -65.609  -0.930 0.0000000000
25156  42.393  -63.428  -0.841 0.0000000000
22961  42.686  -65.254  -1.554 0.0000000000
24025  40.495  -64.200  -0.857 0.0000000000
21868  41.093  -66.312  -1.482 0.0000000000
18555  39.652  -69.352  -2.497 0.0000000000
29595  42.369  -59.744  7.489 0.0000000000
29648  41.747  -59.738  6.160 0.0000000000
29624  40.249  -59.033  6.791 0.0000000000
29718  41.194  -59.380  2.565 0.0000000000
30777  41.182  -57.905  3.184 0.0000000000
35112  39.895  -54.767  2.692 0.0000000000
35092  41.887  -54.451  3.938 0.0000000000
22929  39.354  -65.410  1.549 0.0000000000
24014  40.301  -64.347  0.697 0.0000000000
21844  41.392  -66.274  0.638 0.0000000000
21841  43.658  -66.746  -0.150 0.0000000000
20737  44.221  -67.523  -0.647 0.0000000000
28622  38.605  -60.716  0.652 0.0000000000
30799  38.351  -58.458  2.323 0.0000000000
29733  37.432  -59.569  1.478 0.0000000000
31807  37.067  -57.629  1.073 0.0000000000
24072  38.265  -64.732  -3.696 0.0000000000
27414  44.405  -61.829  3.712 0.0000000000
28599  41.086  -60.138  2.972 0.0000000000
29730  40.235  -60.195  0.879 0.0000000000
25135  41.914  -62.958  0.042 0.0000000000
27466  41.391  -61.276  -0.174 0.0000000000
28637  40.167  -60.872  -0.284 0.0000000000
25147  39.998  -63.257  -0.686 0.0000000000
22952  38.811  -65.065  -0.687 0.0000000000
21871  38.100  -66.255  -1.558 0.0000000000
18541  42.549  -69.043  -1.964 0.0000000000
19646  41.021  -68.215  -1.539 0.0000000000
19648  39.242  -68.026  -1.802 0.0000000000
20779  37.807  -66.885  -2.780 0.0000000000
27339  48.461  -61.766  6.573 0.0000000000
25045  47.477  -62.857  5.770 0.0000000000
26155  46.766  -62.529  7.372 0.0000000000
27362  44.719  -61.585  5.633 0.0000000000
28547  42.882  -60.943  4.838 0.0000000000
28549  40.957  -60.692  4.620 0.0000000000
27420  37.994  -61.657  3.442 0.0000000000
26258  37.212  -62.886  3.385 0.0000000000
23987  37.953  -64.322  2.329 0.0000000000
32751  41.269  -56.403  3.758 0.0000000000
26229  47.533  -62.193  4.144 0.0000000000
26254  47.187  -61.915  3.565 0.0000000000
26255  46.577  -62.135  3.396 0.0000000000
24038  37.107  -64.412  -1.481 0.0000000000
25160  36.678  -63.557  -1.021 0.0000000000
26278  39.184  -62.403  1.635 0.0000000000
27446  39.312  -61.790  1.967 0.0000000000
26295  39.203  -62.846  1.449 0.0000000000
21865  43.721  -66.522  -1.047 0.0000000000
22960  43.259  -65.460  -1.215 0.0000000000
21866  43.108  -66.240  -1.477 0.0000000000
21867  42.201  -66.218  -1.559 0.0000000000
20750  42.634  -67.225  -1.531 0.0000000000
17430  39.536  -70.745  -2.971 0.0000000000
29623  41.222  -59.289  6.853 0.0000000000
29719  40.216  -59.473  1.833 0.0000000000
30797  40.627  -58.332  2.776 0.0000000000
36485  41.496  -53.654  3.089 0.0000000000
21832  40.459  -66.377  1.260 0.0000000000
20717  41.176  -67.266  1.269 0.0000000000
20714  44.007  -67.736  1.302 0.0000000000
20726  43.426  -67.277  0.479 0.0000000000
20725  44.002  -67.400  0.360 0.0000000000
21840  44.035  -66.985  -0.214 0.0000000000
20724  44.250  -67.576  0.053 0.0000000000
27469  38.160  -61.457  0.523 0.0000000000
28613  38.035  -60.239  1.295 0.0000000000
27470  37.299  -61.524  0.481 0.0000000000
30811  36.557  -59.018  0.596 0.0000000000
31827  37.069  -57.764  -0.178 0.0000000000
33883  38.421  -56.024  0.902 0.0000000000
27386  42.461  -61.382  4.209 0.0000000000
27415  43.199  -61.363  3.585 0.0000000000
27416  42.028  -61.286  3.691 0.0000000000
28610  40.348  -60.446  1.163 0.0000000000
24013  41.714  -64.111  0.250 0.0000000000
25136  40.763  -63.151  0.571 0.0000000000
26322  42.178  -62.947  -1.038 0.0000000000
26312  41.759  -62.385  -0.644 0.0000000000
27480  41.116  -61.363  -0.593 0.0000000000
26313  40.838  -62.380  -0.957 0.0000000000
26314  39.477  -62.160  -0.232 0.0000000000
25146  40.776  -63.263  -1.166 0.0000000000
22963  40.526  -65.366  -1.216 0.0000000000
22951  39.724  -64.949  -0.804 0.0000000000
22964  39.372  -65.716  -1.093 0.0000000000
22965  38.406  -65.722  -1.150 0.0000000000
21870  38.865  -66.577  -1.453 0.0000000000
15236  41.207  -72.658  -1.396 0.0000000000
17428  41.686  -70.685  -2.526 0.0000000000
16323  42.024  -71.447  -2.523 0.0000000000
18553  42.124  -69.873  -2.074 0.0000000000
19645  42.115  -68.185  -1.707 0.0000000000
18542  41.551  -69.059  -1.839 0.0000000000
18556  38.960  -68.700  -2.744 0.0000000000
19662  39.495  -68.540  -2.041 0.0000000000
19663  38.910  -68.237  -2.312 0.0000000000
20765  38.190  -67.222  -2.471 0.0000000000
19675  38.441  -68.145  -3.051 0.0000000000
28470  48.472  -61.318  7.856 0.0000000000
26176  48.716  -62.126  7.421 0.0000000000
26177  48.457  -62.326  6.534 0.0000000000
25001  48.188  -62.932  6.990 0.0000000000
27319  44.957  -61.538  7.592 0.0000000000
27318  46.047  -61.979  7.602 0.0000000000
27341  45.498  -62.076  6.826 0.0000000000
27343  44.200  -61.343  6.046 0.0000000000
27363  43.917  -61.280  5.323 0.0000000000
28495  43.591  -60.854  6.218 0.0000000000
28520  40.378  -60.084  5.238 0.0000000000
28519  41.420  -60.143  5.336 0.0000000000
28550  39.968  -60.597  4.551 0.0000000000
27389  39.578  -60.956  3.955 0.0000000000
27390  38.537  -61.155  3.997 0.0000000000
25071  37.194  -64.043  4.286 0.0000000000
25091  37.287  -63.885  3.467 0.0000000000
31788  38.685  -57.484  2.872 0.0000000000
31769  39.963  -57.071  3.455 0.0000000000
32753  39.502  -56.359  3.390 0.0000000000
33834  42.584  -55.219  4.075 0.0000000000
26316  37.449  -62.736  -0.253 0.0000000000
26304  37.170  -62.078  -0.068 0.0000000000
27418  40.129  -60.838  3.601 0.0000000000
27417  41.069  -61.090  3.696 0.0000000000
28578  39.949  -60.691  2.930 0.0000000000
27463  39.939  -61.580  1.384 0.0000000000
22949  42.927  -65.363  -0.598 0.0000000000
24023  42.528  -64.090  -0.446 0.0000000000
24022  43.082  -64.899  -0.911 0.0000000000
24035  42.778  -64.504  -1.059 0.0000000000
25158  41.433  -63.669  -1.190 0.0000000000
24037  41.291  -64.589  -1.219 0.0000000000
17429  40.516  -70.649  -2.651 0.0000000000
28474  43.480  -60.507  7.213 0.0000000000
28496  42.830  -60.345  6.682 0.0000000000
29621  42.411  -60.051  7.015 0.0000000000
29649  40.798  -59.598  6.024 0.0000000000
29650  39.765  -59.573  5.944 0.0000000000
31785  42.276  -58.143  2.913 0.0000000000
31767  41.930  -57.469  3.311 0.0000000000
33852  39.462  -55.300  2.785 0.0000000000
33837  39.857  -55.539  3.363 0.0000000000
35094  40.390  -54.708  3.306 0.0000000000
36464  42.164  -53.714  3.577 0.0000000000
24002  39.316  -64.364  1.169 0.0000000000
24015  39.823  -63.911  0.776 0.0000000000
24001  39.746  -64.881  1.088 0.0000000000
22941  40.931  -65.308  0.555 0.0000000000
22940  41.879  -65.289  0.112 0.0000000000
21843  42.226  -66.267  0.331 0.0000000000
22939  42.451  -65.654  -0.178 0.0000000000
21852  43.385  -66.111  -0.585 0.0000000000
21851  43.710  -66.503  -0.656 0.0000000000
28612  39.031  -60.159  0.996 0.0000000000
29720  39.083  -59.230  2.053 0.0000000000
29732  38.443  -59.458  1.631 0.0000000000
30804  37.604  -58.678  1.846 0.0000000000
31789  37.847  -57.619  2.413 0.0000000000
29734  36.736  -59.744  1.015 0.0000000000
31794  36.946  -58.224  1.489 0.0000000000
32765  37.962  -56.601  2.339 0.0000000000
33863  38.414  -55.728  1.681 0.0000000000
33862  39.381  -55.032  1.920 0.0000000000
26257  45.170  -62.124  3.819 0.0000000000
26277  45.131  -62.136  3.322 0.0000000000
27444  44.007  -61.511  3.250 0.0000000000
29740  40.037  -60.200  0.674 0.0000000000
26300  41.248  -62.002  0.340 0.0000000000
25134  42.325  -63.383  -0.192 0.0000000000
26299  41.725  -62.188  -0.183 0.0000000000
27467  41.117  -61.224  0.290 0.0000000000
28620  40.801  -60.669  0.251 0.0000000000
29739  40.287  -60.386  0.558 0.0000000000
28621  39.827  -60.520  0.353 0.0000000000
27468  39.087  -61.378  0.185 0.0000000000
26301  39.103  -61.856  0.118 0.0000000000
26315  38.357  -62.679  -0.083 0.0000000000
25148  38.884  -63.349  -0.441 0.0000000000
25149  37.856  -63.491  -0.383 0.0000000000
24027  38.312  -64.282  -0.525 0.0000000000
22954  37.390  -64.881  -1.018 0.0000000000
22966  37.650  -65.489  -1.461 0.0000000000
19642  44.197  -68.058  -0.969 0.0000000000
15234  41.886  -71.931  -1.898 0.0000000000
19660  43.451  -68.815  -1.777 0.0000000000
19644  43.113  -68.236  -1.890 0.0000000000
20751  41.607  -67.243  -1.544 0.0000000000
20752  40.506  -67.315  -1.529 0.0000000000
18543  40.460  -68.967  -1.883 0.0000000000
19647  39.951  -68.241  -1.633 0.0000000000
20753  39.507  -67.368  -1.592 0.0000000000
21887  38.284  -66.802  -1.873 0.0000000000
21888  37.705  -66.411  -2.093 0.0000000000
22981  37.428  -65.453  -2.258 0.0000000000
22995  37.611  -65.366  -3.150 0.0000000000
28492  47.627  -60.994  6.119 0.0000000000
28471  47.740  -60.982  7.311 0.0000000000
27340  48.090  -61.375  6.562 0.0000000000
27360  48.464  -61.860  5.534 0.0000000000
25044  47.878  -62.765  5.467 0.0000000000
26202  47.433  -62.651  5.027 0.0000000000
27296  46.507  -61.882  8.298 0.0000000000
26154  47.501  -62.808  7.566 0.0000000000
26179  46.711  -62.736  6.515 0.0000000000
26203  46.585  -62.640  5.507 0.0000000000
26231  45.592  -62.227  4.584 0.0000000000
27384  44.651  -61.723  4.694 0.0000000000
27385  43.539  -61.440  4.431 0.0000000000
28518  42.523  -60.412  5.696 0.0000000000
28548  41.937  -60.879  4.769 0.0000000000
27388  40.521  -61.094  4.094 0.0000000000
27447  38.374  -62.085  2.677 0.0000000000
27448  37.682  -62.234  3.107 0.0000000000
26280  37.777  -62.657  2.650 0.0000000000
25110  38.197  -63.701  1.952 0.0000000000
31787  39.715  -57.671  3.079 0.0000000000
31768  40.818  -57.264  3.470 0.0000000000
32750  42.326  -56.328  3.836 0.0000000000
33835  41.618  -55.412  3.938 0.0000000000
14168  41.304  -72.702  -1.837 0.0000000000
14169  41.009  -72.931  -1.575 0.0000000000
15235  41.517  -72.368  -1.668 0.0000000000
15248  41.912  -71.917  -2.180 0.0000000000
16314  41.807  -71.886  -1.666 0.0000000000
17431  39.349  -71.103  -2.967 0.0000000000
18528  44.068  -68.576  -0.810 0.0000000000
18539  44.023  -68.476  -1.186 0.0000000000
18544  39.839  -68.814  -1.964 0.0000000000
19661  43.133  -69.061  -2.033 0.0000000000
20727  42.606  -67.166  0.595 0.0000000000
20754  38.760  -67.427  -1.859 0.0000000000
20766  37.803  -66.731  -2.544 0.0000000000
21842  42.938  -66.415  -0.132 0.0000000000
21850  44.062  -67.005  -0.610 0.0000000000
21897  37.659  -66.346  -2.790 0.0000000000
22928  40.097  -65.385  1.121 0.0000000000
22953  37.888  -65.052  -0.768 0.0000000000
22962  41.703  -65.321  -1.482 0.0000000000
24003  38.472  -64.389  1.797 0.0000000000
24012  42.254  -63.568  -0.033 0.0000000000
24024  42.135  -64.561  -0.139 0.0000000000
24026  39.370  -64.205  -0.611 0.0000000000
24028  37.354  -64.243  -0.749 0.0000000000
24034  43.237  -65.084  -1.026 0.0000000000
24036  42.097  -64.435  -1.333 0.0000000000
24039  36.912  -64.078  -0.957 0.0000000000
24073  37.664  -64.386  -3.170 0.0000000000
24986  48.268  -62.810  7.748 0.0000000000
24987  47.993  -63.077  7.555 0.0000000000
25002  47.745  -63.054  7.102 0.0000000000
25024  48.044  -62.790  6.036 0.0000000000
25025  47.596  -62.981  6.492 0.0000000000
25026  47.169  -62.903  6.520 0.0000000000
25046  47.102  -62.935  6.156 0.0000000000
25111  37.666  -63.539  2.592 0.0000000000
25144  42.285  -63.040  -0.464 0.0000000000
25145  42.032  -62.573  -0.315 0.0000000000
25150  37.069  -63.442  -0.603 0.0000000000
25157  42.185  -63.572  -1.165 0.0000000000
26153  48.540  -62.457  7.523 0.0000000000
26156  46.173  -62.430  6.912 0.0000000000
26178  47.254  -62.864  6.924 0.0000000000
26180  45.976  -62.463  6.219 0.0000000000
26201  48.211  -62.418  5.159 0.0000000000
26204  45.752  -62.297  5.511 0.0000000000
26230  46.591  -62.453  4.338 0.0000000000
26232  44.960  -61.994  4.153 0.0000000000
26233  37.019  -62.393  4.083 0.0000000000
26275  46.153  -61.988  2.872 0.0000000000
26276  45.650  -62.212  2.961 0.0000000000
26279  38.495  -62.786  1.977 0.0000000000
26302  38.682  -61.989  0.237 0.0000000000
26311  42.250  -62.894  -0.798 0.0000000000
26318  36.200  -62.174  -1.088 0.0000000000
26323  41.673  -62.899  -1.237 0.0000000000
27315  48.607  -61.740  7.429 0.0000000000
27316  48.290  -61.520  7.154 0.0000000000
27338  48.685  -61.965  7.151 0.0000000000
27342  44.730  -61.553  6.518 0.0000000000
27361  45.369  -61.949  5.997 0.0000000000
27383  45.246  -61.943  5.269 0.0000000000
27412  47.518  -61.434  3.533 0.0000000000
27413  47.006  -61.762  3.334 0.0000000000
27421  37.401  -62.125  3.690 0.0000000000
27443  44.739  -61.721  2.918 0.0000000000
27471  36.702  -61.545  -0.084 0.0000000000
27481  40.376  -61.358  -0.520 0.0000000000
27482  39.760  -61.167  -0.238 0.0000000000
28455  43.179  -60.149  7.980 0.0000000000
28456  42.709  -59.898  7.789 0.0000000000
28469  48.726  -61.585  7.938 0.0000000000
28475  42.794  -60.161  7.378 0.0000000000
28491  48.141  -61.347  5.767 0.0000000000
28494  44.173  -61.221  6.449 0.0000000000
28517  43.288  -60.869  5.380 0.0000000000
28521  39.365  -60.051  5.160 0.0000000000
28546  43.428  -61.100  4.950 0.0000000000
28611  39.532  -60.163  0.795 0.0000000000
28614  37.237  -60.272  1.192 0.0000000000
28619  41.288  -60.789  -0.014 0.0000000000
28623  37.628  -60.858  0.895 0.0000000000
28624  36.769  -60.696  0.623 0.0000000000
28635  41.157  -60.866  -0.223 0.0000000000
28636  40.650  -60.815  -0.286 0.0000000000
29622  41.977  -59.662  6.926 0.0000000000
29647  42.309  -60.017  6.492 0.0000000000
29721  38.504  -59.026  2.032 0.0000000000
29741  36.445  -59.837  0.243 0.0000000000
30778  40.754  -57.806  3.209 0.0000000000
30798  39.493  -58.424  2.505 0.0000000000
30800  37.700  -58.151  2.234 0.0000000000
30803  38.211  -58.892  1.958 0.0000000000
30805  36.833  -58.917  1.320 0.0000000000
31770  39.245  -57.029  3.340 0.0000000000
31786  40.373  -57.637  3.224 0.0000000000
31793  37.325  -57.782  1.925 0.0000000000
31808  36.687  -58.275  0.789 0.0000000000
31828  36.669  -58.469  0.245 0.0000000000
32752  40.322  -56.353  3.608 0.0000000000
32766  37.563  -57.238  2.135 0.0000000000
32769  37.906  -56.419  1.280 0.0000000000
32770  37.510  -57.083  1.589 0.0000000000
32784  37.563  -57.038  0.693 0.0000000000
33836  40.704  -55.488  3.740 0.0000000000
33838  39.167  -55.801  3.105 0.0000000000
33853  38.734  -55.707  2.541 0.0000000000
35093  41.119  -54.717  3.696 0.0000000000
35095  39.819  -55.002  3.105 0.0000000000
35111  40.494  -54.315  2.676 0.0000000000
36465  41.398  -54.121  3.494 0.0000000000
36466  40.944  -54.391  3.399 0.0000000000
36486  40.899  -54.086  3.151 0.0000000000
36501  41.005  -53.876  2.666 0.0000000000
