#!ascii label  , from subject 3311 vox2ras=TkReg
257
95214  28.041  -2.267  -5.263 0.0000000000
85314  26.128  -11.484  -6.994 0.0000000000
100656  27.569  2.606  -5.611 0.0000000000
110838  25.172  11.847  -12.104 0.0000000000
83160  24.911  -13.131  -6.161 0.0000000000
103643  29.650  6.128  -4.605 0.0000000000
106669  28.982  8.365  -6.646 0.0000000000
93115  26.056  -4.649  -7.368 0.0000000000
90909  27.039  -6.678  -7.639 0.0000000000
93102  28.313  -4.854  -6.049 0.0000000000
98497  31.309  0.047  -4.461 0.0000000000
96240  31.377  -2.093  -5.383 0.0000000000
98510  27.278  0.287  -5.636 0.0000000000
100630  30.732  2.504  -4.352 0.0000000000
108762  26.853  10.252  -9.637 0.0000000000
110798  28.444  11.880  -8.082 0.0000000000
87473  27.344  -9.255  -6.618 0.0000000000
105616  28.499  7.259  -6.512 0.0000000000
106671  27.862  8.496  -7.497 0.0000000000
94173  26.676  -3.415  -6.916 0.0000000000
93103  27.565  -4.466  -6.578 0.0000000000
94161  28.570  -3.273  -5.365 0.0000000000
84211  25.518  -12.699  -6.122 0.0000000000
99600  27.159  1.783  -5.673 0.0000000000
99576  29.030  1.217  -4.599 0.0000000000
101690  29.124  2.927  -4.234 0.0000000000
105601  31.316  7.510  -4.940 0.0000000000
103624  32.082  5.751  -4.671 0.0000000000
109829  24.654  11.194  -11.694 0.0000000000
107723  25.994  9.332  -10.650 0.0000000000
109815  26.134  11.130  -10.857 0.0000000000
112775  28.948  14.551  -11.420 0.0000000000
111795  29.873  13.933  -10.611 0.0000000000
111768  28.538  13.163  -9.650 0.0000000000
111756  29.697  13.446  -8.835 0.0000000000
110796  29.867  12.375  -7.814 0.0000000000
90890  28.563  -7.003  -6.734 0.0000000000
88639  27.244  -8.379  -7.322 0.0000000000
82027  24.068  -14.340  -5.965 0.0000000000
102681  28.702  4.687  -4.779 0.0000000000
103658  27.968  5.628  -6.061 0.0000000000
105603  29.345  7.792  -5.521 0.0000000000
107665  30.581  9.138  -5.519 0.0000000000
90911  25.559  -6.659  -8.060 0.0000000000
92015  26.427  -5.353  -7.529 0.0000000000
92003  27.965  -5.674  -6.438 0.0000000000
90879  28.467  -6.382  -6.457 0.0000000000
96242  28.893  -1.298  -4.651 0.0000000000
95213  29.145  -2.238  -4.790 0.0000000000
96241  30.852  -1.528  -4.696 0.0000000000
95226  26.095  -2.204  -6.721 0.0000000000
97378  26.833  -0.379  -5.945 0.0000000000
97366  27.276  -0.855  -5.588 0.0000000000
98482  28.855  0.290  -4.652 0.0000000000
99575  30.606  1.131  -4.077 0.0000000000
100653  32.290  2.474  -4.927 0.0000000000
102662  29.979  4.525  -4.498 0.0000000000
101689  32.237  3.571  -4.836 0.0000000000
107712  27.166  9.417  -9.121 0.0000000000
112764  26.774  13.660  -11.131 0.0000000000
110818  27.432  12.232  -9.777 0.0000000000
109794  27.751  11.287  -8.753 0.0000000000
107706  27.538  9.547  -8.181 0.0000000000
108742  28.746  10.632  -7.380 0.0000000000
108731  30.168  10.456  -6.551 0.0000000000
86384  25.999  -10.434  -7.394 0.0000000000
88663  26.537  -8.162  -8.054 0.0000000000
94160  29.616  -3.453  -5.091 0.0000000000
91989  29.599  -5.141  -5.638 0.0000000000
105641  27.411  7.414  -7.973 0.0000000000
94162  27.601  -3.128  -5.953 0.0000000000
80881  22.945  -15.698  -5.390 0.0000000000
82012  23.526  -14.869  -5.636 0.0000000000
84227  26.133  -12.137  -6.596 0.0000000000
100655  28.290  2.576  -5.049 0.0000000000
106638  31.685  8.365  -5.453 0.0000000000
104637  31.928  7.071  -5.021 0.0000000000
108785  24.861  10.450  -11.527 0.0000000000
109816  25.466  10.785  -11.408 0.0000000000
110826  25.836  12.017  -11.314 0.0000000000
111778  29.910  13.846  -9.980 0.0000000000
111755  30.517  13.703  -8.828 0.0000000000
89775  28.237  -7.600  -6.962 0.0000000000
84229  24.783  -12.159  -7.309 0.0000000000
102699  27.643  4.614  -6.133 0.0000000000
105615  29.075  7.851  -6.544 0.0000000000
104654  29.052  7.007  -5.939 0.0000000000
106640  29.964  8.562  -5.443 0.0000000000
106656  29.270  8.689  -6.231 0.0000000000
110851  24.105  12.221  -13.074 0.0000000000
92028  26.065  -5.894  -8.017 0.0000000000
92014  27.226  -5.635  -7.261 0.0000000000
92002  28.866  -5.633  -5.924 0.0000000000
83161  24.324  -13.612  -6.400 0.0000000000
83144  24.575  -14.175  -5.964 0.0000000000
97350  30.129  -1.043  -4.383 0.0000000000
97363  30.848  -0.720  -4.481 0.0000000000
94174  25.706  -2.908  -7.174 0.0000000000
98511  26.734  0.688  -5.848 0.0000000000
97365  27.716  -0.317  -5.395 0.0000000000
97352  28.415  -0.186  -4.799 0.0000000000
98483  28.056  0.484  -4.881 0.0000000000
100631  29.647  2.264  -4.184 0.0000000000
99574  31.494  1.922  -4.615 0.0000000000
100629  31.451  3.007  -4.618 0.0000000000
103644  29.174  5.670  -4.672 0.0000000000
102663  29.339  4.345  -4.491 0.0000000000
103627  29.687  5.136  -4.637 0.0000000000
102660  31.749  4.529  -4.621 0.0000000000
101688  32.829  3.743  -5.544 0.0000000000
108771  26.344  10.182  -10.416 0.0000000000
106701  25.479  8.666  -10.435 0.0000000000
107713  26.469  9.401  -9.804 0.0000000000
106687  26.075  8.574  -9.887 0.0000000000
112794  28.250  14.460  -12.721 0.0000000000
112763  27.292  14.040  -10.976 0.0000000000
111769  27.843  12.951  -9.986 0.0000000000
110808  28.282  12.299  -8.798 0.0000000000
109793  28.174  11.424  -8.167 0.0000000000
108761  27.439  10.372  -8.902 0.0000000000
108753  28.303  10.925  -7.770 0.0000000000
107697  28.188  9.765  -7.426 0.0000000000
109780  30.424  11.805  -7.251 0.0000000000
109768  30.012  11.185  -6.798 0.0000000000
109767  30.761  11.170  -6.660 0.0000000000
108730  30.965  10.335  -6.211 0.0000000000
86402  25.460  -10.079  -7.932 0.0000000000
90910  26.387  -6.701  -8.044 0.0000000000
89797  26.016  -7.541  -8.182 0.0000000000
89796  26.774  -7.441  -8.035 0.0000000000
88621  27.558  -8.676  -6.783 0.0000000000
86383  26.720  -10.058  -6.743 0.0000000000
95212  30.442  -2.485  -4.807 0.0000000000
104656  27.835  6.419  -6.566 0.0000000000
105629  27.825  7.334  -6.936 0.0000000000
105628  28.663  7.917  -7.121 0.0000000000
106670  28.600  8.809  -6.778 0.0000000000
94188  26.367  -4.116  -7.276 0.0000000000
93114  26.796  -4.575  -7.296 0.0000000000
93090  28.081  -4.101  -5.691 0.0000000000
83143  25.228  -13.701  -5.646 0.0000000000
84192  26.091  -12.765  -5.454 0.0000000000
98496  32.124  0.322  -5.478 0.0000000000
98499  26.882  1.274  -5.709 0.0000000000
98498  27.391  0.817  -5.447 0.0000000000
99577  28.449  0.869  -4.725 0.0000000000
99599  27.967  1.542  -4.979 0.0000000000
100654  28.831  2.397  -4.507 0.0000000000
105586  30.432  6.821  -4.578 0.0000000000
103626  30.186  5.537  -4.554 0.0000000000
104616  31.675  6.496  -4.700 0.0000000000
104615  32.296  6.107  -4.854 0.0000000000
108772  25.685  10.232  -10.971 0.0000000000
109804  26.717  10.849  -10.170 0.0000000000
111796  29.585  14.212  -10.896 0.0000000000
111779  29.068  14.047  -10.310 0.0000000000
111757  28.926  13.265  -8.896 0.0000000000
110807  29.284  12.810  -8.386 0.0000000000
110797  28.911  12.149  -7.900 0.0000000000
110795  31.066  12.732  -7.900 0.0000000000
90891  27.866  -6.754  -7.124 0.0000000000
89795  27.349  -7.479  -7.647 0.0000000000
89776  27.772  -7.670  -7.324 0.0000000000
88638  27.916  -8.066  -7.114 0.0000000000
83162  23.325  -13.382  -6.492 0.0000000000
84212  24.869  -12.792  -6.717 0.0000000000
84228  25.584  -12.276  -7.062 0.0000000000
101711  27.384  3.515  -6.226 0.0000000000
101692  27.957  3.502  -5.515 0.0000000000
102682  28.093  4.264  -5.231 0.0000000000
102698  28.011  5.005  -5.410 0.0000000000
103645  28.415  5.665  -5.306 0.0000000000
104655  28.439  6.424  -6.085 0.0000000000
104640  28.780  6.361  -5.302 0.0000000000
104639  29.366  6.753  -4.942 0.0000000000
105602  30.177  7.498  -4.750 0.0000000000
106639  30.808  8.425  -5.189 0.0000000000
107664  31.336  9.250  -5.528 0.0000000000
110839  24.544  11.825  -12.631 0.0000000000
111799  25.032  12.393  -12.820 0.0000000000
92027  26.703  -6.009  -7.846 0.0000000000
90878  29.265  -6.655  -6.390 0.0000000000
96243  28.257  -1.377  -4.963 0.0000000000
96229  29.581  -1.499  -4.556 0.0000000000
95198  30.225  -2.099  -4.626 0.0000000000
97362  31.482  -0.896  -5.338 0.0000000000
95225  26.933  -2.238  -6.299 0.0000000000
95215  27.439  -2.078  -5.731 0.0000000000
96256  26.431  -1.302  -6.337 0.0000000000
96255  27.057  -1.375  -5.831 0.0000000000
96244  27.606  -1.375  -5.413 0.0000000000
97364  28.434  -0.753  -4.774 0.0000000000
97351  29.176  -0.634  -4.548 0.0000000000
98481  29.985  0.008  -4.294 0.0000000000
99597  31.680  0.957  -4.619 0.0000000000
99596  32.125  1.505  -5.253 0.0000000000
101691  28.590  3.503  -4.580 0.0000000000
101670  29.602  3.526  -4.272 0.0000000000
101669  30.693  3.682  -4.261 0.0000000000
102661  30.916  4.615  -4.328 0.0000000000
101668  31.437  3.876  -4.412 0.0000000000
100652  33.037  2.939  -5.317 0.0000000000
106686  26.767  8.523  -9.278 0.0000000000
111798  25.515  12.909  -11.725 0.0000000000
111797  26.352  13.346  -11.200 0.0000000000
111782  26.258  12.742  -11.042 0.0000000000
110825  26.622  12.135  -10.636 0.0000000000
109814  26.893  11.500  -10.243 0.0000000000
110817  27.965  12.718  -9.483 0.0000000000
110809  27.703  11.745  -9.221 0.0000000000
109803  27.212  11.201  -9.498 0.0000000000
106679  27.290  8.530  -8.480 0.0000000000
107696  29.021  9.717  -6.947 0.0000000000
109781  29.407  11.501  -7.324 0.0000000000
108741  29.504  10.569  -6.938 0.0000000000
107683  29.396  9.399  -6.505 0.0000000000
107682  30.102  9.522  -6.118 0.0000000000
107681  30.854  9.694  -5.746 0.0000000000
85315  25.404  -11.440  -7.436 0.0000000000
88664  25.564  -8.447  -8.035 0.0000000000
88662  27.096  -7.952  -8.009 0.0000000000
88640  26.087  -8.646  -7.453 0.0000000000
87489  25.644  -9.394  -7.645 0.0000000000
87488  26.420  -9.303  -7.049 0.0000000000
93089  28.980  -4.430  -5.534 0.0000000000
94159  30.570  -3.648  -5.444 0.0000000000
93088  29.990  -4.404  -5.473 0.0000000000
84193  25.511  -12.988  -5.591 0.0000000000
88641  25.641  -8.822  -7.654 0.0000000000
95199  29.934  -2.030  -4.604 0.0000000000
96228  30.221  -1.779  -4.571 0.0000000000
97377  27.207  0.066  -5.765 0.0000000000
99598  28.494  1.932  -4.733 0.0000000000
100651  33.187  3.253  -5.789 0.0000000000
101671  28.994  4.054  -4.333 0.0000000000
101687  33.094  3.573  -5.819 0.0000000000
101709  33.207  3.419  -5.979 0.0000000000
101710  33.112  3.766  -6.185 0.0000000000
102680  29.390  4.865  -4.662 0.0000000000
103625  31.349  5.479  -4.561 0.0000000000
103642  32.096  5.141  -4.733 0.0000000000
104617  30.750  6.289  -4.571 0.0000000000
104638  30.053  6.516  -4.577 0.0000000000
105585  30.857  6.949  -4.596 0.0000000000
105617  28.083  6.885  -6.489 0.0000000000
105627  28.966  8.197  -6.942 0.0000000000
106657  28.986  9.164  -6.536 0.0000000000
107695  29.673  9.904  -6.681 0.0000000000
108717  31.360  9.856  -5.938 0.0000000000
108743  28.232  10.487  -7.617 0.0000000000
108754  27.861  10.572  -8.054 0.0000000000
109782  28.628  11.448  -7.723 0.0000000000
109828  25.022  11.069  -11.865 0.0000000000
110805  30.842  13.261  -8.477 0.0000000000
110806  30.228  12.977  -8.451 0.0000000000
111767  29.388  13.550  -9.521 0.0000000000
112777  26.291  13.978  -11.851 0.0000000000
