#!ascii label  , from subject 3328 vox2ras=TkReg
369
3691  -40.873  -72.142  -1.213 0.0000000000
117965  -42.703  -68.708  -8.237 0.0000000000
8174  -38.577  -66.049  -1.800 0.0000000000
5031  -42.001  -70.395  -5.723 0.0000000000
9955  -36.747  -63.703  -3.981 0.0000000000
7357  -40.996  -67.910  0.298 0.0000000000
10858  -42.330  -63.583  -0.783 0.0000000000
10875  -47.187  -63.180  -2.483 0.0000000000
10854  -38.272  -63.180  -0.886 0.0000000000
9034  -37.407  -65.312  -3.264 0.0000000000
11774  -37.224  -62.473  -1.490 0.0000000000
8990  -41.782  -65.875  -0.455 0.0000000000
9008  -44.190  -65.745  -0.186 0.0000000000
14540  -47.861  -59.914  -3.214 0.0000000000
12700  -44.115  -61.458  -1.603 0.0000000000
3701  -39.665  -74.253  -3.851 0.0000000000
5801  -43.494  -68.804  -6.575 0.0000000000
4337  -39.409  -71.648  -7.917 0.0000000000
5076  -39.023  -71.182  -10.341 0.0000000000
116787  -39.361  -68.982  -2.163 0.0000000000
5014  -42.047  -71.117  -3.668 0.0000000000
7428  -38.357  -67.574  -5.745 0.0000000000
8230  -38.715  -65.421  -6.716 0.0000000000
116789  -40.162  -67.138  -1.142 0.0000000000
9944  -40.062  -64.485  -1.163 0.0000000000
11765  -40.698  -62.876  -0.209 0.0000000000
9925  -47.829  -66.082  0.592 0.0000000000
116752  -44.472  -63.729  -1.083 0.0000000000
12683  -42.893  -61.414  -1.057 0.0000000000
13559  -41.609  -59.748  0.237 0.0000000000
3723  -39.958  -72.305  -6.434 0.0000000000
117854  -40.289  -60.757  -7.494 0.0000000000
117943  -41.958  -64.659  -8.750 0.0000000000
7463  -36.173  -67.251  -10.449 0.0000000000
11755  -39.148  -61.838  0.127 0.0000000000
11762  -37.754  -62.320  -0.811 0.0000000000
2628  -40.959  -74.350  -2.563 0.0000000000
117961  -43.280  -68.408  -7.561 0.0000000000
5808  -41.251  -69.560  -7.683 0.0000000000
6664  -39.414  -69.780  -9.368 0.0000000000
5827  -38.778  -70.058  -10.595 0.0000000000
6656  -39.575  -68.879  -8.789 0.0000000000
8187  -39.021  -66.826  -2.105 0.0000000000
7405  -38.560  -67.389  -2.836 0.0000000000
9033  -36.992  -64.688  -3.808 0.0000000000
7416  -37.560  -67.064  -4.586 0.0000000000
8220  -37.230  -65.807  -5.290 0.0000000000
7436  -38.302  -66.717  -6.353 0.0000000000
9055  -37.132  -64.445  -5.670 0.0000000000
116776  -40.964  -68.774  -0.402 0.0000000000
7358  -40.933  -66.934  -0.121 0.0000000000
9921  -41.783  -64.960  -0.113 0.0000000000
9005  -40.961  -65.434  -0.833 0.0000000000
9945  -40.785  -64.547  -1.064 0.0000000000
10856  -40.079  -63.667  -0.901 0.0000000000
10857  -41.113  -63.648  -0.985 0.0000000000
116743  -46.431  -65.013  -1.363 0.0000000000
116751  -45.051  -64.242  -0.764 0.0000000000
11777  -45.594  -62.842  -1.863 0.0000000000
12684  -43.599  -60.860  -1.341 0.0000000000
12699  -43.334  -62.013  -1.437 0.0000000000
13577  -42.574  -60.320  -0.395 0.0000000000
12682  -41.734  -61.219  -0.367 0.0000000000
5023  -42.736  -70.917  -4.856 0.0000000000
3716  -42.306  -72.305  -4.951 0.0000000000
4321  -41.940  -71.363  -5.408 0.0000000000
5039  -38.489  -71.722  -8.340 0.0000000000
12788  -40.224  -60.646  -8.571 0.0000000000
9096  -41.767  -63.542  -8.733 0.0000000000
7474  -38.319  -67.877  -9.899 0.0000000000
9017  -38.395  -65.433  -1.841 0.0000000000
9027  -37.960  -65.592  -2.273 0.0000000000
9942  -38.131  -64.630  -1.735 0.0000000000
9941  -37.243  -63.976  -1.987 0.0000000000
10874  -36.742  -62.577  -2.765 0.0000000000
8143  -42.000  -66.761  0.791 0.0000000000
9912  -42.890  -65.637  0.031 0.0000000000
9934  -42.909  -64.619  -0.620 0.0000000000
12719  -48.112  -61.820  -3.156 0.0000000000
12702  -46.113  -62.426  -2.365 0.0000000000
13609  -46.023  -60.567  -2.848 0.0000000000
13594  -45.113  -60.498  -2.295 0.0000000000
14513  -43.879  -59.161  -1.664 0.0000000000
5791  -42.763  -69.574  -6.124 0.0000000000
5041  -41.602  -70.530  -6.373 0.0000000000
5042  -42.667  -70.228  -7.011 0.0000000000
117974  -38.520  -71.368  -9.453 0.0000000000
117970  -38.038  -70.307  -9.445 0.0000000000
6643  -36.744  -68.758  -9.107 0.0000000000
7456  -35.685  -67.959  -9.255 0.0000000000
6652  -36.247  -68.230  -9.568 0.0000000000
116772  -39.996  -70.503  -1.917 0.0000000000
4303  -41.826  -71.622  -2.627 0.0000000000
5012  -40.384  -70.472  -4.076 0.0000000000
5021  -40.508  -70.103  -4.948 0.0000000000
7404  -37.927  -66.942  -3.682 0.0000000000
6609  -38.514  -68.341  -4.714 0.0000000000
5789  -40.193  -69.347  -5.891 0.0000000000
5798  -40.517  -68.488  -6.396 0.0000000000
6628  -40.703  -67.660  -6.876 0.0000000000
117953  -40.574  -66.505  -7.529 0.0000000000
116767  -40.411  -69.873  -1.217 0.0000000000
7387  -39.674  -68.095  -1.653 0.0000000000
8188  -39.817  -66.928  -1.749 0.0000000000
7364  -40.818  -66.187  -0.870 0.0000000000
8176  -40.173  -66.480  -1.263 0.0000000000
9018  -38.937  -65.403  -1.577 0.0000000000
9943  -39.185  -64.495  -1.323 0.0000000000
11764  -39.629  -62.775  -0.319 0.0000000000
11756  -40.211  -61.930  0.195 0.0000000000
116739  -45.335  -65.931  -0.501 0.0000000000
9935  -44.265  -65.084  -0.440 0.0000000000
10859  -43.788  -63.610  -1.051 0.0000000000
11776  -44.601  -62.446  -1.683 0.0000000000
11775  -43.748  -62.488  -1.415 0.0000000000
11758  -41.519  -61.773  -0.177 0.0000000000
12669  -40.836  -61.056  -0.197 0.0000000000
3141  -42.435  -72.877  -3.961 0.0000000000
3707  -40.012  -73.641  -4.703 0.0000000000
3732  -39.339  -72.346  -7.579 0.0000000000
4327  -38.558  -72.424  -7.332 0.0000000000
9977  -38.080  -63.541  -6.245 0.0000000000
9070  -39.268  -63.958  -6.976 0.0000000000
8245  -40.916  -65.346  -7.951 0.0000000000
9097  -41.502  -64.431  -8.400 0.0000000000
117942  -41.918  -66.778  -8.208 0.0000000000
6663  -39.343  -68.752  -9.884 0.0000000000
6661  -37.771  -68.395  -10.361 0.0000000000
12667  -38.689  -60.912  0.332 0.0000000000
12680  -38.209  -61.665  -0.108 0.0000000000
2621  -40.764  -74.726  -2.036 0.0000000000
3128  -41.042  -73.126  -1.554 0.0000000000
5809  -41.867  -69.224  -8.298 0.0000000000
117955  -40.627  -68.797  -8.515 0.0000000000
6645  -40.693  -68.342  -8.543 0.0000000000
8200  -38.503  -66.740  -2.576 0.0000000000
8207  -36.966  -65.449  -4.603 0.0000000000
9045  -36.740  -64.637  -4.606 0.0000000000
8219  -36.746  -65.167  -5.113 0.0000000000
9965  -36.797  -63.467  -5.087 0.0000000000
8142  -41.038  -68.583  1.094 0.0000000000
116773  -41.240  -68.710  0.378 0.0000000000
9933  -41.619  -64.610  -0.454 0.0000000000
9949  -47.640  -62.589  -2.408 0.0000000000
116756  -47.103  -63.157  -0.934 0.0000000000
116745  -46.596  -63.072  -2.179 0.0000000000
116749  -47.112  -64.442  -0.896 0.0000000000
116748  -46.848  -63.894  -2.087 0.0000000000
116747  -46.312  -63.924  -1.742 0.0000000000
11778  -46.662  -63.437  -2.217 0.0000000000
13578  -43.405  -60.222  -1.014 0.0000000000
14512  -42.885  -59.255  -0.827 0.0000000000
4315  -42.757  -71.059  -5.295 0.0000000000
8258  -42.331  -63.751  -9.051 0.0000000000
7475  -39.154  -67.404  -9.626 0.0000000000
10864  -38.414  -63.902  -1.160 0.0000000000
10863  -37.630  -63.415  -1.358 0.0000000000
10862  -37.051  -63.017  -2.063 0.0000000000
9923  -43.369  -65.438  -0.201 0.0000000000
12720  -48.392  -61.353  -2.984 0.0000000000
13611  -47.644  -60.689  -3.277 0.0000000000
12717  -46.251  -61.131  -2.836 0.0000000000
13610  -46.710  -60.645  -3.166 0.0000000000
13593  -44.176  -60.290  -1.620 0.0000000000
3706  -39.188  -73.049  -5.388 0.0000000000
5792  -43.647  -69.809  -6.266 0.0000000000
5033  -43.189  -70.236  -6.489 0.0000000000
5034  -43.622  -70.188  -6.959 0.0000000000
117958  -40.144  -69.505  -7.993 0.0000000000
5807  -40.051  -69.912  -7.655 0.0000000000
117977  -38.347  -70.828  -10.257 0.0000000000
6654  -37.795  -68.945  -10.138 0.0000000000
5821  -38.002  -69.802  -10.311 0.0000000000
6653  -37.030  -68.434  -10.133 0.0000000000
4295  -40.875  -71.209  -2.202 0.0000000000
5779  -39.736  -69.810  -4.589 0.0000000000
8199  -38.011  -66.359  -3.000 0.0000000000
6608  -38.079  -67.657  -4.561 0.0000000000
7417  -37.975  -67.540  -5.053 0.0000000000
5788  -39.116  -69.234  -5.152 0.0000000000
6620  -39.077  -68.414  -6.034 0.0000000000
8242  -38.559  -66.031  -6.682 0.0000000000
6627  -39.675  -67.657  -6.753 0.0000000000
7449  -39.580  -66.645  -7.074 0.0000000000
6635  -40.112  -67.155  -7.098 0.0000000000
8243  -39.182  -65.667  -7.011 0.0000000000
116783  -40.446  -67.484  -0.684 0.0000000000
116790  -40.237  -69.235  -0.963 0.0000000000
7388  -40.151  -67.155  -1.367 0.0000000000
8155  -41.105  -66.181  -0.601 0.0000000000
9020  -40.443  -64.992  -1.024 0.0000000000
9004  -40.562  -65.707  -1.012 0.0000000000
9019  -39.996  -65.482  -1.166 0.0000000000
8995  -46.651  -65.601  -0.853 0.0000000000
12701  -45.504  -61.651  -2.415 0.0000000000
11767  -42.919  -62.592  -1.184 0.0000000000
11766  -41.873  -62.443  -0.418 0.0000000000
13576  -41.776  -60.451  -0.069 0.0000000000
12681  -41.341  -60.801  -0.250 0.0000000000
13575  -41.226  -60.448  0.005 0.0000000000
3697  -42.230  -72.507  -2.746 0.0000000000
3702  -42.636  -72.488  -3.644 0.0000000000
3714  -40.437  -72.650  -5.347 0.0000000000
3708  -41.133  -73.009  -4.621 0.0000000000
3713  -39.570  -73.036  -6.031 0.0000000000
3712  -39.013  -72.837  -6.712 0.0000000000
5040  -40.554  -71.080  -6.664 0.0000000000
4328  -40.077  -71.683  -7.076 0.0000000000
117971  -39.250  -72.447  -8.601 0.0000000000
5796  -38.436  -70.334  -7.989 0.0000000000
9970  -37.348  -63.262  -5.779 0.0000000000
10899  -37.385  -62.347  -5.391 0.0000000000
9985  -39.739  -63.190  -6.845 0.0000000000
8244  -40.098  -65.455  -7.479 0.0000000000
117941  -41.688  -65.683  -8.488 0.0000000000
6655  -40.126  -68.117  -8.713 0.0000000000
7473  -37.978  -68.203  -10.410 0.0000000000
11763  -38.669  -62.558  -0.488 0.0000000000
12679  -37.579  -61.127  -0.488 0.0000000000
14538  -46.485  -60.087  -3.162 0.0000000000
14526  -46.220  -59.640  -2.586 0.0000000000
3139  -40.672  -74.435  -3.282 0.0000000000
117960  -42.746  -68.059  -7.173 0.0000000000
5044  -43.381  -69.465  -7.691 0.0000000000
5052  -43.044  -69.262  -7.982 0.0000000000
117957  -40.651  -69.313  -8.063 0.0000000000
5828  -39.442  -70.295  -10.149 0.0000000000
6595  -39.055  -68.743  -3.153 0.0000000000
8208  -37.336  -66.092  -4.038 0.0000000000
9046  -37.065  -65.265  -4.047 0.0000000000
7427  -37.742  -66.818  -5.619 0.0000000000
8229  -37.951  -65.674  -6.345 0.0000000000
8989  -41.579  -65.249  -0.290 0.0000000000
9006  -41.204  -65.914  -0.781 0.0000000000
10865  -40.139  -64.071  -1.167 0.0000000000
10866  -40.438  -64.080  -1.156 0.0000000000
116742  -46.464  -64.269  -1.673 0.0000000000
10869  -45.945  -63.954  -1.499 0.0000000000
10868  -44.758  -63.377  -1.334 0.0000000000
13560  -42.245  -59.806  0.036 0.0000000000
5015  -42.910  -71.386  -4.123 0.0000000000
4310  -43.216  -71.854  -4.148 0.0000000000
4316  -43.139  -71.673  -4.991 0.0000000000
4322  -42.491  -72.043  -5.154 0.0000000000
3724  -40.994  -72.087  -5.746 0.0000000000
117928  -42.010  -62.631  -9.012 0.0000000000
9990  -41.194  -62.035  -8.081 0.0000000000
7466  -40.463  -66.760  -9.693 0.0000000000
8186  -38.366  -66.361  -2.306 0.0000000000
9948  -37.495  -64.602  -2.559 0.0000000000
9956  -37.204  -64.373  -3.308 0.0000000000
9947  -37.098  -63.538  -2.926 0.0000000000
8974  -42.638  -65.880  0.237 0.0000000000
9911  -42.610  -65.673  -0.097 0.0000000000
9922  -42.329  -65.324  -0.265 0.0000000000
11779  -48.139  -62.564  -2.803 0.0000000000
11786  -47.517  -62.608  -2.713 0.0000000000
12718  -46.814  -61.781  -2.810 0.0000000000
5032  -42.575  -70.380  -5.874 0.0000000000
5048  -40.206  -70.850  -7.437 0.0000000000
117962  -38.947  -71.985  -9.933 0.0000000000
6644  -37.545  -69.220  -9.643 0.0000000000
7455  -34.920  -67.375  -9.313 0.0000000000
116766  -40.864  -71.166  -1.326 0.0000000000
3692  -41.582  -72.378  -1.979 0.0000000000
4296  -41.204  -71.741  -1.851 0.0000000000
4302  -41.333  -71.206  -2.722 0.0000000000
5003  -41.293  -70.974  -3.154 0.0000000000
5002  -40.575  -70.584  -3.131 0.0000000000
5013  -41.141  -70.770  -3.724 0.0000000000
5022  -41.402  -70.625  -4.656 0.0000000000
5030  -41.085  -70.062  -5.501 0.0000000000
5790  -41.608  -69.462  -6.058 0.0000000000
5799  -41.230  -68.555  -6.450 0.0000000000
7437  -38.861  -67.343  -6.580 0.0000000000
5800  -42.378  -68.686  -6.556 0.0000000000
6629  -41.862  -67.748  -7.118 0.0000000000
117954  -41.379  -66.963  -7.596 0.0000000000
116786  -39.682  -69.444  -1.605 0.0000000000
8175  -39.381  -66.239  -1.527 0.0000000000
7365  -40.559  -66.592  -0.784 0.0000000000
8165  -40.804  -65.872  -1.006 0.0000000000
8177  -40.616  -66.152  -1.007 0.0000000000
10855  -39.102  -63.561  -0.828 0.0000000000
9931  -39.644  -64.046  -1.137 0.0000000000
116746  -45.302  -65.236  -0.762 0.0000000000
10867  -44.167  -62.952  -1.377 0.0000000000
11757  -41.107  -61.942  -0.007 0.0000000000
12668  -39.757  -60.890  0.332 0.0000000000
3134  -41.651  -73.134  -2.243 0.0000000000
3140  -41.665  -73.439  -3.166 0.0000000000
3145  -40.947  -73.796  -4.024 0.0000000000
3147  -42.457  -72.626  -4.383 0.0000000000
4329  -40.793  -71.495  -6.205 0.0000000000
117978  -38.780  -73.002  -8.665 0.0000000000
3721  -38.921  -73.127  -7.826 0.0000000000
3722  -39.100  -72.742  -7.171 0.0000000000
11773  -36.756  -61.911  -2.088 0.0000000000
10882  -36.645  -62.503  -3.742 0.0000000000
9067  -37.633  -64.074  -6.100 0.0000000000
9068  -37.913  -64.456  -6.305 0.0000000000
10906  -38.283  -62.907  -6.130 0.0000000000
9978  -38.741  -63.582  -6.470 0.0000000000
9080  -39.128  -65.045  -6.828 0.0000000000
117949  -41.418  -66.047  -8.037 0.0000000000
9082  -40.879  -64.103  -7.922 0.0000000000
9083  -41.156  -64.762  -8.208 0.0000000000
117950  -41.212  -68.078  -8.413 0.0000000000
6662  -38.306  -68.923  -10.441 0.0000000000
2622  -41.337  -74.050  -1.898 0.0000000000
3144  -40.175  -74.358  -3.887 0.0000000000
3146  -41.854  -73.135  -4.163 0.0000000000
3703  -42.960  -72.364  -4.365 0.0000000000
3709  -42.048  -72.579  -4.644 0.0000000000
3710  -42.719  -72.318  -4.825 0.0000000000
3715  -41.636  -72.275  -5.094 0.0000000000
3730  -38.964  -73.320  -8.307 0.0000000000
3731  -39.165  -73.105  -8.153 0.0000000000
4309  -42.610  -71.815  -3.470 0.0000000000
5004  -41.634  -71.275  -3.051 0.0000000000
5024  -43.157  -71.418  -4.520 0.0000000000
5043  -43.248  -69.865  -7.395 0.0000000000
5049  -41.362  -70.132  -7.240 0.0000000000
5050  -42.250  -69.734  -7.540 0.0000000000
5051  -42.797  -69.449  -7.834 0.0000000000
5793  -43.959  -70.143  -6.638 0.0000000000
5797  -38.510  -71.080  -8.449 0.0000000000
5802  -43.955  -69.517  -7.190 0.0000000000
5803  -43.331  -69.132  -7.936 0.0000000000
5810  -43.062  -69.228  -8.239 0.0000000000
5822  -39.766  -69.504  -8.338 0.0000000000
5829  -39.510  -71.140  -9.061 0.0000000000
6621  -39.995  -68.357  -6.418 0.0000000000
6630  -42.879  -69.242  -8.112 0.0000000000
6636  -42.710  -69.178  -8.356 0.0000000000
7448  -38.848  -66.519  -6.792 0.0000000000
8154  -41.095  -65.922  -0.961 0.0000000000
8164  -40.429  -65.947  -1.064 0.0000000000
8166  -41.015  -65.846  -0.920 0.0000000000
9007  -43.897  -65.512  -0.222 0.0000000000
9056  -37.372  -65.150  -6.050 0.0000000000
9069  -38.819  -64.563  -6.682 0.0000000000
9081  -39.596  -64.383  -7.280 0.0000000000
9932  -39.890  -64.058  -1.155 0.0000000000
9971  -37.808  -63.174  -6.113 0.0000000000
9976  -37.554  -63.726  -6.029 0.0000000000
10871  -47.489  -62.663  -1.689 0.0000000000
10876  -47.657  -62.781  -2.609 0.0000000000
10877  -48.270  -63.029  -2.753 0.0000000000
10900  -38.013  -62.490  -5.900 0.0000000000
10901  -38.561  -62.473  -6.008 0.0000000000
10907  -38.767  -62.844  -6.098 0.0000000000
11780  -48.416  -62.779  -2.334 0.0000000000
11781  -48.232  -62.615  -2.368 0.0000000000
11787  -48.258  -62.744  -3.073 0.0000000000
11788  -48.790  -62.969  -2.902 0.0000000000
11789  -48.544  -63.071  -2.525 0.0000000000
12670  -41.272  -61.480  -0.208 0.0000000000
12703  -48.035  -61.604  -2.487 0.0000000000
14539  -47.100  -59.889  -3.256 0.0000000000
14541  -48.192  -60.299  -3.211 0.0000000000
116740  -46.825  -64.467  -1.737 0.0000000000
116741  -45.889  -63.931  -1.528 0.0000000000
116744  -47.121  -64.237  -2.082 0.0000000000
116750  -47.001  -63.277  -2.387 0.0000000000
116753  -46.906  -63.453  -2.282 0.0000000000
116791  -40.075  -67.002  -1.397 0.0000000000
117951  -41.459  -65.149  -8.336 0.0000000000
117966  -42.773  -69.235  -8.198 0.0000000000
