#!ascii label  , from subject 3328 vox2ras=TkReg
790
54267  -23.291  -20.493  -10.495 0.4285714328
56248  -22.782  -18.576  -10.515 0.2857142985
55288  -23.457  -19.427  -10.418 0.4285714328
56249  -23.814  -18.527  -10.181 0.4285714328
57174  -23.236  -17.643  -10.444 0.2857142985
57175  -24.284  -17.638  -10.173 0.4285714328
59349  -22.816  -15.930  -11.404 0.4285714328
59350  -23.430  -15.989  -10.750 0.4285714328
59362  -22.707  -15.510  -12.154 0.4285714328
60480  -23.893  -14.882  -11.819 0.4285714328
60526  -22.293  -14.601  -13.222 0.5714285970
60508  -23.214  -14.387  -12.457 0.5714285970
60509  -24.151  -14.128  -12.077 0.2857142985
60527  -23.023  -13.902  -13.298 0.7142857313
61620  -23.708  -13.424  -12.737 0.7142857313
62742  -24.470  -12.897  -12.511 0.7142857313
62741  -23.886  -12.904  -12.826 0.5714285970
62761  -24.607  -11.896  -12.814 0.5714285970
62760  -23.561  -12.429  -13.329 0.5714285970
63883  -24.020  -11.230  -13.375 0.5714285970
63884  -24.887  -10.953  -12.921 0.5714285970
63885  -25.690  -10.748  -12.623 0.4285714328
64979  -25.226  -10.061  -12.954 0.5714285970
66109  -25.717  -9.197  -13.076 0.5714285970
66106  -23.529  -9.857  -13.867 0.7142857313
66108  -24.870  -9.384  -13.742 0.7142857313
64978  -24.404  -10.280  -13.415 0.5714285970
66124  -22.599  -9.877  -14.486 0.5714285970
66126  -24.239  -9.098  -14.310 0.8571428657
67176  -26.106  -8.251  -12.975 0.7142857313
66144  -23.166  -9.026  -14.774 0.5714285970
68285  -25.736  -7.337  -13.653 0.7142857313
67177  -26.812  -8.287  -12.729 0.5714285970
67193  -24.668  -8.176  -13.894 0.7142857313
68284  -25.155  -7.646  -13.594 0.7142857313
69404  -26.452  -6.502  -13.545 0.5714285970
68286  -26.778  -7.386  -12.933 0.5714285970
68301  -24.700  -7.445  -13.940 0.7142857313
68302  -25.227  -6.783  -13.936 0.7142857313
70498  -26.408  -5.343  -13.541 0.7142857313
69417  -25.016  -6.434  -14.566 0.7142857313
69418  -25.785  -6.184  -14.107 0.7142857313
71551  -26.401  -4.573  -13.600 0.7142857313
68322  -24.146  -7.139  -15.341 0.5714285970
71552  -27.094  -4.313  -13.326 0.5714285970
72594  -27.054  -3.129  -13.550 0.5714285970
70509  -25.357  -5.335  -14.831 0.8571428657
69437  -25.032  -5.951  -15.120 0.8571428657
72616  -26.260  -3.447  -13.875 0.7142857313
72615  -25.886  -3.499  -14.722 0.7142857313
71574  -25.850  -4.451  -14.061 0.7142857313
74685  -26.408  -1.919  -14.663 0.8571428657
73661  -26.728  -2.450  -14.193 0.5714285970
72614  -25.662  -3.349  -15.300 0.8571428657
71573  -25.449  -4.105  -15.099 0.8571428657
74707  -26.082  -1.403  -15.357 0.8571428657
74708  -26.559  -0.852  -14.890 0.8571428657
76853  -26.286  0.535  -15.887 0.8571428657
73660  -26.102  -2.566  -14.860 0.8571428657
74726  -25.923  -1.097  -16.501 0.8571428657
75806  -25.334  -0.346  -16.919 1.0000000000
75793  -26.005  -0.299  -16.263 1.0000000000
74725  -25.845  -1.878  -16.251 0.8571428657
75792  -25.596  0.132  -16.600 1.0000000000
74740  -25.724  -0.877  -16.889 1.0000000000
77916  -25.570  1.375  -17.168 1.0000000000
77930  -24.332  2.024  -18.296 0.7142857313
76865  -25.354  0.499  -16.851 1.0000000000
76864  -24.984  0.579  -17.483 1.0000000000
82086  -25.466  5.431  -18.291 1.0000000000
81013  -24.563  4.637  -19.289 0.8571428657
84110  -24.991  7.065  -18.544 0.8571428657
83135  -25.067  6.228  -18.716 1.0000000000
85667  -24.729  9.587  -17.631 0.8571428657
84893  -25.327  8.694  -16.734 0.8571428657
84076  -25.068  7.767  -17.137 1.0000000000
121336  -24.397  10.217  -17.941 0.8571428657
85681  -25.002  9.967  -18.474 0.8571428657
121324  -24.265  11.849  -18.665 0.7142857313
86425  -24.077  10.410  -17.600 0.5714285970
121337  -24.132  12.714  -18.346 0.7142857313
121346  -23.904  13.404  -19.128 0.5714285970
89153  -23.101  13.554  -16.657 0.5714285970
88222  -23.719  11.548  -16.731 0.5714285970
89141  -22.378  13.067  -16.091 0.4285714328
90812  -22.344  15.861  -17.221 0.4285714328
121359  -22.840  15.809  -18.562 0.4285714328
90799  -20.874  15.400  -16.042 0.2857142985
90790  -21.047  15.593  -15.320 0.2857142985
90810  -21.062  14.907  -16.178 0.2857142985
71575  -26.398  -4.199  -13.709 0.7142857313
75779  -26.454  -0.181  -15.240 0.8571428657
78947  -24.678  2.355  -18.258 0.8571428657
91602  -23.070  16.340  -13.906 0.1428571492
57173  -22.066  -17.681  -10.727 0.2857142985
57196  -21.891  -16.997  -11.450 0.2857142985
58234  -23.820  -16.865  -10.663 0.4285714328
59351  -24.166  -16.209  -10.530 0.4285714328
58253  -22.249  -16.350  -12.040 0.2857142985
60479  -23.160  -15.103  -12.153 0.4285714328
58233  -22.766  -16.756  -11.033 0.4285714328
59364  -24.352  -15.438  -10.831 0.4285714328
60507  -22.746  -15.007  -12.484 0.5714285970
61621  -24.481  -13.600  -12.257 0.4285714328
60544  -22.857  -13.506  -13.657 0.2857142985
61638  -23.188  -13.247  -13.443 0.7142857313
63882  -23.115  -11.394  -13.870 0.5714285970
63886  -26.316  -10.686  -12.471 0.4285714328
64977  -23.485  -10.359  -13.718 0.7142857313
64980  -26.116  -9.991  -12.524 0.4285714328
66127  -24.731  -8.675  -14.059 0.7142857313
67175  -25.166  -8.265  -13.549 0.7142857313
66125  -23.276  -9.639  -14.277 0.5714285970
69405  -27.187  -6.101  -13.020 0.5714285970
67191  -23.678  -8.528  -14.759 0.5714285970
68300  -24.149  -7.784  -14.864 0.8571428657
70510  -25.809  -5.335  -14.105 0.7142857313
73681  -25.700  -2.616  -15.639 1.0000000000
76852  -25.927  0.713  -16.560 1.0000000000
74739  -25.484  -1.356  -17.203 1.0000000000
77915  -24.841  1.579  -17.917 0.8571428657
78962  -24.233  2.707  -19.038 0.7142857313
78963  -24.894  2.887  -18.483 1.0000000000
79982  -25.433  3.414  -18.067 1.0000000000
80997  -25.378  4.438  -18.577 0.7142857313
79983  -25.796  3.979  -17.907 1.0000000000
79998  -24.177  3.448  -19.784 0.7142857313
82099  -24.972  5.449  -19.091 0.8571428657
85653  -24.643  9.129  -16.763 0.8571428657
84094  -25.458  7.352  -17.767 1.0000000000
90015  -22.414  14.715  -16.586 0.7142857313
87246  -23.499  11.117  -16.845 0.5714285970
88232  -23.850  12.922  -16.701 0.7142857313
89154  -23.873  13.253  -17.511 0.7142857313
90800  -20.377  15.604  -16.642 0.2857142985
91644  -20.974  16.313  -17.514 0.4285714328
121347  -23.689  13.858  -18.886 0.4285714328
91655  -21.705  16.962  -18.009 0.4285714328
91628  -20.647  16.370  -15.788 0.2857142985
62779  -22.583  -12.298  -14.104 0.4285714328
63901  -22.572  -11.425  -14.268 0.4285714328
90811  -20.941  15.129  -16.925 0.2857142985
91629  -20.332  16.036  -16.420 0.2857142985
55287  -22.399  -19.596  -10.976 0.4285714328
56247  -21.857  -18.586  -10.804 0.2857142985
59363  -23.330  -15.367  -11.437 0.4285714328
62780  -23.034  -12.915  -13.793 0.5714285970
62759  -23.102  -12.055  -13.803 0.5714285970
64981  -26.743  -9.893  -12.441 0.5714285970
66107  -23.961  -9.733  -13.852 0.7142857313
64976  -23.019  -10.675  -13.955 0.7142857313
67192  -24.368  -8.291  -14.323 0.5714285970
69416  -24.531  -7.039  -14.825 0.8571428657
69436  -24.525  -6.310  -15.319 0.8571428657
73682  -25.930  -2.147  -15.368 0.8571428657
87260  -23.900  10.967  -17.649 0.7142857313
88233  -24.051  12.212  -17.325 0.5714285970
88221  -23.211  12.341  -16.202 0.5714285970
89140  -21.599  13.213  -15.709 0.4285714328
89152  -22.032  13.822  -16.207 0.4285714328
121354  -23.529  14.514  -17.791 0.4285714328
89992  -20.974  14.597  -14.910 0.2857142985
90014  -21.549  14.580  -16.114 0.2857142985
91615  -21.174  16.212  -14.995 0.2857142985
91601  -22.636  15.882  -14.157 0.1428571492
79999  -24.669  3.663  -19.039 1.0000000000
93380  -24.017  18.192  -17.768 0.2857142985
94246  -23.241  19.223  -16.432 0.1428571492
94257  -22.097  19.017  -19.359 0.2857142985
93384  -23.978  17.997  -18.996 0.2857142985
121396  -23.541  19.755  -15.643 0.1428571492
121371  -20.453  18.154  -17.140 0.1428571492
121360  -21.705  17.841  -18.393 0.2857142985
121377  -21.270  19.370  -16.555 0.1428571492
121368  -23.765  18.495  -20.260 0.2857142985
121367  -22.942  17.971  -19.347 0.2857142985
121302  -26.689  13.526  -20.099 0.2857142985
121343  -25.291  15.288  -20.381 0.2857142985
121357  -22.496  17.067  -19.279 0.2857142985
121319  -24.496  12.988  -19.503 0.2857142985
121379  -23.374  17.829  -21.097 0.2857142985
121361  -22.053  18.276  -19.117 0.2857142985
121306  -26.488  11.580  -19.391 0.1428571492
88249  -25.397  13.825  -20.029 0.2857142985
90834  -24.272  15.607  -21.133 0.2857142985
121383  -21.572  19.413  -16.621 0.1428571492
121341  -23.130  15.151  -21.486 0.2857142985
121362  -22.493  17.888  -20.407 0.2857142985
86437  -29.023  9.895  -18.838 0.1428571492
121304  -27.813  10.637  -18.643 0.1428571492
121309  -25.925  12.242  -19.778 0.4285714328
89163  -23.886  13.642  -19.312 0.2857142985
84905  -26.807  9.036  -17.303 0.2857142985
85682  -25.632  10.476  -18.438 0.4285714328
121326  -24.570  11.778  -19.330 0.2857142985
84079  -27.875  7.725  -16.402 0.1428571492
85669  -26.998  9.844  -17.632 0.2857142985
121318  -25.032  11.756  -19.439 0.4285714328
85668  -25.700  9.864  -17.819 0.5714285970
121331  -24.979  10.938  -19.080 0.7142857313
83104  -27.679  6.410  -16.249 0.1428571492
84078  -26.728  7.512  -16.831 0.1428571492
84894  -26.101  8.564  -17.236 0.4285714328
82049  -27.723  5.420  -15.728 0.2857142985
82070  -26.948  5.515  -16.223 0.7142857313
85654  -25.338  9.292  -17.029 0.7142857313
83122  -25.479  6.368  -18.039 0.8571428657
84095  -25.975  7.156  -17.071 0.8571428657
84881  -25.585  8.876  -16.818 0.5714285970
80965  -27.712  4.837  -15.031 0.2857142985
84892  -24.548  8.168  -16.803 0.5714285970
84077  -25.779  7.903  -17.151 0.8571428657
79929  -27.642  3.837  -14.560 0.1428571492
82069  -26.154  5.528  -16.700 0.7142857313
74748  -23.361  -1.462  -18.221 0.5714285970
75805  -24.989  -0.379  -18.159 0.8571428657
75804  -24.243  0.151  -18.193 0.8571428657
75818  -23.795  -0.473  -18.169 0.4285714328
76863  -24.409  0.824  -18.071 0.5714285970
79949  -26.065  3.053  -16.186 0.8571428657
82087  -25.596  5.480  -17.364 0.8571428657
79928  -27.190  2.950  -14.831 0.2857142985
79965  -26.157  4.172  -16.372 0.8571428657
78877  -28.571  2.476  -13.595 0.4285714328
79950  -26.526  3.664  -15.578 0.7142857313
80979  -26.521  4.692  -16.268 0.7142857313
73724  -22.202  -2.483  -18.508 0.2857142985
74738  -24.791  -1.460  -17.862 0.5714285970
74749  -24.149  -1.504  -18.125 0.5714285970
78949  -25.831  2.136  -17.158 0.8571428657
78928  -25.671  2.727  -17.142 0.8571428657
79964  -25.872  3.582  -16.972 0.8571428657
78891  -27.258  2.260  -14.706 0.4285714328
78913  -26.320  2.496  -15.824 0.8571428657
77857  -27.799  1.859  -13.882 0.4285714328
69450  -22.790  -6.012  -15.889 0.7142857313
70536  -23.080  -5.365  -16.854 0.4285714328
70523  -23.359  -5.581  -15.987 0.7142857313
71595  -24.694  -4.521  -15.853 0.8571428657
72664  -23.554  -3.831  -17.045 0.5714285970
72680  -23.584  -3.628  -17.843 0.5714285970
72690  -22.772  -3.398  -18.396 0.4285714328
72666  -24.700  -3.494  -16.505 0.8571428657
72681  -24.081  -3.222  -17.777 0.5714285970
73726  -23.848  -2.020  -18.147 0.5714285970
73704  -25.180  -2.567  -16.746 0.8571428657
73717  -24.944  -1.961  -17.375 0.7142857313
73716  -24.349  -2.509  -17.693 0.5714285970
76837  -26.644  0.957  -15.145 0.7142857313
77900  -26.229  1.503  -16.128 0.7142857313
76814  -27.984  0.302  -13.727 0.2857142985
76813  -27.432  0.769  -14.158 0.4285714328
76838  -27.076  1.178  -14.605 0.5714285970
68299  -23.768  -8.043  -15.040 0.4285714328
69434  -22.855  -7.036  -16.053 0.4285714328
69449  -22.289  -6.300  -16.447 0.4285714328
71594  -24.268  -4.824  -16.104 0.7142857313
74686  -27.062  -1.380  -14.517 0.7142857313
75727  -28.042  -0.443  -13.746 0.2857142985
75753  -27.591  -0.295  -14.154 0.5714285970
75780  -26.922  -0.494  -14.688 0.5714285970
67210  -23.025  -8.604  -15.064 0.4285714328
67209  -22.268  -8.399  -15.494 0.5714285970
69435  -23.583  -6.453  -15.635 0.5714285970
70525  -24.771  -5.513  -15.409 0.7142857313
73638  -27.520  -2.248  -13.689 0.4285714328
74664  -27.962  -1.105  -13.636 0.4285714328
65000  -22.627  -10.611  -14.354 0.5714285970
67164  -27.550  -8.275  -12.274 0.4285714328
68268  -27.589  -6.869  -12.323 0.4285714328
71533  -27.998  -4.122  -12.316 0.4285714328
72576  -28.690  -3.340  -12.324 0.4285714328
72595  -27.981  -3.316  -13.113 0.4285714328
60481  -24.924  -14.592  -11.590 0.1428571492
69390  -27.519  -6.028  -12.297 0.4285714328
70485  -27.504  -5.122  -12.439 0.4285714328
70486  -28.221  -4.824  -11.725 0.4285714328
60510  -24.819  -14.013  -12.085 0.1428571492
61594  -25.418  -13.752  -11.884 0.1428571492
62744  -26.382  -12.015  -12.421 0.2857142985
66097  -28.147  -9.326  -12.049 0.2857142985
68270  -29.237  -7.608  -11.445 0.2857142985
67165  -28.693  -8.449  -11.754 0.2857142985
68252  -28.976  -6.621  -11.354 0.2857142985
68269  -28.275  -7.335  -11.618 0.2857142985
69391  -28.258  -5.982  -11.800 0.2857142985
62722  -26.001  -12.951  -12.084 0.2857142985
63867  -27.913  -11.059  -12.311 0.2857142985
64960  -28.431  -10.292  -11.955 0.2857142985
64959  -27.386  -10.058  -12.298 0.2857142985
64958  -26.696  -10.345  -12.401 0.2857142985
60482  -26.097  -14.568  -11.400 0.1428571492
62723  -27.088  -12.864  -12.180 0.2857142985
61595  -26.587  -13.706  -11.738 0.2857142985
62721  -25.090  -12.998  -11.976 0.2857142985
62745  -27.494  -11.929  -12.376 0.2857142985
58254  -24.586  -16.063  -10.402 0.1428571492
59365  -25.560  -15.174  -10.673 0.1428571492
54266  -22.450  -20.485  -10.879 0.2857142985
58235  -24.731  -16.748  -10.341 0.2857142985
54249  -23.894  -20.501  -10.074 0.1428571492
53154  -23.560  -21.564  -10.391 0.2857142985
53153  -22.281  -21.355  -10.498 0.1428571492
69374  -28.934  -5.908  -11.361 0.2857142985
70537  -23.604  -5.198  -16.298 0.7142857313
74665  -28.719  -1.098  -12.850 0.2857142985
75728  -28.525  -0.167  -13.357 0.2857142985
84093  -24.651  7.831  -18.130 0.7142857313
77883  -26.955  1.725  -14.892 0.7142857313
86424  -23.806  10.082  -17.160 0.4285714328
85666  -24.218  9.548  -17.078 0.5714285970
77839  -27.702  1.366  -13.846 0.2857142985
80964  -27.108  4.718  -15.680 0.5714285970
89162  -23.680  14.579  -19.482 0.2857142985
84895  -27.218  8.392  -17.011 0.4285714328
121395  -22.952  19.772  -15.183 0.1428571492
121315  -27.266  11.256  -19.192 0.1428571492
121372  -24.909  18.030  -20.769 0.2857142985
55272  -23.975  -20.033  -10.035 0.1428571492
56250  -24.859  -18.558  -10.135 0.1428571492
60483  -27.160  -14.415  -11.115 0.1428571492
62743  -25.356  -12.392  -12.422 0.2857142985
63866  -26.907  -11.057  -12.320 0.2857142985
62763  -26.170  -11.222  -12.503 0.2857142985
66098  -29.386  -9.570  -11.698 0.2857142985
68321  -23.330  -7.725  -15.306 0.5714285970
70467  -29.082  -5.070  -11.305 0.2857142985
70524  -24.109  -5.372  -15.889 0.5714285970
71631  -22.641  -4.513  -17.849 0.4285714328
71613  -23.267  -4.322  -17.183 0.5714285970
74747  -22.365  -1.582  -18.269 0.2857142985
73725  -23.376  -2.546  -18.299 0.5714285970
70499  -27.134  -5.242  -13.163 0.4285714328
72665  -24.138  -3.503  -17.112 0.7142857313
72596  -28.684  -2.690  -12.687 0.4285714328
73639  -28.315  -2.074  -13.090 0.4285714328
73640  -29.020  -1.915  -12.510 0.1428571492
77917  -26.035  1.744  -16.818 0.8571428657
75752  -26.937  0.255  -14.602 0.5714285970
76792  -27.903  0.954  -13.642 0.2857142985
77856  -27.438  1.662  -14.325 0.5714285970
83123  -25.496  6.429  -17.005 0.8571428657
79909  -29.118  3.609  -13.642 0.2857142985
79930  -28.496  4.060  -14.058 0.1428571492
121370  -20.498  17.190  -17.264 0.2857142985
79951  -27.267  4.240  -15.235 0.4285714328
78893  -28.360  3.277  -14.057 0.4285714328
80942  -28.405  4.840  -14.390 0.1428571492
82050  -28.572  5.459  -15.150 0.1428571492
121382  -21.242  20.015  -15.915 0.1428571492
121325  -25.478  11.575  -19.371 0.2857142985
121314  -26.424  11.081  -18.655 0.2857142985
84906  -27.713  9.121  -17.260 0.1428571492
85670  -28.361  9.577  -18.089 0.1428571492
121303  -27.134  12.942  -19.957 0.2857142985
121301  -27.594  12.422  -19.674 0.1428571492
121305  -28.242  11.882  -19.643 0.1428571492
55290  -25.409  -19.616  -9.995 0.1428571492
76794  -29.272  0.706  -12.879 0.2857142985
86452  -29.617  10.773  -19.093 0.1428571492
121312  -27.963  13.671  -19.277 0.2857142985
55289  -24.378  -19.357  -10.113 0.1428571492
62720  -24.784  -13.092  -12.183 0.2857142985
61622  -24.901  -13.717  -12.105 0.1428571492
62762  -25.509  -11.537  -12.574 0.2857142985
66110  -26.757  -9.165  -12.624 0.4285714328
72640  -25.215  -3.436  -15.846 0.7142857313
77899  -26.004  1.324  -16.711 0.8571428657
78948  -25.327  2.433  -17.718 0.8571428657
121356  -23.246  15.940  -19.748 0.2857142985
80998  -25.799  4.588  -17.708 0.8571428657
92479  -21.353  17.302  -17.698 0.2857142985
121365  -21.183  17.781  -17.720 0.2857142985
71615  -24.311  -3.960  -16.428 0.8571428657
93379  -22.681  18.945  -18.515 0.2857142985
93372  -24.098  18.498  -16.666 0.1428571492
93371  -23.077  18.923  -17.392 0.2857142985
121393  -22.358  19.734  -16.058 0.1428571492
93378  -22.054  19.409  -18.381 0.2857142985
121390  -22.326  19.145  -17.028 0.1428571492
121366  -21.158  18.357  -17.338 0.1428571492
88250  -26.176  13.738  -20.150 0.2857142985
91676  -24.585  16.724  -20.941 0.2857142985
121327  -24.356  14.561  -20.358 0.2857142985
121310  -25.929  13.119  -20.190 0.2857142985
121351  -22.633  16.436  -20.815 0.2857142985
90844  -23.722  16.298  -21.361 0.2857142985
121300  -27.106  12.175  -19.811 0.1428571492
121340  -23.336  14.553  -20.572 0.2857142985
121313  -26.474  10.597  -18.006 0.4285714328
84896  -28.109  8.507  -16.818 0.1428571492
85655  -26.067  9.244  -17.401 0.5714285970
83103  -26.465  6.430  -16.621 0.4285714328
80978  -26.044  4.664  -16.902 0.8571428657
75819  -24.507  -0.983  -18.226 0.5714285970
78929  -26.007  2.452  -16.608 0.8571428657
78914  -26.790  2.483  -15.196 0.4285714328
78892  -27.806  2.541  -14.220 0.5714285970
77882  -26.535  1.835  -15.402 0.7142857313
71614  -23.870  -4.522  -16.490 0.7142857313
73715  -23.997  -3.065  -18.092 0.5714285970
72697  -22.663  -3.605  -18.399 0.4285714328
71640  -22.489  -3.937  -18.324 0.2857142985
73703  -24.639  -3.038  -17.047 0.7142857313
76812  -27.003  0.788  -14.608 0.5714285970
68320  -22.622  -7.704  -15.842 0.5714285970
71532  -27.532  -4.405  -12.705 0.4285714328
66096  -27.452  -9.223  -12.298 0.2857142985
53135  -24.017  -20.977  -10.026 0.1428571492
53136  -24.742  -20.998  -9.825 0.1428571492
121392  -21.913  19.351  -15.361 0.1428571492
55273  -24.698  -20.004  -9.863 0.1428571492
121388  -21.207  18.741  -15.339 0.1428571492
84904  -24.454  7.801  -17.789 0.5714285970
83148  -23.972  6.396  -19.602 0.4285714328
83134  -23.652  6.592  -19.299 0.4285714328
82108  -24.158  5.746  -19.614 0.4285714328
84109  -24.394  7.330  -18.965 0.5714285970
78961  -23.465  2.848  -18.996 0.4285714328
81012  -24.271  4.088  -19.824 0.4285714328
80010  -23.331  3.774  -19.609 0.4285714328
81022  -24.051  4.875  -19.802 0.5714285970
82109  -24.520  5.812  -19.415 0.5714285970
83150  -24.667  6.227  -19.197 0.5714285970
77914  -24.361  1.538  -18.176 0.5714285970
67150  -30.124  -7.792  -11.397 0.1428571492
68253  -29.826  -6.865  -11.197 0.1428571492
67152  -32.015  -8.560  -9.879 0.1428571492
67151  -30.791  -8.433  -10.897 0.1428571492
68256  -32.878  -7.470  -10.252 0.1428571492
66079  -29.901  -9.932  -11.521 0.1428571492
66080  -30.417  -9.653  -11.346 0.1428571492
66082  -32.693  -9.563  -10.325 0.1428571492
66081  -31.430  -9.559  -10.548 0.1428571492
66100  -34.835  -9.357  -12.714 0.1428571492
66083  -33.953  -9.529  -10.513 0.1428571492
67155  -34.919  -8.475  -12.010 0.1428571492
59388  -22.233  -15.213  -12.708 0.2857142985
59387  -21.670  -15.430  -12.916 0.2857142985
63848  -28.719  -11.957  -11.730 0.1428571492
63849  -29.428  -11.604  -11.383 0.1428571492
63869  -29.288  -10.964  -11.590 0.1428571492
62746  -28.260  -11.775  -12.170 0.1428571492
64961  -29.130  -10.513  -11.682 0.1428571492
64943  -30.897  -10.542  -10.760 0.1428571492
64942  -29.898  -10.556  -11.464 0.1428571492
64944  -32.084  -10.532  -10.479 0.1428571492
64945  -33.307  -10.510  -10.562 0.1428571492
64946  -34.302  -10.425  -11.100 0.1428571492
66084  -34.621  -9.426  -11.489 0.1428571492
58277  -22.057  -15.701  -12.476 0.2857142985
58276  -21.466  -16.018  -12.627 0.2857142985
58252  -21.288  -16.670  -12.060 0.2857142985
62724  -28.174  -12.629  -11.917 0.1428571492
62725  -29.018  -12.568  -11.259 0.1428571492
63851  -31.541  -11.503  -10.591 0.1428571492
63850  -30.430  -11.521  -10.898 0.1428571492
63852  -32.735  -11.489  -10.551 0.1428571492
66111  -34.359  -9.527  -13.736 0.1428571492
61596  -27.639  -13.542  -11.501 0.1428571492
61597  -28.625  -13.454  -11.285 0.1428571492
62726  -29.990  -12.499  -10.952 0.1428571492
61598  -29.597  -13.442  -11.135 0.1428571492
62728  -32.195  -12.428  -10.758 0.1428571492
62727  -31.060  -12.470  -10.700 0.1428571492
64947  -34.720  -10.204  -12.051 0.1428571492
63853  -33.873  -11.443  -10.869 0.1428571492
64962  -34.696  -10.466  -13.191 0.1428571492
60484  -28.185  -14.242  -10.818 0.1428571492
60486  -30.184  -14.297  -11.034 0.1428571492
61599  -30.617  -13.411  -10.888 0.1428571492
61601  -32.820  -13.322  -10.822 0.1428571492
62729  -33.317  -12.405  -10.795 0.1428571492
62730  -34.193  -12.327  -11.461 0.1428571492
63854  -34.569  -11.269  -12.016 0.1428571492
59370  -30.706  -15.142  -10.907 0.1428571492
60485  -29.188  -14.343  -11.185 0.1428571492
60488  -32.370  -14.298  -10.799 0.1428571492
60487  -31.242  -14.313  -11.053 0.1428571492
61602  -33.769  -13.247  -11.225 0.1428571492
63868  -28.709  -11.171  -11.799 0.1428571492
64982  -34.171  -10.236  -13.937 0.1428571492
66112  -34.354  -8.826  -13.892 0.1428571492
67166  -29.662  -8.451  -11.644 0.1428571492
68254  -30.628  -7.135  -10.742 0.1428571492
63870  -34.654  -11.505  -13.385 0.1428571492
65002  -34.177  -10.148  -14.211 0.1428571492
67194  -34.425  -9.270  -14.324 0.1428571492
66101  -34.692  -8.906  -13.506 0.1428571492
67168  -34.775  -8.422  -12.996 0.1428571492
67154  -34.318  -8.509  -11.042 0.1428571492
69376  -30.513  -6.053  -11.028 0.1428571492
69375  -29.587  -5.922  -11.255 0.1428571492
121320  -27.235  14.632  -19.314 0.1428571492
71514  -28.925  -3.899  -11.625 0.1428571492
67167  -30.229  -8.390  -11.491 0.1428571492
66099  -30.142  -8.900  -11.533 0.1428571492
67153  -33.358  -8.545  -10.341 0.1428571492
68255  -31.612  -7.356  -10.177 0.1428571492
61600  -31.719  -13.375  -10.932 0.1428571492
53152  -21.137  -21.989  -10.900 0.1428571492
53173  -20.898  -21.157  -11.405 0.1428571492
53174  -21.510  -21.255  -11.048 0.1428571492
54287  -21.651  -20.451  -11.190 0.1428571492
55315  -21.695  -19.701  -11.254 0.1428571492
56246  -21.372  -18.407  -11.281 0.1428571492
57195  -21.146  -17.598  -11.445 0.1428571492
57172  -21.545  -18.063  -10.991 0.1428571492
56273  -20.777  -18.633  -11.581 0.1428571492
58274  -19.956  -16.274  -12.431 0.1428571492
58275  -20.625  -16.212  -12.662 0.1428571492
59386  -20.858  -15.504  -13.283 0.1428571492
59399  -21.100  -15.059  -13.677 0.2857142985
59400  -21.532  -15.045  -13.328 0.1428571492
60525  -21.397  -14.538  -13.752 0.1428571492
60543  -22.418  -13.811  -13.704 0.1428571492
61655  -22.627  -13.217  -13.921 0.2857142985
66142  -21.777  -9.479  -15.216 0.4285714328
66143  -22.612  -9.295  -14.872 0.4285714328
76878  -23.696  0.681  -18.251 0.2857142985
77928  -23.093  1.517  -18.196 0.2857142985
77929  -23.898  1.763  -18.398 0.2857142985
82084  -22.867  5.384  -17.733 0.2857142985
83121  -23.547  6.495  -18.600 0.2857142985
84092  -23.937  7.428  -18.374 0.2857142985
84903  -24.438  7.595  -17.271 0.4285714328
60524  -20.532  -14.739  -13.778 0.1428571492
61636  -20.975  -14.005  -14.216 0.2857142985
55314  -21.103  -19.623  -11.449 0.1428571492
57194  -20.155  -17.634  -11.606 0.1428571492
58251  -20.421  -16.889  -12.111 0.1428571492
61654  -21.745  -13.372  -14.108 0.2857142985
61653  -20.765  -13.148  -14.450 0.2857142985
63900  -21.916  -11.336  -14.612 0.4285714328
64999  -22.089  -10.659  -14.741 0.4285714328
66141  -20.971  -9.779  -15.627 0.2857142985
76877  -22.823  0.383  -17.980 0.2857142985
77927  -22.064  1.099  -17.606 0.2857142985
78977  -23.584  3.412  -19.821 0.2857142985
80996  -22.735  4.173  -18.294 0.2857142985
80995  -22.215  4.516  -17.528 0.2857142985
82098  -23.597  5.586  -19.062 0.2857142985
62778  -21.370  -12.351  -14.710 0.2857142985
76876  -21.637  0.150  -17.921 0.2857142985
78960  -22.550  2.357  -17.790 0.2857142985
78946  -22.578  2.784  -16.985 0.2857142985
79997  -22.900  3.500  -18.579 0.2857142985
79980  -22.097  3.545  -16.952 0.2857142985
81021  -23.632  4.709  -19.693 0.2857142985
78959  -21.270  1.706  -17.113 0.2857142985
78945  -21.745  2.557  -16.688 0.2857142985
65017  -22.188  -10.083  -14.772 0.4285714328
55286  -21.558  -19.099  -11.292 0.1428571492
61637  -21.495  -14.029  -14.004 0.1428571492
65016  -21.451  -10.510  -14.945 0.4285714328
81010  -22.916  4.693  -18.193 0.2857142985
78944  -20.627  2.506  -16.986 0.2857142985
67218  -21.733  -8.294  -15.998 0.2857142985
91665  -28.510  16.513  -18.118 0.1428571492
90821  -28.368  16.386  -18.586 0.1428571492
91670  -27.603  17.367  -20.068 0.1428571492
90826  -26.788  15.510  -19.551 0.1428571492
90030  -26.782  15.120  -19.250 0.1428571492
121338  -29.251  16.264  -17.459 0.1428571492
91678  -26.935  17.352  -20.224 0.1428571492
92488  -25.383  18.718  -19.575 0.1428571492
92461  -25.957  17.430  -15.237 0.1428571492
68331  -22.015  -7.619  -16.357 0.2857142985
121328  -27.904  14.829  -19.149 0.1428571492
90038  -26.624  14.628  -19.688 0.1428571492
90827  -27.685  15.869  -19.100 0.1428571492
121334  -25.435  14.552  -20.134 0.1428571492
92495  -26.217  18.511  -20.356 0.1428571492
90037  -26.190  15.047  -19.841 0.1428571492
92482  -26.581  17.971  -18.793 0.1428571492
92472  -26.538  17.458  -17.076 0.1428571492
93381  -24.797  18.328  -17.926 0.1428571492
92470  -24.516  18.122  -17.062 0.1428571492
93385  -24.765  18.439  -18.500 0.1428571492
90836  -26.479  16.074  -20.159 0.1428571492
91677  -25.751  17.047  -20.574 0.1428571492
91664  -27.743  17.110  -19.006 0.1428571492
90813  -28.100  16.790  -17.622 0.1428571492
92496  -27.134  18.022  -20.276 0.1428571492
92483  -27.415  18.049  -19.253 0.1428571492
91648  -29.164  16.498  -16.702 0.1428571492
92489  -26.953  18.703  -19.834 0.1428571492
77926  -20.812  0.960  -17.825 0.1428571492
79979  -20.902  3.276  -17.010 0.1428571492
82081  -18.492  5.206  -17.258 0.1428571492
82083  -20.027  5.315  -16.813 0.1428571492
75817  -22.554  -0.629  -18.004 0.1428571492
80993  -20.254  4.484  -17.165 0.1428571492
83100  -20.331  6.156  -16.448 0.1428571492
83101  -21.518  6.220  -16.484 0.1428571492
71630  -21.548  -4.735  -17.975 0.1428571492
74746  -21.279  -1.623  -18.218 0.1428571492
76875  -20.551  0.098  -18.556 0.1428571492
78876  -28.058  2.122  -13.748 0.1428571492
80977  -21.564  4.867  -16.819 0.1428571492
83120  -23.494  6.143  -17.722 0.1428571492
83102  -22.749  6.026  -16.790 0.1428571492
84074  -23.787  7.054  -17.000 0.2857142985
84891  -23.645  7.962  -16.731 0.2857142985
87257  -21.478  10.618  -15.730 0.2857142985
86409  -21.262  10.015  -15.280 0.2857142985
88220  -21.857  12.371  -15.945 0.2857142985
121373  -19.656  17.522  -16.610 0.1428571492
89978  -21.980  14.448  -13.772 0.1428571492
84075  -24.146  7.325  -17.224 0.2857142985
86423  -22.518  9.875  -16.190 0.2857142985
86410  -21.946  9.313  -15.819 0.2857142985
87259  -23.200  10.684  -16.681 0.2857142985
86422  -21.809  10.337  -15.770 0.2857142985
89151  -21.491  13.963  -15.660 0.1428571492
87226  -20.130  11.690  -15.054 0.2857142985
121384  -20.911  17.260  -15.075 0.1428571492
91617  -22.668  17.161  -14.204 0.1428571492
85639  -21.819  8.766  -15.456 0.1428571492
84073  -22.087  6.839  -16.156 0.2857142985
87227  -20.025  10.646  -15.123 0.2857142985
89139  -20.870  13.497  -15.131 0.1428571492
87242  -20.529  12.026  -15.310 0.2857142985
89126  -20.817  13.492  -14.249 0.1428571492
89138  -20.653  12.864  -14.478 0.1428571492
84072  -20.731  6.863  -16.176 0.2857142985
87213  -20.792  11.172  -14.221 0.1428571492
89113  -21.956  13.748  -13.021 0.1428571492
88195  -20.134  12.051  -13.324 0.1428571492
81990  -18.806  6.452  -13.664 0.1428571492
75729  -29.543  -0.260  -12.603 0.1428571492
75824  -20.137  -0.505  -18.629 0.1428571492
77841  -29.060  1.592  -13.277 0.1428571492
76887  -20.120  -0.224  -18.557 0.1428571492
78957  -19.312  2.106  -18.458 0.1428571492
79995  -19.597  2.675  -18.121 0.1428571492
80991  -17.998  4.573  -17.430 0.1428571492
80976  -20.851  4.904  -16.719 0.1428571492
84071  -19.736  6.739  -16.148 0.1428571492
82068  -22.064  5.380  -16.876 0.1428571492
84890  -22.574  7.752  -16.251 0.1428571492
85651  -22.564  8.768  -16.317 0.2857142985
87202  -20.238  11.057  -12.966 0.1428571492
87214  -20.400  10.343  -14.842 0.2857142985
88208  -20.489  12.177  -14.306 0.1428571492
90006  -21.216  14.577  -15.582 0.1428571492
89112  -21.188  13.076  -13.261 0.1428571492
89977  -21.053  14.126  -14.030 0.1428571492
76793  -28.495  0.815  -13.407 0.1428571492
87245  -23.040  11.351  -16.390 0.2857142985
90791  -21.598  15.303  -14.671 0.1428571492
87244  -22.225  11.666  -16.131 0.2857142985
88219  -20.976  12.510  -15.469 0.2857142985
91616  -22.036  16.435  -14.401 0.1428571492
72689  -22.007  -3.282  -18.575 0.1428571492
85652  -23.688  9.086  -16.650 0.2857142985
84091  -23.819  6.730  -17.983 0.1428571492
78958  -20.330  2.156  -18.102 0.1428571492
79978  -19.945  3.333  -17.811 0.1428571492
77925  -19.978  1.158  -18.580 0.1428571492
76874  -19.750  0.249  -18.544 0.1428571492
80992  -19.005  4.124  -17.644 0.1428571492
83119  -20.089  5.741  -16.642 0.1428571492
75816  -21.385  -0.723  -18.141 0.1428571492
82067  -21.149  5.514  -16.596 0.1428571492
75815  -20.318  -0.738  -18.550 0.1428571492
87243  -21.109  11.369  -15.592 0.2857142985
87258  -22.122  10.841  -16.168 0.2857142985
86394  -20.218  9.713  -14.794 0.1428571492
121387  -22.186  17.729  -14.392 0.1428571492
88218  -20.498  12.469  -14.991 0.2857142985
61635  -19.891  -13.657  -14.171 0.1428571492
62777  -20.482  -12.528  -14.916 0.1428571492
62758  -19.064  -12.939  -14.050 0.1428571492
63898  -19.123  -11.557  -14.433 0.1428571492
64998  -19.360  -10.886  -14.712 0.1428571492
62790  -20.168  -11.978  -15.068 0.1428571492
65014  -19.840  -10.729  -15.184 0.1428571492
63899  -19.736  -11.509  -14.905 0.1428571492
62791  -20.750  -11.870  -15.095 0.1428571492
66140  -19.993  -9.792  -15.607 0.1428571492
65015  -20.554  -10.541  -15.202 0.1428571492
63918  -21.352  -11.154  -14.754 0.1428571492
66123  -19.213  -10.118  -15.069 0.1428571492
67217  -21.147  -8.223  -16.103 0.1428571492
69448  -21.486  -6.645  -16.608 0.1428571492
69459  -21.872  -6.010  -16.960 0.1428571492
62792  -21.249  -11.602  -14.858 0.1428571492
61634  -18.766  -13.640  -13.281 0.1428571492
62776  -19.690  -12.431  -14.566 0.1428571492
70535  -22.349  -5.655  -17.003 0.1428571492
61652  -20.218  -12.937  -14.529 0.1428571492
67208  -21.379  -8.850  -15.715 0.1428571492
63881  -18.492  -11.598  -13.978 0.1428571492
63916  -20.306  -11.325  -15.090 0.1428571492
66139  -19.209  -9.206  -15.385 0.1428571492
63917  -20.889  -11.170  -14.876 0.1428571492
64996  -17.959  -10.003  -14.326 0.1428571492
54250  -24.369  -20.501  -9.889 0.1428571492
54251  -24.931  -20.494  -9.782 0.1428571492
59401  -21.941  -15.082  -13.059 0.2857142985
60478  -22.874  -15.211  -12.253 0.5714285970
60542  -21.866  -14.084  -13.771 0.1428571492
61593  -24.848  -13.362  -12.131 0.2857142985
61656  -22.952  -13.244  -13.751 0.2857142985
65001  -22.985  -10.274  -13.965 0.7142857313
66128  -34.119  -9.778  -14.243 0.1428571492
67178  -34.253  -9.042  -14.159 0.1428571492
71553  -27.653  -4.050  -12.874 0.4285714328
71639  -21.881  -3.983  -18.341 0.2857142985
71643  -22.235  -3.687  -18.433 0.2857142985
71644  -22.466  -3.747  -18.395 0.2857142985
72696  -22.441  -3.513  -18.464 0.4285714328
73659  -25.961  -3.051  -15.187 0.8571428657
74706  -25.934  -2.023  -15.675 0.8571428657
75754  -28.045  -0.165  -13.762 0.2857142985
75807  -25.780  -0.673  -16.663 1.0000000000
75823  -19.933  -0.374  -18.644 0.1428571492
76888  -20.314  -0.378  -18.593 0.1428571492
77840  -28.213  1.587  -13.586 0.2857142985
78978  -23.826  3.177  -19.805 0.7142857313
79963  -25.504  3.054  -17.427 0.8571428657
79977  -19.262  3.516  -17.784 0.1428571492
79981  -22.501  3.801  -17.875 0.2857142985
79996  -22.713  3.210  -17.597 0.2857142985
80011  -23.778  3.893  -20.179 0.4285714328
80975  -20.377  5.030  -16.772 0.1428571492
80994  -21.313  4.285  -16.997 0.2857142985
81011  -23.346  4.443  -18.871 0.2857142985
81023  -24.413  5.313  -19.453 0.5714285970
81991  -19.210  6.085  -13.624 0.1428571492
82066  -20.469  5.467  -16.635 0.1428571492
82080  -17.840  5.296  -17.476 0.1428571492
82082  -19.384  5.178  -17.058 0.1428571492
82085  -23.441  5.765  -18.334 0.2857142985
82097  -23.470  5.101  -18.353 0.2857142985
82107  -23.856  5.685  -19.560 0.4285714328
83028  -19.477  6.506  -14.241 0.1428571492
83029  -19.225  6.652  -13.689 0.1428571492
83118  -19.699  5.874  -16.840 0.1428571492
83149  -24.289  6.277  -19.468 0.5714285970
84108  -23.995  7.064  -19.411 0.4285714328
84122  -24.124  6.656  -19.489 0.4285714328
84123  -24.319  6.749  -19.277 0.5714285970
84124  -24.615  6.747  -18.923 0.5714285970
84880  -25.376  8.923  -16.666 0.8571428657
85640  -25.413  9.104  -16.768 0.8571428657
85641  -25.636  9.078  -16.944 0.5714285970
86436  -24.256  9.822  -17.526 0.5714285970
89125  -20.627  12.648  -13.756 0.1428571492
89171  -26.754  14.129  -19.977 0.1428571492
89177  -26.119  14.305  -20.092 0.2857142985
89993  -21.378  14.572  -14.377 0.1428571492
90835  -25.232  16.130  -20.598 0.2857142985
90837  -27.324  16.788  -20.027 0.1428571492
90843  -23.038  16.778  -21.348 0.2857142985
91642  -19.927  16.606  -16.309 0.2857142985
91643  -20.014  16.191  -17.008 0.2857142985
91654  -21.452  17.537  -18.107 0.2857142985
91669  -27.298  17.629  -20.217 0.1428571492
91679  -27.382  17.189  -20.156 0.1428571492
91685  -23.877  17.189  -21.154 0.2857142985
92469  -21.246  17.140  -17.414 0.2857142985
92480  -24.827  18.191  -17.450 0.1428571492
92490  -27.548  17.989  -19.874 0.1428571492
92497  -27.517  17.859  -20.141 0.1428571492
92502  -26.334  17.912  -20.533 0.1428571492
92503  -26.838  17.820  -20.363 0.1428571492
93370  -22.285  19.318  -17.927 0.2857142985
94252  -21.506  19.125  -17.961 0.2857142985
94253  -22.011  19.498  -18.717 0.2857142985
121311  -27.308  13.858  -19.699 0.2857142985
121323  -25.117  11.386  -19.310 0.4285714328
121342  -23.563  15.723  -21.510 0.2857142985
121344  -28.580  16.336  -17.272 0.1428571492
121345  -23.848  13.399  -18.550 0.2857142985
121350  -22.936  15.202  -20.470 0.2857142985
121352  -22.782  16.029  -21.541 0.2857142985
121353  -23.180  15.946  -21.644 0.2857142985
121358  -22.536  17.204  -20.920 0.2857142985
121363  -22.642  17.037  -21.104 0.2857142985
121364  -22.527  17.447  -20.945 0.2857142985
121369  -22.725  17.451  -21.105 0.2857142985
121375  -21.151  18.644  -16.776 0.1428571492
121376  -20.952  19.420  -16.385 0.1428571492
121378  -21.421  19.115  -16.723 0.1428571492
121380  -20.002  17.146  -15.787 0.2857142985
121381  -20.548  19.684  -15.765 0.1428571492
121386  -21.236  19.379  -15.612 0.1428571492
121389  -21.378  19.268  -15.310 0.1428571492
