#!ascii label  , from subject 3328 vox2ras=TkReg
1239
103354  46.088  14.615  31.775 0.0000000000
104321  53.279  15.397  36.356 0.0000000000
135425  46.764  6.862  25.222 0.0000000000
102384  42.137  13.059  31.886 0.0000000000
97250  42.924  8.962  28.916 0.0000000000
109198  49.343  20.152  34.358 0.0000000000
105380  48.840  16.299  37.471 0.0000000000
111079  47.704  22.548  35.377 0.0000000000
90374  47.639  1.889  31.844 0.0000000000
135375  51.237  2.237  28.101 0.0000000000
103352  51.938  14.349  32.873 0.0000000000
100490  48.207  11.824  26.704 0.0000000000
99437  54.378  10.043  29.593 0.0000000000
96248  47.081  7.752  30.624 0.0000000000
113939  47.813  26.338  28.917 0.0000000000
111996  52.323  23.362  35.338 0.0000000000
90465  45.096  3.120  22.645 0.0000000000
104402  43.940  15.312  30.916 0.0000000000
99439  42.564  10.739  30.548 0.0000000000
101420  45.005  12.493  29.686 0.0000000000
105416  48.567  16.619  34.813 0.0000000000
104354  44.994  15.519  34.401 0.0000000000
108282  46.070  19.979  37.617 0.0000000000
90280  50.453  1.808  36.955 0.0000000000
91409  52.630  2.392  35.631 0.0000000000
90245  52.569  1.494  39.510 0.0000000000
113057  51.397  24.420  26.382 0.0000000000
104347  54.058  15.487  34.306 0.0000000000
101402  53.757  12.726  31.139 0.0000000000
101394  54.172  12.072  32.713 0.0000000000
99365  50.578  10.126  35.213 0.0000000000
98277  50.809  9.594  32.541 0.0000000000
96228  46.498  7.826  32.908 0.0000000000
92497  42.232  4.121  31.296 0.0000000000
109163  50.516  20.252  38.350 0.0000000000
111077  50.175  22.775  35.511 0.0000000000
108278  53.264  19.257  37.337 0.0000000000
107426  52.280  18.406  35.123 0.0000000000
99489  48.800  10.132  24.499 0.0000000000
97288  45.705  8.655  24.150 0.0000000000
135424  46.410  5.313  23.608 0.0000000000
96270  40.559  7.454  29.110 0.0000000000
93488  42.036  4.489  27.496 0.0000000000
112041  50.969  23.071  32.269 0.0000000000
110175  48.095  21.006  32.990 0.0000000000
104323  51.167  15.228  36.088 0.0000000000
100411  53.182  11.393  34.081 0.0000000000
115524  43.607  27.631  34.167 0.0000000000
113908  44.939  25.811  32.540 0.0000000000
108268  48.824  19.437  38.582 0.0000000000
135388  44.335  3.137  27.892 0.0000000000
90431  46.054  1.608  26.485 0.0000000000
91465  48.539  2.177  29.968 0.0000000000
90336  53.466  1.537  32.826 0.0000000000
102352  49.316  13.649  33.350 0.0000000000
103372  48.017  14.033  29.349 0.0000000000
102404  51.035  13.088  29.555 0.0000000000
100487  51.587  11.491  26.901 0.0000000000
98336  49.908  9.633  26.751 0.0000000000
98252  55.481  9.537  32.827 0.0000000000
98315  50.459  9.062  29.460 0.0000000000
97259  46.001  8.580  28.166 0.0000000000
135385  43.185  4.104  29.309 0.0000000000
90342  45.664  1.069  33.435 0.0000000000
116352  51.206  28.863  27.509 0.0000000000
112085  49.855  24.123  28.966 0.0000000000
114737  50.438  26.305  32.410 0.0000000000
112995  52.285  24.189  33.017 0.0000000000
110162  51.825  21.437  34.983 0.0000000000
106449  51.133  17.324  34.284 0.0000000000
100493  45.205  11.009  27.671 0.0000000000
96291  43.668  7.020  26.395 0.0000000000
90434  43.155  1.760  26.129 0.0000000000
90440  47.095  1.103  24.506 0.0000000000
103364  45.499  15.273  31.408 0.0000000000
102412  44.343  14.204  29.726 0.0000000000
103386  45.602  14.367  29.771 0.0000000000
103340  47.499  14.436  33.907 0.0000000000
104352  46.986  15.723  34.662 0.0000000000
103342  45.215  14.812  33.020 0.0000000000
104385  44.512  15.412  32.545 0.0000000000
91375  52.023  2.695  38.759 0.0000000000
91388  53.013  2.692  37.814 0.0000000000
90229  53.360  1.997  40.974 0.0000000000
90413  41.181  1.648  28.241 0.0000000000
104332  54.104  15.494  35.622 0.0000000000
102349  54.518  13.696  33.419 0.0000000000
102337  53.973  13.764  34.247 0.0000000000
99384  48.845  10.667  34.705 0.0000000000
98260  48.315  9.846  33.361 0.0000000000
107400  52.005  17.977  38.041 0.0000000000
108264  52.335  19.406  38.264 0.0000000000
105360  53.173  17.549  37.311 0.0000000000
105389  53.630  17.189  36.066 0.0000000000
97293  48.390  8.933  24.231 0.0000000000
97303  46.842  8.144  23.498 0.0000000000
135399  46.407  5.299  24.218 0.0000000000
101395  41.450  12.297  33.005 0.0000000000
100449  41.759  11.434  31.803 0.0000000000
99451  42.800  10.357  29.666 0.0000000000
97236  41.431  8.978  29.690 0.0000000000
97264  41.294  7.856  28.542 0.0000000000
95328  41.603  6.481  28.817 0.0000000000
135396  42.088  6.697  28.507 0.0000000000
111094  50.152  22.254  33.830 0.0000000000
111109  49.643  22.032  32.826 0.0000000000
109219  48.876  20.816  33.993 0.0000000000
104395  41.871  15.528  31.722 0.0000000000
102355  41.615  14.193  32.977 0.0000000000
105379  49.967  16.432  37.484 0.0000000000
103295  50.673  14.133  35.951 0.0000000000
103296  49.634  13.971  36.112 0.0000000000
106410  47.450  17.530  38.317 0.0000000000
108281  47.022  20.028  37.719 0.0000000000
106409  48.577  17.597  38.085 0.0000000000
106408  49.706  18.009  38.237 0.0000000000
91480  45.867  1.891  29.601 0.0000000000
91493  46.316  2.141  28.583 0.0000000000
91459  48.053  2.032  30.972 0.0000000000
90307  53.764  1.808  36.350 0.0000000000
91416  53.329  1.977  34.687 0.0000000000
90321  53.456  1.521  34.981 0.0000000000
102350  50.838  14.198  33.111 0.0000000000
101405  50.075  12.683  31.054 0.0000000000
102377  51.600  13.152  31.744 0.0000000000
101429  54.862  12.099  29.388 0.0000000000
101443  53.771  12.071  28.416 0.0000000000
99456  54.084  10.826  28.112 0.0000000000
98334  51.659  10.274  26.994 0.0000000000
98325  52.102  9.914  27.596 0.0000000000
99361  55.036  10.361  35.487 0.0000000000
99378  55.282  10.390  34.515 0.0000000000
97175  55.970  8.559  34.621 0.0000000000
97223  48.574  8.643  31.609 0.0000000000
98291  50.888  9.432  31.708 0.0000000000
97244  48.342  8.703  29.835 0.0000000000
98328  48.282  9.312  28.510 0.0000000000
96266  46.225  8.453  29.660 0.0000000000
96269  44.286  6.987  28.301 0.0000000000
95319  44.283  7.188  29.836 0.0000000000
90360  43.165  1.288  32.525 0.0000000000
90378  44.130  1.477  31.671 0.0000000000
115543  49.573  27.967  28.631 0.0000000000
114784  49.689  26.569  27.637 0.0000000000
113037  48.426  24.962  28.972 0.0000000000
112977  46.237  23.981  34.254 0.0000000000
113907  45.911  25.610  32.522 0.0000000000
112025  47.440  23.736  33.996 0.0000000000
111075  51.677  23.303  35.810 0.0000000000
112987  50.128  24.693  33.607 0.0000000000
112976  51.788  24.526  34.277 0.0000000000
113903  51.402  25.677  32.481 0.0000000000
112984  52.549  23.956  34.025 0.0000000000
112019  52.339  23.206  33.829 0.0000000000
110159  52.405  21.806  35.663 0.0000000000
105437  52.435  16.545  33.815 0.0000000000
107427  51.498  18.378  34.649 0.0000000000
105438  51.440  16.642  33.764 0.0000000000
104371  50.389  15.207  33.686 0.0000000000
102432  48.622  13.197  27.840 0.0000000000
101448  47.108  12.855  28.206 0.0000000000
100491  46.974  11.486  26.817 0.0000000000
135400  44.738  6.018  24.433 0.0000000000
96299  44.621  7.139  25.099 0.0000000000
135397  43.578  4.122  23.861 0.0000000000
135391  42.705  3.353  25.050 0.0000000000
90452  43.813  2.248  24.698 0.0000000000
91503  49.487  2.013  27.557 0.0000000000
90441  46.209  1.746  24.988 0.0000000000
90421  48.433  1.358  26.938 0.0000000000
103378  42.985  14.260  31.297 0.0000000000
100448  42.543  11.553  31.213 0.0000000000
102398  43.093  13.622  30.632 0.0000000000
100457  44.069  11.615  29.936 0.0000000000
100468  44.276  11.040  29.484 0.0000000000
107429  49.498  18.440  34.721 0.0000000000
104393  43.350  15.554  31.501 0.0000000000
90326  48.674  1.422  34.402 0.0000000000
90338  49.400  1.880  33.375 0.0000000000
91411  50.958  2.277  35.858 0.0000000000
91401  53.888  2.459  36.971 0.0000000000
104368  53.002  15.735  33.521 0.0000000000
103362  53.175  13.815  32.083 0.0000000000
103349  54.447  13.797  32.640 0.0000000000
101401  54.357  12.480  31.211 0.0000000000
100447  55.192  11.039  31.204 0.0000000000
98225  52.802  9.280  35.472 0.0000000000
98240  52.953  9.488  34.456 0.0000000000
99381  51.232  10.290  34.149 0.0000000000
97214  48.709  9.280  32.406 0.0000000000
97225  46.726  7.637  31.657 0.0000000000
95308  44.610  6.996  31.087 0.0000000000
95294  44.639  6.476  32.172 0.0000000000
93461  43.063  5.106  32.549 0.0000000000
90362  41.809  2.606  32.924 0.0000000000
115546  46.817  28.344  29.478 0.0000000000
111054  49.865  21.461  37.115 0.0000000000
111078  48.953  22.471  35.484 0.0000000000
111053  50.590  21.659  37.025 0.0000000000
110135  52.236  21.534  37.590 0.0000000000
110150  52.567  21.716  36.703 0.0000000000
109189  52.617  20.670  36.452 0.0000000000
108294  53.474  19.061  36.309 0.0000000000
105396  53.602  16.883  35.289 0.0000000000
99478  48.532  10.568  25.268 0.0000000000
99479  47.556  10.473  25.486 0.0000000000
99499  47.044  10.229  23.700 0.0000000000
135416  45.850  6.959  23.891 0.0000000000
91544  45.864  3.725  22.520 0.0000000000
135374  52.143  2.116  28.597 0.0000000000
90419  51.344  1.620  27.813 0.0000000000
97238  39.833  8.427  30.460 0.0000000000
99440  41.668  10.321  30.658 0.0000000000
97237  40.755  8.566  29.651 0.0000000000
95330  40.173  6.396  29.697 0.0000000000
94429  40.802  5.294  28.950 0.0000000000
93489  40.723  4.316  27.959 0.0000000000
91510  41.177  2.711  27.529 0.0000000000
110207  51.301  21.976  30.969 0.0000000000
110209  49.224  22.078  31.277 0.0000000000
104322  52.201  15.231  36.478 0.0000000000
103306  52.920  14.255  35.473 0.0000000000
102313  51.918  13.754  35.977 0.0000000000
100406  52.023  11.279  35.504 0.0000000000
99348  53.747  10.817  36.612 0.0000000000
99315  55.310  9.844  37.995 0.0000000000
98211  52.714  9.189  36.516 0.0000000000
114731  44.167  26.206  32.868 0.0000000000
112027  45.162  23.869  33.955 0.0000000000
111080  46.639  22.566  35.631 0.0000000000
110139  48.050  21.292  37.364 0.0000000000
109164  49.521  20.146  38.395 0.0000000000
107386  50.986  18.568  38.412 0.0000000000
135389  44.932  4.793  26.091 0.0000000000
91531  45.326  3.879  24.794 0.0000000000
91514  45.599  2.387  27.049 0.0000000000
91492  47.403  2.016  28.185 0.0000000000
91490  49.496  2.354  28.412 0.0000000000
91426  50.858  2.196  32.581 0.0000000000
91440  51.534  2.250  31.464 0.0000000000
91455  52.270  2.108  30.319 0.0000000000
102367  47.809  13.473  32.227 0.0000000000
102394  47.107  14.127  30.506 0.0000000000
101407  48.813  13.205  30.651 0.0000000000
102406  49.462  13.469  29.348 0.0000000000
101446  50.294  12.980  28.310 0.0000000000
101415  52.486  12.743  30.430 0.0000000000
101445  51.633  12.994  28.495 0.0000000000
100488  50.373  11.773  26.893 0.0000000000
99476  50.398  10.619  26.251 0.0000000000
98345  49.796  9.929  25.428 0.0000000000
97286  47.458  8.725  25.963 0.0000000000
100425  53.968  11.354  33.485 0.0000000000
99419  55.291  10.457  32.692 0.0000000000
98287  54.888  9.620  30.664 0.0000000000
98254  54.130  9.347  33.118 0.0000000000
98289  52.922  9.511  31.111 0.0000000000
98302  52.986  9.557  29.888 0.0000000000
98327  49.556  9.426  28.170 0.0000000000
98338  47.555  9.469  27.615 0.0000000000
135412  45.929  7.667  26.388 0.0000000000
135409  44.953  7.113  27.410 0.0000000000
135384  43.612  3.872  28.124 0.0000000000
90401  45.579  1.686  30.326 0.0000000000
92503  42.527  4.146  30.500 0.0000000000
90393  44.077  1.845  30.677 0.0000000000
90356  47.132  1.561  32.654 0.0000000000
90313  47.957  1.279  35.394 0.0000000000
114782  51.452  26.740  27.085 0.0000000000
112100  50.359  23.817  27.996 0.0000000000
112070  51.107  23.702  29.782 0.0000000000
112988  48.974  24.563  33.637 0.0000000000
113918  48.420  25.163  30.368 0.0000000000
113003  49.546  24.868  31.173 0.0000000000
113008  51.784  24.354  31.082 0.0000000000
112050  52.250  23.673  30.731 0.0000000000
112039  52.142  23.540  32.156 0.0000000000
111093  51.495  22.697  33.608 0.0000000000
109197  50.279  20.406  34.585 0.0000000000
109195  52.213  20.343  35.610 0.0000000000
108306  50.890  19.381  34.790 0.0000000000
107428  50.494  18.383  34.617 0.0000000000
105415  49.604  16.632  34.492 0.0000000000
103339  48.739  14.260  33.958 0.0000000000
103385  46.620  14.049  29.436 0.0000000000
100476  45.672  11.690  28.816 0.0000000000
99471  43.896  10.195  27.948 0.0000000000
98349  45.347  9.583  25.871 0.0000000000
97280  44.019  8.926  26.611 0.0000000000
97273  43.075  8.216  27.518 0.0000000000
135386  42.830  5.900  27.172 0.0000000000
92525  42.039  2.901  26.403 0.0000000000
91537  45.988  3.662  23.656 0.0000000000
90450  46.261  1.909  23.650 0.0000000000
90457  46.420  1.358  23.294 0.0000000000
89320  48.910  0.761  27.208 0.0000000000
89341  46.264  0.270  25.113 0.0000000000
89143  50.587  0.480  41.517 0.0000000000
89154  50.495  0.516  40.535 0.0000000000
103375  45.262  15.087  30.605 0.0000000000
103363  46.125  14.838  30.953 0.0000000000
102354  47.183  13.715  32.985 0.0000000000
103341  46.240  14.450  32.989 0.0000000000
103355  45.417  15.038  32.249 0.0000000000
91353  53.819  3.069  40.230 0.0000000000
103304  53.919  14.829  34.777 0.0000000000
103305  53.571  14.708  35.352 0.0000000000
105376  52.871  17.056  37.391 0.0000000000
106406  52.701  17.731  37.702 0.0000000000
104308  53.391  16.329  36.921 0.0000000000
104307  53.595  16.569  36.571 0.0000000000
97294  47.882  8.581  24.749 0.0000000000
96304  47.208  7.616  24.626 0.0000000000
135422  46.541  6.222  25.130 0.0000000000
101409  41.845  12.506  32.140 0.0000000000
100440  41.559  11.724  32.726 0.0000000000
97251  41.833  8.703  29.092 0.0000000000
97263  41.681  8.070  28.372 0.0000000000
96277  42.367  7.422  27.938 0.0000000000
109218  49.572  20.866  34.279 0.0000000000
110173  49.474  21.426  33.815 0.0000000000
102369  42.487  14.156  32.048 0.0000000000
103367  41.942  15.095  31.966 0.0000000000
102370  41.911  13.609  32.460 0.0000000000
102371  41.205  13.183  32.708 0.0000000000
104325  49.547  14.625  36.430 0.0000000000
103284  49.171  14.322  36.565 0.0000000000
105363  47.782  16.687  38.149 0.0000000000
105362  48.372  16.728  37.871 0.0000000000
106425  48.745  17.042  37.644 0.0000000000
90389  47.394  1.871  31.176 0.0000000000
91466  47.472  2.135  30.247 0.0000000000
91443  48.376  2.114  31.742 0.0000000000
90308  53.412  1.459  35.703 0.0000000000
103353  51.236  14.379  33.112 0.0000000000
102364  51.076  13.781  32.592 0.0000000000
102363  52.209  13.745  32.253 0.0000000000
99445  54.952  11.040  29.492 0.0000000000
100473  54.643  11.419  28.757 0.0000000000
99447  54.248  10.006  28.810 0.0000000000
99457  53.498  9.960  27.769 0.0000000000
98312  53.827  9.828  28.853 0.0000000000
99346  55.439  9.711  36.238 0.0000000000
99360  55.741  9.685  35.219 0.0000000000
97168  56.114  8.593  35.404 0.0000000000
97233  48.523  8.364  30.767 0.0000000000
97234  47.583  8.238  30.389 0.0000000000
97245  47.529  8.528  29.626 0.0000000000
96258  46.545  7.944  30.121 0.0000000000
96267  45.720  8.306  29.609 0.0000000000
96260  45.002  7.454  30.379 0.0000000000
89252  43.633  0.815  33.245 0.0000000000
115545  47.764  27.810  28.877 0.0000000000
115544  49.085  27.921  28.829 0.0000000000
115554  48.562  27.363  28.445 0.0000000000
114774  48.956  26.683  28.066 0.0000000000
112000  46.973  23.191  35.189 0.0000000000
112990  46.651  24.249  33.752 0.0000000000
112012  47.616  23.238  34.604 0.0000000000
111989  52.168  23.228  35.941 0.0000000000
112009  51.548  23.931  34.742 0.0000000000
112968  52.210  23.791  35.042 0.0000000000
112975  52.209  24.144  34.567 0.0000000000
112974  52.331  23.749  34.834 0.0000000000
112007  52.394  23.345  34.649 0.0000000000
111074  52.416  22.835  35.255 0.0000000000
104369  52.013  15.815  33.433 0.0000000000
106472  51.973  17.040  33.797 0.0000000000
103336  51.577  14.968  33.342 0.0000000000
101461  48.557  12.516  27.373 0.0000000000
101462  47.604  12.514  27.546 0.0000000000
135401  44.366  4.288  23.099 0.0000000000
91546  44.327  3.697  22.982 0.0000000000
91538  43.833  3.487  23.728 0.0000000000
90466  44.449  3.099  23.150 0.0000000000
90420  49.943  1.572  27.198 0.0000000000
103377  43.570  14.621  30.771 0.0000000000
102396  44.456  13.321  29.678 0.0000000000
102397  43.925  13.719  29.892 0.0000000000
101421  44.411  12.683  29.912 0.0000000000
100456  45.102  11.962  30.157 0.0000000000
106451  49.094  17.537  34.799 0.0000000000
106452  48.086  17.520  34.832 0.0000000000
104353  46.003  15.582  34.568 0.0000000000
105418  46.543  16.545  34.770 0.0000000000
104392  44.346  15.659  31.663 0.0000000000
104386  43.579  15.752  32.367 0.0000000000
103365  42.967  14.909  31.495 0.0000000000
90311  49.746  1.664  35.500 0.0000000000
91404  50.867  2.164  36.373 0.0000000000
90261  53.854  2.372  39.546 0.0000000000
91387  53.755  2.435  38.091 0.0000000000
90277  53.977  2.136  38.462 0.0000000000
90278  53.652  1.447  37.825 0.0000000000
113959  51.334  25.396  26.185 0.0000000000
113974  51.141  25.335  25.810 0.0000000000
104367  53.672  15.604  33.925 0.0000000000
103334  53.691  14.828  33.362 0.0000000000
103319  54.050  15.209  33.858 0.0000000000
101383  54.483  12.832  32.985 0.0000000000
102360  54.536  13.380  32.703 0.0000000000
101393  54.450  12.224  32.213 0.0000000000
101392  54.833  11.779  31.435 0.0000000000
100436  54.870  11.050  32.005 0.0000000000
98226  51.567  9.446  35.641 0.0000000000
98241  51.887  9.673  34.720 0.0000000000
99364  51.203  10.079  34.874 0.0000000000
97201  47.922  9.314  32.803 0.0000000000
98259  49.054  9.856  33.126 0.0000000000
97215  47.809  8.548  32.222 0.0000000000
97216  46.921  8.002  32.165 0.0000000000
96240  46.212  7.254  32.168 0.0000000000
96241  45.760  6.825  32.596 0.0000000000
94400  43.456  5.440  32.820 0.0000000000
93451  42.501  4.560  33.297 0.0000000000
91444  41.939  3.004  32.569 0.0000000000
92480  41.893  3.709  33.156 0.0000000000
109174  50.024  20.706  38.181 0.0000000000
110127  51.147  20.790  38.258 0.0000000000
108279  52.781  19.843  37.666 0.0000000000
109172  52.342  20.450  38.161 0.0000000000
109186  52.814  20.785  37.351 0.0000000000
111051  52.227  22.326  36.812 0.0000000000
108290  53.025  19.899  36.946 0.0000000000
108289  53.441  19.231  36.703 0.0000000000
105395  54.265  16.102  35.101 0.0000000000
105411  53.826  16.131  34.527 0.0000000000
105436  53.255  16.199  33.974 0.0000000000
99490  47.871  10.422  24.377 0.0000000000
99498  48.019  10.167  23.550 0.0000000000
97304  46.305  7.454  23.705 0.0000000000
135420  45.881  6.209  23.426 0.0000000000
135402  45.741  6.173  23.712 0.0000000000
92548  46.160  4.556  23.250 0.0000000000
97226  39.487  8.886  30.981 0.0000000000
99428  42.104  10.773  31.286 0.0000000000
96261  40.150  7.848  29.780 0.0000000000
95329  41.084  6.405  29.086 0.0000000000
94428  41.757  5.707  28.448 0.0000000000
94434  41.397  4.863  28.340 0.0000000000
93494  41.405  3.723  27.407 0.0000000000
92520  40.798  3.314  27.633 0.0000000000
111122  51.771  22.763  31.464 0.0000000000
111123  50.796  22.760  31.695 0.0000000000
110174  48.805  21.327  33.098 0.0000000000
110190  49.803  22.417  31.931 0.0000000000
110191  48.923  21.815  32.113 0.0000000000
110192  47.835  21.330  32.313 0.0000000000
104310  51.647  15.933  36.966 0.0000000000
103294  51.681  14.285  36.119 0.0000000000
102314  51.227  13.203  35.914 0.0000000000
99349  52.746  11.080  36.440 0.0000000000
99332  54.407  10.842  37.786 0.0000000000
98192  53.871  9.310  37.332 0.0000000000
116306  43.967  28.396  32.979 0.0000000000
114732  43.568  26.554  33.373 0.0000000000
112992  44.290  24.360  33.760 0.0000000000
112002  45.259  23.064  35.135 0.0000000000
112001  46.150  23.075  35.083 0.0000000000
108269  47.728  19.524  38.130 0.0000000000
109177  47.532  20.654  37.677 0.0000000000
109176  48.443  20.704  37.751 0.0000000000
109175  49.313  20.721  37.976 0.0000000000
106423  50.557  17.558  38.020 0.0000000000
106407  50.368  18.195  38.396 0.0000000000
105378  51.029  16.823  37.146 0.0000000000
106422  51.540  17.460  37.754 0.0000000000
135383  44.500  3.869  26.524 0.0000000000
91523  44.486  3.015  27.179 0.0000000000
91478  47.984  2.467  29.116 0.0000000000
91477  48.909  2.461  29.037 0.0000000000
91457  49.830  2.427  29.781 0.0000000000
90324  50.569  1.952  34.577 0.0000000000
90337  50.285  1.908  33.537 0.0000000000
91419  51.012  2.089  33.520 0.0000000000
91423  53.246  1.803  33.714 0.0000000000
91425  51.686  2.110  32.732 0.0000000000
91424  52.607  1.790  33.065 0.0000000000
91439  52.494  1.978  31.635 0.0000000000
90352  53.384  1.737  31.840 0.0000000000
102366  48.854  13.214  32.465 0.0000000000
102380  48.554  13.239  31.306 0.0000000000
101417  50.541  12.874  30.398 0.0000000000
101418  49.772  13.024  30.482 0.0000000000
102405  50.404  13.238  29.668 0.0000000000
102422  49.464  13.407  28.617 0.0000000000
102421  50.423  13.330  28.899 0.0000000000
102389  53.420  12.957  31.112 0.0000000000
102376  52.801  13.276  31.519 0.0000000000
102390  53.112  12.982  30.824 0.0000000000
101457  52.777  11.782  27.681 0.0000000000
101444  52.987  12.086  28.340 0.0000000000
101458  52.144  12.081  27.623 0.0000000000
101459  50.955  12.316  27.650 0.0000000000
100498  50.719  11.127  26.589 0.0000000000
98335  50.719  10.211  26.714 0.0000000000
98346  49.072  9.387  25.838 0.0000000000
102339  52.362  12.659  34.628 0.0000000000
102338  52.915  13.054  34.435 0.0000000000
98237  55.735  9.196  34.060 0.0000000000
99398  55.258  10.442  33.534 0.0000000000
99397  55.797  9.892  33.201 0.0000000000
99418  55.751  10.235  31.990 0.0000000000
98273  54.980  9.392  31.689 0.0000000000
98256  51.689  9.807  33.564 0.0000000000
98255  53.009  9.570  33.363 0.0000000000
98276  51.843  9.618  32.459 0.0000000000
98304  50.751  9.216  30.781 0.0000000000
98290  51.827  9.482  31.419 0.0000000000
98303  51.778  9.537  30.257 0.0000000000
98314  51.889  9.611  28.918 0.0000000000
97268  47.103  9.357  28.273 0.0000000000
97269  46.688  9.186  27.735 0.0000000000
97278  46.820  8.820  26.832 0.0000000000
96275  45.993  8.430  27.291 0.0000000000
135411  45.665  7.497  26.814 0.0000000000
135393  43.352  5.773  28.585 0.0000000000
92519  43.725  3.128  28.811 0.0000000000
91496  44.076  2.694  28.985 0.0000000000
91482  44.251  2.403  29.465 0.0000000000
95309  43.694  6.178  31.334 0.0000000000
95310  43.065  5.959  30.800 0.0000000000
93468  42.528  4.818  30.881 0.0000000000
90358  45.396  1.111  32.611 0.0000000000
90377  45.143  1.461  31.772 0.0000000000
90376  46.114  1.391  31.756 0.0000000000
90357  46.349  1.164  32.599 0.0000000000
90327  47.674  1.275  34.439 0.0000000000
117158  50.844  29.629  28.232 0.0000000000
117940  50.372  30.229  28.240 0.0000000000
117171  50.941  29.774  27.400 0.0000000000
115570  51.024  27.658  27.587 0.0000000000
113047  49.292  25.096  28.165 0.0000000000
113046  49.847  24.731  27.923 0.0000000000
113035  49.983  24.236  28.468 0.0000000000
112084  50.586  23.623  28.812 0.0000000000
112071  50.313  24.045  29.419 0.0000000000
111097  49.131  23.207  34.341 0.0000000000
111096  49.501  23.330  34.497 0.0000000000
113893  50.533  25.599  33.386 0.0000000000
113894  49.501  25.527  33.391 0.0000000000
114738  49.494  26.273  32.481 0.0000000000
114748  49.104  25.994  31.868 0.0000000000
113914  48.835  25.249  31.268 0.0000000000
113913  49.710  25.595  31.545 0.0000000000
112996  51.947  24.905  32.712 0.0000000000
113001  51.210  25.056  31.418 0.0000000000
113000  51.965  24.992  31.791 0.0000000000
112999  52.441  24.262  32.036 0.0000000000
112030  52.310  23.683  33.251 0.0000000000
111084  52.147  22.551  34.515 0.0000000000
111092  52.128  22.804  33.838 0.0000000000
111085  51.171  22.108  34.412 0.0000000000
110163  50.840  21.312  34.729 0.0000000000
108304  52.540  19.254  35.475 0.0000000000
106450  50.079  17.494  34.473 0.0000000000
103338  49.818  14.644  33.708 0.0000000000
102353  48.149  13.528  33.279 0.0000000000
103373  47.345  14.147  29.741 0.0000000000
103395  47.078  13.654  29.061 0.0000000000
100492  45.800  11.509  27.671 0.0000000000
101464  46.038  12.184  28.379 0.0000000000
100477  45.032  11.231  28.213 0.0000000000
99459  44.421  10.736  28.476 0.0000000000
99470  44.677  10.550  27.616 0.0000000000
99492  46.154  9.912  25.334 0.0000000000
98360  45.838  9.061  24.860 0.0000000000
96300  44.008  7.862  25.949 0.0000000000
98362  44.219  8.915  25.905 0.0000000000
96292  43.644  8.041  26.577 0.0000000000
97272  43.613  8.707  27.253 0.0000000000
95336  42.982  7.239  27.256 0.0000000000
135395  43.238  5.129  26.289 0.0000000000
91524  43.125  2.311  25.273 0.0000000000
135382  42.668  3.745  26.280 0.0000000000
91508  42.243  2.421  26.249 0.0000000000
90424  42.866  1.394  26.830 0.0000000000
91522  45.012  2.802  26.025 0.0000000000
91521  45.365  2.577  24.994 0.0000000000
90430  46.922  0.737  26.140 0.0000000000
90449  46.642  1.238  23.554 0.0000000000
89340  47.373  0.372  25.226 0.0000000000
89318  50.981  0.878  28.143 0.0000000000
89319  50.153  0.999  27.765 0.0000000000
104400  44.971  15.737  31.213 0.0000000000
103376  44.360  14.970  30.565 0.0000000000
103387  44.734  14.616  29.904 0.0000000000
102411  44.842  13.747  29.549 0.0000000000
103322  47.744  14.962  34.555 0.0000000000
104351  47.933  15.685  34.631 0.0000000000
104372  47.309  15.120  34.472 0.0000000000
104373  46.607  15.044  34.046 0.0000000000
104374  45.556  14.927  33.830 0.0000000000
104375  44.643  15.115  33.514 0.0000000000
103356  44.995  15.150  32.584 0.0000000000
104391  45.031  15.629  31.871 0.0000000000
91389  51.850  2.598  37.630 0.0000000000
91374  53.057  2.993  38.853 0.0000000000
91373  53.675  2.673  39.153 0.0000000000
90244  53.386  1.907  40.042 0.0000000000
104346  54.129  15.454  34.768 0.0000000000
103318  54.207  14.702  33.990 0.0000000000
101368  54.247  13.044  33.527 0.0000000000
99366  49.693  10.211  35.444 0.0000000000
99383  49.736  10.441  34.553 0.0000000000
99404  48.050  10.452  33.918 0.0000000000
97202  46.983  8.805  32.850 0.0000000000
107385  51.863  18.597  38.428 0.0000000000
109162  51.511  20.197  38.475 0.0000000000
107384  52.576  18.410  37.968 0.0000000000
107383  53.196  18.572  37.538 0.0000000000
107398  53.518  18.657  37.003 0.0000000000
105375  53.451  17.181  36.788 0.0000000000
105388  54.024  16.439  35.782 0.0000000000
98366  48.654  9.163  24.016 0.0000000000
99503  48.085  9.308  23.583 0.0000000000
97302  47.677  8.380  23.943 0.0000000000
96309  46.467  6.540  24.211 0.0000000000
135407  46.426  5.418  23.897 0.0000000000
98306  42.004  10.045  29.927 0.0000000000
98320  41.783  9.339  29.664 0.0000000000
97252  41.081  8.108  28.792 0.0000000000
95333  41.265  7.053  28.741 0.0000000000
111108  50.625  22.759  32.725 0.0000000000
111095  49.535  21.726  33.357 0.0000000000
105458  41.584  15.893  31.790 0.0000000000
104377  41.449  15.535  32.861 0.0000000000
102356  41.021  13.649  33.176 0.0000000000
101397  40.879  12.846  32.867 0.0000000000
104311  50.532  15.788  36.799 0.0000000000
104324  50.123  14.867  36.317 0.0000000000
102315  50.239  13.127  36.171 0.0000000000
107390  47.026  18.443  38.283 0.0000000000
108270  46.550  19.237  38.004 0.0000000000
107389  48.136  18.537  38.390 0.0000000000
107388  49.206  18.624  38.555 0.0000000000
106424  49.358  17.283  37.596 0.0000000000
91507  44.947  2.363  28.397 0.0000000000
91506  45.594  2.138  28.028 0.0000000000
91479  46.940  2.303  29.316 0.0000000000
91458  48.822  2.176  30.821 0.0000000000
91408  53.455  2.076  35.920 0.0000000000
91417  52.572  2.327  34.436 0.0000000000
102351  50.315  13.966  33.231 0.0000000000
102379  49.518  13.033  31.674 0.0000000000
102378  50.532  13.110  31.778 0.0000000000
101404  51.013  12.675  31.094 0.0000000000
101416  51.428  12.736  30.400 0.0000000000
101413  54.638  12.395  30.074 0.0000000000
101414  53.640  12.754  30.353 0.0000000000
101430  54.062  12.402  29.041 0.0000000000
100475  53.634  11.774  28.138 0.0000000000
99465  53.330  10.879  27.494 0.0000000000
99467  51.261  10.684  26.746 0.0000000000
99466  52.484  10.463  26.963 0.0000000000
98326  50.800  9.655  27.895 0.0000000000
99380  53.391  11.023  34.923 0.0000000000
99379  54.213  10.778  34.554 0.0000000000
99377  55.789  9.734  34.243 0.0000000000
97197  55.503  8.994  33.810 0.0000000000
98292  50.126  9.126  31.878 0.0000000000
97232  49.559  8.775  31.115 0.0000000000
97231  50.165  8.870  30.911 0.0000000000
97243  49.375  8.639  30.155 0.0000000000
98316  49.086  8.971  29.221 0.0000000000
97256  48.030  8.631  29.106 0.0000000000
97257  47.411  8.875  28.820 0.0000000000
97248  45.483  8.504  28.933 0.0000000000
96276  44.802  7.533  28.034 0.0000000000
96268  44.727  8.045  29.065 0.0000000000
95327  43.628  6.896  29.162 0.0000000000
94421  43.379  5.868  29.771 0.0000000000
91460  42.269  3.271  31.527 0.0000000000
90395  42.623  2.757  30.876 0.0000000000
90379  43.099  1.701  31.513 0.0000000000
90359  44.203  1.003  32.715 0.0000000000
117149  49.527  29.555  29.224 0.0000000000
116325  50.158  28.744  28.508 0.0000000000
115552  50.540  27.886  28.126 0.0000000000
115571  50.386  27.074  27.741 0.0000000000
114773  49.499  26.911  28.004 0.0000000000
113937  48.985  25.280  28.264 0.0000000000
113036  49.104  24.668  28.621 0.0000000000
113898  45.229  25.151  33.173 0.0000000000
113897  46.258  24.999  33.151 0.0000000000
113896  47.289  25.056  33.173 0.0000000000
111076  51.176  23.018  35.807 0.0000000000
112010  50.385  23.385  34.865 0.0000000000
111998  51.323  23.379  35.368 0.0000000000
112021  51.377  24.399  34.241 0.0000000000
114736  51.052  26.245  32.664 0.0000000000
113892  51.329  25.510  33.171 0.0000000000
112985  52.096  24.734  33.737 0.0000000000
105397  52.816  17.022  34.992 0.0000000000
106448  52.155  17.335  34.455 0.0000000000
106473  51.688  17.100  34.019 0.0000000000
105413  51.079  16.847  34.067 0.0000000000
105414  50.620  16.641  34.053 0.0000000000
104370  50.954  15.722  33.564 0.0000000000
103337  50.744  14.697  33.464 0.0000000000
102408  48.134  13.855  28.773 0.0000000000
103394  47.370  13.625  28.748 0.0000000000
102424  47.763  13.463  28.224 0.0000000000
101463  46.617  12.257  27.852 0.0000000000
99468  46.152  10.813  26.904 0.0000000000
97297  45.258  7.600  24.306 0.0000000000
97289  45.065  8.329  24.529 0.0000000000
95341  43.729  5.147  25.135 0.0000000000
135381  43.270  4.133  24.560 0.0000000000
90453  43.567  2.032  25.174 0.0000000000
90422  47.193  1.633  27.050 0.0000000000
90429  47.803  0.771  26.453 0.0000000000
102383  42.547  13.572  31.539 0.0000000000
101408  42.298  12.468  31.580 0.0000000000
101423  42.747  12.633  30.851 0.0000000000
100458  43.132  11.693  30.514 0.0000000000
101422  43.620  12.686  30.403 0.0000000000
99438  43.276  10.980  30.061 0.0000000000
99450  43.695  10.662  29.455 0.0000000000
98318  43.201  9.830  29.032 0.0000000000
108308  48.882  19.340  34.436 0.0000000000
107431  47.627  18.356  34.664 0.0000000000
105417  47.541  16.596  34.823 0.0000000000
104376  43.841  15.649  33.319 0.0000000000
105456  42.362  16.130  31.709 0.0000000000
103366  42.422  14.746  31.719 0.0000000000
107391  45.936  18.360  38.266 0.0000000000
106411  46.362  17.481  38.235 0.0000000000
90339  48.388  1.728  33.354 0.0000000000
91428  48.592  2.085  32.431 0.0000000000
90325  49.603  1.671  34.475 0.0000000000
91410  51.435  2.415  35.467 0.0000000000
91403  51.716  2.415  36.547 0.0000000000
91402  52.825  2.442  36.751 0.0000000000
90295  54.254  1.954  37.377 0.0000000000
89191  53.119  1.250  37.672 0.0000000000
103335  52.550  14.986  33.233 0.0000000000
103351  52.924  14.323  32.517 0.0000000000
103350  53.863  13.912  32.471 0.0000000000
102375  53.807  13.173  31.730 0.0000000000
103333  54.610  14.236  33.011 0.0000000000
102374  54.360  12.974  32.059 0.0000000000
101400  55.126  11.940  30.716 0.0000000000
100454  55.202  11.152  30.412 0.0000000000
99435  55.066  10.517  29.956 0.0000000000
98209  54.751  8.971  35.936 0.0000000000
98223  54.905  8.565  35.173 0.0000000000
98224  54.071  9.457  35.234 0.0000000000
99402  49.780  10.334  33.726 0.0000000000
98258  49.868  9.894  33.123 0.0000000000
98278  49.907  9.451  32.530 0.0000000000
97222  49.334  9.181  31.912 0.0000000000
97224  47.477  7.983  31.315 0.0000000000
96249  46.429  7.349  31.055 0.0000000000
96250  45.654  7.280  30.871 0.0000000000
95292  45.926  7.066  31.540 0.0000000000
95293  45.477  6.789  31.958 0.0000000000
94411  43.467  5.665  32.050 0.0000000000
95295  43.954  6.066  32.540 0.0000000000
93462  42.526  4.881  32.132 0.0000000000
92491  41.870  4.011  32.310 0.0000000000
90361  42.170  1.963  32.454 0.0000000000
89242  43.003  0.728  33.612 0.0000000000
114762  47.355  26.828  29.366 0.0000000000
111065  48.238  21.980  36.187 0.0000000000
111064  49.557  21.897  36.445 0.0000000000
111063  50.872  22.425  36.367 0.0000000000
109173  51.743  20.921  38.124 0.0000000000
111052  51.578  22.155  37.080 0.0000000000
111061  52.384  22.779  36.004 0.0000000000
108295  53.082  19.491  36.097 0.0000000000
107415  52.964  18.549  35.647 0.0000000000
107407  53.537  18.743  36.512 0.0000000000
106437  53.309  17.813  35.862 0.0000000000
106438  52.758  17.590  35.362 0.0000000000
105412  52.962  16.590  34.575 0.0000000000
100500  48.955  11.112  26.089 0.0000000000
100501  47.937  10.979  26.128 0.0000000000
99491  46.891  10.259  24.782 0.0000000000
98369  46.119  9.031  23.978 0.0000000000
98376  47.116  9.096  22.924 0.0000000000
98368  46.486  9.367  23.282 0.0000000000
135414  45.474  6.687  24.132 0.0000000000
135417  45.188  5.049  23.576 0.0000000000
90464  45.556  3.263  22.334 0.0000000000
135373  52.049  2.187  28.954 0.0000000000
90418  51.647  1.871  28.076 0.0000000000
135366  52.089  1.865  28.535 0.0000000000
97239  39.292  7.967  30.461 0.0000000000
99429  41.398  10.616  31.378 0.0000000000
99441  40.936  10.014  30.933 0.0000000000
98307  41.320  9.452  30.209 0.0000000000
98308  40.497  9.211  30.608 0.0000000000
96262  39.670  7.423  30.132 0.0000000000
94430  39.999  5.207  29.498 0.0000000000
91498  40.733  2.467  28.185 0.0000000000
110208  50.250  21.853  31.172 0.0000000000
109199  48.667  20.092  34.087 0.0000000000
109220  48.192  20.455  33.509 0.0000000000
104309  52.659  15.980  37.216 0.0000000000
103292  53.246  14.783  35.846 0.0000000000
103293  52.494  14.429  35.984 0.0000000000
102324  52.135  13.250  35.261 0.0000000000
101357  52.028  12.092  34.778 0.0000000000
102325  51.411  12.672  35.538 0.0000000000
100412  52.623  11.437  34.777 0.0000000000
99363  53.111  11.127  35.663 0.0000000000
99347  54.790  10.452  36.579 0.0000000000
98191  55.054  8.813  36.940 0.0000000000
98210  53.947  9.372  36.249 0.0000000000
113909  44.454  26.050  32.698 0.0000000000
113899  44.261  25.625  33.142 0.0000000000
112978  45.936  24.155  34.108 0.0000000000
112013  46.671  23.587  34.463 0.0000000000
109178  46.580  20.757  37.633 0.0000000000
110153  46.652  21.821  36.901 0.0000000000
110152  47.614  21.751  36.886 0.0000000000
110138  49.125  21.277  37.330 0.0000000000
107387  50.167  18.719  38.501 0.0000000000
107401  51.415  17.968  38.312 0.0000000000
105377  52.014  16.769  37.439 0.0000000000
135408  45.926  6.517  25.673 0.0000000000
135398  46.019  5.428  25.211 0.0000000000
90432  45.481  2.195  26.329 0.0000000000
91505  46.531  1.953  27.570 0.0000000000
90423  46.516  1.796  27.023 0.0000000000
90410  47.883  1.745  27.540 0.0000000000
135372  51.143  2.365  28.792 0.0000000000
91427  49.044  2.140  32.679 0.0000000000
91442  49.250  2.240  31.638 0.0000000000
91441  50.374  2.368  31.528 0.0000000000
91456  51.204  2.195  30.109 0.0000000000
102368  46.930  14.071  32.056 0.0000000000
102382  46.696  14.301  31.182 0.0000000000
102381  47.467  13.638  31.192 0.0000000000
102393  48.381  13.636  30.104 0.0000000000
101406  49.276  12.928  30.905 0.0000000000
101419  49.136  13.180  30.395 0.0000000000
102407  48.631  13.925  29.067 0.0000000000
102431  49.197  13.273  28.126 0.0000000000
101460  49.593  12.551  27.749 0.0000000000
101403  51.873  12.896  31.027 0.0000000000
101432  51.632  12.816  29.583 0.0000000000
101431  52.790  12.687  29.319 0.0000000000
100489  49.287  11.892  26.748 0.0000000000
100499  49.898  11.107  26.337 0.0000000000
99477  49.616  10.463  25.433 0.0000000000
99488  49.447  10.090  24.907 0.0000000000
98344  50.154  10.272  25.885 0.0000000000
98356  49.312  9.991  24.721 0.0000000000
98367  48.412  9.162  24.521 0.0000000000
98358  48.225  9.245  25.310 0.0000000000
96298  47.010  7.790  25.736 0.0000000000
102323  53.194  13.941  34.898 0.0000000000
101369  53.424  12.470  33.694 0.0000000000
100438  54.061  11.713  32.975 0.0000000000
99399  54.685  10.734  33.892 0.0000000000
100424  54.582  10.854  33.405 0.0000000000
100437  54.535  11.204  32.834 0.0000000000
99427  55.423  10.330  30.889 0.0000000000
98300  54.674  10.010  30.098 0.0000000000
98239  54.284  8.906  34.233 0.0000000000
97187  54.782  8.891  33.655 0.0000000000
97199  54.796  9.201  33.311 0.0000000000
98275  52.949  9.439  32.244 0.0000000000
98274  54.008  9.724  32.002 0.0000000000
98288  53.955  9.710  30.898 0.0000000000
98301  54.014  10.047  29.703 0.0000000000
98337  48.729  9.543  27.205 0.0000000000
98347  47.984  9.241  26.476 0.0000000000
97287  46.886  8.393  26.261 0.0000000000
135423  46.287  7.160  25.878 0.0000000000
135413  45.551  7.119  26.589 0.0000000000
135394  44.749  6.112  26.763 0.0000000000
135380  43.844  4.919  26.979 0.0000000000
92518  44.308  2.884  28.409 0.0000000000
91495  44.668  2.405  28.917 0.0000000000
91468  46.010  1.730  30.234 0.0000000000
90390  46.757  1.749  31.002 0.0000000000
95320  43.816  6.346  30.040 0.0000000000
94422  43.064  5.383  30.129 0.0000000000
92511  42.853  3.813  29.877 0.0000000000
90394  43.037  2.113  30.681 0.0000000000
91470  42.999  2.707  30.168 0.0000000000
91469  43.749  2.334  30.056 0.0000000000
90392  44.988  1.599  30.889 0.0000000000
90340  47.368  1.504  33.524 0.0000000000
90312  48.855  1.493  35.404 0.0000000000
90299  48.942  1.646  36.312 0.0000000000
90281  49.805  1.780  37.311 0.0000000000
113946  51.201  25.638  26.859 0.0000000000
114783  50.779  26.552  27.352 0.0000000000
113947  50.230  25.560  27.327 0.0000000000
113045  50.824  24.270  27.217 0.0000000000
112083  51.613  22.984  29.119 0.0000000000
112069  52.240  23.261  29.862 0.0000000000
114756  47.124  26.275  30.245 0.0000000000
111089  48.546  22.899  34.692 0.0000000000
112989  47.853  24.394  33.564 0.0000000000
112023  49.628  23.722  34.125 0.0000000000
113919  47.743  25.626  30.281 0.0000000000
113927  47.694  25.970  29.437 0.0000000000
113926  48.174  25.320  29.512 0.0000000000
113025  48.687  24.715  29.579 0.0000000000
113024  49.614  24.400  29.661 0.0000000000
113912  50.594  25.861  31.681 0.0000000000
113002  50.312  24.939  31.312 0.0000000000
113023  50.402  24.235  30.017 0.0000000000
112051  51.754  23.887  30.408 0.0000000000
112068  52.624  23.072  30.408 0.0000000000
112049  52.401  23.416  31.218 0.0000000000
112040  51.431  23.188  32.159 0.0000000000
112031  51.790  23.244  33.038 0.0000000000
111107  51.326  22.913  32.985 0.0000000000
111086  50.540  21.815  34.365 0.0000000000
110164  50.086  21.389  34.339 0.0000000000
108305  51.854  19.376  35.055 0.0000000000
109196  51.277  20.392  35.113 0.0000000000
108307  49.888  19.363  34.648 0.0000000000
104350  49.005  15.748  34.598 0.0000000000
104349  50.052  15.719  34.036 0.0000000000
103321  48.370  14.929  34.505 0.0000000000
103374  46.347  14.455  30.246 0.0000000000
102410  45.852  13.577  29.389 0.0000000000
101449  46.553  12.690  28.713 0.0000000000
101450  46.101  12.260  29.176 0.0000000000
100466  45.760  11.877  29.771 0.0000000000
100467  44.932  11.268  29.355 0.0000000000
99460  43.825  10.318  28.723 0.0000000000
97261  43.254  9.105  28.178 0.0000000000
99480  46.670  10.540  26.008 0.0000000000
99482  44.964  10.009  26.784 0.0000000000
98361  44.968  8.864  25.546 0.0000000000
98350  44.451  9.274  26.378 0.0000000000
98340  44.234  9.581  27.267 0.0000000000
97262  42.592  8.452  28.019 0.0000000000
135379  42.968  4.450  26.413 0.0000000000
135378  42.508  3.992  26.772 0.0000000000
93493  42.235  3.491  26.750 0.0000000000
91509  41.790  2.425  27.135 0.0000000000
135404  46.196  4.737  24.335 0.0000000000
135418  46.195  4.368  23.720 0.0000000000
91530  45.828  2.794  24.021 0.0000000000
91536  46.211  3.270  23.078 0.0000000000
90458  46.056  2.233  22.717 0.0000000000
89329  48.148  0.664  26.641 0.0000000000
89307  49.161  0.530  28.158 0.0000000000
89330  47.361  0.335  26.318 0.0000000000
89349  47.088  0.565  24.284 0.0000000000
89358  46.116  1.168  23.310 0.0000000000
89359  45.485  1.691  23.265 0.0000000000
90451  44.696  1.900  23.829 0.0000000000
89343  44.661  1.166  25.227 0.0000000000
90219  51.888  1.687  41.781 0.0000000000
90231  51.220  1.266  41.081 0.0000000000
89153  51.471  1.185  40.034 0.0000000000
88116  50.021  0.067  40.705 0.0000000000
88290  47.139  0.144  25.065 0.0000000000
89155  49.898  0.222  40.432 0.0000000000
89241  43.862  0.619  33.647 0.0000000000
89253  43.424  1.004  33.055 0.0000000000
89350  46.322  0.560  24.222 0.0000000000
89351  45.310  1.108  24.115 0.0000000000
89352  44.505  1.598  24.573 0.0000000000
89357  46.659  0.889  23.568 0.0000000000
90218  52.810  1.896  41.643 0.0000000000
90228  53.445  2.472  41.128 0.0000000000
90230  52.429  1.659  40.719 0.0000000000
90243  53.702  2.455  40.503 0.0000000000
90262  53.457  1.804  38.937 0.0000000000
90279  53.098  1.180  37.887 0.0000000000
90297  50.326  1.778  36.573 0.0000000000
90298  49.757  1.625  36.442 0.0000000000
90309  51.040  2.244  35.437 0.0000000000
90310  50.626  2.073  35.713 0.0000000000
90322  53.335  1.322  35.079 0.0000000000
90323  51.064  2.167  35.080 0.0000000000
90341  46.493  1.278  33.509 0.0000000000
90344  43.000  1.115  33.165 0.0000000000
90345  42.335  1.376  33.455 0.0000000000
90353  50.128  2.091  32.687 0.0000000000
90354  49.645  2.189  32.399 0.0000000000
90355  47.921  1.847  32.604 0.0000000000
90375  46.920  1.620  31.836 0.0000000000
90380  42.420  2.402  31.545 0.0000000000
90391  45.902  1.663  30.882 0.0000000000
90402  44.983  1.720  30.098 0.0000000000
90403  44.429  2.092  29.947 0.0000000000
90411  47.479  1.789  27.581 0.0000000000
90435  42.504  1.883  26.360 0.0000000000
90442  45.524  2.099  25.737 0.0000000000
90443  44.025  1.756  25.217 0.0000000000
90444  43.450  1.875  25.556 0.0000000000
90459  44.996  2.411  23.080 0.0000000000
90460  44.169  2.812  23.938 0.0000000000
91354  53.120  3.213  39.781 0.0000000000
91390  50.660  2.034  37.487 0.0000000000
91418  51.566  2.290  34.123 0.0000000000
91429  41.832  3.252  33.020 0.0000000000
91445  41.820  2.890  32.954 0.0000000000
91467  46.532  1.898  30.196 0.0000000000
91471  42.590  3.422  30.563 0.0000000000
91481  44.923  1.973  29.419 0.0000000000
91483  43.546  2.816  29.465 0.0000000000
91484  43.013  3.234  29.830 0.0000000000
91491  48.577  1.993  28.123 0.0000000000
91494  45.413  2.142  28.828 0.0000000000
91502  50.436  2.280  28.043 0.0000000000
91504  47.198  1.836  27.589 0.0000000000
91513  46.189  1.943  27.059 0.0000000000
91515  44.836  2.593  27.804 0.0000000000
91516  43.105  2.101  25.702 0.0000000000
91545  45.008  3.956  22.329 0.0000000000
92510  43.343  3.511  29.249 0.0000000000
92526  41.588  3.082  27.193 0.0000000000
92543  46.061  3.970  23.326 0.0000000000
93450  43.139  4.900  32.917 0.0000000000
93475  42.848  4.505  29.984 0.0000000000
94401  43.071  5.338  32.207 0.0000000000
94412  42.926  5.552  31.378 0.0000000000
95306  45.910  7.142  31.208 0.0000000000
95307  45.481  7.120  31.325 0.0000000000
95321  43.377  5.976  30.400 0.0000000000
95326  44.010  7.453  29.096 0.0000000000
96251  45.158  7.309  30.981 0.0000000000
96257  47.095  7.954  30.283 0.0000000000
96259  45.702  7.684  30.229 0.0000000000
96271  40.126  7.291  29.670 0.0000000000
96278  41.610  7.488  28.498 0.0000000000
96279  41.081  7.621  28.671 0.0000000000
96283  43.246  7.880  27.072 0.0000000000
96284  42.789  7.884  27.534 0.0000000000
96290  46.223  8.301  26.591 0.0000000000
96308  47.036  7.715  24.062 0.0000000000
96310  46.080  6.947  23.825 0.0000000000
97176  55.613  8.203  34.992 0.0000000000
97185  55.665  8.783  34.235 0.0000000000
97186  55.329  8.606  34.225 0.0000000000
97198  55.193  9.063  33.465 0.0000000000
97200  48.494  9.523  32.940 0.0000000000
97213  49.309  9.388  32.348 0.0000000000
97235  47.114  8.174  29.974 0.0000000000
97242  50.115  8.692  30.486 0.0000000000
97246  46.764  8.540  29.465 0.0000000000
97247  45.992  8.889  29.228 0.0000000000
97249  43.232  9.366  28.662 0.0000000000
97258  46.601  9.027  28.664 0.0000000000
97260  45.378  8.274  28.409 0.0000000000
97270  46.311  8.745  27.388 0.0000000000
97271  44.116  9.088  26.906 0.0000000000
97277  47.429  8.925  26.571 0.0000000000
97279  46.256  8.622  26.974 0.0000000000
97281  43.927  8.592  26.262 0.0000000000
97290  44.430  8.318  25.530 0.0000000000
97295  46.553  8.724  23.058 0.0000000000
97296  45.904  8.050  23.652 0.0000000000
97301  48.313  8.769  24.042 0.0000000000
98173  55.359  9.445  37.495 0.0000000000
98208  56.078  9.123  35.818 0.0000000000
98222  56.249  9.056  34.887 0.0000000000
98238  55.081  8.416  34.672 0.0000000000
98253  54.850  9.416  32.756 0.0000000000
98257  50.629  9.805  33.190 0.0000000000
98272  55.469  9.682  31.368 0.0000000000
98279  49.356  9.564  32.687 0.0000000000
98286  55.170  9.896  30.484 0.0000000000
98299  54.943  10.104  30.055 0.0000000000
98305  50.272  9.051  31.282 0.0000000000
98313  53.169  9.733  28.567 0.0000000000
98317  48.466  8.751  29.120 0.0000000000
98319  42.438  9.509  29.420 0.0000000000
98324  52.941  9.749  27.761 0.0000000000
98329  47.553  9.415  28.347 0.0000000000
98330  43.524  9.708  28.395 0.0000000000
98339  47.085  9.180  27.288 0.0000000000
98341  43.672  9.483  27.794 0.0000000000
98348  47.406  9.041  26.994 0.0000000000
98351  44.050  8.995  26.240 0.0000000000
98357  48.791  9.703  24.699 0.0000000000
98359  46.086  9.993  24.096 0.0000000000
98374  48.252  9.049  23.733 0.0000000000
98375  47.638  8.947  23.465 0.0000000000
99362  54.057  10.725  35.648 0.0000000000
99382  50.539  10.397  34.390 0.0000000000
99400  51.056  10.149  33.626 0.0000000000
99401  50.535  10.261  33.676 0.0000000000
99403  48.944  10.456  33.805 0.0000000000
99436  54.645  10.198  29.634 0.0000000000
99446  54.677  10.777  29.031 0.0000000000
99448  53.729  9.807  28.462 0.0000000000
99449  44.259  10.776  29.109 0.0000000000
99455  54.446  11.162  28.529 0.0000000000
99458  52.801  9.946  27.472 0.0000000000
99464  53.669  11.157  27.752 0.0000000000
99469  45.421  10.674  27.206 0.0000000000
99481  45.697  10.356  26.297 0.0000000000
99497  48.539  9.648  23.694 0.0000000000
99504  47.776  9.492  23.446 0.0000000000
99505  47.258  9.712  23.356 0.0000000000
100407  51.478  11.624  35.676 0.0000000000
100426  41.420  11.991  33.350 0.0000000000
100427  41.277  11.805  33.194 0.0000000000
100439  41.589  12.017  33.005 0.0000000000
100450  41.237  10.866  31.793 0.0000000000
100455  45.442  12.234  29.935 0.0000000000
100463  55.063  11.275  29.762 0.0000000000
100464  54.918  11.478  29.223 0.0000000000
100465  54.717  11.958  28.816 0.0000000000
100474  54.239  11.695  28.351 0.0000000000
100484  53.824  11.408  27.948 0.0000000000
100485  53.298  11.530  27.726 0.0000000000
100486  52.681  11.446  27.210 0.0000000000
100502  47.255  10.866  26.123 0.0000000000
101358  51.419  12.096  35.193 0.0000000000
101370  52.547  12.172  34.166 0.0000000000
101384  53.949  12.301  33.123 0.0000000000
101385  41.240  12.215  33.126 0.0000000000
101396  41.353  12.568  32.750 0.0000000000
101412  54.985  11.788  29.977 0.0000000000
101428  55.005  11.693  29.572 0.0000000000
101433  51.005  12.899  29.901 0.0000000000
101434  46.160  12.897  29.281 0.0000000000
101435  45.441  12.767  29.440 0.0000000000
101436  44.748  13.001  29.482 0.0000000000
101447  49.630  13.095  28.228 0.0000000000
102322  53.664  14.381  34.784 0.0000000000
102361  54.247  13.456  32.351 0.0000000000
102362  52.802  13.817  32.076 0.0000000000
102365  49.941  13.395  32.555 0.0000000000
102391  50.083  13.215  30.162 0.0000000000
102392  49.545  13.338  30.011 0.0000000000
102395  46.554  14.454  30.711 0.0000000000
102409  46.599  13.332  29.185 0.0000000000
102420  51.073  13.268  29.193 0.0000000000
102423  48.638  13.593  28.421 0.0000000000
102425  47.091  13.262  28.716 0.0000000000
102433  48.101  13.059  27.631 0.0000000000
103320  49.236  15.018  34.259 0.0000000000
103343  44.800  15.032  32.915 0.0000000000
103357  42.196  14.542  32.178 0.0000000000
103358  41.763  14.779  32.555 0.0000000000
103361  53.407  13.510  31.997 0.0000000000
103383  48.100  14.036  29.056 0.0000000000
103384  47.567  13.928  29.039 0.0000000000
103388  44.144  14.474  30.112 0.0000000000
104312  49.289  15.272  36.788 0.0000000000
104320  53.855  16.140  36.337 0.0000000000
104333  53.711  15.027  35.896 0.0000000000
104348  50.637  16.119  33.805 0.0000000000
104384  45.019  15.406  32.286 0.0000000000
104387  41.555  15.563  32.031 0.0000000000
104394  42.395  15.525  31.635 0.0000000000
104401  44.389  15.675  30.925 0.0000000000
105361  52.972  17.572  37.517 0.0000000000
105374  53.715  16.697  36.280 0.0000000000
105410  54.172  15.812  34.677 0.0000000000
105439  50.916  16.307  33.740 0.0000000000
105453  41.378  16.107  32.092 0.0000000000
105457  41.797  16.047  31.692 0.0000000000
106405  53.072  17.957  37.607 0.0000000000
106420  53.340  17.997  37.138 0.0000000000
106421  52.246  17.491  37.707 0.0000000000
106430  53.474  18.046  36.491 0.0000000000
107399  52.392  17.893  37.910 0.0000000000
107414  53.441  18.654  36.087 0.0000000000
108263  52.851  19.114  37.790 0.0000000000
108265  51.639  19.366  38.628 0.0000000000
108266  50.801  19.439  38.463 0.0000000000
108267  49.847  19.446  38.520 0.0000000000
108280  47.562  20.133  37.914 0.0000000000
109161  52.042  19.902  38.573 0.0000000000
109165  48.614  20.179  38.290 0.0000000000
109166  47.974  20.250  37.989 0.0000000000
110128  50.610  20.968  38.185 0.0000000000
110136  51.188  21.405  37.807 0.0000000000
110137  50.110  21.244  37.752 0.0000000000
110151  48.512  21.704  36.917 0.0000000000
111062  51.856  22.979  36.264 0.0000000000
111066  47.168  22.160  36.253 0.0000000000
111087  49.996  23.129  35.126 0.0000000000
111088  49.527  23.099  34.919 0.0000000000
111988  52.246  23.280  35.742 0.0000000000
111997  52.047  23.594  35.542 0.0000000000
111999  50.790  23.123  35.380 0.0000000000
112008  52.077  23.937  35.023 0.0000000000
112011  49.740  23.380  34.612 0.0000000000
112014  45.693  23.678  34.455 0.0000000000
112020  52.062  22.916  33.543 0.0000000000
112022  50.743  24.143  34.170 0.0000000000
112024  48.447  23.517  33.937 0.0000000000
112026  45.569  24.027  34.046 0.0000000000
112032  51.260  23.004  32.614 0.0000000000
112967  52.229  23.640  35.211 0.0000000000
112986  51.220  24.886  33.822 0.0000000000
112991  45.579  24.361  33.659 0.0000000000
113007  52.232  24.142  31.383 0.0000000000
113009  50.930  24.301  30.718 0.0000000000
113010  49.956  24.457  30.629 0.0000000000
113011  49.140  24.738  30.481 0.0000000000
113904  51.016  26.072  32.166 0.0000000000
113911  51.275  25.593  31.884 0.0000000000
113915  48.100  25.532  30.981 0.0000000000
113938  48.413  25.739  28.501 0.0000000000
113948  49.220  25.642  27.825 0.0000000000
113949  48.849  26.077  27.949 0.0000000000
114727  51.239  26.135  32.932 0.0000000000
114728  50.851  26.249  33.064 0.0000000000
114729  49.985  26.161  33.075 0.0000000000
114730  49.087  26.209  33.130 0.0000000000
114744  43.907  27.303  32.683 0.0000000000
114747  49.873  26.243  31.880 0.0000000000
114763  46.824  27.519  29.489 0.0000000000
114775  48.001  26.869  28.508 0.0000000000
114785  49.121  26.256  27.774 0.0000000000
114808  51.312  25.829  26.025 0.0000000000
115533  43.993  28.016  32.699 0.0000000000
115553  49.863  27.552  28.304 0.0000000000
115555  48.038  27.359  28.503 0.0000000000
116313  44.086  28.340  32.720 0.0000000000
116326  49.745  28.484  28.670 0.0000000000
116334  50.506  28.482  28.281 0.0000000000
116335  50.088  28.155  28.478 0.0000000000
117148  50.157  29.242  28.585 0.0000000000
135362  52.021  1.646  28.444 0.0000000000
135364  51.855  1.656  28.254 0.0000000000
135367  51.994  2.044  28.411 0.0000000000
135368  51.837  1.893  28.236 0.0000000000
135376  51.678  2.095  28.255 0.0000000000
135377  42.734  2.337  25.791 0.0000000000
135387  44.232  4.538  23.854 0.0000000000
135390  45.768  6.589  23.833 0.0000000000
135392  43.057  4.737  29.183 0.0000000000
135403  46.454  4.818  23.528 0.0000000000
135405  46.471  4.847  23.827 0.0000000000
135406  46.651  4.813  24.043 0.0000000000
135410  45.532  7.808  27.478 0.0000000000
135415  45.959  6.525  23.690 0.0000000000
135419  46.553  4.965  23.680 0.0000000000
135421  46.536  5.141  23.743 0.0000000000
