#!ascii label  , from subject 3328 vox2ras=TkReg
986
88700  20.695  0.268  -10.484 0.2500000000
89715  22.032  0.576  -10.492 0.2500000000
88698  22.351  -0.345  -10.834 0.7500000000
92967  21.679  3.269  -10.546 0.2500000000
91918  21.233  2.635  -10.757 0.1250000000
92982  22.130  3.264  -10.999 0.3750000000
91935  20.987  2.176  -11.105 0.2500000000
89716  21.053  0.799  -10.686 0.2500000000
89714  22.539  0.413  -11.038 0.7500000000
89729  21.763  1.191  -10.650 0.3750000000
88697  22.941  -0.811  -11.629 0.8750000000
88709  22.860  -0.021  -11.432 0.8750000000
87665  23.783  -1.167  -11.975 0.8750000000
91934  21.805  2.523  -10.809 0.3750000000
91951  21.857  1.935  -10.792 0.3750000000
90845  22.485  1.381  -12.299 0.8750000000
90847  22.021  1.597  -10.689 0.7500000000
88714  25.138  -0.350  -12.947 1.0000000000
88716  23.763  -0.000  -12.699 1.0000000000
89727  22.383  0.573  -11.940 0.8750000000
88706  24.811  -0.820  -12.577 1.0000000000
88708  23.381  -0.140  -12.075 0.8750000000
87674  25.345  -1.384  -12.829 1.0000000000
93932  21.950  3.986  -10.946 0.2500000000
91933  22.481  2.616  -11.292 0.7500000000
91949  22.774  2.160  -12.086 0.8750000000
90844  23.316  1.691  -12.905 0.8750000000
91950  22.308  1.959  -11.451 0.7500000000
89756  25.834  0.126  -13.904 1.0000000000
89740  24.481  0.412  -12.987 1.0000000000
89725  23.886  0.977  -12.730 1.0000000000
88725  27.452  -0.504  -14.234 1.0000000000
88727  26.194  -0.517  -13.987 1.0000000000
87687  26.050  -1.195  -13.436 1.0000000000
87688  25.602  -0.826  -13.153 1.0000000000
93917  21.807  4.058  -10.083 0.1250000000
91932  23.096  2.760  -11.546 0.6250000000
91969  23.978  2.290  -13.196 1.0000000000
91948  23.659  2.671  -12.195 0.8750000000
90861  23.859  1.734  -13.092 1.0000000000
89753  27.936  0.305  -14.540 1.0000000000
89755  26.371  0.256  -14.206 1.0000000000
89739  25.274  0.527  -13.403 1.0000000000
90859  25.318  1.656  -13.551 1.0000000000
88726  26.771  -0.345  -14.172 1.0000000000
88722  30.473  -0.594  -14.585 1.0000000000
88724  28.380  -0.620  -14.415 1.0000000000
94829  25.911  6.018  -12.834 0.2500000000
93931  22.401  4.583  -10.513 0.2500000000
93944  23.793  4.333  -11.865 0.3750000000
92980  23.433  3.446  -11.592 0.5000000000
93011  24.426  3.286  -12.757 1.0000000000
92994  23.916  3.662  -12.230 0.6250000000
91968  24.931  2.407  -12.984 1.0000000000
91985  25.904  2.038  -14.327 1.0000000000
90873  27.426  1.182  -14.564 1.0000000000
91984  26.855  2.076  -14.374 1.0000000000
90871  29.372  1.229  -14.854 1.0000000000
89751  29.947  0.304  -14.648 1.0000000000
90870  30.452  1.286  -14.437 1.0000000000
90869  31.240  0.761  -14.178 1.0000000000
94830  25.170  5.551  -12.318 0.3750000000
94831  24.378  5.033  -12.027 0.5000000000
93958  24.809  5.194  -12.921 0.5000000000
93972  25.091  4.602  -13.309 0.8750000000
93009  25.692  3.614  -13.626 1.0000000000
93971  26.099  4.512  -13.474 1.0000000000
91966  26.744  2.726  -14.181 1.0000000000
93008  26.554  3.399  -13.909 1.0000000000
91981  29.692  2.260  -15.290 1.0000000000
91983  27.814  2.046  -14.536 1.0000000000
91963  30.743  2.371  -13.805 1.0000000000
90858  30.813  1.821  -14.246 1.0000000000
90857  31.509  1.235  -13.644 0.8750000000
95741  26.672  6.314  -13.021 0.5000000000
94844  25.236  5.515  -13.024 0.5000000000
95742  26.144  6.064  -13.238 0.6250000000
95754  26.146  5.857  -13.381 0.6250000000
94842  26.450  5.359  -13.428 1.0000000000
93970  27.009  4.465  -13.666 1.0000000000
93021  30.390  3.653  -14.733 1.0000000000
93022  29.858  3.490  -15.205 1.0000000000
93023  28.891  3.214  -14.991 1.0000000000
93006  28.351  3.567  -14.194 1.0000000000
93005  30.641  3.490  -13.542 1.0000000000
91980  30.507  2.450  -14.912 1.0000000000
91946  31.302  2.235  -12.992 0.8750000000
95753  26.553  5.987  -13.298 0.8750000000
94856  29.521  5.316  -14.677 1.0000000000
93983  28.428  4.958  -14.175 1.0000000000
93035  30.571  4.177  -15.234 1.0000000000
93981  29.848  4.515  -15.249 1.0000000000
93968  28.631  3.894  -14.401 1.0000000000
94865  31.131  4.923  -15.276 1.0000000000
93957  31.656  4.306  -12.701 1.0000000000
93967  30.845  4.250  -13.781 1.0000000000
93990  31.224  4.709  -15.016 1.0000000000
94827  31.517  4.852  -13.237 1.0000000000
95752  27.320  6.280  -13.295 0.8750000000
95765  29.975  6.272  -14.779 1.0000000000
94857  28.637  5.559  -14.162 1.0000000000
94840  27.928  5.916  -13.747 1.0000000000
95763  31.248  6.818  -15.730 1.0000000000
94855  30.981  5.693  -15.067 1.0000000000
96717  32.144  7.791  -14.235 1.0000000000
95762  31.518  7.095  -14.905 1.0000000000
94854  31.142  5.524  -14.934 1.0000000000
95749  32.144  6.698  -13.709 1.0000000000
94838  31.734  5.998  -14.351 1.0000000000
94826  31.854  5.448  -12.965 0.8750000000
97690  28.882  7.943  -12.000 1.0000000000
96693  28.088  7.675  -11.272 0.3750000000
96708  29.101  7.760  -12.509 0.8750000000
96731  30.078  7.256  -14.406 1.0000000000
95774  31.612  7.339  -15.901 1.0000000000
95775  31.469  7.268  -16.148 1.0000000000
97688  30.032  8.721  -12.706 0.8750000000
97689  29.218  8.239  -12.238 1.0000000000
96718  29.965  8.131  -13.210 1.0000000000
97699  30.214  8.459  -13.905 1.0000000000
97710  30.335  7.622  -14.766 1.0000000000
96740  31.474  7.912  -16.180 1.0000000000
96748  31.223  8.176  -17.059 1.0000000000
96728  32.190  7.865  -15.481 1.0000000000
97678  29.391  8.620  -11.755 0.7500000000
98762  30.497  9.365  -14.588 1.0000000000
135626  30.829  9.038  -15.287 1.0000000000
99920  31.386  8.512  -15.674 1.0000000000
135624  31.174  8.094  -16.151 1.0000000000
135628  31.231  8.146  -16.643 1.0000000000
99912  31.260  9.492  -15.599 1.0000000000
104808  29.588  14.975  -11.328 0.1250000000
104794  29.874  15.386  -10.960 0.1250000000
104826  28.580  14.773  -11.883 0.2500000000
103775  28.736  15.061  -11.692 0.1250000000
106943  27.301  15.496  -12.343 0.3750000000
104810  28.116  15.469  -11.632 0.2500000000
105927  27.757  15.468  -13.060 0.5000000000
106942  27.419  16.180  -12.556 0.2500000000
105926  27.861  15.676  -13.242 0.3750000000
104796  28.780  16.022  -10.924 0.2500000000
105889  28.173  15.339  -12.421 0.2500000000
105888  29.361  16.259  -12.048 0.2500000000
135737  28.373  16.165  -12.909 0.2500000000
135731  29.328  16.140  -12.609 0.2500000000
103828  30.156  15.049  -14.220 0.3750000000
135735  30.435  15.571  -12.879 0.2500000000
89706  20.316  0.610  -10.424 0.1250000000
90829  21.207  1.553  -10.966 0.2500000000
91919  20.961  2.313  -10.470 0.1250000000
87685  27.829  -1.400  -13.810 1.0000000000
88671  20.406  -1.018  -9.494 0.1250000000
87653  22.340  -1.438  -11.291 0.6250000000
86654  23.848  -2.318  -12.174 0.7500000000
92950  21.318  2.912  -9.803 0.1250000000
86669  24.409  -2.688  -12.476 1.0000000000
90819  20.159  1.140  -10.242 0.1250000000
87673  26.119  -1.793  -13.058 1.0000000000
87683  29.923  -1.475  -14.290 1.0000000000
94816  22.874  5.197  -10.984 0.3750000000
90856  32.245  0.815  -13.193 0.8750000000
92991  31.900  3.311  -11.980 0.8750000000
90842  31.677  1.602  -13.240 0.8750000000
96695  26.835  7.492  -11.423 0.1250000000
95726  27.943  7.118  -11.221 0.1250000000
95740  27.443  6.707  -12.851 0.3750000000
95751  28.616  6.578  -13.594 0.6250000000
96709  28.775  7.336  -11.639 0.3750000000
96720  28.947  7.079  -12.543 0.8750000000
97708  32.470  8.680  -14.648 1.0000000000
98772  32.365  9.965  -15.223 1.0000000000
135632  31.842  8.685  -15.621 1.0000000000
98744  30.426  9.751  -12.480 0.8750000000
100896  29.779  11.196  -15.509 1.0000000000
100910  30.594  11.307  -15.995 1.0000000000
103759  30.518  14.719  -10.574 0.1250000000
102768  30.084  13.830  -11.613 0.1250000000
135732  28.661  13.609  -13.761 0.6250000000
104858  27.431  15.085  -13.488 0.6250000000
104873  27.092  15.465  -14.575 0.5000000000
104795  29.020  15.767  -10.911 0.2500000000
104872  28.100  15.929  -15.039 0.5000000000
105859  28.708  16.839  -10.387 0.2500000000
105877  28.917  16.224  -10.912 0.2500000000
135734  28.299  15.490  -13.876 0.5000000000
103847  29.911  14.792  -15.051 0.5000000000
105876  30.024  16.403  -10.833 0.1250000000
103827  30.723  14.551  -14.821 0.3750000000
104845  31.633  15.365  -13.782 0.2500000000
88688  20.402  -0.203  -10.117 0.1250000000
88699  21.331  -0.096  -10.345 0.3750000000
87654  21.636  -1.134  -10.556 0.5000000000
90818  20.630  1.475  -10.693 0.1250000000
87652  23.173  -1.759  -11.694 0.7500000000
88707  24.143  -0.600  -12.463 0.8750000000
86653  24.414  -2.005  -12.514 1.0000000000
87675  24.921  -1.701  -12.725 1.0000000000
89726  23.188  0.655  -12.635 1.0000000000
88715  24.308  -0.210  -12.893 1.0000000000
87686  26.826  -1.222  -13.887 1.0000000000
89752  28.895  0.275  -14.773 1.0000000000
90875  25.910  0.949  -13.944 1.0000000000
88723  29.404  -0.641  -14.574 1.0000000000
94815  23.752  5.013  -11.557 0.3750000000
93973  24.832  3.967  -12.862 0.8750000000
93010  25.207  3.410  -12.998 1.0000000000
93025  25.868  2.936  -14.183 1.0000000000
90872  28.378  1.197  -14.705 1.0000000000
91962  31.315  1.859  -13.423 1.0000000000
93959  24.528  4.506  -12.532 0.6250000000
94843  25.797  5.521  -13.260 0.6250000000
91964  28.189  2.846  -14.269 1.0000000000
91965  27.304  2.759  -14.126 1.0000000000
93007  27.609  3.556  -13.875 1.0000000000
92993  30.790  2.969  -12.949 0.8750000000
90841  32.406  0.998  -12.850 0.8750000000
94841  27.308  5.456  -13.621 1.0000000000
93969  28.083  4.453  -13.958 1.0000000000
93980  30.771  4.296  -14.465 1.0000000000
93036  30.263  4.060  -15.290 1.0000000000
92992  31.222  3.372  -12.793 0.8750000000
95777  30.422  5.629  -15.258 1.0000000000
94867  30.144  5.265  -15.326 1.0000000000
93982  29.052  4.406  -14.514 1.0000000000
93991  30.926  4.437  -15.264 1.0000000000
94866  30.823  5.209  -15.370 1.0000000000
94839  31.482  5.143  -13.919 1.0000000000
95766  29.153  5.979  -14.344 1.0000000000
96730  30.801  7.175  -15.024 1.0000000000
96729  30.981  6.787  -16.003 1.0000000000
95764  31.086  6.325  -15.039 1.0000000000
95776  30.715  5.830  -15.138 1.0000000000
96719  29.533  7.608  -13.542 1.0000000000
95750  29.547  6.954  -14.087 1.0000000000
96741  31.251  7.325  -16.235 1.0000000000
98752  30.476  9.612  -13.508 0.8750000000
97700  30.018  7.834  -14.429 1.0000000000
97709  30.407  8.133  -15.188 1.0000000000
96742  30.906  7.479  -16.146 1.0000000000
97720  32.052  8.896  -15.538 1.0000000000
99900  30.377  10.351  -15.121 1.0000000000
103774  29.266  14.597  -11.589 0.1250000000
102759  30.480  13.980  -10.844 0.1250000000
105890  27.349  15.914  -12.020 0.2500000000
102769  29.190  14.118  -12.344 0.3750000000
135739  28.138  14.925  -12.630 0.5000000000
135736  27.884  15.537  -14.010 0.5000000000
104874  26.795  15.244  -14.094 0.7500000000
104856  30.857  15.175  -14.113 0.2500000000
88687  21.128  -0.873  -9.743 0.2500000000
88670  20.852  -1.453  -9.565 0.1250000000
86640  21.744  -2.022  -10.907 0.6250000000
86638  23.259  -2.238  -11.758 0.7500000000
86667  26.019  -2.306  -12.852 1.0000000000
95739  28.477  6.226  -11.749 0.5000000000
99889  30.442  10.588  -14.164 1.0000000000
100909  31.519  10.979  -16.224 1.0000000000
101824  30.786  13.374  -11.763 0.3750000000
102795  27.472  13.722  -14.029 0.7500000000
103810  27.976  13.956  -13.781 0.7500000000
135733  28.805  14.283  -13.257 0.5000000000
103850  26.634  15.110  -14.500 0.7500000000
104855  31.415  15.014  -14.752 0.2500000000
104869  31.063  15.391  -15.261 0.3750000000
81281  26.150  -6.784  -13.173 0.7500000000
82330  27.790  -6.695  -13.722 0.7500000000
82314  25.214  -6.465  -12.741 0.7500000000
83432  24.445  -5.743  -12.563 0.7500000000
82345  28.430  -6.018  -14.071 0.7500000000
82331  26.666  -6.428  -13.409 0.7500000000
83446  26.214  -5.381  -13.480 0.7500000000
83448  24.719  -5.317  -13.054 0.7500000000
83444  28.848  -5.807  -14.010 0.7500000000
83445  27.303  -5.310  -13.843 0.7500000000
85583  23.305  -3.553  -11.684 0.7500000000
86655  23.395  -2.888  -11.880 0.6250000000
84549  25.782  -4.526  -13.281 0.7500000000
85599  25.685  -3.686  -12.789 0.8750000000
85601  24.224  -3.395  -12.426 0.8750000000
83464  29.228  -4.949  -14.313 0.7500000000
83466  27.984  -5.198  -14.133 0.7500000000
84547  27.210  -4.145  -13.857 0.7500000000
85616  26.106  -3.467  -12.957 0.8750000000
85617  25.225  -2.964  -12.709 0.8750000000
84568  28.917  -4.363  -14.403 0.7500000000
85632  28.438  -3.455  -14.179 0.7500000000
85633  27.451  -3.379  -13.878 0.8750000000
86683  26.377  -2.322  -13.082 0.8750000000
86665  29.675  -2.642  -13.785 0.7500000000
86679  28.966  -2.634  -13.887 0.8750000000
86680  28.126  -2.461  -13.748 0.8750000000
86677  30.967  -1.935  -14.032 0.8750000000
87672  29.460  -2.085  -13.988 0.8750000000
87682  30.820  -1.333  -14.292 0.8750000000
88686  33.163  -0.284  -11.204 0.3750000000
135296  32.693  -0.138  -12.703 0.6250000000
88713  31.372  -0.598  -14.280 0.7500000000
89702  32.849  0.531  -10.951 0.5000000000
135290  32.650  0.226  -12.179 0.5000000000
90828  32.460  0.932  -11.719 0.7500000000
90813  33.129  1.492  -9.864 0.1250000000
90814  32.692  1.288  -10.723 0.3750000000
91945  31.964  2.183  -12.278 0.6250000000
91892  34.727  2.656  -9.321 0.1250000000
91893  33.976  2.572  -9.432 0.1250000000
92960  32.763  3.413  -10.219 0.1250000000
93925  33.801  4.285  -9.561 0.1250000000
92977  32.236  3.344  -11.077 0.6250000000
93943  32.375  4.425  -10.810 0.6250000000
93956  32.175  4.366  -11.920 0.7500000000
94796  34.349  5.871  -9.760 0.1250000000
94798  32.797  5.434  -10.611 0.1250000000
94813  32.329  5.443  -11.645 0.7500000000
94770  35.050  4.667  -8.680 0.1250000000
95715  33.202  6.381  -10.570 0.5000000000
96680  32.833  7.004  -10.966 0.5000000000
95725  32.639  6.406  -11.272 0.6250000000
95738  32.403  6.516  -12.386 0.7500000000
97677  30.196  9.134  -11.781 0.6250000000
97664  30.479  9.382  -11.244 0.5000000000
97676  33.112  8.327  -11.642 0.6250000000
96706  32.565  7.583  -13.030 0.6250000000
97686  33.411  8.859  -11.870 0.5000000000
97687  32.965  8.530  -12.477 0.6250000000
98743  32.954  9.191  -13.156 0.6250000000
97698  32.582  8.545  -13.570 0.7500000000
99882  30.331  10.637  -13.047 0.7500000000
98776  32.160  10.027  -15.509 0.8750000000
99911  31.850  10.012  -15.676 0.8750000000
98751  32.856  9.305  -13.936 0.7500000000
98761  32.670  9.693  -14.681 0.8750000000
99899  32.498  10.548  -15.462 0.8750000000
99910  32.304  10.555  -15.802 0.8750000000
98741  34.260  9.890  -11.908 0.3750000000
98742  33.477  9.599  -12.483 0.5000000000
98760  33.256  9.863  -14.109 0.6250000000
99872  34.853  10.668  -12.201 0.2500000000
99873  33.970  10.537  -12.503 0.3750000000
99874  33.539  10.461  -13.105 0.5000000000
99875  30.505  10.654  -12.140 0.6250000000
101853  28.864  11.922  -13.999 0.7500000000
100884  29.746  11.445  -14.259 0.7500000000
99890  29.764  10.951  -14.718 0.8750000000
100908  32.188  11.000  -16.312 0.8750000000
99887  33.169  10.502  -14.363 0.6250000000
99888  32.693  10.525  -14.968 0.7500000000
100865  33.873  10.895  -13.014 0.3750000000
100876  33.708  11.281  -13.698 0.5000000000
100894  32.937  11.729  -15.434 0.7500000000
100864  34.386  11.232  -12.833 0.2500000000
101840  30.248  12.365  -13.546 0.6250000000
100885  28.981  11.524  -14.671 0.8750000000
100911  29.337  11.742  -16.130 0.8750000000
101870  30.052  12.806  -16.952 0.7500000000
101869  31.148  11.923  -17.136 0.8750000000
101867  32.425  11.927  -16.391 0.7500000000
100882  33.095  11.321  -14.917 0.5000000000
102791  34.237  13.143  -13.889 0.2500000000
101839  34.061  12.422  -13.741 0.5000000000
100874  35.308  12.228  -13.159 0.2500000000
101841  29.168  13.078  -13.875 0.5000000000
101843  27.979  12.666  -14.138 0.6250000000
101872  27.679  13.323  -16.246 0.7500000000
102840  28.815  13.465  -17.004 0.7500000000
102841  27.850  13.494  -16.811 0.7500000000
102856  29.174  13.447  -17.885 0.7500000000
101900  30.867  12.809  -19.124 0.7500000000
101880  30.041  12.785  -18.425 0.7500000000
101890  31.331  12.625  -18.946 0.7500000000
102855  32.290  12.412  -17.860 0.7500000000
101889  31.987  12.771  -18.575 0.7500000000
102823  33.105  13.408  -15.681 0.5000000000
102837  32.824  13.749  -16.922 0.3750000000
102838  32.131  12.813  -16.839 0.6250000000
102806  34.023  13.547  -14.577 0.2500000000
102807  33.404  12.920  -14.749 0.3750000000
103829  27.109  14.492  -14.753 0.6250000000
101861  27.705  13.323  -15.455 0.7500000000
103886  28.501  14.345  -17.395 0.7500000000
103885  29.801  13.976  -17.922 0.7500000000
103902  30.644  13.698  -18.510 0.7500000000
103900  32.007  14.146  -18.455 0.6250000000
102853  32.619  14.041  -17.342 0.3750000000
102805  35.269  13.828  -14.920 0.1250000000
103863  34.460  14.638  -16.391 0.1250000000
103845  33.934  14.397  -15.817 0.2500000000
103866  27.685  14.630  -16.578 0.6250000000
103865  28.370  14.875  -16.861 0.7500000000
104901  29.313  14.887  -17.092 0.6250000000
103884  30.831  14.361  -17.873 0.7500000000
103882  32.249  14.513  -17.495 0.3750000000
103901  31.431  14.049  -18.692 0.3750000000
102869  31.907  13.520  -19.056 0.7500000000
103881  33.210  14.586  -17.061 0.2500000000
102854  32.271  13.395  -17.953 0.6250000000
104880  35.184  15.133  -16.485 0.1250000000
104881  34.557  14.859  -16.901 0.1250000000
103843  35.544  14.491  -15.538 0.1250000000
104884  27.592  15.285  -15.521 0.6250000000
105959  29.537  15.641  -17.003 0.3750000000
104902  28.780  15.154  -16.994 0.3750000000
104900  30.304  14.977  -17.029 0.3750000000
105956  32.404  16.526  -17.821 0.2500000000
103883  31.538  14.537  -17.764 0.3750000000
104896  34.283  15.406  -17.218 0.1250000000
104897  32.835  15.580  -17.266 0.3750000000
104879  36.257  15.747  -16.070 0.1250000000
103880  34.125  14.579  -17.030 0.1250000000
104871  29.397  15.529  -15.577 0.3750000000
104883  28.689  15.305  -16.252 0.3750000000
105958  30.477  16.340  -17.335 0.3750000000
105943  29.560  15.896  -16.751 0.3750000000
105957  31.711  16.857  -17.747 0.3750000000
104898  31.907  15.587  -17.700 0.3750000000
104899  31.037  15.506  -17.747 0.3750000000
107007  34.436  17.818  -18.336 0.1250000000
105954  34.877  16.870  -17.528 0.1250000000
106983  30.797  16.643  -16.671 0.2500000000
106993  31.706  17.412  -17.626 0.2500000000
106994  30.868  16.766  -17.032 0.3750000000
105942  30.287  16.402  -16.677 0.3750000000
107010  31.478  17.865  -18.571 0.1250000000
105977  31.784  17.510  -18.464 0.1250000000
107952  33.095  18.877  -19.270 0.1250000000
105976  32.160  17.254  -18.404 0.1250000000
104870  30.357  15.735  -15.364 0.3750000000
105936  30.256  16.161  -15.958 0.3750000000
106982  31.470  16.823  -16.492 0.2500000000
107931  31.447  18.351  -18.401 0.1250000000
106992  32.176  18.102  -17.382 0.1250000000
107943  31.057  18.787  -18.895 0.1250000000
108835  32.200  19.401  -18.171 0.1250000000
107941  33.918  18.747  -18.765 0.1250000000
109770  32.771  20.679  -19.228 0.1250000000
107925  33.339  18.592  -16.746 0.1250000000
109761  32.903  20.691  -18.670 0.1250000000
108834  32.648  19.684  -17.690 0.1250000000
109768  35.100  20.661  -19.028 0.1250000000
108852  34.272  20.091  -19.296 0.1250000000
86681  27.235  -2.254  -13.678 0.8750000000
87662  31.818  -1.365  -13.166 0.6250000000
96692  32.638  7.565  -11.618 0.6250000000
100875  34.745  11.870  -13.397 0.3750000000
101842  28.351  12.447  -14.031 0.6250000000
100886  28.493  11.894  -14.765 0.8750000000
100912  28.694  11.935  -15.676 0.8750000000
101871  28.505  12.785  -16.225 0.7500000000
101879  30.813  12.301  -18.231 0.7500000000
101878  31.857  12.025  -18.120 0.7500000000
101868  31.731  11.952  -16.874 0.7500000000
101858  33.136  12.298  -15.160 0.5000000000
101859  32.757  12.190  -15.753 0.7500000000
107008  32.916  17.851  -18.773 0.1250000000
109762  32.443  20.052  -18.397 0.1250000000
109769  33.933  20.856  -19.169 0.1250000000
96679  33.420  7.476  -10.751 0.3750000000
97675  33.651  8.540  -11.132 0.3750000000
98740  35.173  9.818  -11.754 0.2500000000
100895  32.771  11.188  -15.836 0.7500000000
107009  31.791  17.677  -19.031 0.1250000000
99871  36.047  10.462  -12.113 0.1250000000
81261  27.503  -7.571  -13.043 0.7500000000
81262  26.399  -7.376  -12.895 0.7500000000
81263  25.294  -7.227  -12.718 0.7500000000
82315  24.697  -6.473  -12.503 0.7500000000
81260  28.317  -7.872  -13.054 0.7500000000
82313  27.169  -7.028  -13.267 0.7500000000
81278  29.511  -7.261  -13.106 0.7500000000
84518  23.168  -4.412  -11.389 0.6250000000
84551  24.382  -4.765  -13.004 0.7500000000
83443  29.409  -5.494  -13.864 0.6250000000
84567  29.782  -4.529  -14.030 0.7500000000
84566  30.196  -4.129  -13.578 0.6250000000
85613  30.000  -3.155  -13.615 0.6250000000
86652  31.854  -2.044  -12.722 0.5000000000
135288  32.750  -0.938  -11.585 0.3750000000
135284  32.250  -1.174  -12.698 0.5000000000
135300  33.305  -0.183  -10.524 0.1250000000
135297  34.046  0.914  -9.554 0.1250000000
90798  33.816  1.815  -9.618 0.1250000000
91874  35.597  3.021  -8.645 0.1250000000
94768  36.186  5.088  -8.871 0.1250000000
94782  35.679  5.383  -9.189 0.1250000000
95706  35.458  5.894  -9.501 0.1250000000
97665  29.902  8.770  -10.810 0.3750000000
95713  34.885  6.428  -9.836 0.1250000000
95714  33.984  6.501  -10.154 0.1250000000
97663  34.081  8.079  -10.641 0.1250000000
97674  34.305  8.591  -10.773 0.2500000000
98733  33.776  9.296  -11.622 0.2500000000
100857  30.627  11.209  -11.899 0.5000000000
101829  36.099  12.130  -12.591 0.1250000000
100863  35.472  11.717  -12.568 0.2500000000
101849  35.688  13.321  -13.997 0.1250000000
103825  36.074  14.378  -14.957 0.1250000000
101831  30.584  13.184  -12.706 0.3750000000
104895  35.662  15.695  -17.191 0.1250000000
105974  35.194  17.382  -18.161 0.1250000000
107939  36.015  18.601  -18.488 0.1250000000
105934  31.929  16.367  -15.459 0.2500000000
106974  32.222  16.969  -15.810 0.1250000000
106973  33.395  17.116  -15.518 0.1250000000
109754  33.255  20.266  -17.721 0.1250000000
108829  33.817  19.321  -16.751 0.1250000000
110659  33.529  21.134  -18.944 0.1250000000
108851  35.318  20.055  -19.378 0.1250000000
109759  34.832  21.134  -18.820 0.1250000000
89750  31.025  0.244  -14.555 0.7500000000
97667  27.663  8.521  -10.730 0.3750000000
87684  28.841  -1.640  -14.186 0.8750000000
85602  23.765  -3.029  -11.939 0.7500000000
89738  31.720  0.193  -13.702 0.7500000000
105912  31.873  15.698  -14.466 0.1250000000
105925  31.517  15.969  -14.973 0.2500000000
82332  25.770  -6.291  -13.004 0.7500000000
81282  25.850  -6.961  -13.095 0.7500000000
81280  28.052  -7.391  -13.377 0.7500000000
81279  28.603  -7.275  -13.407 0.7500000000
82329  28.918  -6.394  -13.646 0.7500000000
83433  23.866  -5.151  -12.511 0.7500000000
84550  25.070  -4.659  -13.113 0.7500000000
84548  26.590  -4.404  -13.507 0.7500000000
84536  24.145  -4.326  -12.609 0.7500000000
85563  22.561  -3.412  -11.074 0.6250000000
84535  24.823  -4.131  -12.726 0.7500000000
85614  27.175  -3.718  -13.791 0.8750000000
85634  26.824  -2.907  -13.372 0.8750000000
85631  29.410  -3.499  -14.042 0.7500000000
86664  30.435  -2.493  -13.747 0.7500000000
86663  31.290  -2.245  -13.445 0.6250000000
135294  31.913  -0.672  -13.447 0.7500000000
135285  32.419  -0.837  -13.091 0.6250000000
135291  32.819  0.391  -12.782 0.7500000000
135298  33.269  0.323  -10.224 0.1250000000
91913  33.115  2.486  -9.610 0.2500000000
91914  32.621  2.362  -10.424 0.3750000000
91929  32.341  2.242  -11.396 0.6250000000
92938  34.174  3.422  -9.354 0.1250000000
93907  35.365  4.041  -8.520 0.1250000000
92959  33.374  3.443  -9.513 0.1250000000
93926  33.018  4.430  -9.963 0.1250000000
94784  34.159  4.776  -9.450 0.1250000000
94783  34.775  5.183  -9.203 0.1250000000
94797  33.699  5.390  -9.816 0.1250000000
100883  32.798  10.890  -15.341 0.7500000000
99881  33.462  10.362  -13.770 0.5000000000
101854  28.264  12.115  -14.347 0.6250000000
102824  32.609  12.586  -16.182 0.6250000000
102839  32.071  12.203  -17.551 0.7500000000
101851  33.419  12.226  -14.351 0.5000000000
101850  34.773  13.518  -14.015 0.1250000000
101838  34.892  12.863  -13.392 0.1250000000
102858  27.579  13.984  -17.029 0.7500000000
102872  30.016  13.223  -18.552 0.7500000000
103864  33.575  14.293  -16.484 0.3750000000
102822  34.300  14.117  -15.272 0.1250000000
103862  35.077  14.674  -16.050 0.1250000000
104867  35.825  15.125  -15.780 0.1250000000
104882  29.388  15.677  -16.225 0.3750000000
106990  33.726  17.380  -17.960 0.1250000000
105955  33.390  16.678  -17.564 0.1250000000
105937  29.773  15.998  -16.261 0.3750000000
106991  33.172  17.275  -18.106 0.1250000000
105975  32.756  17.146  -18.125 0.1250000000
105935  31.114  16.267  -15.685 0.2500000000
107022  31.397  18.263  -19.186 0.1250000000
108853  33.114  19.866  -19.297 0.1250000000
107020  32.551  18.464  -19.349 0.1250000000
108843  33.774  19.436  -19.184 0.1250000000
106981  32.572  17.697  -16.657 0.1250000000
107926  32.539  18.629  -17.231 0.1250000000
108854  31.974  19.690  -19.186 0.1250000000
108842  34.611  19.484  -18.940 0.1250000000
107953  32.333  19.014  -19.341 0.1250000000
106980  33.800  17.918  -16.213 0.1250000000
80263  26.813  -8.724  -12.458 0.7500000000
80262  27.904  -8.563  -12.632 0.7500000000
80264  25.683  -8.443  -12.439 0.7500000000
84517  23.649  -4.265  -12.044 0.6250000000
85612  30.693  -3.456  -13.274 0.6250000000
85611  31.538  -2.887  -12.950 0.5000000000
96677  35.266  7.408  -10.367 0.1250000000
96676  35.902  7.055  -10.603 0.1250000000
96678  34.401  7.363  -10.388 0.1250000000
107006  35.539  17.882  -18.359 0.1250000000
107940  35.013  18.667  -18.611 0.1250000000
80265  24.612  -8.370  -12.304 0.7500000000
82316  23.729  -6.355  -12.123 0.5000000000
79269  28.352  -9.391  -12.538 0.6250000000
80261  28.838  -8.500  -12.658 0.6250000000
81258  30.222  -7.595  -12.434 0.3750000000
80276  29.338  -7.961  -12.736 0.6250000000
81242  30.751  -7.029  -11.648 0.2500000000
81277  30.224  -6.716  -12.993 0.3750000000
86651  32.386  -1.723  -11.892 0.3750000000
98735  30.795  9.870  -11.658 0.3750000000
100866  30.799  12.307  -12.260 0.2500000000
83441  30.736  -5.621  -13.159 0.5000000000
84545  30.376  -4.743  -13.167 0.5000000000
84533  30.869  -4.092  -12.435 0.3750000000
80259  30.364  -8.643  -12.014 0.5000000000
80260  29.731  -8.509  -12.498 0.6250000000
78307  27.917  -10.043  -12.451 0.6250000000
81265  23.670  -7.264  -12.071 0.3750000000
81244  23.837  -7.913  -11.906 0.3750000000
79270  27.562  -9.373  -12.416 0.6250000000
79272  25.067  -8.934  -12.526 0.6250000000
79253  30.517  -9.404  -11.435 0.3750000000
79267  30.059  -9.458  -12.258 0.5000000000
78306  28.635  -10.256  -12.485 0.6250000000
82299  22.679  -6.220  -11.623 0.2500000000
80233  30.627  -8.336  -10.947 0.3750000000
82298  31.147  -6.192  -11.529 0.2500000000
86639  22.625  -2.589  -11.559 0.3750000000
83430  30.942  -5.613  -12.696 0.2500000000
84532  30.902  -4.924  -12.462 0.3750000000
84516  31.197  -3.849  -12.064 0.2500000000
85597  32.077  -2.964  -12.342 0.2500000000
85596  32.420  -2.768  -11.678 0.2500000000
95728  24.052  5.851  -11.665 0.1250000000
87639  33.657  -1.079  -10.453 0.2500000000
97679  28.537  8.166  -11.475 0.2500000000
101830  31.006  12.570  -12.037 0.2500000000
95729  23.224  5.884  -11.305 0.2500000000
86624  21.807  -2.856  -10.409 0.2500000000
84546  29.894  -5.088  -13.606 0.5000000000
81264  24.305  -7.273  -12.270 0.5000000000
82328  29.848  -6.307  -13.485 0.5000000000
87620  33.554  -1.828  -11.140 0.2500000000
83416  23.245  -5.250  -11.590 0.3750000000
86604  21.733  -2.977  -10.168 0.2500000000
80246  26.530  -9.098  -12.165 0.6250000000
83417  22.736  -4.783  -11.153 0.3750000000
85598  31.352  -3.509  -12.548 0.2500000000
79268  29.222  -9.446  -12.554 0.6250000000
81243  30.472  -7.995  -11.636 0.2500000000
81241  31.102  -6.646  -11.113 0.2500000000
81276  30.588  -6.405  -12.995 0.3750000000
84544  30.835  -5.246  -12.938 0.3750000000
79252  30.778  -9.006  -11.167 0.3750000000
79271  27.062  -9.413  -12.248 0.6250000000
78304  30.092  -10.077  -11.798 0.3750000000
78305  29.501  -10.242  -12.247 0.5000000000
83415  30.992  -5.447  -11.915 0.2500000000
85580  32.164  -3.566  -11.649 0.2500000000
95716  23.876  6.784  -10.612 0.1250000000
77332  26.738  -11.418  -11.584 0.5000000000
78285  29.653  -10.702  -11.496 0.2500000000
77330  28.476  -11.698  -11.356 0.3750000000
78286  28.906  -10.865  -11.875 0.5000000000
78288  27.001  -10.581  -11.746 0.5000000000
77333  25.560  -11.403  -11.363 0.3750000000
78289  26.045  -10.440  -11.558 0.5000000000
79255  26.581  -9.522  -11.900 0.5000000000
79256  25.406  -9.397  -11.973 0.3750000000
80247  26.212  -9.000  -12.094 0.5000000000
76425  24.860  -12.747  -10.571 0.1250000000
76446  25.206  -12.250  -11.069 0.3750000000
79257  24.156  -9.276  -11.804 0.2500000000
74544  25.504  -14.548  -10.154 0.1250000000
75551  25.561  -13.009  -10.866 0.2500000000
76444  27.137  -12.593  -11.285 0.3750000000
77310  29.411  -11.235  -10.739 0.2500000000
76443  27.840  -12.241  -11.338 0.3750000000
77331  27.582  -11.680  -11.544 0.5000000000
74545  24.736  -14.027  -9.916 0.1250000000
76445  26.076  -12.353  -11.316 0.3750000000
77314  24.040  -11.101  -10.472 0.1250000000
79238  23.760  -9.850  -10.826 0.1250000000
98732  34.509  9.166  -11.146 0.1250000000
79273  24.759  -9.089  -12.347 0.3750000000
79254  27.313  -9.976  -12.124 0.5000000000
78287  27.812  -10.827  -11.868 0.5000000000
80248  23.982  -8.551  -11.930 0.2500000000
80249  23.338  -8.559  -11.733 0.2500000000
78264  30.285  -10.449  -10.445 0.2500000000
77312  27.349  -11.143  -11.688 0.5000000000
77329  29.148  -11.179  -11.424 0.3750000000
78290  24.816  -10.355  -10.933 0.1250000000
75532  25.062  -13.632  -10.507 0.1250000000
75533  24.290  -13.242  -10.089 0.1250000000
76447  24.703  -12.211  -10.770 0.1250000000
76426  24.089  -12.207  -10.435 0.1250000000
77334  24.716  -11.590  -10.878 0.1250000000
75550  26.272  -13.295  -11.160 0.3750000000
77311  28.486  -11.845  -10.189 0.2500000000
78268  23.995  -10.425  -10.537 0.1250000000
74561  26.226  -14.127  -10.906 0.2500000000
75531  27.504  -13.693  -10.602 0.2500000000
84500  21.981  -4.320  -10.434 0.2500000000
74562  25.654  -13.851  -10.919 0.1250000000
76424  27.440  -13.184  -10.998 0.2500000000
75549  26.949  -13.590  -11.105 0.2500000000
74560  26.828  -14.121  -10.686 0.1250000000
84519  21.291  -4.476  -10.574 0.1250000000
96671  27.894  8.444  -10.208 0.1250000000
97666  28.809  8.498  -11.090 0.1250000000
97653  28.413  9.107  -9.938 0.1250000000
98711  26.859  10.034  -10.310 0.1250000000
99845  27.393  10.558  -10.321 0.1250000000
98734  31.381  10.253  -11.276 0.1250000000
98709  28.793  9.693  -10.090 0.1250000000
100849  27.869  11.793  -10.093 0.1250000000
98723  28.665  10.397  -10.091 0.1250000000
97655  26.799  9.120  -9.710 0.1250000000
99855  29.084  11.073  -9.988 0.1250000000
99853  31.537  10.783  -10.506 0.1250000000
100833  31.152  11.550  -9.870 0.1250000000
97680  27.460  8.110  -11.178 0.1250000000
81245  22.875  -7.450  -11.813 0.1250000000
134981  20.832  -5.082  -11.276 0.1250000000
97668  26.649  8.532  -11.018 0.1250000000
98712  25.828  10.186  -10.115 0.1250000000
101818  26.512  11.869  -10.062 0.1250000000
99843  30.093  11.092  -9.406 0.1250000000
99842  31.312  11.083  -9.576 0.1250000000
96694  27.397  7.660  -11.312 0.1250000000
87640  21.214  -1.993  -9.861 0.1250000000
84499  22.663  -4.135  -10.856 0.1250000000
98721  31.044  9.744  -10.840 0.1250000000
99866  31.702  10.846  -11.264 0.1250000000
83401  22.246  -5.401  -11.235 0.1250000000
82288  21.968  -6.043  -11.452 0.1250000000
86625  21.512  -3.010  -9.675 0.1250000000
85565  21.522  -3.756  -9.962 0.1250000000
134983  21.573  -4.843  -11.122 0.1250000000
134976  20.436  -4.129  -10.130 0.1250000000
134979  20.659  -4.927  -11.045 0.1250000000
97654  27.655  9.078  -9.763 0.1250000000
99858  25.677  10.809  -10.917 0.1250000000
101808  27.161  12.096  -9.821 0.1250000000
100847  31.440  11.789  -10.603 0.1250000000
99844  29.227  11.318  -9.568 0.1250000000
101809  26.461  11.835  -9.251 0.1250000000
100832  31.910  11.704  -9.614 0.1250000000
79236  30.899  -9.137  -10.774 0.1250000000
80232  31.105  -8.388  -10.527 0.1250000000
81232  30.550  -7.803  -10.949 0.1250000000
81231  31.271  -7.206  -10.600 0.1250000000
82297  31.555  -6.262  -10.881 0.1250000000
83414  31.549  -5.473  -11.285 0.1250000000
84514  31.865  -4.948  -11.057 0.1250000000
84515  31.419  -4.387  -11.602 0.1250000000
85541  33.654  -3.628  -9.311 0.1250000000
84496  32.807  -4.019  -10.345 0.1250000000
84498  31.879  -3.923  -11.131 0.1250000000
86602  33.635  -2.580  -9.872 0.1250000000
86622  33.388  -2.727  -10.652 0.1250000000
76423  27.986  -12.744  -10.774 0.1250000000
77295  29.292  -11.313  -9.507 0.1250000000
78251  30.349  -10.381  -9.567 0.1250000000
79220  32.125  -8.830  -9.381 0.1250000000
79221  31.091  -9.382  -9.699 0.1250000000
80231  31.973  -7.995  -10.426 0.1250000000
82274  32.472  -6.640  -9.318 0.1250000000
83383  32.372  -5.601  -9.529 0.1250000000
84482  32.441  -5.015  -10.142 0.1250000000
84460  33.507  -4.566  -8.848 0.1250000000
86601  34.537  -2.380  -9.403 0.1250000000
87638  34.227  -0.971  -9.834 0.1250000000
87618  34.991  -1.357  -9.582 0.1250000000
79237  30.607  -9.758  -10.620 0.1250000000
86637  32.830  -2.413  -11.372 0.1250000000
82287  31.809  -6.394  -10.011 0.1250000000
85562  32.217  -3.651  -10.970 0.1250000000
77309  29.888  -10.829  -10.556 0.1250000000
77294  29.883  -10.886  -10.067 0.1250000000
76405  28.440  -12.941  -9.782 0.1250000000
79222  30.475  -9.907  -10.056 0.1250000000
81221  32.163  -7.317  -9.958 0.1250000000
83400  32.050  -5.470  -10.549 0.1250000000
84497  32.249  -4.387  -10.681 0.1250000000
85560  33.192  -3.468  -10.197 0.1250000000
84481  32.920  -4.509  -9.749 0.1250000000
85540  34.043  -2.971  -9.292 0.1250000000
87619  33.929  -1.599  -9.889 0.1250000000
77296  28.607  -12.045  -9.344 0.1250000000
80221  32.408  -8.135  -9.721 0.1250000000
87617  35.795  -0.814  -9.547 0.1250000000
77313  27.090  -11.019  -11.682 0.5000000000
78252  29.875  -10.888  -9.547 0.1250000000
78265  29.957  -10.741  -10.910 0.2500000000
78266  27.524  -10.953  -11.728 0.5000000000
78267  27.307  -10.893  -11.729 0.5000000000
78284  30.336  -10.289  -11.183 0.3750000000
80222  31.766  -8.567  -9.977 0.1250000000
80244  30.788  -8.727  -10.943 0.3750000000
80245  30.593  -8.645  -11.355 0.3750000000
80277  28.944  -7.804  -13.044 0.7500000000
81233  30.503  -8.191  -11.207 0.3750000000
81257  30.557  -6.658  -12.569 0.3750000000
81259  29.699  -7.818  -12.653 0.6250000000
82311  30.819  -6.178  -12.230 0.2500000000
82312  27.472  -7.119  -13.382 0.7500000000
82326  30.871  -6.159  -12.954 0.3750000000
82327  30.523  -6.174  -13.285 0.5000000000
82346  27.998  -5.746  -14.182 0.7500000000
83418  20.888  -4.714  -11.190 0.1250000000
83431  25.098  -5.908  -12.730 0.7500000000
83442  30.165  -5.585  -13.480 0.5000000000
83447  25.379  -5.356  -13.266 0.7500000000
83449  24.249  -5.294  -12.907 0.7500000000
83465  28.599  -5.268  -14.240 0.7500000000
84534  25.519  -4.019  -12.826 0.8750000000
84537  20.929  -4.456  -10.801 0.1250000000
84569  27.943  -4.447  -14.279 0.7500000000
85546  21.799  -3.209  -10.204 0.2500000000
85547  21.730  -3.437  -10.128 0.2500000000
85561  32.659  -3.606  -10.645 0.1250000000
85564  22.082  -3.548  -10.388 0.2500000000
85578  33.037  -3.118  -10.754 0.1250000000
85579  32.655  -3.118  -11.166 0.1250000000
85581  31.694  -3.685  -12.080 0.2500000000
85582  23.718  -3.732  -12.070 0.7500000000
85600  25.304  -3.609  -12.717 0.8750000000
85615  26.887  -3.658  -13.585 0.8750000000
85618  24.678  -2.819  -12.605 1.0000000000
85630  30.054  -3.761  -13.784 0.7500000000
85635  26.440  -2.611  -13.072 0.8750000000
86605  21.648  -3.205  -10.008 0.2500000000
86623  22.256  -3.104  -10.853 0.6250000000
86636  33.189  -2.669  -11.092 0.1250000000
86666  26.271  -2.069  -13.079 1.0000000000
86668  24.811  -2.197  -12.707 1.0000000000
86678  30.444  -1.871  -14.090 0.8750000000
86682  26.491  -2.085  -13.327 1.0000000000
87621  20.871  -1.758  -9.564 0.1250000000
87663  24.961  -1.209  -12.576 1.0000000000
87664  24.585  -1.483  -12.503 1.0000000000
87670  31.385  -1.359  -13.813 0.6250000000
87671  29.980  -2.102  -13.965 0.8750000000
88689  19.928  0.172  -10.070 0.1250000000
88728  25.647  -0.409  -13.543 1.0000000000
89707  19.883  0.703  -10.075 0.1250000000
89724  32.661  0.540  -13.105 0.7500000000
89728  22.299  1.056  -10.921 0.7500000000
89741  23.887  0.311  -12.841 1.0000000000
89754  27.062  0.319  -14.460 1.0000000000
90805  19.971  1.095  -9.709 0.1250000000
90843  23.869  1.457  -12.943 1.0000000000
90846  22.252  1.425  -11.434 0.8750000000
90860  24.464  1.413  -13.069 1.0000000000
90874  26.558  1.129  -14.423 1.0000000000
91891  35.223  2.825  -9.029 0.1250000000
91947  30.770  2.771  -13.233 0.8750000000
91967  25.481  2.678  -13.601 1.0000000000
91982  28.785  2.124  -14.721 1.0000000000
92930  21.197  3.422  -9.227 0.1250000000
92936  35.115  3.468  -8.623 0.1250000000
92937  34.695  3.402  -9.090 0.1250000000
92949  21.490  3.445  -9.806 0.1250000000
92968  21.442  2.853  -10.287 0.1250000000
92981  22.690  3.347  -11.324 0.6250000000
93004  30.935  3.917  -13.334 0.8750000000
93024  26.318  2.652  -14.289 1.0000000000
93893  35.318  4.430  -8.548 0.1250000000
93908  34.680  4.102  -8.710 0.1250000000
93909  34.411  4.189  -9.271 0.1250000000
93945  22.807  4.255  -11.347 0.2500000000
93946  22.296  3.766  -11.205 0.2500000000
93966  31.261  4.386  -13.432 1.0000000000
93979  31.237  4.680  -14.340 1.0000000000
93992  30.461  4.592  -15.401 1.0000000000
94769  35.522  4.963  -8.665 0.1250000000
94802  23.683  6.128  -10.147 0.1250000000
94853  31.038  6.470  -14.904 1.0000000000
94858  28.059  5.301  -13.922 1.0000000000
96656  28.039  8.586  -10.031 0.1250000000
96657  27.931  8.699  -9.841 0.1250000000
96669  28.928  8.690  -10.206 0.1250000000
96670  28.438  8.537  -10.184 0.1250000000
96681  29.320  8.724  -10.466 0.1250000000
96682  29.095  8.574  -10.699 0.1250000000
96683  28.396  8.454  -10.794 0.1250000000
96684  23.833  6.892  -11.329 0.1250000000
96685  23.108  7.124  -11.019 0.1250000000
96686  22.814  6.667  -10.836 0.2500000000
96691  33.138  8.013  -11.245 0.3750000000
96697  24.008  6.538  -11.666 0.1250000000
96698  23.465  6.552  -11.463 0.1250000000
96699  22.909  6.552  -11.116 0.2500000000
96707  29.641  8.026  -12.792 1.0000000000
96749  31.132  7.913  -16.900 1.0000000000
97639  28.231  8.751  -9.923 0.1250000000
97640  28.002  8.974  -9.820 0.1250000000
97652  29.275  9.014  -10.151 0.1250000000
97662  34.716  8.249  -10.507 0.1250000000
98710  27.840  10.038  -10.050 0.1250000000
98720  31.660  10.302  -11.040 0.1250000000
98722  29.713  9.844  -10.165 0.1250000000
98724  26.587  10.429  -10.510 0.1250000000
98725  26.302  10.458  -10.591 0.1250000000
98750  33.250  9.806  -13.427 0.6250000000
99846  27.199  10.349  -10.340 0.1250000000
99847  25.527  10.614  -10.640 0.1250000000
99854  30.522  10.627  -10.043 0.1250000000
99857  26.720  10.785  -10.557 0.1250000000
99859  25.314  10.740  -10.599 0.1250000000
99867  31.016  10.729  -11.628 0.5000000000
99901  29.510  11.003  -15.083 0.8750000000
99919  31.689  8.944  -15.556 1.0000000000
100831  31.995  11.918  -9.679 0.1250000000
100845  31.763  11.994  -9.739 0.1250000000
100856  31.078  11.754  -11.699 0.2500000000
100867  30.560  11.685  -12.589 0.6250000000
100877  30.329  11.487  -13.645 0.7500000000
100897  29.110  11.477  -15.381 0.8750000000
100898  28.669  11.795  -15.114 0.8750000000
101801  26.431  11.277  -8.637 0.1250000000
101805  32.184  12.115  -9.679 0.1250000000
101814  31.958  12.156  -9.724 0.1250000000
101815  31.747  12.275  -9.763 0.1250000000
101817  27.150  11.995  -10.168 0.1250000000
101819  25.588  11.602  -9.891 0.1250000000
101852  29.671  12.035  -13.912 0.6250000000
101855  27.859  12.891  -14.538 0.6250000000
101860  28.198  12.304  -15.169 0.8750000000
101877  32.225  12.543  -18.236 0.7500000000
101891  30.572  12.585  -18.941 0.7500000000
101892  30.252  12.868  -18.931 0.7500000000
101901  30.619  12.829  -19.074 0.7500000000
101902  30.430  12.953  -19.045 0.7500000000
102767  30.807  13.541  -11.216 0.1250000000
102792  33.780  12.886  -14.231 0.5000000000
102793  28.154  13.032  -14.047 0.5000000000
102794  27.770  13.322  -14.127 0.6250000000
102808  27.634  13.974  -14.471 0.6250000000
102809  27.298  14.008  -14.069 0.7500000000
102821  35.010  14.113  -15.452 0.1250000000
102825  27.528  14.278  -15.213 0.6250000000
102842  27.316  13.940  -16.182 0.7500000000
102857  28.084  13.747  -17.521 0.7500000000
102870  30.990  13.336  -19.109 0.7500000000
102871  30.412  13.321  -18.857 0.7500000000
102878  30.763  13.036  -19.124 0.7500000000
102879  30.574  13.156  -19.048 0.7500000000
102880  30.261  13.112  -18.961 0.7500000000
103773  30.027  14.609  -11.222 0.1250000000
103826  31.101  14.689  -15.235 0.3750000000
103830  26.856  14.570  -14.231 0.7500000000
103844  34.733  14.396  -15.766 0.1250000000
103846  30.641  14.901  -15.256 0.3750000000
103848  28.894  15.322  -14.098 0.5000000000
103849  26.906  14.792  -15.237 0.6250000000
103887  27.842  14.169  -17.265 0.7500000000
103903  30.215  13.496  -18.480 0.7500000000
104776  29.000  16.396  -10.557 0.2500000000
104809  29.114  15.278  -11.418 0.1250000000
104857  27.337  15.430  -13.779 0.5000000000
104868  35.384  14.860  -15.950 0.1250000000
105941  30.766  16.479  -16.320 0.2500000000
105944  29.079  15.603  -16.864 0.3750000000
105960  29.105  15.425  -17.029 0.3750000000
106941  27.663  15.902  -12.998 0.2500000000
106975  31.690  16.605  -15.875 0.2500000000
107021  31.994  18.258  -19.490 0.1250000000
107930  31.983  18.578  -17.905 0.1250000000
107942  31.435  18.987  -18.436 0.1250000000
107954  31.552  18.962  -19.286 0.1250000000
108830  33.034  19.394  -17.222 0.1250000000
108831  32.447  19.166  -17.629 0.1250000000
108844  31.636  19.566  -18.787 0.1250000000
108845  31.341  19.316  -19.143 0.1250000000
108855  31.565  19.347  -19.224 0.1250000000
109745  33.524  19.781  -17.131 0.1250000000
109755  32.575  19.916  -17.949 0.1250000000
109760  34.266  21.136  -18.930 0.1250000000
109771  32.196  20.296  -18.920 0.1250000000
110644  33.891  20.801  -17.845 0.1250000000
110658  34.003  21.189  -18.986 0.1250000000
134984  20.888  -4.558  -10.182 0.1250000000
134987  21.094  -5.678  -11.297 0.1250000000
134996  22.286  -4.732  -10.849 0.2500000000
135289  32.981  0.416  -12.976 0.7500000000
135292  32.548  0.620  -12.365 0.7500000000
135295  32.245  0.525  -13.278 0.7500000000
135625  31.006  8.046  -17.014 1.0000000000
135627  31.948  8.455  -15.743 1.0000000000
135629  31.166  8.069  -17.121 1.0000000000
135630  31.997  8.279  -15.760 1.0000000000
135631  31.687  8.429  -15.899 1.0000000000
135728  29.477  13.857  -13.353 0.5000000000
135729  28.204  15.586  -13.502 0.3750000000
135738  28.846  13.790  -13.651 0.6250000000
135740  28.110  15.846  -13.186 0.3750000000
135741  27.466  15.141  -11.978 0.2500000000
