#!ascii label  , from subject 3328 vox2ras=TkReg
265
91929  32.341  2.242  -11.396 0.0000000000
81242  30.751  -7.029  -11.648 0.0000000000
95749  32.144  6.698  -13.709 0.0000000000
102841  27.850  13.494  -16.811 0.0000000000
79268  29.222  -9.446  -12.554 0.0000000000
99874  33.539  10.461  -13.105 0.0000000000
100894  32.937  11.729  -15.434 0.0000000000
88713  31.372  -0.598  -14.280 0.0000000000
85611  31.538  -2.887  -12.950 0.0000000000
135300  33.305  -0.183  -10.524 0.0000000000
94797  33.699  5.390  -9.816 0.0000000000
91892  34.727  2.656  -9.321 0.0000000000
93957  31.656  4.306  -12.701 0.0000000000
97675  33.651  8.540  -11.132 0.0000000000
100910  30.594  11.307  -15.995 0.0000000000
102855  32.290  12.412  -17.860 0.0000000000
84497  32.249  -4.387  -10.681 0.0000000000
98772  32.365  9.965  -15.223 0.0000000000
99910  32.304  10.555  -15.802 0.0000000000
90841  32.406  0.998  -12.850 0.0000000000
135296  32.693  -0.138  -12.703 0.0000000000
90814  32.692  1.288  -10.723 0.0000000000
81258  30.222  -7.595  -12.434 0.0000000000
94826  31.854  5.448  -12.965 0.0000000000
95725  32.639  6.406  -11.272 0.0000000000
96706  32.565  7.583  -13.030 0.0000000000
101839  34.061  12.422  -13.741 0.0000000000
100864  34.386  11.232  -12.833 0.0000000000
101854  28.264  12.115  -14.347 0.0000000000
100896  29.779  11.196  -15.509 0.0000000000
101870  30.052  12.806  -16.952 0.0000000000
105957  31.711  16.857  -17.747 0.0000000000
104898  31.907  15.587  -17.700 0.0000000000
103900  32.007  14.146  -18.455 0.0000000000
103882  32.249  14.513  -17.495 0.0000000000
102837  32.824  13.749  -16.922 0.0000000000
86637  32.830  -2.413  -11.372 0.0000000000
85580  32.164  -3.566  -11.649 0.0000000000
78306  28.635  -10.256  -12.485 0.0000000000
97698  32.582  8.545  -13.570 0.0000000000
98760  33.256  9.863  -14.109 0.0000000000
99887  33.169  10.502  -14.363 0.0000000000
102807  33.404  12.920  -14.749 0.0000000000
86664  30.435  -2.493  -13.747 0.0000000000
87662  31.818  -1.365  -13.166 0.0000000000
135288  32.750  -0.938  -11.585 0.0000000000
87639  33.657  -1.079  -10.453 0.0000000000
92960  32.763  3.413  -10.219 0.0000000000
91913  33.115  2.486  -9.610 0.0000000000
93925  33.801  4.285  -9.561 0.0000000000
90842  31.677  1.602  -13.240 0.0000000000
92993  30.790  2.969  -12.949 0.0000000000
92991  31.900  3.311  -11.980 0.0000000000
94798  32.797  5.434  -10.611 0.0000000000
96679  33.420  7.476  -10.751 0.0000000000
98718  34.956  8.806  -10.718 0.0000000000
98742  33.477  9.599  -12.483 0.0000000000
98740  35.173  9.818  -11.754 0.0000000000
100909  31.519  10.979  -16.224 0.0000000000
103885  29.801  13.976  -17.922 0.0000000000
101900  30.867  12.809  -19.124 0.0000000000
101878  31.857  12.025  -18.120 0.0000000000
101868  31.731  11.952  -16.874 0.0000000000
102824  32.609  12.586  -16.182 0.0000000000
102823  33.105  13.408  -15.681 0.0000000000
83441  30.736  -5.621  -13.159 0.0000000000
85612  30.693  -3.456  -13.274 0.0000000000
135297  34.046  0.914  -9.554 0.0000000000
88684  34.168  -0.243  -9.409 0.0000000000
99911  31.850  10.012  -15.676 0.0000000000
90828  32.460  0.932  -11.719 0.0000000000
77330  28.476  -11.698  -11.356 0.0000000000
78286  28.906  -10.865  -11.875 0.0000000000
95738  32.403  6.516  -12.386 0.0000000000
102791  34.237  13.143  -13.889 0.0000000000
100875  34.745  11.870  -13.397 0.0000000000
101872  27.679  13.323  -16.246 0.0000000000
100886  28.493  11.894  -14.765 0.0000000000
100912  28.694  11.935  -15.676 0.0000000000
102840  28.815  13.465  -17.004 0.0000000000
104897  32.835  15.580  -17.266 0.0000000000
86622  33.388  -2.727  -10.652 0.0000000000
81279  28.603  -7.275  -13.407 0.0000000000
97708  32.470  8.680  -14.648 0.0000000000
100883  32.798  10.890  -15.341 0.0000000000
99888  32.693  10.525  -14.968 0.0000000000
100882  33.095  11.321  -14.917 0.0000000000
101851  33.419  12.226  -14.351 0.0000000000
101858  33.136  12.298  -15.160 0.0000000000
103829  27.109  14.492  -14.753 0.0000000000
87682  30.820  -1.333  -14.292 0.0000000000
135294  31.913  -0.672  -13.447 0.0000000000
88686  33.163  -0.284  -11.204 0.0000000000
78305  29.501  -10.242  -12.247 0.0000000000
93926  33.018  4.430  -9.963 0.0000000000
94784  34.159  4.776  -9.450 0.0000000000
90857  31.509  1.235  -13.644 0.0000000000
92992  31.222  3.372  -12.793 0.0000000000
93956  32.175  4.366  -11.920 0.0000000000
93943  32.375  4.425  -10.810 0.0000000000
96692  32.638  7.565  -11.618 0.0000000000
96680  32.833  7.004  -10.966 0.0000000000
97663  34.081  8.079  -10.641 0.0000000000
97674  34.305  8.591  -10.773 0.0000000000
98743  32.954  9.191  -13.156 0.0000000000
99872  34.853  10.668  -12.201 0.0000000000
99900  30.377  10.351  -15.121 0.0000000000
104899  31.037  15.506  -17.747 0.0000000000
105958  30.477  16.340  -17.335 0.0000000000
103884  30.831  14.361  -17.873 0.0000000000
103902  30.644  13.698  -18.510 0.0000000000
102854  32.271  13.395  -17.953 0.0000000000
101889  31.987  12.771  -18.575 0.0000000000
102839  32.071  12.203  -17.551 0.0000000000
101867  32.425  11.927  -16.391 0.0000000000
102838  32.131  12.813  -16.839 0.0000000000
103864  33.575  14.293  -16.484 0.0000000000
103845  33.934  14.397  -15.817 0.0000000000
83443  29.409  -5.494  -13.864 0.0000000000
86663  31.290  -2.245  -13.445 0.0000000000
85613  30.000  -3.155  -13.615 0.0000000000
84498  31.879  -3.923  -11.131 0.0000000000
84516  31.197  -3.849  -12.064 0.0000000000
84515  31.419  -4.387  -11.602 0.0000000000
83415  30.992  -5.447  -11.915 0.0000000000
91893  33.976  2.572  -9.432 0.0000000000
90813  33.129  1.492  -9.864 0.0000000000
90798  33.816  1.815  -9.618 0.0000000000
98776  32.160  10.027  -15.509 0.0000000000
99899  32.498  10.548  -15.462 0.0000000000
100895  32.771  11.188  -15.836 0.0000000000
89738  31.720  0.193  -13.702 0.0000000000
135291  32.819  0.391  -12.782 0.0000000000
135290  32.650  0.226  -12.179 0.0000000000
89702  32.849  0.531  -10.951 0.0000000000
80260  29.731  -8.509  -12.498 0.0000000000
79267  30.059  -9.458  -12.258 0.0000000000
80259  30.364  -8.643  -12.014 0.0000000000
80233  30.627  -8.336  -10.947 0.0000000000
95714  33.984  6.501  -10.154 0.0000000000
94796  34.349  5.871  -9.760 0.0000000000
94827  31.517  4.852  -13.237 0.0000000000
94813  32.329  5.443  -11.645 0.0000000000
97676  33.112  8.327  -11.642 0.0000000000
100876  33.708  11.281  -13.698 0.0000000000
100865  33.873  10.895  -13.014 0.0000000000
100874  35.308  12.228  -13.159 0.0000000000
100911  29.337  11.742  -16.130 0.0000000000
103883  31.538  14.537  -17.764 0.0000000000
103901  31.431  14.049  -18.692 0.0000000000
102853  32.619  14.041  -17.342 0.0000000000
103881  33.210  14.586  -17.061 0.0000000000
85596  32.420  -2.768  -11.678 0.0000000000
85597  32.077  -2.964  -12.342 0.0000000000
85562  32.217  -3.651  -10.970 0.0000000000
78307  27.917  -10.043  -12.451 0.0000000000
79269  28.352  -9.391  -12.538 0.0000000000
80261  28.838  -8.500  -12.658 0.0000000000
80276  29.338  -7.961  -12.736 0.0000000000
81278  29.511  -7.261  -13.106 0.0000000000
81277  30.224  -6.716  -12.993 0.0000000000
96717  32.144  7.791  -14.235 0.0000000000
98751  32.856  9.305  -13.936 0.0000000000
98761  32.670  9.693  -14.681 0.0000000000
99881  33.462  10.362  -13.770 0.0000000000
102806  34.023  13.547  -14.577 0.0000000000
101843  27.979  12.666  -14.138 0.0000000000
101861  27.705  13.323  -15.455 0.0000000000
102858  27.579  13.984  -17.029 0.0000000000
86677  30.967  -1.935  -14.032 0.0000000000
86652  31.854  -2.044  -12.722 0.0000000000
135285  32.419  -0.837  -13.091 0.0000000000
135284  32.250  -1.174  -12.698 0.0000000000
86651  32.386  -1.723  -11.892 0.0000000000
87620  33.554  -1.828  -11.140 0.0000000000
87619  33.929  -1.599  -9.889 0.0000000000
91914  32.621  2.362  -10.424 0.0000000000
92959  33.374  3.443  -9.513 0.0000000000
92938  34.174  3.422  -9.354 0.0000000000
94783  34.775  5.183  -9.203 0.0000000000
94770  35.050  4.667  -8.680 0.0000000000
93907  35.365  4.041  -8.520 0.0000000000
90856  32.245  0.815  -13.193 0.0000000000
91945  31.964  2.183  -12.278 0.0000000000
91946  31.302  2.235  -12.992 0.0000000000
92977  32.236  3.344  -11.077 0.0000000000
95715  33.202  6.381  -10.570 0.0000000000
96678  34.401  7.363  -10.388 0.0000000000
97661  35.376  8.328  -10.742 0.0000000000
97687  32.965  8.530  -12.477 0.0000000000
97686  33.411  8.859  -11.870 0.0000000000
99873  33.970  10.537  -12.503 0.0000000000
98741  34.260  9.890  -11.908 0.0000000000
98733  33.776  9.296  -11.622 0.0000000000
98732  34.509  9.166  -11.146 0.0000000000
103886  28.501  14.345  -17.395 0.0000000000
104901  29.313  14.887  -17.092 0.0000000000
102856  29.174  13.447  -17.885 0.0000000000
101880  30.041  12.785  -18.425 0.0000000000
101879  30.813  12.301  -18.231 0.0000000000
102869  31.907  13.520  -19.056 0.0000000000
101890  31.331  12.625  -18.946 0.0000000000
101869  31.148  11.923  -17.136 0.0000000000
100908  32.188  11.000  -16.312 0.0000000000
101859  32.757  12.190  -15.753 0.0000000000
82328  29.848  -6.307  -13.485 0.0000000000
81276  30.588  -6.405  -12.995 0.0000000000
84566  30.196  -4.129  -13.578 0.0000000000
85598  31.352  -3.509  -12.548 0.0000000000
84533  30.869  -4.092  -12.435 0.0000000000
84545  30.376  -4.743  -13.167 0.0000000000
84544  30.835  -5.246  -12.938 0.0000000000
83430  30.942  -5.613  -12.696 0.0000000000
135298  33.269  0.323  -10.224 0.0000000000
90797  34.610  1.629  -9.347 0.0000000000
88685  33.415  -0.550  -10.097 0.0000000000
87638  34.227  -0.971  -9.834 0.0000000000
80244  30.788  -8.727  -10.943 0.0000000000
80245  30.593  -8.645  -11.355 0.0000000000
81233  30.503  -8.191  -11.207 0.0000000000
81257  30.557  -6.658  -12.569 0.0000000000
81259  29.699  -7.818  -12.653 0.0000000000
82326  30.871  -6.159  -12.954 0.0000000000
82327  30.523  -6.174  -13.285 0.0000000000
83442  30.165  -5.585  -13.480 0.0000000000
85561  32.659  -3.606  -10.645 0.0000000000
85578  33.037  -3.118  -10.754 0.0000000000
85579  32.655  -3.118  -11.166 0.0000000000
85581  31.694  -3.685  -12.080 0.0000000000
86636  33.189  -2.669  -11.092 0.0000000000
86665  29.675  -2.642  -13.785 0.0000000000
87670  31.385  -1.359  -13.813 0.0000000000
89724  32.661  0.540  -13.105 0.0000000000
91947  30.770  2.771  -13.233 0.0000000000
92936  35.115  3.468  -8.623 0.0000000000
92937  34.695  3.402  -9.090 0.0000000000
93908  34.680  4.102  -8.710 0.0000000000
93909  34.411  4.189  -9.271 0.0000000000
96691  33.138  8.013  -11.245 0.0000000000
97662  34.716  8.249  -10.507 0.0000000000
98719  34.630  8.724  -10.752 0.0000000000
98739  35.900  9.702  -11.705 0.0000000000
98750  33.250  9.806  -13.427 0.0000000000
101855  27.859  12.891  -14.538 0.0000000000
101860  28.198  12.304  -15.169 0.0000000000
101877  32.225  12.543  -18.236 0.0000000000
101891  30.572  12.585  -18.941 0.0000000000
101892  30.252  12.868  -18.931 0.0000000000
101901  30.619  12.829  -19.074 0.0000000000
101902  30.430  12.953  -19.045 0.0000000000
102792  33.780  12.886  -14.231 0.0000000000
102794  27.770  13.322  -14.127 0.0000000000
102808  27.634  13.974  -14.471 0.0000000000
102825  27.528  14.278  -15.213 0.0000000000
102842  27.316  13.940  -16.182 0.0000000000
102857  28.084  13.747  -17.521 0.0000000000
102870  30.990  13.336  -19.109 0.0000000000
102878  30.763  13.036  -19.124 0.0000000000
102879  30.574  13.156  -19.048 0.0000000000
103849  26.906  14.792  -15.237 0.0000000000
103887  27.842  14.169  -17.265 0.0000000000
135289  32.981  0.416  -12.976 0.0000000000
135292  32.548  0.620  -12.365 0.0000000000
135295  32.245  0.525  -13.278 0.0000000000
135301  34.580  0.987  -9.336 0.0000000000
