#!ascii label  , from subject 3473 vox2ras=TkReg
1031
68816  -8.684  -6.275  71.683 0.0000000000
67885  -31.653  -7.680  58.454 0.0000000000
75936  -28.872  -0.428  54.489 0.0000000000
71198  -23.253  -2.989  61.342 0.0000000000
77413  -35.936  1.465  40.916 0.0000000000
77309  -31.549  2.296  45.033 0.0000000000
70020  -31.744  -4.347  62.748 0.0000000000
68924  -28.141  -5.510  59.492 0.0000000000
80950  -41.146  4.457  43.383 0.0000000000
84353  -43.438  7.473  40.174 0.0000000000
86496  -45.994  9.130  36.739 0.0000000000
80848  -31.430  4.676  54.263 0.0000000000
77288  -28.855  1.147  50.138 0.0000000000
80879  -33.680  5.620  50.306 0.0000000000
80912  -36.627  4.234  46.981 0.0000000000
67800  -16.356  -5.787  60.468 0.0000000000
71015  -6.458  -5.006  74.464 0.0000000000
71257  -32.493  -3.831  55.924 0.0000000000
79647  -30.777  2.306  59.219 0.0000000000
67864  -18.409  -6.912  57.991 0.0000000000
70132  -23.505  -5.784  54.690 0.0000000000
85512  -44.154  7.546  32.529 0.0000000000
90872  -46.568  11.736  34.935 0.0000000000
76101  -33.859  0.521  42.931 0.0000000000
77317  -39.383  2.805  45.563 0.0000000000
65472  -10.242  -8.619  68.657 0.0000000000
66529  -4.656  -9.011  76.448 0.0000000000
83179  -42.087  5.672  42.558 0.0000000000
80866  -32.478  5.048  52.630 0.0000000000
65585  -14.566  -9.098  61.056 0.0000000000
69920  -8.195  -5.471  73.113 0.0000000000
67930  -31.416  -7.176  54.526 0.0000000000
68977  -32.640  -6.007  56.896 0.0000000000
68921  -20.693  -4.739  60.061 0.0000000000
68957  -20.503  -6.027  57.099 0.0000000000
70085  -23.697  -4.096  58.062 0.0000000000
66766  -29.155  -6.782  58.648 0.0000000000
66800  -27.518  -7.261  57.009 0.0000000000
65682  -28.866  -8.672  56.133 0.0000000000
70013  -21.982  -3.007  63.238 0.0000000000
68889  -19.769  -4.524  61.721 0.0000000000
84390  -39.086  6.596  36.589 0.0000000000
85507  -42.574  7.658  33.723 0.0000000000
87562  -46.365  10.441  35.928 0.0000000000
78524  -29.705  2.529  47.248 0.0000000000
76059  -32.664  1.283  44.127 0.0000000000
78530  -38.668  3.378  46.527 0.0000000000
67775  -12.926  -7.420  64.485 0.0000000000
68835  -11.554  -6.471  65.913 0.0000000000
69937  -10.898  -5.147  68.287 0.0000000000
65500  -10.999  -9.307  66.799 0.0000000000
65408  -5.509  -9.650  75.889 0.0000000000
67842  -31.349  -5.342  60.224 0.0000000000
70088  -32.134  -4.112  59.989 0.0000000000
72289  -31.951  -3.135  61.808 0.0000000000
71168  -25.960  -2.899  62.943 0.0000000000
71200  -26.097  -3.759  60.430 0.0000000000
70015  -28.312  -4.273  62.198 0.0000000000
68894  -30.041  -5.545  61.965 0.0000000000
78611  -38.306  2.893  42.887 0.0000000000
82056  -39.154  5.149  41.285 0.0000000000
84336  -40.786  6.622  40.033 0.0000000000
85471  -42.018  7.546  37.644 0.0000000000
85485  -43.160  8.093  36.228 0.0000000000
85463  -45.114  8.109  38.160 0.0000000000
78463  -29.539  1.751  54.759 0.0000000000
77251  -28.617  0.838  52.719 0.0000000000
78498  -29.868  3.058  52.499 0.0000000000
79745  -30.555  4.025  49.879 0.0000000000
79757  -32.204  4.918  47.906 0.0000000000
79786  -33.459  3.531  46.070 0.0000000000
81998  -35.617  5.542  48.778 0.0000000000
71181  -15.105  -4.010  61.844 0.0000000000
67791  -13.464  -7.221  62.692 0.0000000000
89861  -47.519  11.146  30.616 0.0000000000
73267  -5.396  -3.940  75.017 0.0000000000
71285  -31.234  -4.681  53.426 0.0000000000
74672  -30.401  -1.817  55.464 0.0000000000
73434  -31.572  -2.670  58.900 0.0000000000
75918  -30.398  -1.539  57.862 0.0000000000
77212  -29.600  0.360  56.214 0.0000000000
80827  -30.898  3.871  56.387 0.0000000000
68960  -25.831  -5.849  56.914 0.0000000000
70009  -18.906  -4.110  62.869 0.0000000000
67820  -17.526  -5.969  60.050 0.0000000000
86511  -43.884  8.766  34.314 0.0000000000
88733  -45.144  10.120  33.283 0.0000000000
89850  -46.018  10.929  31.827 0.0000000000
91852  -47.391  13.134  32.687 0.0000000000
64298  -8.533  -10.412  71.388 0.0000000000
65420  -7.934  -9.150  72.900 0.0000000000
76125  -35.251  0.260  42.344 0.0000000000
77313  -35.875  2.572  44.926 0.0000000000
76063  -36.521  1.229  44.113 0.0000000000
76128  -37.936  1.289  43.190 0.0000000000
78586  -40.234  3.357  44.416 0.0000000000
66555  -9.332  -7.361  70.639 0.0000000000
67697  -6.736  -7.771  74.811 0.0000000000
68801  -5.682  -7.215  75.815 0.0000000000
69903  -4.738  -6.760  75.954 0.0000000000
68813  -8.198  -6.392  72.705 0.0000000000
66815  -31.004  -8.384  56.660 0.0000000000
67915  -31.293  -7.713  55.684 0.0000000000
67901  -32.438  -6.742  57.381 0.0000000000
70061  -22.050  -3.769  60.272 0.0000000000
70071  -22.124  -3.908  59.337 0.0000000000
71218  -22.966  -3.428  59.773 0.0000000000
66767  -29.761  -6.808  58.536 0.0000000000
65648  -29.319  -7.256  57.722 0.0000000000
66784  -30.138  -7.735  57.755 0.0000000000
65683  -29.613  -9.050  56.310 0.0000000000
71166  -23.656  -2.630  63.776 0.0000000000
71165  -22.864  -2.799  64.000 0.0000000000
70035  -22.176  -3.281  62.245 0.0000000000
70034  -21.312  -4.003  61.597 0.0000000000
84417  -41.990  7.313  33.806 0.0000000000
73473  -29.116  -2.139  53.758 0.0000000000
74693  -28.302  -1.236  53.074 0.0000000000
78538  -30.117  2.690  46.264 0.0000000000
77329  -30.291  0.688  44.981 0.0000000000
77331  -32.202  1.694  44.485 0.0000000000
66681  -12.124  -8.387  65.185 0.0000000000
68836  -11.797  -6.102  65.203 0.0000000000
66664  -11.574  -8.292  65.878 0.0000000000
66645  -11.344  -8.118  66.764 0.0000000000
64357  -11.029  -9.904  66.023 0.0000000000
67809  -31.459  -4.921  61.493 0.0000000000
68926  -31.647  -4.390  60.888 0.0000000000
70042  -32.121  -4.090  62.193 0.0000000000
71133  -26.592  -3.250  64.933 0.0000000000
71169  -27.105  -3.527  62.572 0.0000000000
69971  -28.169  -3.962  63.916 0.0000000000
69997  -31.149  -4.302  63.519 0.0000000000
68855  -29.971  -4.488  62.904 0.0000000000
68895  -30.656  -5.433  62.056 0.0000000000
67807  -30.851  -5.465  61.391 0.0000000000
79844  -39.293  3.661  42.981 0.0000000000
80961  -39.007  4.053  42.221 0.0000000000
80962  -39.768  4.277  42.473 0.0000000000
84326  -42.541  6.756  41.291 0.0000000000
83202  -41.299  6.344  41.175 0.0000000000
84351  -42.078  7.097  39.770 0.0000000000
84363  -41.117  6.939  38.631 0.0000000000
84365  -42.461  7.259  39.322 0.0000000000
85461  -42.850  7.479  38.718 0.0000000000
85451  -43.868  7.674  39.583 0.0000000000
79709  -30.453  3.517  54.650 0.0000000000
78482  -30.004  2.874  53.349 0.0000000000
79734  -30.824  4.275  53.272 0.0000000000
80873  -32.853  5.190  51.637 0.0000000000
80877  -32.011  4.908  51.084 0.0000000000
80881  -32.174  5.043  50.094 0.0000000000
79749  -31.468  4.826  49.378 0.0000000000
80895  -32.373  5.303  49.124 0.0000000000
79758  -33.272  5.067  47.692 0.0000000000
80883  -33.965  5.786  49.322 0.0000000000
70033  -17.734  -4.081  61.556 0.0000000000
72281  -16.890  -2.911  61.659 0.0000000000
68885  -15.972  -5.244  60.893 0.0000000000
66719  -13.615  -8.197  62.146 0.0000000000
90907  -48.687  12.698  31.485 0.0000000000
89853  -49.390  12.157  30.956 0.0000000000
72151  -6.156  -4.263  74.574 0.0000000000
70133  -32.180  -5.405  54.849 0.0000000000
70142  -31.661  -5.415  53.798 0.0000000000
71268  -31.748  -4.268  54.465 0.0000000000
72351  -31.356  -3.180  54.575 0.0000000000
73451  -31.153  -2.470  56.232 0.0000000000
72301  -31.805  -3.247  60.497 0.0000000000
72305  -31.896  -3.044  59.138 0.0000000000
74629  -31.376  -2.151  60.182 0.0000000000
78416  -30.620  1.148  59.743 0.0000000000
75901  -30.512  -0.812  59.409 0.0000000000
77195  -29.875  0.339  58.455 0.0000000000
77203  -29.858  -0.426  57.732 0.0000000000
78424  -29.886  0.725  57.750 0.0000000000
78434  -30.155  2.312  56.462 0.0000000000
79661  -30.594  2.585  58.338 0.0000000000
70118  -22.075  -5.289  56.145 0.0000000000
70064  -27.177  -4.781  59.645 0.0000000000
70074  -26.354  -4.802  58.751 0.0000000000
68936  -27.228  -5.529  58.660 0.0000000000
66813  -26.811  -7.586  55.817 0.0000000000
69988  -19.605  -3.903  63.079 0.0000000000
67835  -19.243  -5.490  59.703 0.0000000000
67821  -18.434  -5.667  59.985 0.0000000000
66747  -17.951  -6.648  59.102 0.0000000000
66746  -17.202  -7.774  58.872 0.0000000000
86494  -44.560  8.724  36.237 0.0000000000
85491  -43.699  8.719  35.385 0.0000000000
86501  -44.963  9.313  35.809 0.0000000000
88722  -46.314  10.875  35.431 0.0000000000
87570  -45.227  10.307  34.367 0.0000000000
88731  -45.421  10.560  33.864 0.0000000000
88734  -45.458  10.469  32.736 0.0000000000
89848  -45.860  11.192  32.966 0.0000000000
90905  -46.496  11.808  32.204 0.0000000000
90891  -46.819  12.582  33.535 0.0000000000
77280  -28.831  1.384  50.815 0.0000000000
75981  -28.076  -0.109  51.257 0.0000000000
76139  -34.355  -0.088  41.534 0.0000000000
76102  -34.987  0.520  42.958 0.0000000000
79788  -35.262  3.766  46.196 0.0000000000
78542  -34.186  2.964  45.618 0.0000000000
78527  -35.976  3.542  46.087 0.0000000000
77296  -39.132  2.911  46.004 0.0000000000
77315  -37.869  2.389  45.189 0.0000000000
77337  -38.040  2.002  44.700 0.0000000000
76085  -37.753  1.007  43.921 0.0000000000
76086  -38.384  1.564  44.107 0.0000000000
77369  -38.689  2.201  43.918 0.0000000000
77352  -39.417  2.760  44.729 0.0000000000
67725  -10.442  -6.881  68.731 0.0000000000
67716  -10.199  -6.887  69.335 0.0000000000
68821  -9.847  -5.937  70.381 0.0000000000
66578  -9.985  -7.763  69.420 0.0000000000
64309  -9.248  -10.048  70.106 0.0000000000
64319  -9.794  -9.914  69.040 0.0000000000
64281  -7.301  -10.143  73.510 0.0000000000
66543  -7.588  -8.589  73.899 0.0000000000
65415  -7.052  -9.513  74.480 0.0000000000
65407  -5.188  -9.861  76.428 0.0000000000
67694  -5.861  -8.054  75.819 0.0000000000
67690  -5.061  -8.152  76.422 0.0000000000
69905  -5.103  -6.747  76.188 0.0000000000
67688  -4.617  -8.089  76.222 0.0000000000
69955  -28.864  -3.775  65.257 0.0000000000
80942  -42.344  5.218  44.321 0.0000000000
82034  -41.535  5.000  43.035 0.0000000000
82036  -43.159  5.882  43.461 0.0000000000
80858  -32.159  4.943  53.588 0.0000000000
67818  -15.850  -7.098  60.258 0.0000000000
67799  -15.146  -6.866  60.805 0.0000000000
72157  -8.082  -3.364  73.759 0.0000000000
71017  -7.547  -5.198  73.823 0.0000000000
67929  -30.893  -7.923  54.722 0.0000000000
68990  -32.047  -6.336  55.361 0.0000000000
71246  -33.042  -3.794  57.007 0.0000000000
79662  -30.951  3.240  58.819 0.0000000000
68932  -19.960  -5.303  59.354 0.0000000000
67881  -19.587  -6.723  57.210 0.0000000000
68946  -21.011  -5.178  58.126 0.0000000000
70095  -21.779  -4.840  57.788 0.0000000000
70108  -22.885  -4.977  56.585 0.0000000000
67838  -28.561  -6.101  59.293 0.0000000000
66763  -27.641  -6.563  57.971 0.0000000000
66783  -28.143  -6.936  57.870 0.0000000000
65664  -27.933  -7.722  56.616 0.0000000000
65699  -28.970  -9.307  55.273 0.0000000000
69990  -21.309  -3.083  63.645 0.0000000000
68867  -19.735  -4.203  62.563 0.0000000000
68890  -20.524  -4.324  61.747 0.0000000000
68920  -20.032  -4.974  60.315 0.0000000000
83221  -38.420  6.113  38.073 0.0000000000
85511  -43.581  7.328  32.824 0.0000000000
86489  -46.886  9.196  37.547 0.0000000000
86503  -46.209  9.525  36.543 0.0000000000
78514  -29.182  1.526  48.901 0.0000000000
76099  -31.877  0.202  43.154 0.0000000000
76081  -33.625  0.843  43.552 0.0000000000
79760  -38.388  4.189  47.327 0.0000000000
79776  -37.932  3.767  46.827 0.0000000000
79761  -39.132  3.933  47.219 0.0000000000
71144  -13.509  -4.495  64.544 0.0000000000
71123  -13.081  -4.568  65.467 0.0000000000
72229  -11.879  -2.516  66.698 0.0000000000
69940  -11.205  -5.282  67.464 0.0000000000
66623  -10.927  -7.962  67.637 0.0000000000
65483  -10.710  -8.940  67.655 0.0000000000
64332  -10.061  -10.284  68.337 0.0000000000
63206  -10.461  -10.724  67.539 0.0000000000
67869  -31.606  -6.754  59.080 0.0000000000
68949  -32.449  -6.292  58.947 0.0000000000
68937  -31.798  -5.030  60.022 0.0000000000
71221  -31.835  -3.747  60.618 0.0000000000
71186  -24.774  -2.622  62.059 0.0000000000
71199  -24.943  -3.109  60.848 0.0000000000
71187  -26.230  -3.250  61.576 0.0000000000
71188  -27.242  -3.711  61.579 0.0000000000
68891  -28.548  -4.778  61.055 0.0000000000
69994  -29.291  -4.200  63.547 0.0000000000
68870  -29.175  -4.897  62.176 0.0000000000
68910  -28.988  -5.306  60.627 0.0000000000
67825  -29.393  -5.872  60.117 0.0000000000
66751  -30.499  -6.084  59.683 0.0000000000
71149  -24.671  -2.756  64.596 0.0000000000
78609  -36.862  2.094  41.824 0.0000000000
78620  -36.175  2.140  40.780 0.0000000000
79855  -37.264  3.103  41.473 0.0000000000
80974  -37.533  3.946  40.844 0.0000000000
83199  -38.675  5.668  40.232 0.0000000000
83188  -40.823  5.807  41.631 0.0000000000
83200  -39.606  6.036  40.614 0.0000000000
83211  -39.411  6.347  39.456 0.0000000000
84361  -39.422  6.625  38.350 0.0000000000
85482  -40.646  7.196  37.372 0.0000000000
85488  -41.526  7.625  35.906 0.0000000000
85489  -42.368  7.912  35.600 0.0000000000
85484  -42.228  7.789  36.606 0.0000000000
85473  -44.009  8.203  36.776 0.0000000000
86481  -45.141  8.245  37.675 0.0000000000
85446  -45.937  8.108  39.874 0.0000000000
86483  -46.467  8.664  38.122 0.0000000000
77219  -29.062  0.734  54.779 0.0000000000
75947  -28.373  -0.328  53.469 0.0000000000
77231  -29.217  1.459  53.311 0.0000000000
78503  -29.406  2.350  52.094 0.0000000000
78507  -29.375  2.224  51.076 0.0000000000
79738  -30.939  4.396  52.458 0.0000000000
79741  -30.488  3.849  50.988 0.0000000000
78508  -29.890  3.062  50.417 0.0000000000
78512  -30.059  3.154  49.226 0.0000000000
78516  -30.084  3.509  47.947 0.0000000000
78526  -31.481  3.460  46.226 0.0000000000
78540  -32.158  3.017  45.679 0.0000000000
79771  -32.293  3.908  46.504 0.0000000000
80910  -34.814  4.859  47.357 0.0000000000
80898  -35.722  5.168  47.863 0.0000000000
81999  -36.573  5.403  48.389 0.0000000000
82000  -37.267  5.229  48.157 0.0000000000
72279  -14.806  -3.299  62.428 0.0000000000
68884  -14.784  -5.834  61.427 0.0000000000
68883  -13.892  -6.104  62.269 0.0000000000
70007  -13.804  -5.223  62.920 0.0000000000
67783  -13.221  -7.327  63.711 0.0000000000
73475  -30.754  -2.893  54.117 0.0000000000
74671  -29.922  -1.681  55.001 0.0000000000
70100  -33.268  -4.794  58.778 0.0000000000
70111  -33.282  -4.065  58.010 0.0000000000
72330  -32.471  -2.914  57.698 0.0000000000
74640  -31.061  -2.269  58.694 0.0000000000
74647  -30.723  -2.316  57.453 0.0000000000
74646  -30.259  -1.838  57.038 0.0000000000
75927  -29.792  -0.832  55.826 0.0000000000
75926  -29.255  -0.099  55.349 0.0000000000
78445  -29.551  1.526  55.876 0.0000000000
78446  -30.041  2.611  55.293 0.0000000000
79692  -31.013  4.351  55.463 0.0000000000
80821  -31.204  4.202  57.112 0.0000000000
81905  -31.550  4.826  56.687 0.0000000000
71220  -25.214  -4.067  59.006 0.0000000000
70086  -24.910  -4.654  57.846 0.0000000000
68959  -24.794  -5.406  56.562 0.0000000000
67867  -27.159  -6.465  57.545 0.0000000000
67898  -25.870  -6.405  56.412 0.0000000000
71164  -18.580  -3.378  62.867 0.0000000000
68886  -17.632  -4.461  61.168 0.0000000000
68888  -19.062  -4.609  61.815 0.0000000000
68887  -18.363  -4.534  61.545 0.0000000000
67819  -16.668  -6.445  60.035 0.0000000000
66745  -16.606  -8.058  59.251 0.0000000000
85501  -42.308  7.858  34.542 0.0000000000
85502  -43.164  8.247  34.155 0.0000000000
86518  -43.882  8.539  33.484 0.0000000000
86513  -45.198  9.783  35.557 0.0000000000
86519  -44.318  9.111  33.525 0.0000000000
86522  -44.640  8.533  32.509 0.0000000000
87574  -45.164  9.251  32.186 0.0000000000
87575  -45.695  9.243  31.456 0.0000000000
87577  -46.314  9.338  30.665 0.0000000000
89860  -46.576  10.901  30.926 0.0000000000
90906  -47.445  12.432  31.688 0.0000000000
66551  -8.683  -8.095  71.826 0.0000000000
66546  -8.340  -8.227  72.548 0.0000000000
64286  -7.980  -9.914  72.447 0.0000000000
75960  -28.117  -0.322  52.318 0.0000000000
76141  -36.229  0.783  41.855 0.0000000000
77311  -33.671  2.276  45.061 0.0000000000
77333  -34.077  1.707  44.553 0.0000000000
76061  -34.399  1.217  44.031 0.0000000000
78544  -36.676  3.050  45.585 0.0000000000
77335  -36.214  1.837  44.484 0.0000000000
76083  -35.806  0.904  43.470 0.0000000000
76103  -36.117  0.553  43.060 0.0000000000
76126  -36.403  0.604  42.493 0.0000000000
77386  -36.913  1.106  42.393 0.0000000000
77401  -37.826  2.049  42.779 0.0000000000
78600  -39.426  3.202  43.723 0.0000000000
79821  -40.875  3.758  44.198 0.0000000000
69928  -9.570  -5.216  71.302 0.0000000000
69929  -9.915  -5.150  70.878 0.0000000000
67711  -9.195  -6.881  70.906 0.0000000000
65431  -8.871  -8.871  71.354 0.0000000000
63151  -8.646  -11.051  70.814 0.0000000000
67702  -8.082  -7.411  73.007 0.0000000000
68810  -7.441  -6.694  73.899 0.0000000000
69915  -6.640  -5.951  74.543 0.0000000000
66537  -6.505  -8.673  75.209 0.0000000000
68806  -6.377  -7.028  75.014 0.0000000000
69914  -6.106  -5.813  74.808 0.0000000000
71010  -5.363  -5.714  75.488 0.0000000000
71008  -4.836  -5.336  75.421 0.0000000000
65404  -4.097  -9.337  77.123 0.0000000000
67692  -4.248  -8.583  75.825 0.0000000000
69923  -8.658  -5.772  71.954 0.0000000000
68814  -8.407  -6.349  72.131 0.0000000000
66802  -31.029  -8.320  57.832 0.0000000000
67900  -31.761  -7.623  57.246 0.0000000000
67886  -32.365  -7.027  58.283 0.0000000000
71197  -22.673  -3.288  61.102 0.0000000000
71208  -22.765  -3.320  60.665 0.0000000000
66785  -30.876  -7.465  58.718 0.0000000000
66801  -30.261  -8.591  57.053 0.0000000000
71185  -23.371  -2.667  62.543 0.0000000000
71184  -22.742  -2.776  63.142 0.0000000000
70051  -22.515  -3.207  61.684 0.0000000000
70050  -22.200  -3.535  61.219 0.0000000000
84416  -41.400  7.174  34.370 0.0000000000
74681  -28.877  -1.552  53.945 0.0000000000
77308  -30.228  1.800  45.600 0.0000000000
77330  -31.146  1.409  44.611 0.0000000000
64370  -11.502  -9.837  65.076 0.0000000000
65514  -11.768  -9.032  65.434 0.0000000000
64358  -11.430  -9.413  65.676 0.0000000000
68897  -31.641  -4.756  61.981 0.0000000000
68898  -31.857  -4.454  61.871 0.0000000000
71115  -27.423  -3.405  65.574 0.0000000000
71134  -27.467  -3.572  64.435 0.0000000000
69954  -28.190  -3.664  64.915 0.0000000000
70019  -31.387  -4.646  62.866 0.0000000000
68873  -30.895  -4.988  62.728 0.0000000000
68874  -31.464  -4.818  62.485 0.0000000000
68896  -31.227  -5.172  62.048 0.0000000000
79845  -40.035  4.097  42.976 0.0000000000
80963  -40.622  4.539  42.838 0.0000000000
84339  -43.104  7.172  40.636 0.0000000000
84338  -42.346  6.997  40.504 0.0000000000
84352  -42.934  7.316  39.754 0.0000000000
85450  -43.207  7.508  39.364 0.0000000000
79727  -30.805  4.222  54.051 0.0000000000
79726  -30.408  3.554  53.734 0.0000000000
80874  -33.552  5.347  51.016 0.0000000000
80878  -32.901  5.239  50.650 0.0000000000
80882  -33.029  5.506  49.700 0.0000000000
70032  -16.848  -4.215  61.124 0.0000000000
91872  -48.990  13.309  32.029 0.0000000000
90908  -50.082  13.031  31.700 0.0000000000
72152  -6.973  -3.875  74.286 0.0000000000
73273  -6.803  -2.992  74.405 0.0000000000
70134  -32.297  -4.504  55.243 0.0000000000
71269  -32.153  -3.788  55.220 0.0000000000
72352  -31.831  -3.381  54.993 0.0000000000
72338  -32.077  -3.012  55.661 0.0000000000
73421  -31.608  -2.711  60.065 0.0000000000
74616  -31.436  -2.042  60.662 0.0000000000
78415  -30.329  1.356  59.078 0.0000000000
77187  -30.133  0.653  59.129 0.0000000000
78425  -30.143  1.674  57.761 0.0000000000
68908  -27.849  -4.923  59.889 0.0000000000
68922  -27.007  -5.137  58.936 0.0000000000
67836  -27.887  -5.788  58.984 0.0000000000
67834  -18.569  -6.034  59.235 0.0000000000
67848  -18.306  -6.548  58.669 0.0000000000
66762  -17.855  -7.431  58.388 0.0000000000
85513  -44.928  7.498  32.024 0.0000000000
86495  -45.364  8.903  36.478 0.0000000000
89836  -46.274  11.341  34.849 0.0000000000
88721  -45.842  10.889  34.687 0.0000000000
89846  -45.889  11.339  33.996 0.0000000000
90897  -46.352  11.872  33.235 0.0000000000
90890  -46.380  11.885  34.248 0.0000000000
77279  -28.429  0.564  50.525 0.0000000000
76123  -32.967  -0.196  42.248 0.0000000000
76124  -34.128  0.135  42.285 0.0000000000
79774  -35.968  3.860  46.409 0.0000000000
77316  -38.629  2.568  45.304 0.0000000000
77338  -38.775  2.361  44.747 0.0000000000
76065  -38.126  1.579  44.342 0.0000000000
77351  -38.781  2.243  44.265 0.0000000000
77339  -39.708  2.862  45.290 0.0000000000
66599  -10.333  -7.648  68.798 0.0000000000
65458  -9.788  -8.745  69.473 0.0000000000
64320  -10.021  -9.260  68.827 0.0000000000
64280  -6.958  -10.292  74.170 0.0000000000
66530  -5.127  -9.299  76.449 0.0000000000
67689  -4.813  -8.178  76.421 0.0000000000
81931  -32.942  5.297  54.059 0.0000000000
66730  -15.496  -8.111  60.164 0.0000000000
71022  -8.620  -4.308  72.949 0.0000000000
72158  -8.544  -3.314  73.375 0.0000000000
71021  -7.958  -4.512  73.560 0.0000000000
71020  -7.710  -4.026  73.815 0.0000000000
67914  -30.924  -8.055  55.191 0.0000000000
68976  -32.113  -6.799  56.423 0.0000000000
68991  -32.368  -6.121  56.129 0.0000000000
70122  -32.566  -5.216  55.985 0.0000000000
70110  -33.139  -5.045  57.502 0.0000000000
68945  -19.998  -5.799  58.203 0.0000000000
68933  -20.707  -4.963  59.086 0.0000000000
70084  -22.302  -4.243  58.380 0.0000000000
70083  -21.598  -4.704  58.317 0.0000000000
70096  -22.745  -4.564  57.464 0.0000000000
66748  -28.693  -6.419  59.060 0.0000000000
67853  -28.339  -6.421  58.741 0.0000000000
66765  -28.426  -6.704  58.353 0.0000000000
65666  -29.351  -8.167  57.043 0.0000000000
65647  -28.759  -7.430  57.392 0.0000000000
65665  -28.616  -7.868  56.693 0.0000000000
65681  -28.291  -8.191  55.863 0.0000000000
65700  -29.868  -9.208  55.369 0.0000000000
69991  -22.230  -2.802  64.163 0.0000000000
70012  -20.977  -3.742  62.594 0.0000000000
70049  -21.354  -4.181  60.678 0.0000000000
68907  -20.675  -4.497  60.942 0.0000000000
84373  -38.700  6.417  37.246 0.0000000000
78523  -29.337  1.739  47.980 0.0000000000
77291  -28.964  0.950  48.212 0.0000000000
76058  -31.863  1.035  44.090 0.0000000000
76080  -32.558  0.797  43.665 0.0000000000
76060  -33.417  1.229  44.065 0.0000000000
80901  -39.076  4.530  47.879 0.0000000000
78519  -40.101  3.730  47.065 0.0000000000
69965  -13.123  -5.513  64.787 0.0000000000
69952  -11.730  -5.384  65.763 0.0000000000
71105  -12.205  -4.487  65.736 0.0000000000
71104  -11.637  -4.496  66.244 0.0000000000
71085  -11.394  -4.333  67.068 0.0000000000
69944  -11.427  -5.398  66.569 0.0000000000
65484  -11.126  -8.698  67.030 0.0000000000
67738  -11.167  -7.170  67.288 0.0000000000
64343  -10.639  -9.923  67.079 0.0000000000
67854  -31.204  -5.857  59.427 0.0000000000
67855  -31.591  -5.710  59.507 0.0000000000
70055  -31.953  -3.962  61.490 0.0000000000
70065  -31.776  -4.013  60.823 0.0000000000
71212  -31.890  -3.596  61.371 0.0000000000
71170  -27.856  -3.907  62.638 0.0000000000
70014  -27.838  -3.950  61.903 0.0000000000
70038  -27.748  -4.160  61.057 0.0000000000
70039  -28.340  -4.499  61.334 0.0000000000
69973  -29.392  -4.046  64.445 0.0000000000
69972  -28.788  -4.023  64.260 0.0000000000
68871  -29.802  -4.841  62.592 0.0000000000
68893  -29.427  -5.322  61.559 0.0000000000
68911  -29.362  -5.557  60.669 0.0000000000
67805  -29.748  -5.642  61.060 0.0000000000
67828  -31.067  -5.420  60.769 0.0000000000
67827  -30.483  -5.778  60.502 0.0000000000
67841  -30.867  -5.711  59.993 0.0000000000
66769  -30.943  -6.265  59.075 0.0000000000
71150  -25.775  -2.826  64.214 0.0000000000
71167  -24.712  -2.584  63.381 0.0000000000
78610  -37.466  2.618  42.217 0.0000000000
78622  -37.064  2.552  41.724 0.0000000000
79842  -37.529  3.112  42.023 0.0000000000
82044  -39.326  4.506  41.927 0.0000000000
80975  -38.450  4.244  41.550 0.0000000000
82055  -38.169  4.771  40.652 0.0000000000
82046  -41.174  5.325  42.338 0.0000000000
83201  -40.577  6.295  40.800 0.0000000000
83212  -40.154  6.430  40.058 0.0000000000
83222  -38.901  6.281  38.776 0.0000000000
84348  -39.884  6.655  38.923 0.0000000000
85460  -41.729  7.200  38.361 0.0000000000
84376  -40.709  6.932  38.182 0.0000000000
85470  -41.090  7.115  37.849 0.0000000000
85483  -41.161  7.503  36.881 0.0000000000
85462  -44.292  7.967  38.027 0.0000000000
85472  -43.109  7.843  37.336 0.0000000000
77220  -29.270  1.326  54.071 0.0000000000
78481  -29.730  2.000  53.758 0.0000000000
78497  -29.614  2.214  52.938 0.0000000000
78504  -29.809  3.129  51.520 0.0000000000
80865  -31.594  4.689  52.933 0.0000000000
80872  -31.813  4.833  52.053 0.0000000000
79746  -31.259  4.569  50.510 0.0000000000
79742  -31.096  4.467  51.525 0.0000000000
79748  -30.737  4.308  48.620 0.0000000000
79756  -31.157  4.140  47.336 0.0000000000
78525  -30.577  3.482  46.686 0.0000000000
79770  -31.376  3.803  46.658 0.0000000000
80897  -34.610  5.423  48.347 0.0000000000
80909  -33.943  5.133  47.694 0.0000000000
81963  -37.177  5.970  49.893 0.0000000000
81982  -37.601  5.579  48.881 0.0000000000
80884  -38.382  5.293  48.658 0.0000000000
71182  -16.274  -3.725  61.432 0.0000000000
72280  -15.721  -3.094  61.874 0.0000000000
73390  -15.336  -2.385  62.527 0.0000000000
66729  -15.029  -8.168  60.729 0.0000000000
66720  -14.397  -8.132  61.336 0.0000000000
67798  -14.061  -7.073  61.643 0.0000000000
68863  -13.417  -6.285  63.282 0.0000000000
72149  -5.107  -3.827  75.035 0.0000000000
69015  -31.462  -6.259  53.322 0.0000000000
73464  -30.966  -2.003  54.986 0.0000000000
73463  -30.249  -2.063  54.685 0.0000000000
68950  -32.635  -5.374  59.296 0.0000000000
68963  -33.170  -5.461  58.841 0.0000000000
70087  -32.690  -4.511  59.706 0.0000000000
71236  -32.850  -3.522  58.846 0.0000000000
72317  -32.120  -3.062  58.441 0.0000000000
71247  -32.935  -3.299  58.009 0.0000000000
75909  -30.490  -1.198  58.647 0.0000000000
75910  -30.780  -1.617  59.121 0.0000000000
74639  -30.702  -1.902  58.341 0.0000000000
74648  -30.901  -2.358  58.135 0.0000000000
74659  -30.560  -2.238  56.719 0.0000000000
77202  -29.837  0.258  57.458 0.0000000000
75916  -29.877  -0.546  56.885 0.0000000000
77211  -29.311  0.607  55.499 0.0000000000
78444  -29.397  0.917  55.761 0.0000000000
79691  -30.675  3.599  55.781 0.0000000000
80813  -31.280  4.217  58.117 0.0000000000
80829  -31.884  5.146  55.785 0.0000000000
67897  -19.943  -7.060  56.346 0.0000000000
71210  -25.227  -3.773  59.808 0.0000000000
68934  -26.209  -5.045  58.139 0.0000000000
70073  -25.798  -4.674  58.406 0.0000000000
70098  -25.145  -5.144  57.222 0.0000000000
67884  -26.980  -6.899  56.952 0.0000000000
70008  -18.368  -4.033  62.222 0.0000000000
68865  -18.517  -4.279  62.108 0.0000000000
67802  -18.310  -5.037  60.806 0.0000000000
67801  -17.437  -5.226  60.573 0.0000000000
66732  -16.939  -7.093  59.554 0.0000000000
85490  -43.179  8.453  35.184 0.0000000000
86500  -44.168  8.971  35.366 0.0000000000
86510  -43.473  8.592  34.629 0.0000000000
85503  -43.572  8.285  33.638 0.0000000000
87552  -46.087  10.063  35.887 0.0000000000
86502  -45.804  9.583  36.054 0.0000000000
87560  -45.049  10.124  34.565 0.0000000000
87569  -44.976  9.957  33.876 0.0000000000
87572  -44.829  9.512  32.964 0.0000000000
88737  -45.496  10.003  31.943 0.0000000000
88740  -46.058  10.144  31.126 0.0000000000
90898  -46.942  12.444  32.551 0.0000000000
91870  -47.412  12.799  32.178 0.0000000000
91871  -47.998  13.112  31.990 0.0000000000
64293  -8.727  -9.381  71.585 0.0000000000
65426  -8.747  -9.010  71.942 0.0000000000
64292  -8.462  -9.873  71.863 0.0000000000
76140  -35.385  0.301  41.544 0.0000000000
79785  -32.797  3.320  45.919 0.0000000000
77310  -32.676  2.320  44.994 0.0000000000
78541  -33.179  2.872  45.545 0.0000000000
77312  -34.740  2.383  45.087 0.0000000000
77334  -35.127  1.797  44.491 0.0000000000
78529  -37.418  3.365  46.248 0.0000000000
78545  -37.707  2.897  45.709 0.0000000000
77336  -37.213  1.813  44.636 0.0000000000
77314  -36.961  2.440  45.038 0.0000000000
76062  -35.467  1.252  43.994 0.0000000000
76084  -36.847  0.782  43.736 0.0000000000
76105  -38.025  1.125  43.527 0.0000000000
76104  -37.158  0.738  43.286 0.0000000000
76127  -37.421  0.967  42.935 0.0000000000
77387  -37.607  1.399  42.813 0.0000000000
77370  -39.351  2.838  44.240 0.0000000000
77390  -38.991  2.640  43.875 0.0000000000
78585  -39.664  3.149  44.150 0.0000000000
78601  -40.026  3.497  43.924 0.0000000000
67712  -9.518  -6.802  70.478 0.0000000000
68819  -9.488  -5.998  70.842 0.0000000000
66554  -9.126  -7.936  70.951 0.0000000000
66564  -9.329  -8.337  70.507 0.0000000000
63152  -8.896  -10.452  70.537 0.0000000000
63165  -8.928  -11.008  70.076 0.0000000000
66544  -7.925  -8.341  73.260 0.0000000000
66539  -7.467  -8.101  74.128 0.0000000000
67701  -7.668  -7.622  73.683 0.0000000000
67698  -7.259  -7.597  74.273 0.0000000000
68807  -6.957  -6.812  74.449 0.0000000000
64276  -6.051  -10.412  75.372 0.0000000000
65412  -6.610  -9.496  75.048 0.0000000000
65411  -6.021  -9.569  75.487 0.0000000000
68805  -6.049  -7.418  75.516 0.0000000000
68802  -6.014  -6.873  75.375 0.0000000000
69911  -6.131  -6.406  74.996 0.0000000000
69910  -5.744  -6.283  75.340 0.0000000000
71011  -5.855  -5.335  74.931 0.0000000000
69909  -5.383  -6.569  75.899 0.0000000000
69904  -4.882  -6.576  76.038 0.0000000000
69908  -4.955  -5.922  75.778 0.0000000000
69907  -4.769  -6.260  75.650 0.0000000000
66526  -3.935  -9.575  77.085 0.0000000000
66527  -4.325  -9.087  76.459 0.0000000000
70060  -21.339  -4.337  59.758 0.0000000000
71226  -23.166  -3.688  58.891 0.0000000000
65632  -29.148  -6.902  58.232 0.0000000000
66814  -30.408  -8.813  56.116 0.0000000000
84391  -40.096  7.028  36.645 0.0000000000
73484  -29.513  -3.072  53.114 0.0000000000
77294  -29.387  1.216  46.915 0.0000000000
77295  -29.790  2.101  46.478 0.0000000000
77307  -29.406  0.392  45.679 0.0000000000
67774  -12.228  -7.602  64.824 0.0000000000
68844  -12.407  -6.475  64.693 0.0000000000
67765  -11.674  -7.577  65.489 0.0000000000
67752  -11.417  -7.368  66.372 0.0000000000
65501  -11.373  -8.990  66.236 0.0000000000
63220  -10.713  -10.939  66.558 0.0000000000
67829  -31.342  -5.079  61.036 0.0000000000
68925  -31.468  -4.843  61.028 0.0000000000
68913  -31.766  -4.375  61.515 0.0000000000
71201  -32.121  -3.469  62.036 0.0000000000
71151  -26.782  -3.292  63.774 0.0000000000
71152  -27.614  -3.753  63.411 0.0000000000
69992  -28.276  -4.092  62.988 0.0000000000
69995  -29.860  -4.262  63.426 0.0000000000
68857  -30.664  -4.652  63.048 0.0000000000
68872  -30.406  -5.085  62.577 0.0000000000
67806  -30.266  -5.700  61.316 0.0000000000
67808  -31.301  -5.135  61.460 0.0000000000
79843  -38.065  3.531  42.200 0.0000000000
83190  -42.712  6.334  42.030 0.0000000000
83189  -41.785  6.140  41.782 0.0000000000
84325  -41.872  6.676  41.092 0.0000000000
84337  -41.461  6.746  40.431 0.0000000000
84350  -41.310  6.867  39.536 0.0000000000
84349  -40.425  6.689  39.315 0.0000000000
84364  -41.939  7.115  39.051 0.0000000000
78464  -30.055  2.719  54.242 0.0000000000
79733  -30.364  3.690  52.899 0.0000000000
80896  -33.317  5.432  48.506 0.0000000000
81997  -34.855  5.770  49.187 0.0000000000
72282  -17.580  -2.934  62.095 0.0000000000
71183  -17.670  -3.537  61.860 0.0000000000
70031  -15.552  -4.698  61.405 0.0000000000
66713  -13.220  -8.228  63.208 0.0000000000
89852  -48.108  11.963  30.961 0.0000000000
89862  -48.715  11.340  30.518 0.0000000000
89863  -49.891  11.505  30.544 0.0000000000
72150  -5.727  -4.271  74.885 0.0000000000
69005  -31.759  -6.282  54.221 0.0000000000
72366  -31.071  -3.748  53.788 0.0000000000
73465  -31.552  -2.757  55.256 0.0000000000
73450  -31.036  -1.999  55.825 0.0000000000
71229  -31.982  -3.746  60.119 0.0000000000
71228  -32.146  -4.012  59.414 0.0000000000
72306  -31.853  -3.189  59.873 0.0000000000
73420  -31.609  -2.686  59.464 0.0000000000
75888  -30.675  -0.429  60.055 0.0000000000
77188  -30.449  0.335  59.561 0.0000000000
77196  -30.239  -0.475  58.903 0.0000000000
75908  -30.125  -0.782  58.204 0.0000000000
77194  -29.798  0.418  57.936 0.0000000000
78433  -29.942  1.110  56.924 0.0000000000
79676  -30.793  3.175  57.039 0.0000000000
81896  -31.699  5.012  57.306 0.0000000000
68973  -21.270  -5.591  56.414 0.0000000000
70052  -26.798  -4.410  60.005 0.0000000000
71211  -26.182  -4.242  59.710 0.0000000000
70063  -26.739  -4.805  59.210 0.0000000000
68935  -26.735  -5.336  58.392 0.0000000000
68948  -26.382  -5.783  57.461 0.0000000000
65663  -27.424  -7.494  56.528 0.0000000000
66799  -27.195  -7.371  56.573 0.0000000000
70010  -19.193  -4.024  63.059 0.0000000000
67822  -19.426  -5.103  60.582 0.0000000000
67803  -19.107  -4.965  61.059 0.0000000000
66733  -17.556  -6.578  59.465 0.0000000000
85486  -43.809  8.551  35.891 0.0000000000
87561  -45.547  10.303  35.171 0.0000000000
63146  -8.166  -11.031  71.698 0.0000000000
77270  -28.381  0.716  51.583 0.0000000000
76000  -28.064  -0.177  50.542 0.0000000000
79787  -34.525  3.715  46.136 0.0000000000
78543  -35.515  3.278  45.758 0.0000000000
78546  -38.437  2.815  45.741 0.0000000000
76064  -37.465  1.290  44.285 0.0000000000
76106  -38.452  1.673  43.870 0.0000000000
77368  -38.283  1.649  43.554 0.0000000000
77371  -39.802  3.016  44.637 0.0000000000
68827  -10.553  -5.980  68.615 0.0000000000
68824  -10.401  -5.560  69.277 0.0000000000
68823  -10.190  -5.890  69.767 0.0000000000
67714  -9.865  -6.848  69.944 0.0000000000
66565  -9.544  -7.805  70.212 0.0000000000
65444  -9.471  -8.621  70.165 0.0000000000
65457  -9.509  -9.253  69.904 0.0000000000
63178  -9.414  -10.988  69.264 0.0000000000
65419  -7.563  -9.511  73.311 0.0000000000
65417  -7.700  -8.994  73.441 0.0000000000
65416  -7.417  -9.430  73.874 0.0000000000
66542  -7.379  -9.029  74.237 0.0000000000
66538  -7.127  -8.588  74.549 0.0000000000
66533  -5.448  -8.919  76.012 0.0000000000
67693  -5.425  -8.117  76.180 0.0000000000
68800  -5.308  -7.314  76.248 0.0000000000
68796  -5.038  -7.445  76.407 0.0000000000
68795  -4.827  -7.310  76.294 0.0000000000
68794  -4.606  -7.281  75.976 0.0000000000
69975  -30.656  -3.872  64.621 0.0000000000
80951  -41.774  4.839  43.741 0.0000000000
82035  -42.335  5.420  43.225 0.0000000000
83180  -42.940  5.974  42.716 0.0000000000
84327  -43.343  6.919  41.421 0.0000000000
84340  -43.925  7.460  40.644 0.0000000000
80849  -32.080  5.067  54.497 0.0000000000
80857  -31.342  4.599  53.608 0.0000000000
81940  -33.130  5.287  53.181 0.0000000000
81950  -33.249  5.356  52.373 0.0000000000
81951  -33.877  5.584  51.704 0.0000000000
81979  -34.532  5.921  49.983 0.0000000000
67817  -15.375  -7.588  60.491 0.0000000000
72156  -7.626  -3.536  74.050 0.0000000000
71016  -7.270  -4.741  74.061 0.0000000000
70121  -32.307  -5.678  55.360 0.0000000000
67849  -18.969  -5.855  58.613 0.0000000000
67865  -19.051  -6.344  57.672 0.0000000000
70070  -21.453  -4.531  58.859 0.0000000000
68958  -21.248  -5.308  57.296 0.0000000000
70107  -21.980  -5.096  56.975 0.0000000000
70109  -23.791  -5.149  56.147 0.0000000000
67837  -28.270  -5.888  59.227 0.0000000000
67852  -27.810  -6.130  58.696 0.0000000000
66764  -28.037  -6.658  58.237 0.0000000000
66782  -27.833  -6.997  57.592 0.0000000000
65630  -28.407  -7.048  57.773 0.0000000000
65646  -28.204  -7.358  57.327 0.0000000000
65645  -27.752  -7.382  57.035 0.0000000000
69989  -20.246  -3.628  63.253 0.0000000000
70011  -20.264  -3.967  62.701 0.0000000000
68906  -20.027  -4.680  61.098 0.0000000000
83209  -37.669  5.356  38.597 0.0000000000
86497  -46.485  9.436  36.956 0.0000000000
87553  -46.495  9.983  36.459 0.0000000000
90873  -46.918  12.423  34.920 0.0000000000
78510  -29.098  1.397  49.378 0.0000000000
77287  -28.738  0.812  49.400 0.0000000000
79759  -37.473  4.263  47.217 0.0000000000
79775  -36.975  3.758  46.678 0.0000000000
79777  -38.555  3.789  46.973 0.0000000000
78517  -38.959  3.760  47.029 0.0000000000
78531  -39.603  3.315  46.573 0.0000000000
77297  -39.993  2.928  46.059 0.0000000000
77318  -40.107  2.981  45.886 0.0000000000
69953  -12.358  -5.396  65.217 0.0000000000
68833  -11.286  -6.330  66.914 0.0000000000
68830  -10.914  -6.151  67.767 0.0000000000
67726  -10.735  -6.955  68.060 0.0000000000
66622  -10.570  -8.156  68.225 0.0000000000
64333  -10.298  -9.770  68.148 0.0000000000
63192  -10.230  -10.451  68.053 0.0000000000
66524  -4.790  -9.922  77.046 0.0000000000
67868  -31.429  -7.435  58.836 0.0000000000
67870  -32.020  -5.825  59.304 0.0000000000
70075  -32.126  -4.587  59.916 0.0000000000
68938  -31.788  -4.390  60.330 0.0000000000
70076  -31.969  -4.005  60.148 0.0000000000
71190  -32.152  -2.958  62.587 0.0000000000
70037  -27.014  -3.918  60.761 0.0000000000
70054  -28.054  -4.552  60.713 0.0000000000
68909  -28.316  -4.954  60.344 0.0000000000
69993  -28.775  -4.201  63.316 0.0000000000
70018  -29.602  -4.348  63.009 0.0000000000
70017  -29.266  -4.484  62.798 0.0000000000
70016  -28.788  -4.556  62.368 0.0000000000
68892  -28.825  -4.877  61.507 0.0000000000
67823  -28.606  -5.569  59.771 0.0000000000
67824  -29.039  -5.712  59.948 0.0000000000
67839  -28.951  -6.113  59.588 0.0000000000
66749  -29.240  -6.355  59.464 0.0000000000
67826  -29.875  -5.892  60.551 0.0000000000
66735  -29.571  -6.105  59.948 0.0000000000
66750  -29.901  -6.477  59.516 0.0000000000
66768  -30.499  -6.637  58.985 0.0000000000
66786  -31.017  -6.789  58.837 0.0000000000
77399  -36.452  1.405  41.742 0.0000000000
78608  -36.410  1.916  41.359 0.0000000000
78621  -36.735  2.410  41.326 0.0000000000
79854  -36.582  2.697  40.731 0.0000000000
79856  -37.793  3.759  41.551 0.0000000000
82045  -40.159  4.970  41.973 0.0000000000
82057  -40.017  5.712  41.372 0.0000000000
83210  -38.443  5.877  39.161 0.0000000000
84360  -38.955  6.539  37.780 0.0000000000
84374  -39.403  6.754  37.397 0.0000000000
84362  -40.307  6.822  38.528 0.0000000000
84375  -40.287  6.972  37.752 0.0000000000
84392  -40.763  7.364  36.017 0.0000000000
84405  -41.002  7.265  35.226 0.0000000000
85500  -41.689  7.640  35.114 0.0000000000
86486  -44.865  8.390  37.045 0.0000000000
86487  -45.590  8.609  37.197 0.0000000000
85444  -44.188  7.681  40.202 0.0000000000
85445  -44.810  7.726  40.295 0.0000000000
85452  -45.239  7.988  38.950 0.0000000000
86482  -45.704  8.376  38.011 0.0000000000
86488  -46.228  8.865  37.391 0.0000000000
77230  -28.801  0.645  53.818 0.0000000000
77252  -29.149  1.702  52.596 0.0000000000
77271  -28.897  1.582  51.823 0.0000000000
79737  -30.359  3.834  51.998 0.0000000000
78511  -29.331  1.873  49.781 0.0000000000
78515  -29.657  2.362  48.545 0.0000000000
78539  -30.968  2.919  45.778 0.0000000000
79772  -33.685  4.533  46.859 0.0000000000
79773  -35.028  4.258  46.585 0.0000000000
80911  -35.845  4.552  47.079 0.0000000000
80899  -36.810  4.851  47.601 0.0000000000
81980  -35.467  5.856  49.618 0.0000000000
81981  -36.420  5.721  49.278 0.0000000000
80900  -38.027  4.901  47.983 0.0000000000
80885  -39.044  5.087  48.592 0.0000000000
70030  -14.506  -5.022  62.028 0.0000000000
71180  -14.280  -4.219  62.610 0.0000000000
69985  -13.444  -5.383  63.902 0.0000000000
68852  -13.144  -6.421  64.186 0.0000000000
66698  -13.059  -8.219  64.126 0.0000000000
89854  -50.586  12.246  31.003 0.0000000000
72365  -30.261  -3.376  53.478 0.0000000000
73474  -29.877  -2.221  53.981 0.0000000000
74682  -29.445  -1.784  54.422 0.0000000000
74670  -29.245  -1.323  54.633 0.0000000000
68962  -32.987  -5.892  58.213 0.0000000000
70099  -33.208  -5.280  58.125 0.0000000000
72329  -32.173  -2.727  56.763 0.0000000000
74628  -31.259  -2.136  59.600 0.0000000000
73441  -31.469  -2.649  57.914 0.0000000000
73440  -31.298  -2.551  57.118 0.0000000000
74658  -30.562  -1.926  56.090 0.0000000000
75917  -30.038  -1.130  57.408 0.0000000000
75928  -30.025  -1.372  56.522 0.0000000000
74657  -30.108  -1.581  55.784 0.0000000000
75937  -29.401  -0.899  55.071 0.0000000000
78462  -29.303  1.133  55.351 0.0000000000
79710  -30.856  4.279  54.871 0.0000000000
79677  -31.036  3.467  57.882 0.0000000000
80820  -31.001  3.997  56.664 0.0000000000
80828  -31.351  4.546  56.060 0.0000000000
80838  -31.424  4.722  55.064 0.0000000000
71209  -23.883  -3.295  60.274 0.0000000000
71219  -24.177  -3.645  59.277 0.0000000000
71227  -23.946  -3.811  58.688 0.0000000000
70072  -24.666  -4.113  58.534 0.0000000000
70097  -24.032  -4.734  57.089 0.0000000000
68974  -24.467  -5.672  55.752 0.0000000000
67851  -27.372  -5.910  58.379 0.0000000000
67866  -26.898  -5.944  57.791 0.0000000000
68961  -26.239  -6.013  57.112 0.0000000000
66798  -26.632  -7.130  56.334 0.0000000000
67883  -26.430  -6.382  56.926 0.0000000000
67882  -26.049  -6.231  56.730 0.0000000000
68975  -25.268  -6.059  56.109 0.0000000000
68989  -24.798  -6.340  55.302 0.0000000000
68854  -19.548  -4.039  62.968 0.0000000000
68853  -19.321  -4.062  63.003 0.0000000000
68866  -19.127  -4.248  62.674 0.0000000000
66731  -16.195  -7.756  59.714 0.0000000000
85509  -43.730  7.994  33.060 0.0000000000
86521  -44.100  8.377  32.965 0.0000000000
86512  -44.658  9.633  34.804 0.0000000000
86524  -45.318  8.390  31.778 0.0000000000
88736  -45.200  9.869  32.614 0.0000000000
88741  -46.885  10.294  30.439 0.0000000000
89851  -46.931  11.629  31.245 0.0000000000
67706  -8.463  -7.149  71.893 0.0000000000
66550  -8.574  -8.629  72.198 0.0000000000
65425  -8.401  -9.138  72.366 0.0000000000
63139  -8.048  -10.440  72.148 0.0000000000
64285  -7.575  -10.023  72.949 0.0000000000
76012  -28.259  0.010  49.942 0.0000000000
77398  -35.755  0.816  41.174 0.0000000000
77332  -33.134  1.731  44.509 0.0000000000
76082  -34.693  0.876  43.478 0.0000000000
77400  -37.193  1.723  42.340 0.0000000000
77389  -38.570  2.351  43.567 0.0000000000
77402  -38.269  2.322  43.155 0.0000000000
78612  -38.895  3.175  43.249 0.0000000000
79831  -39.723  3.590  43.439 0.0000000000
79832  -40.413  3.839  43.594 0.0000000000
77340  -40.375  3.098  45.630 0.0000000000
69926  -9.106  -5.261  71.790 0.0000000000
68818  -9.081  -6.097  71.262 0.0000000000
67709  -8.813  -7.085  71.384 0.0000000000
64299  -8.802  -9.849  71.053 0.0000000000
65443  -9.181  -8.977  70.600 0.0000000000
67705  -8.301  -7.229  72.407 0.0000000000
68811  -7.855  -6.558  73.325 0.0000000000
69919  -7.706  -5.711  73.629 0.0000000000
69916  -7.287  -5.847  74.096 0.0000000000
64277  -6.537  -10.342  74.845 0.0000000000
66534  -5.969  -8.779  75.665 0.0000000000
67696  -6.287  -7.941  75.391 0.0000000000
72145  -5.657  -4.866  75.042 0.0000000000
72144  -5.388  -4.711  75.248 0.0000000000
71006  -5.209  -6.284  75.924 0.0000000000
71009  -5.098  -5.440  75.531 0.0000000000
72143  -5.015  -4.639  75.377 0.0000000000
72142  -4.827  -4.848  75.328 0.0000000000
66523  -4.272  -9.539  77.060 0.0000000000
65399  -4.134  -9.820  77.875 0.0000000000
66528  -4.321  -8.860  76.418 0.0000000000
68793  -4.451  -7.475  75.805 0.0000000000
63164  -8.747  -11.429  70.271 0.0000000000
63205  -10.537  -11.519  67.617 0.0000000000
65631  -28.776  -6.989  58.026 0.0000000000
65662  -27.197  -7.575  56.401 0.0000000000
66525  -4.990  -10.057  77.016 0.0000000000
66547  -8.447  -7.703  72.178 0.0000000000
66600  -10.590  -7.531  68.302 0.0000000000
66734  -29.315  -6.063  59.852 0.0000000000
66736  -30.041  -6.164  60.099 0.0000000000
66752  -30.850  -5.922  59.473 0.0000000000
66781  -27.402  -6.947  57.280 0.0000000000
67687  -4.445  -7.993  75.910 0.0000000000
67804  -19.603  -4.807  61.149 0.0000000000
67840  -30.608  -5.839  60.050 0.0000000000
67850  -27.043  -5.745  58.170 0.0000000000
68799  -4.576  -6.894  75.725 0.0000000000
68826  -10.346  -6.245  69.170 0.0000000000
68843  -11.710  -6.900  65.048 0.0000000000
68856  -30.231  -4.563  62.960 0.0000000000
68864  -18.260  -4.271  61.861 0.0000000000
68868  -20.250  -4.184  62.307 0.0000000000
68869  -28.931  -4.840  62.050 0.0000000000
68912  -31.580  -4.699  61.499 0.0000000000
68923  -27.475  -5.243  59.272 0.0000000000
68947  -25.922  -5.185  57.725 0.0000000000
70036  -22.724  -2.954  61.938 0.0000000000
70040  -28.575  -4.597  61.876 0.0000000000
70041  -32.053  -4.336  62.120 0.0000000000
70053  -27.587  -4.620  60.188 0.0000000000
70062  -25.953  -4.394  59.134 0.0000000000
70120  -23.645  -5.467  55.338 0.0000000000
70131  -23.013  -5.514  54.929 0.0000000000
71005  -5.091  -6.114  75.870 0.0000000000
71014  -4.636  -5.238  75.173 0.0000000000
72228  -11.714  -3.552  66.535 0.0000000000
73268  -5.592  -4.078  74.953 0.0000000000
77388  -38.093  1.752  43.173 0.0000000000
78528  -36.430  3.472  46.126 0.0000000000
78599  -38.676  2.787  43.326 0.0000000000
79833  -41.233  4.294  43.712 0.0000000000
85459  -41.327  7.043  38.271 0.0000000000
85469  -40.679  7.082  37.656 0.0000000000
86499  -43.674  8.774  34.957 0.0000000000
88730  -45.183  10.219  33.675 0.0000000000
