#!ascii label  , from subject 3473 vox2ras=TkReg
437
14730  -47.726  -62.378  24.151 0.0000000000
16430  -47.106  -60.805  16.573 0.0000000000
19447  -44.895  -56.464  24.328 0.0000000000
17173  -49.003  -59.158  20.332 0.0000000000
20285  -45.624  -55.005  22.465 0.0000000000
15492  -42.088  -61.621  23.814 0.0000000000
20243  -38.777  -55.163  23.579 0.0000000000
22678  -33.775  -52.668  23.058 0.0000000000
21814  -43.438  -53.040  23.535 0.0000000000
21007  -46.576  -54.937  23.682 0.0000000000
21816  -44.883  -52.871  22.784 0.0000000000
17875  -40.394  -58.146  23.592 0.0000000000
17872  -37.573  -58.210  23.381 0.0000000000
26637  -33.963  -48.846  22.745 0.0000000000
24592  -34.988  -50.834  21.416 0.0000000000
15527  -44.882  -61.321  21.690 0.0000000000
17234  -49.219  -59.358  17.980 0.0000000000
14790  -48.013  -62.375  18.265 0.0000000000
14120  -48.123  -63.061  15.913 0.0000000000
17112  -46.613  -59.256  24.626 0.0000000000
16345  -47.934  -59.815  22.611 0.0000000000
18718  -48.321  -57.225  20.951 0.0000000000
17926  -46.803  -58.151  20.106 0.0000000000
17854  -43.691  -58.583  23.845 0.0000000000
19472  -41.506  -56.173  23.824 0.0000000000
21823  -40.212  -53.091  22.783 0.0000000000
18675  -35.229  -57.409  23.746 0.0000000000
20996  -35.729  -54.682  22.868 0.0000000000
22691  -37.518  -52.876  22.091 0.0000000000
24617  -39.258  -50.536  20.477 0.0000000000
15559  -46.699  -61.354  19.816 0.0000000000
16412  -41.537  -60.359  17.173 0.0000000000
15595  -44.550  -61.746  15.472 0.0000000000
15638  -46.546  -61.990  11.778 0.0000000000
22696  -42.228  -52.015  23.141 0.0000000000
21815  -44.417  -52.920  23.349 0.0000000000
15511  -46.408  -61.319  22.845 0.0000000000
16418  -47.812  -60.071  17.011 0.0000000000
16432  -48.512  -60.816  16.649 0.0000000000
15599  -48.130  -62.295  15.649 0.0000000000
14809  -47.785  -62.807  15.038 0.0000000000
15597  -46.626  -61.943  15.139 0.0000000000
18657  -45.385  -57.385  24.281 0.0000000000
19449  -46.894  -56.353  24.087 0.0000000000
20263  -46.602  -54.846  22.834 0.0000000000
19492  -47.857  -56.112  22.596 0.0000000000
19513  -47.359  -56.316  22.003 0.0000000000
18740  -47.366  -57.475  20.641 0.0000000000
18739  -46.182  -57.552  20.971 0.0000000000
16306  -44.082  -60.744  24.298 0.0000000000
17131  -43.259  -60.247  23.874 0.0000000000
18679  -39.164  -57.106  23.657 0.0000000000
18681  -41.297  -57.230  23.785 0.0000000000
20244  -39.571  -55.313  23.703 0.0000000000
21001  -40.295  -54.495  23.524 0.0000000000
21000  -39.262  -54.566  23.392 0.0000000000
20238  -34.371  -55.047  23.597 0.0000000000
19466  -35.591  -56.466  23.445 0.0000000000
20995  -34.724  -54.358  22.897 0.0000000000
25626  -35.416  -49.612  20.584 0.0000000000
23626  -36.473  -51.827  21.302 0.0000000000
24594  -36.798  -51.173  20.921 0.0000000000
23628  -38.303  -51.730  21.444 0.0000000000
17159  -48.587  -59.009  21.468 0.0000000000
16377  -46.891  -60.344  21.184 0.0000000000
15546  -47.855  -60.501  20.002 0.0000000000
13420  -46.383  -64.122  17.921 0.0000000000
16423  -40.322  -60.369  16.351 0.0000000000
15585  -43.131  -61.176  16.393 0.0000000000
15635  -44.716  -61.147  12.715 0.0000000000
20988  -43.289  -54.779  23.973 0.0000000000
20991  -45.800  -55.109  24.209 0.0000000000
21004  -43.947  -53.866  23.743 0.0000000000
21005  -45.146  -53.875  23.572 0.0000000000
21017  -45.334  -53.690  22.702 0.0000000000
16326  -41.820  -60.612  23.587 0.0000000000
17127  -39.381  -58.986  23.321 0.0000000000
18678  -38.111  -57.179  23.512 0.0000000000
24576  -33.607  -50.832  23.262 0.0000000000
22687  -34.102  -52.223  22.495 0.0000000000
25616  -34.262  -49.954  21.836 0.0000000000
26664  -34.843  -48.703  20.842 0.0000000000
27718  -35.540  -47.701  19.515 0.0000000000
17191  -49.661  -59.198  19.063 0.0000000000
15561  -48.927  -60.681  19.012 0.0000000000
15582  -49.269  -60.471  17.948 0.0000000000
14111  -47.819  -63.333  17.104 0.0000000000
13451  -46.813  -64.872  16.136 0.0000000000
12770  -47.261  -64.928  14.651 0.0000000000
13489  -47.176  -64.806  13.387 0.0000000000
13510  -46.779  -64.589  12.871 0.0000000000
16289  -47.684  -60.837  25.332 0.0000000000
15497  -48.120  -61.244  23.796 0.0000000000
17132  -48.512  -58.959  23.455 0.0000000000
17908  -48.974  -58.062  21.455 0.0000000000
19473  -47.187  -55.778  23.746 0.0000000000
19493  -48.536  -56.974  22.068 0.0000000000
18743  -49.038  -57.873  20.645 0.0000000000
18756  -48.937  -57.849  19.782 0.0000000000
17968  -48.314  -58.691  18.307 0.0000000000
17210  -46.978  -59.253  18.287 0.0000000000
15476  -46.177  -61.386  25.212 0.0000000000
17111  -45.628  -59.395  24.458 0.0000000000
18656  -44.297  -57.452  24.068 0.0000000000
17876  -41.436  -58.394  23.625 0.0000000000
18655  -43.033  -57.551  23.829 0.0000000000
19445  -42.867  -56.380  23.973 0.0000000000
20987  -42.395  -54.906  23.879 0.0000000000
22680  -41.225  -52.686  22.972 0.0000000000
23609  -41.305  -51.509  22.340 0.0000000000
18676  -36.064  -57.385  23.393 0.0000000000
19467  -36.562  -56.399  23.369 0.0000000000
20241  -37.079  -55.446  23.308 0.0000000000
22689  -35.589  -52.775  21.788 0.0000000000
21820  -36.956  -53.468  22.360 0.0000000000
21821  -37.990  -53.599  22.680 0.0000000000
22692  -38.609  -52.618  22.128 0.0000000000
23607  -39.467  -52.071  21.906 0.0000000000
16361  -46.339  -60.701  22.257 0.0000000000
15544  -45.900  -60.827  20.881 0.0000000000
14774  -47.326  -61.949  19.082 0.0000000000
14788  -45.618  -62.937  18.890 0.0000000000
18738  -44.932  -57.607  21.067 0.0000000000
17188  -45.327  -59.272  19.030 0.0000000000
17230  -45.150  -60.081  17.903 0.0000000000
16415  -44.509  -60.536  17.386 0.0000000000
15588  -45.287  -61.506  16.188 0.0000000000
15609  -45.874  -61.964  14.171 0.0000000000
14843  -47.079  -62.738  12.346 0.0000000000
23610  -42.463  -51.394  22.876 0.0000000000
23596  -43.212  -51.497  23.057 0.0000000000
14740  -45.926  -62.625  23.083 0.0000000000
15495  -46.653  -62.260  23.390 0.0000000000
16431  -48.088  -60.736  16.515 0.0000000000
15590  -47.392  -61.424  15.987 0.0000000000
18658  -46.378  -57.338  24.287 0.0000000000
19448  -45.880  -56.413  24.333 0.0000000000
20286  -46.221  -55.031  22.626 0.0000000000
19490  -46.566  -55.259  22.593 0.0000000000
19512  -46.310  -55.778  22.250 0.0000000000
18716  -46.785  -56.840  21.538 0.0000000000
18715  -45.462  -56.627  21.641 0.0000000000
15473  -43.243  -62.512  24.333 0.0000000000
15493  -43.039  -61.709  24.089 0.0000000000
15494  -43.578  -61.348  24.247 0.0000000000
16327  -42.674  -60.836  23.814 0.0000000000
19469  -38.707  -56.083  23.657 0.0000000000
19470  -39.845  -56.233  23.851 0.0000000000
22675  -33.418  -52.587  24.214 0.0000000000
21804  -33.633  -53.516  23.862 0.0000000000
20986  -33.645  -54.334  24.488 0.0000000000
20994  -33.967  -54.377  23.650 0.0000000000
21807  -34.016  -53.642  23.017 0.0000000000
25627  -36.427  -49.838  20.182 0.0000000000
24614  -36.170  -50.450  20.700 0.0000000000
24615  -37.110  -50.504  20.492 0.0000000000
25628  -37.356  -49.910  19.967 0.0000000000
16379  -48.486  -59.765  20.211 0.0000000000
15606  -42.726  -61.462  15.189 0.0000000000
15621  -44.158  -61.470  13.590 0.0000000000
16458  -44.082  -61.182  12.880 0.0000000000
21003  -42.832  -54.047  23.763 0.0000000000
20989  -44.320  -54.699  24.115 0.0000000000
17873  -38.640  -58.092  23.469 0.0000000000
25605  -33.590  -50.018  23.763 0.0000000000
25606  -33.757  -49.959  22.877 0.0000000000
26665  -35.366  -48.670  20.160 0.0000000000
15543  -44.602  -61.347  20.745 0.0000000000
17213  -49.471  -59.293  18.398 0.0000000000
16403  -49.540  -60.002  18.571 0.0000000000
16420  -49.445  -59.759  17.959 0.0000000000
14803  -48.304  -62.481  16.196 0.0000000000
14797  -48.429  -62.372  17.162 0.0000000000
14112  -48.163  -62.975  16.533 0.0000000000
14119  -47.770  -63.542  16.263 0.0000000000
12754  -47.234  -64.715  15.224 0.0000000000
14821  -47.467  -62.820  13.922 0.0000000000
14144  -47.666  -63.530  14.435 0.0000000000
14160  -47.571  -63.478  13.644 0.0000000000
13511  -47.308  -64.250  13.064 0.0000000000
14178  -47.453  -63.681  13.095 0.0000000000
16309  -47.212  -60.061  25.024 0.0000000000
16290  -48.283  -60.793  24.984 0.0000000000
17891  -48.806  -58.166  22.343 0.0000000000
21006  -46.106  -54.713  23.853 0.0000000000
20227  -46.795  -55.551  23.948 0.0000000000
20248  -46.941  -55.251  23.606 0.0000000000
19515  -48.311  -57.016  21.459 0.0000000000
18719  -48.755  -57.524  21.253 0.0000000000
18742  -48.862  -57.664  20.470 0.0000000000
18757  -49.235  -58.039  20.013 0.0000000000
17927  -47.861  -57.777  19.717 0.0000000000
17945  -47.355  -58.545  19.006 0.0000000000
17967  -47.633  -58.831  18.341 0.0000000000
17189  -46.333  -59.121  18.861 0.0000000000
17109  -43.762  -59.699  23.944 0.0000000000
17110  -44.576  -59.563  24.174 0.0000000000
17855  -44.925  -58.437  24.177 0.0000000000
17128  -40.578  -59.269  23.411 0.0000000000
17129  -41.632  -59.504  23.528 0.0000000000
19443  -41.479  -56.522  23.803 0.0000000000
18682  -42.172  -57.743  23.729 0.0000000000
18654  -42.168  -56.954  23.811 0.0000000000
20222  -42.626  -55.586  23.958 0.0000000000
20246  -41.662  -55.601  23.848 0.0000000000
21812  -40.996  -53.406  23.256 0.0000000000
21824  -40.800  -52.913  22.895 0.0000000000
22694  -40.758  -52.404  22.621 0.0000000000
20240  -36.098  -55.523  23.221 0.0000000000
20997  -36.669  -54.693  22.979 0.0000000000
23604  -34.472  -51.762  22.063 0.0000000000
22688  -34.562  -52.754  22.223 0.0000000000
23605  -34.991  -52.307  21.832 0.0000000000
22711  -37.040  -52.381  21.638 0.0000000000
22690  -36.602  -52.931  21.877 0.0000000000
22712  -37.879  -52.281  21.734 0.0000000000
24596  -38.749  -51.099  20.967 0.0000000000
23629  -39.198  -51.589  21.499 0.0000000000
24597  -39.814  -51.064  21.122 0.0000000000
23630  -40.121  -51.542  21.689 0.0000000000
16329  -47.749  -60.712  23.209 0.0000000000
16344  -47.138  -60.645  22.708 0.0000000000
15545  -47.204  -60.658  20.278 0.0000000000
15558  -45.409  -61.496  19.957 0.0000000000
14772  -44.955  -62.185  19.358 0.0000000000
15572  -48.294  -61.609  18.728 0.0000000000
14775  -47.974  -61.766  18.862 0.0000000000
13419  -45.698  -64.227  18.073 0.0000000000
14096  -46.155  -63.643  18.431 0.0000000000
18737  -43.839  -57.602  20.973 0.0000000000
17208  -44.678  -59.693  18.459 0.0000000000
17209  -45.796  -59.563  18.382 0.0000000000
15594  -43.610  -61.543  15.731 0.0000000000
16427  -43.919  -60.940  16.837 0.0000000000
15587  -44.270  -61.373  16.293 0.0000000000
16428  -44.923  -60.981  16.840 0.0000000000
15596  -45.597  -61.884  15.271 0.0000000000
15637  -46.183  -61.355  11.962 0.0000000000
15623  -46.110  -61.722  13.048 0.0000000000
22682  -42.934  -52.147  23.300 0.0000000000
22683  -43.990  -52.187  23.249 0.0000000000
23598  -44.288  -51.717  22.941 0.0000000000
27672  -34.536  -47.716  22.348 0.0000000000
27673  -35.148  -47.099  22.187 0.0000000000
15510  -45.309  -61.741  22.535 0.0000000000
17233  -48.458  -59.325  17.706 0.0000000000
16419  -48.826  -60.305  17.170 0.0000000000
15591  -48.394  -61.493  16.349 0.0000000000
14129  -48.034  -63.032  15.478 0.0000000000
15598  -47.546  -62.092  15.228 0.0000000000
15611  -47.404  -62.520  14.544 0.0000000000
17856  -45.978  -58.338  24.359 0.0000000000
17857  -46.922  -58.276  24.367 0.0000000000
18659  -47.196  -57.378  24.082 0.0000000000
18660  -47.791  -57.301  23.757 0.0000000000
21019  -46.613  -54.843  23.372 0.0000000000
20264  -47.250  -55.305  23.074 0.0000000000
19491  -47.019  -55.559  22.570 0.0000000000
18717  -47.808  -56.992  21.194 0.0000000000
18741  -48.388  -57.491  20.230 0.0000000000
17878  -43.165  -59.374  23.762 0.0000000000
18680  -40.181  -57.159  23.796 0.0000000000
19471  -40.933  -56.332  23.868 0.0000000000
20245  -40.638  -55.411  23.791 0.0000000000
21811  -39.785  -53.827  23.086 0.0000000000
20220  -33.949  -55.226  24.278 0.0000000000
20221  -34.367  -55.746  23.892 0.0000000000
19465  -34.736  -56.524  23.830 0.0000000000
20239  -35.038  -55.502  23.322 0.0000000000
24613  -35.462  -50.411  20.993 0.0000000000
23625  -35.427  -51.827  21.559 0.0000000000
24593  -35.873  -51.118  21.105 0.0000000000
23627  -37.389  -51.778  21.323 0.0000000000
24595  -37.759  -51.137  20.909 0.0000000000
24616  -38.167  -50.451  20.371 0.0000000000
17158  -48.065  -59.371  21.792 0.0000000000
16363  -47.457  -59.844  21.706 0.0000000000
17172  -48.254  -59.487  20.993 0.0000000000
16378  -47.765  -60.068  20.569 0.0000000000
14097  -47.103  -63.529  18.052 0.0000000000
16435  -41.268  -60.833  15.718 0.0000000000
16425  -41.924  -60.762  16.445 0.0000000000
16413  -42.493  -60.471  17.222 0.0000000000
16437  -42.442  -61.206  15.960 0.0000000000
15607  -43.805  -61.660  14.746 0.0000000000
15608  -44.861  -61.791  14.415 0.0000000000
15636  -45.545  -61.216  12.435 0.0000000000
20224  -44.561  -55.583  24.312 0.0000000000
20225  -45.452  -55.614  24.338 0.0000000000
20990  -45.271  -54.855  24.180 0.0000000000
21018  -46.036  -54.305  23.180 0.0000000000
20262  -45.902  -54.448  22.688 0.0000000000
17874  -39.544  -57.896  23.579 0.0000000000
23595  -33.505  -51.703  23.684 0.0000000000
23603  -33.820  -51.676  22.792 0.0000000000
24577  -33.960  -50.862  22.398 0.0000000000
24591  -34.457  -50.964  21.863 0.0000000000
26651  -34.381  -48.708  21.651 0.0000000000
25617  -34.913  -50.052  21.158 0.0000000000
25640  -35.924  -49.202  19.898 0.0000000000
17190  -49.450  -59.382  19.491 0.0000000000
16389  -48.959  -60.028  19.469 0.0000000000
16390  -49.555  -59.792  19.072 0.0000000000
15573  -48.878  -61.161  18.418 0.0000000000
14791  -48.642  -61.827  17.820 0.0000000000
14796  -48.058  -62.853  17.588 0.0000000000
13447  -46.930  -64.603  16.542 0.0000000000
13466  -47.511  -64.249  14.888 0.0000000000
12795  -47.239  -65.142  13.939 0.0000000000
12794  -46.624  -65.459  13.567 0.0000000000
12816  -46.214  -65.248  13.199 0.0000000000
15478  -48.189  -61.717  24.549 0.0000000000
15461  -48.358  -61.236  24.788 0.0000000000
15498  -48.429  -60.543  23.847 0.0000000000
16331  -48.375  -59.807  23.449 0.0000000000
16346  -48.279  -59.753  23.020 0.0000000000
17144  -48.468  -59.105  22.528 0.0000000000
17907  -48.847  -58.480  21.542 0.0000000000
17929  -48.941  -58.675  20.954 0.0000000000
20265  -47.631  -55.774  23.153 0.0000000000
19475  -48.348  -56.747  22.844 0.0000000000
18698  -48.795  -57.630  21.931 0.0000000000
18720  -49.008  -57.886  21.060 0.0000000000
17930  -49.157  -58.344  20.553 0.0000000000
17948  -49.422  -58.573  19.548 0.0000000000
17970  -49.509  -58.792  18.920 0.0000000000
17969  -49.153  -58.828  18.478 0.0000000000
17928  -48.464  -57.734  19.670 0.0000000000
17946  -48.594  -58.095  19.178 0.0000000000
17990  -48.802  -58.955  18.115 0.0000000000
17211  -47.774  -59.053  17.967 0.0000000000
17232  -47.364  -59.589  17.603 0.0000000000
16417  -46.729  -60.290  17.183 0.0000000000
14702  -47.548  -62.277  25.323 0.0000000000
15477  -46.931  -60.838  25.338 0.0000000000
16308  -46.330  -60.256  24.889 0.0000000000
16307  -45.302  -60.507  24.645 0.0000000000
19446  -43.861  -56.476  24.145 0.0000000000
17130  -42.527  -59.847  23.638 0.0000000000
17877  -42.587  -58.552  23.695 0.0000000000
17853  -43.102  -58.201  23.752 0.0000000000
20223  -43.579  -55.571  24.154 0.0000000000
21002  -41.582  -54.456  23.690 0.0000000000
21813  -42.283  -53.269  23.506 0.0000000000
22681  -41.884  -52.587  23.214 0.0000000000
22695  -41.633  -52.068  22.916 0.0000000000
18677  -37.060  -57.295  23.400 0.0000000000
19468  -37.576  -56.285  23.472 0.0000000000
20242  -38.015  -55.337  23.465 0.0000000000
22679  -34.179  -53.155  22.648 0.0000000000
21012  -34.998  -53.837  22.424 0.0000000000
21013  -35.523  -53.981  22.432 0.0000000000
21819  -36.072  -53.478  22.087 0.0000000000
21014  -36.361  -54.042  22.559 0.0000000000
21015  -37.127  -54.045  22.742 0.0000000000
20998  -37.634  -54.537  23.105 0.0000000000
20999  -38.433  -54.618  23.293 0.0000000000
21810  -38.799  -54.031  22.991 0.0000000000
21822  -39.181  -53.303  22.645 0.0000000000
22713  -38.392  -52.187  21.760 0.0000000000
22693  -39.756  -52.580  22.357 0.0000000000
23608  -40.368  -51.957  22.116 0.0000000000
23631  -40.735  -51.497  21.950 0.0000000000
15496  -47.239  -61.551  23.416 0.0000000000
15528  -45.738  -60.881  22.064 0.0000000000
16376  -46.298  -60.559  21.684 0.0000000000
15557  -44.273  -61.688  19.957 0.0000000000
15560  -48.126  -61.063  19.400 0.0000000000
14789  -46.791  -62.842  18.766 0.0000000000
14773  -46.152  -62.149  19.335 0.0000000000
23612  -44.394  -51.254  22.428 0.0000000000
20261  -45.203  -54.248  22.375 0.0000000000
19511  -45.314  -55.680  22.138 0.0000000000
17925  -45.552  -58.301  20.400 0.0000000000
17924  -44.341  -58.316  20.482 0.0000000000
17943  -44.867  -58.880  19.769 0.0000000000
17944  -46.072  -58.780  19.559 0.0000000000
17231  -46.281  -59.870  17.778 0.0000000000
16414  -43.490  -60.521  17.317 0.0000000000
17229  -44.063  -60.140  17.921 0.0000000000
16416  -45.604  -60.467  17.334 0.0000000000
16429  -46.018  -60.937  16.727 0.0000000000
15589  -46.367  -61.480  16.035 0.0000000000
15610  -46.872  -62.334  13.947 0.0000000000
14831  -47.183  -62.572  13.237 0.0000000000
14177  -47.098  -63.667  12.522 0.0000000000
12817  -46.438  -65.024  13.092 0.0000000000
13452  -47.297  -64.365  15.849 0.0000000000
13488  -45.904  -65.231  13.156 0.0000000000
13490  -47.533  -64.301  13.840 0.0000000000
14810  -48.129  -62.723  15.644 0.0000000000
14820  -47.207  -62.562  13.670 0.0000000000
14832  -47.429  -63.078  13.109 0.0000000000
14844  -47.320  -63.286  12.717 0.0000000000
15459  -47.185  -61.708  25.486 0.0000000000
15460  -48.035  -61.640  25.225 0.0000000000
15479  -48.431  -60.998  24.334 0.0000000000
15512  -46.927  -61.136  23.050 0.0000000000
15574  -49.364  -60.474  18.395 0.0000000000
15586  -43.466  -61.231  16.365 0.0000000000
15593  -43.021  -61.333  16.095 0.0000000000
15624  -46.729  -62.077  12.672 0.0000000000
15657  -46.397  -61.973  11.410 0.0000000000
16291  -48.388  -60.828  24.629 0.0000000000
16328  -43.322  -60.979  24.049 0.0000000000
16330  -48.199  -60.329  23.341 0.0000000000
16343  -46.658  -60.732  22.475 0.0000000000
16362  -46.742  -60.341  22.041 0.0000000000
16388  -48.269  -60.273  19.896 0.0000000000
16402  -49.326  -60.352  18.782 0.0000000000
16426  -42.973  -60.953  16.603 0.0000000000
16481  -45.684  -60.967  11.841 0.0000000000
17143  -48.250  -59.230  22.131 0.0000000000
17174  -49.465  -58.885  19.753 0.0000000000
17212  -49.318  -59.146  18.275 0.0000000000
17235  -49.426  -59.468  18.105 0.0000000000
17892  -48.817  -58.108  21.854 0.0000000000
17947  -49.230  -58.347  19.305 0.0000000000
17991  -48.969  -59.118  18.027 0.0000000000
18653  -41.722  -56.720  23.788 0.0000000000
18683  -42.590  -57.923  23.722 0.0000000000
18699  -48.872  -57.813  21.485 0.0000000000
18755  -48.697  -57.781  19.700 0.0000000000
19444  -41.995  -56.263  23.838 0.0000000000
19450  -47.398  -56.833  23.848 0.0000000000
19474  -47.707  -56.367  23.454 0.0000000000
20226  -46.240  -55.504  24.167 0.0000000000
20247  -46.558  -55.137  23.879 0.0000000000
20249  -47.369  -55.644  23.412 0.0000000000
21808  -34.590  -53.534  22.508 0.0000000000
21809  -38.203  -54.193  23.012 0.0000000000
21818  -35.208  -53.427  22.122 0.0000000000
22684  -44.590  -52.085  22.882 0.0000000000
22710  -36.244  -52.400  21.566 0.0000000000
23606  -38.788  -52.050  21.746 0.0000000000
23624  -34.822  -51.364  21.720 0.0000000000
25625  -34.706  -49.401  21.181 0.0000000000
