#!ascii label  , from subject 3473 vox2ras=TkReg
987
68193  33.432  -11.977  50.226 0.0000000000
80756  40.602  0.035  30.646 0.0000000000
71714  33.648  -8.696  42.482 0.0000000000
62888  12.911  -15.809  63.428 0.0000000000
70513  27.306  -9.216  54.697 0.0000000000
76152  34.730  -3.463  40.982 0.0000000000
65622  19.139  -13.254  57.284 0.0000000000
62924  17.699  -15.984  61.481 0.0000000000
65650  23.114  -13.658  54.955 0.0000000000
81898  44.686  0.082  30.241 0.0000000000
72646  34.553  -7.952  52.723 0.0000000000
73766  33.026  -6.978  49.099 0.0000000000
69422  37.758  -10.067  49.844 0.0000000000
86166  43.115  4.812  29.355 0.0000000000
85121  45.815  3.368  27.344 0.0000000000
82910  37.023  1.882  35.214 0.0000000000
78441  40.366  -2.769  35.557 0.0000000000
77319  36.104  -3.501  36.841 0.0000000000
72804  37.587  -7.616  40.450 0.0000000000
64319  32.361  -14.896  54.443 0.0000000000
60581  12.719  -17.707  67.993 0.0000000000
59447  8.533  -18.266  69.150 0.0000000000
62796  6.347  -14.937  71.811 0.0000000000
66924  30.050  -12.069  52.077 0.0000000000
65645  27.472  -13.902  54.522 0.0000000000
77223  30.342  -4.149  46.041 0.0000000000
74956  35.850  -6.576  47.196 0.0000000000
89858  47.077  8.362  25.564 0.0000000000
81885  42.720  -0.407  30.576 0.0000000000
79603  42.467  -1.628  31.968 0.0000000000
69411  35.106  -10.024  51.213 0.0000000000
70568  35.237  -9.264  49.810 0.0000000000
66947  36.037  -12.113  49.778 0.0000000000
84012  39.952  3.116  31.712 0.0000000000
87153  41.948  5.649  31.471 0.0000000000
84019  41.199  2.934  30.128 0.0000000000
84028  43.432  2.750  28.938 0.0000000000
58345  7.329  -19.688  74.155 0.0000000000
80714  36.106  -0.409  35.789 0.0000000000
80681  35.140  -0.571  38.229 0.0000000000
73888  33.870  -6.467  41.210 0.0000000000
72820  35.575  -6.986  39.586 0.0000000000
70665  35.604  -9.186  41.460 0.0000000000
70614  37.104  -9.550  44.115 0.0000000000
62927  15.138  -15.727  61.812 0.0000000000
62885  17.094  -16.124  64.595 0.0000000000
61749  14.545  -17.052  64.600 0.0000000000
62856  14.827  -16.540  67.578 0.0000000000
61738  12.476  -17.044  64.798 0.0000000000
62859  9.193  -15.523  67.400 0.0000000000
61669  7.189  -16.619  69.823 0.0000000000
68136  28.652  -10.589  53.935 0.0000000000
65696  28.113  -13.150  52.433 0.0000000000
68153  26.140  -11.333  52.747 0.0000000000
64260  22.678  -15.127  58.260 0.0000000000
65601  24.367  -14.293  57.994 0.0000000000
74863  36.528  -6.006  50.324 0.0000000000
76050  34.322  -5.977  48.279 0.0000000000
78383  35.859  -1.593  40.964 0.0000000000
76122  34.708  -2.807  42.533 0.0000000000
74999  32.533  -4.773  42.467 0.0000000000
64243  20.316  -15.227  59.344 0.0000000000
64205  19.451  -15.227  61.264 0.0000000000
64245  18.160  -14.796  59.352 0.0000000000
65574  15.454  -13.839  60.593 0.0000000000
66773  14.319  -12.989  62.294 0.0000000000
69384  24.415  -10.782  53.358 0.0000000000
69345  22.286  -10.658  54.756 0.0000000000
65653  20.492  -13.541  55.971 0.0000000000
74821  32.231  -6.291  53.015 0.0000000000
73744  30.988  -6.599  50.784 0.0000000000
72662  33.478  -7.743  50.870 0.0000000000
72675  36.091  -7.717  49.561 0.0000000000
88066  45.592  7.244  28.301 0.0000000000
86164  44.386  4.637  28.248 0.0000000000
84026  45.330  2.000  28.525 0.0000000000
80747  38.370  0.520  32.415 0.0000000000
79592  39.764  -1.772  32.988 0.0000000000
79579  37.737  -1.084  33.882 0.0000000000
78427  37.752  -2.914  35.934 0.0000000000
75075  38.836  -5.046  37.571 0.0000000000
76186  35.089  -4.375  38.369 0.0000000000
73926  36.916  -6.500  38.604 0.0000000000
65704  33.137  -14.023  51.558 0.0000000000
65691  35.211  -13.624  52.069 0.0000000000
83994  39.264  3.387  34.497 0.0000000000
64138  11.502  -14.587  65.480 0.0000000000
60606  10.773  -17.060  66.348 0.0000000000
60558  11.041  -18.306  68.136 0.0000000000
59431  10.653  -18.452  70.863 0.0000000000
59423  8.566  -19.116  71.231 0.0000000000
59414  7.456  -19.112  72.085 0.0000000000
60487  5.858  -17.575  72.424 0.0000000000
61622  5.209  -16.006  72.835 0.0000000000
66936  32.057  -12.320  50.855 0.0000000000
64359  30.417  -13.852  51.570 0.0000000000
64322  29.125  -14.603  54.142 0.0000000000
65666  25.362  -13.197  54.720 0.0000000000
73858  31.382  -5.959  43.717 0.0000000000
74942  31.118  -6.433  47.586 0.0000000000
74974  32.040  -7.040  46.103 0.0000000000
72738  34.535  -8.088  45.727 0.0000000000
66919  37.175  -12.277  51.600 0.0000000000
88081  49.351  6.286  23.888 0.0000000000
88078  46.134  6.253  26.135 0.0000000000
87184  47.061  5.163  25.183 0.0000000000
80755  41.543  -0.520  30.700 0.0000000000
80754  42.617  -0.957  31.187 0.0000000000
80744  41.793  -1.227  31.449 0.0000000000
68178  34.009  -11.257  50.823 0.0000000000
69424  34.504  -10.992  50.015 0.0000000000
68192  34.310  -11.825  49.951 0.0000000000
82940  40.101  1.972  31.027 0.0000000000
84020  40.444  2.991  30.835 0.0000000000
81887  40.501  1.004  30.460 0.0000000000
81901  41.810  0.849  29.966 0.0000000000
58352  6.481  -19.592  73.394 0.0000000000
81811  36.053  0.616  38.290 0.0000000000
80668  36.533  0.348  39.909 0.0000000000
73889  33.542  -7.345  41.614 0.0000000000
72790  34.270  -7.804  41.015 0.0000000000
71713  34.227  -9.149  42.183 0.0000000000
70647  36.544  -9.789  42.488 0.0000000000
71694  34.377  -9.300  43.236 0.0000000000
62914  13.944  -15.475  62.499 0.0000000000
61771  15.100  -16.892  63.175 0.0000000000
61762  13.586  -16.419  63.206 0.0000000000
61750  13.376  -17.002  64.024 0.0000000000
61751  12.611  -16.295  64.097 0.0000000000
69363  27.633  -9.713  54.127 0.0000000000
68152  27.213  -11.270  52.815 0.0000000000
69382  26.496  -10.318  52.971 0.0000000000
64241  22.364  -15.293  59.278 0.0000000000
77164  30.023  -3.634  50.687 0.0000000000
76014  37.028  -5.478  50.160 0.0000000000
76123  33.875  -3.233  42.527 0.0000000000
76108  33.722  -2.650  42.963 0.0000000000
64280  19.590  -14.127  57.540 0.0000000000
64244  19.259  -15.013  59.317 0.0000000000
65604  17.904  -13.403  58.279 0.0000000000
65588  16.423  -13.291  59.564 0.0000000000
66781  15.211  -12.897  60.881 0.0000000000
65558  14.761  -13.907  61.372 0.0000000000
69344  23.222  -9.573  55.085 0.0000000000
66833  19.437  -11.778  56.832 0.0000000000
68101  20.252  -11.790  55.858 0.0000000000
65638  19.549  -13.341  56.927 0.0000000000
64279  20.422  -14.776  57.558 0.0000000000
72648  33.334  -7.452  51.608 0.0000000000
72647  34.052  -7.778  51.799 0.0000000000
69431  36.321  -10.019  48.912 0.0000000000
71623  35.616  -8.470  49.326 0.0000000000
70574  37.011  -9.013  49.251 0.0000000000
72691  36.873  -8.101  49.728 0.0000000000
70566  38.110  -9.345  50.284 0.0000000000
86156  42.545  5.269  29.971 0.0000000000
87160  44.232  6.075  28.760 0.0000000000
86165  43.660  5.001  28.877 0.0000000000
82950  44.290  0.807  29.648 0.0000000000
84027  44.365  2.425  28.667 0.0000000000
82949  45.105  0.642  29.798 0.0000000000
81854  37.170  0.871  33.721 0.0000000000
80736  38.113  -0.330  32.993 0.0000000000
80723  36.739  -0.190  34.413 0.0000000000
78429  35.672  -1.964  36.632 0.0000000000
78444  37.201  -2.137  35.434 0.0000000000
77327  37.328  -3.460  36.402 0.0000000000
77317  38.560  -4.102  36.822 0.0000000000
76195  37.627  -4.556  37.070 0.0000000000
77289  35.225  -2.449  40.650 0.0000000000
77301  35.060  -2.188  39.992 0.0000000000
76179  34.776  -4.191  39.439 0.0000000000
72819  36.289  -7.453  39.772 0.0000000000
73920  36.208  -6.832  39.112 0.0000000000
73919  37.311  -7.096  39.539 0.0000000000
73925  37.917  -6.502  38.825 0.0000000000
64348  32.676  -14.499  52.539 0.0000000000
64347  33.369  -14.448  52.893 0.0000000000
82895  38.270  2.722  35.885 0.0000000000
82908  38.664  3.038  34.956 0.0000000000
82932  38.212  2.009  33.087 0.0000000000
64206  18.435  -15.616  61.234 0.0000000000
64184  18.423  -15.768  62.372 0.0000000000
61716  13.518  -17.250  67.857 0.0000000000
62845  14.648  -16.264  68.508 0.0000000000
61702  13.327  -17.006  68.543 0.0000000000
60556  12.381  -17.537  69.012 0.0000000000
64125  11.081  -13.953  65.903 0.0000000000
62869  10.990  -15.305  65.865 0.0000000000
64126  10.455  -14.591  66.363 0.0000000000
60560  8.424  -17.151  68.297 0.0000000000
60584  9.534  -17.226  67.382 0.0000000000
59460  9.064  -18.110  68.322 0.0000000000
59445  10.350  -18.721  69.638 0.0000000000
59446  9.352  -18.699  69.318 0.0000000000
59432  9.526  -18.911  70.460 0.0000000000
59433  8.467  -18.689  70.078 0.0000000000
62815  6.678  -15.003  71.018 0.0000000000
60498  6.703  -17.740  71.325 0.0000000000
61631  6.314  -16.175  71.612 0.0000000000
59415  6.493  -18.214  72.047 0.0000000000
61632  5.924  -16.483  72.144 0.0000000000
66880  31.099  -11.984  54.034 0.0000000000
66903  31.896  -11.998  52.739 0.0000000000
66923  31.002  -12.037  51.853 0.0000000000
65706  31.103  -13.296  50.934 0.0000000000
66939  29.704  -12.665  51.741 0.0000000000
65683  27.776  -13.410  52.849 0.0000000000
64339  28.875  -14.359  53.054 0.0000000000
64323  28.240  -14.191  53.857 0.0000000000
68156  23.676  -11.845  53.746 0.0000000000
66910  24.289  -12.385  53.766 0.0000000000
66863  23.784  -13.219  54.614 0.0000000000
65616  25.737  -13.787  57.117 0.0000000000
78467  40.039  -2.265  33.674 0.0000000000
78466  41.016  -2.600  33.876 0.0000000000
78455  41.368  -2.483  34.876 0.0000000000
77222  30.622  -3.501  45.580 0.0000000000
76126  31.309  -4.453  43.550 0.0000000000
76109  30.650  -4.646  44.665 0.0000000000
73768  31.509  -6.889  49.779 0.0000000000
73794  30.480  -6.262  49.112 0.0000000000
74916  32.159  -6.727  48.534 0.0000000000
74938  35.035  -5.961  47.583 0.0000000000
74940  33.250  -6.686  47.516 0.0000000000
74958  34.426  -6.662  47.167 0.0000000000
73837  33.213  -7.539  46.035 0.0000000000
73835  35.109  -7.585  46.310 0.0000000000
72737  35.889  -8.288  45.685 0.0000000000
66920  36.289  -13.113  52.029 0.0000000000
89867  48.025  7.980  24.599 0.0000000000
86172  45.479  4.635  27.293 0.0000000000
88074  45.857  6.445  26.910 0.0000000000
86178  45.944  4.218  26.867 0.0000000000
86184  47.197  3.828  25.887 0.0000000000
85148  47.956  3.312  25.740 0.0000000000
68073  18.940  -11.130  57.649 0.0000000000
68075  17.706  -12.132  58.295 0.0000000000
81899  43.748  0.179  30.116 0.0000000000
80761  45.346  -0.543  31.335 0.0000000000
80753  43.629  -0.969  31.328 0.0000000000
70552  35.342  -9.302  51.940 0.0000000000
71615  34.788  -8.544  51.027 0.0000000000
69423  34.945  -10.215  50.072 0.0000000000
69432  35.597  -10.298  49.242 0.0000000000
68203  36.306  -10.770  48.977 0.0000000000
86150  41.276  5.025  32.573 0.0000000000
85095  40.662  4.509  32.015 0.0000000000
85103  40.868  4.131  30.825 0.0000000000
85102  41.854  4.014  29.843 0.0000000000
85112  43.212  3.987  28.939 0.0000000000
84029  42.754  2.418  29.268 0.0000000000
82951  43.386  0.999  29.548 0.0000000000
58344  8.224  -19.274  73.830 0.0000000000
82882  37.219  1.907  36.415 0.0000000000
81842  36.256  0.586  35.568 0.0000000000
81828  36.281  0.983  36.644 0.0000000000
80692  35.147  -0.823  37.397 0.0000000000
78416  35.345  -2.627  37.103 0.0000000000
75035  34.102  -5.306  41.000 0.0000000000
75049  34.623  -5.251  39.878 0.0000000000
73906  34.412  -6.270  40.421 0.0000000000
72806  35.190  -7.663  40.312 0.0000000000
72788  36.850  -8.475  41.015 0.0000000000
71711  37.559  -9.274  42.104 0.0000000000
70629  37.614  -9.614  43.542 0.0000000000
63008  31.673  -15.130  55.015 0.0000000000
62926  15.854  -15.987  61.692 0.0000000000
62897  17.358  -16.286  63.541 0.0000000000
62898  16.279  -16.755  63.716 0.0000000000
61759  15.921  -16.766  64.465 0.0000000000
62878  15.911  -16.297  65.753 0.0000000000
61737  13.673  -17.363  65.563 0.0000000000
60621  13.118  -17.636  66.450 0.0000000000
64114  9.292  -14.508  67.426 0.0000000000
62837  8.391  -14.538  68.642 0.0000000000
61689  7.840  -16.312  68.855 0.0000000000
60519  7.565  -17.540  69.694 0.0000000000
62829  7.625  -14.781  69.682 0.0000000000
64079  7.316  -14.413  70.346 0.0000000000
64053  6.564  -13.817  71.720 0.0000000000
66906  29.081  -11.649  53.001 0.0000000000
66925  29.037  -12.122  52.398 0.0000000000
68170  28.094  -11.767  52.697 0.0000000000
66927  27.580  -12.638  52.617 0.0000000000
65685  26.391  -13.044  53.506 0.0000000000
65634  22.914  -14.301  56.042 0.0000000000
65633  23.665  -13.823  55.871 0.0000000000
65602  23.562  -14.806  58.036 0.0000000000
78424  40.447  -2.935  36.541 0.0000000000
77194  30.156  -4.008  47.455 0.0000000000
74865  34.950  -6.398  49.415 0.0000000000
76030  34.022  -6.172  48.485 0.0000000000
76028  35.414  -5.554  49.178 0.0000000000
76048  35.882  -5.256  48.720 0.0000000000
89848  46.910  8.779  26.913 0.0000000000
59406  4.962  -18.474  73.228 0.0000000000
77273  36.085  -2.017  41.755 0.0000000000
76151  35.127  -2.856  41.539 0.0000000000
75016  34.632  -3.449  41.553 0.0000000000
75017  34.135  -4.207  41.467 0.0000000000
75018  33.567  -5.264  41.615 0.0000000000
73874  32.386  -6.567  42.694 0.0000000000
64225  20.870  -15.237  60.341 0.0000000000
64181  20.990  -14.931  62.165 0.0000000000
64226  19.841  -15.245  60.293 0.0000000000
64227  18.787  -15.347  60.242 0.0000000000
64228  17.609  -15.468  60.148 0.0000000000
65605  17.366  -13.304  58.695 0.0000000000
64247  16.378  -14.038  59.835 0.0000000000
64229  16.192  -14.938  60.371 0.0000000000
64208  15.360  -15.124  61.188 0.0000000000
65559  14.398  -14.291  61.862 0.0000000000
64166  13.680  -14.276  62.619 0.0000000000
69365  25.973  -9.484  53.634 0.0000000000
69366  24.662  -9.332  54.227 0.0000000000
69367  23.381  -10.706  53.939 0.0000000000
68138  22.189  -11.725  54.332 0.0000000000
69325  21.585  -10.621  55.588 0.0000000000
68118  21.122  -11.658  54.971 0.0000000000
65669  21.708  -13.525  55.004 0.0000000000
65635  21.728  -14.669  56.321 0.0000000000
64261  21.809  -15.301  58.386 0.0000000000
75983  30.764  -5.254  53.022 0.0000000000
74842  30.486  -5.443  51.843 0.0000000000
74841  31.152  -6.021  52.090 0.0000000000
73743  32.098  -7.096  50.433 0.0000000000
73742  33.330  -7.376  49.715 0.0000000000
71624  34.820  -8.402  50.048 0.0000000000
72677  34.240  -7.724  49.897 0.0000000000
73741  34.508  -7.131  49.400 0.0000000000
73740  35.409  -6.933  49.628 0.0000000000
73738  37.000  -6.585  50.523 0.0000000000
87159  44.935  6.623  28.491 0.0000000000
87169  44.750  5.508  28.083 0.0000000000
86173  45.074  4.271  27.689 0.0000000000
85111  43.966  3.669  28.558 0.0000000000
85110  44.738  3.254  28.131 0.0000000000
81875  38.861  1.108  32.026 0.0000000000
79605  40.150  -1.418  32.376 0.0000000000
80735  38.745  -0.703  32.705 0.0000000000
79578  38.624  -1.647  33.657 0.0000000000
78457  39.185  -2.251  34.261 0.0000000000
79570  36.715  -1.109  35.137 0.0000000000
78443  38.315  -2.432  35.075 0.0000000000
78442  39.413  -2.772  35.226 0.0000000000
77325  38.963  -3.517  36.308 0.0000000000
76193  39.380  -4.682  37.627 0.0000000000
79529  35.506  -0.672  39.672 0.0000000000
78404  34.820  -2.300  38.430 0.0000000000
76197  35.619  -4.215  37.466 0.0000000000
75063  35.043  -5.259  38.881 0.0000000000
75071  35.631  -5.386  38.200 0.0000000000
75078  36.136  -5.051  37.612 0.0000000000
75069  37.549  -6.009  38.057 0.0000000000
65717  33.612  -13.365  50.650 0.0000000000
65716  34.453  -13.204  50.521 0.0000000000
65703  34.249  -13.640  51.343 0.0000000000
65681  35.002  -14.106  53.474 0.0000000000
84004  39.724  3.619  33.011 0.0000000000
82931  38.775  2.426  32.737 0.0000000000
65492  12.867  -13.648  63.847 0.0000000000
65472  12.034  -13.287  65.211 0.0000000000
64151  12.409  -14.866  64.307 0.0000000000
61739  11.816  -16.470  65.065 0.0000000000
60623  11.888  -17.168  65.487 0.0000000000
60605  11.576  -17.551  66.378 0.0000000000
61718  10.107  -16.546  66.706 0.0000000000
60583  10.545  -17.812  67.237 0.0000000000
60582  11.696  -18.007  67.519 0.0000000000
60557  11.737  -18.057  68.725 0.0000000000
60516  11.407  -17.808  70.632 0.0000000000
59413  8.691  -19.083  72.412 0.0000000000
59434  7.734  -18.190  70.092 0.0000000000
59424  7.567  -18.630  70.799 0.0000000000
58350  8.197  -19.151  73.018 0.0000000000
59403  7.164  -19.222  72.621 0.0000000000
59404  6.615  -18.911  72.624 0.0000000000
59405  5.723  -18.604  73.004 0.0000000000
62778  5.817  -14.960  72.633 0.0000000000
61621  5.560  -16.067  72.533 0.0000000000
60488  5.242  -17.161  73.030 0.0000000000
68168  32.568  -11.776  51.704 0.0000000000
68194  32.715  -12.197  50.582 0.0000000000
65719  31.990  -13.220  50.707 0.0000000000
64358  31.328  -14.179  51.568 0.0000000000
64349  31.645  -14.558  52.456 0.0000000000
65694  29.615  -13.412  51.670 0.0000000000
64338  29.883  -14.691  53.188 0.0000000000
64320  31.394  -14.856  54.316 0.0000000000
68154  25.161  -11.517  53.027 0.0000000000
66883  25.416  -12.723  53.702 0.0000000000
65646  26.575  -13.649  54.975 0.0000000000
65631  25.326  -13.643  56.140 0.0000000000
65630  26.255  -13.710  56.093 0.0000000000
65629  27.362  -13.927  55.878 0.0000000000
79604  41.274  -1.709  32.179 0.0000000000
77252  32.030  -3.466  43.288 0.0000000000
75000  31.779  -5.482  42.982 0.0000000000
72764  32.369  -7.310  43.600 0.0000000000
76017  29.906  -4.701  50.255 0.0000000000
76051  29.919  -4.898  48.680 0.0000000000
74962  30.459  -5.788  46.856 0.0000000000
74915  33.440  -6.456  48.147 0.0000000000
74961  31.159  -6.372  46.738 0.0000000000
74976  30.598  -5.831  46.287 0.0000000000
73839  31.614  -6.956  45.269 0.0000000000
72752  32.778  -7.809  44.596 0.0000000000
71677  33.974  -8.902  44.293 0.0000000000
72749  35.470  -8.860  44.914 0.0000000000
66935  35.624  -13.205  51.268 0.0000000000
66933  36.825  -11.980  50.310 0.0000000000
68177  37.450  -11.642  50.733 0.0000000000
68164  38.490  -11.374  52.019 0.0000000000
69421  38.329  -10.182  50.495 0.0000000000
88080  49.957  6.917  23.789 0.0000000000
88969  46.224  7.222  26.559 0.0000000000
88973  46.472  7.193  25.769 0.0000000000
86185  46.664  3.939  26.299 0.0000000000
87185  46.466  5.171  25.818 0.0000000000
88083  47.311  6.164  24.702 0.0000000000
88082  48.241  6.195  24.274 0.0000000000
87187  49.468  5.133  23.886 0.0000000000
80745  40.572  -0.752  31.466 0.0000000000
81874  39.748  0.667  31.226 0.0000000000
81886  41.200  0.370  30.205 0.0000000000
72791  33.654  -8.222  41.767 0.0000000000
71733  33.864  -8.759  41.941 0.0000000000
70649  34.820  -9.490  42.439 0.0000000000
62901  13.500  -15.621  62.849 0.0000000000
69364  26.906  -9.661  53.660 0.0000000000
64224  21.971  -15.253  60.435 0.0000000000
64201  22.748  -15.032  61.093 0.0000000000
77161  30.287  -3.298  51.806 0.0000000000
64281  19.025  -13.734  57.803 0.0000000000
64264  18.716  -14.228  58.376 0.0000000000
65603  18.517  -13.305  57.845 0.0000000000
66834  19.140  -12.186  57.037 0.0000000000
66849  19.423  -12.947  56.788 0.0000000000
65621  19.633  -13.636  57.070 0.0000000000
69430  37.111  -9.883  49.176 0.0000000000
70575  36.467  -9.243  48.979 0.0000000000
70567  37.528  -9.216  49.689 0.0000000000
87151  43.414  6.440  30.619 0.0000000000
86155  43.240  5.579  29.562 0.0000000000
87161  43.679  6.094  29.447 0.0000000000
59398  9.327  -18.294  74.191 0.0000000000
82909  37.413  2.195  34.804 0.0000000000
81855  36.679  1.248  34.777 0.0000000000
78415  35.925  -2.949  36.694 0.0000000000
78428  36.440  -2.631  36.319 0.0000000000
77328  36.718  -3.407  36.540 0.0000000000
77318  37.001  -3.939  36.715 0.0000000000
76166  34.954  -2.995  40.972 0.0000000000
77290  34.759  -3.344  39.941 0.0000000000
76167  34.660  -3.702  40.379 0.0000000000
72818  36.931  -7.549  40.065 0.0000000000
64336  32.009  -14.722  53.423 0.0000000000
64335  32.923  -14.658  53.512 0.0000000000
82896  37.429  2.194  35.758 0.0000000000
82923  37.799  2.150  33.763 0.0000000000
60580  13.126  -17.535  67.688 0.0000000000
61717  13.123  -17.307  68.275 0.0000000000
61703  12.890  -17.220  68.739 0.0000000000
66904  30.590  -11.991  52.893 0.0000000000
66938  30.516  -12.560  51.410 0.0000000000
65663  27.562  -13.695  53.498 0.0000000000
64308  28.302  -14.324  54.985 0.0000000000
66886  23.158  -12.623  54.219 0.0000000000
66885  24.064  -12.837  54.211 0.0000000000
78456  40.235  -2.608  34.553 0.0000000000
77204  30.498  -3.205  46.853 0.0000000000
78296  31.036  -2.491  46.407 0.0000000000
76090  30.422  -4.780  45.435 0.0000000000
73767  32.384  -6.948  49.377 0.0000000000
73792  31.821  -6.850  49.189 0.0000000000
74889  32.798  -6.843  48.879 0.0000000000
74957  35.295  -6.469  47.211 0.0000000000
73826  34.750  -7.070  46.771 0.0000000000
73825  35.509  -7.038  46.845 0.0000000000
73834  35.800  -7.532  46.456 0.0000000000
90744  47.939  9.428  25.485 0.0000000000
89857  48.418  8.888  24.879 0.0000000000
89868  47.399  7.698  24.856 0.0000000000
87176  45.607  5.519  27.125 0.0000000000
68055  18.306  -10.761  58.692 0.0000000000
81884  43.262  -0.420  30.647 0.0000000000
81883  44.145  -0.433  30.746 0.0000000000
79612  42.944  -1.382  31.636 0.0000000000
79611  43.177  -1.239  31.510 0.0000000000
70560  35.174  -9.212  50.857 0.0000000000
68191  35.246  -11.363  49.536 0.0000000000
68204  35.746  -11.021  49.026 0.0000000000
68190  36.191  -11.462  49.221 0.0000000000
85096  40.263  3.987  32.418 0.0000000000
85104  40.368  3.763  31.520 0.0000000000
84018  41.991  2.669  29.463 0.0000000000
85113  42.634  3.351  29.224 0.0000000000
81900  42.692  0.243  30.061 0.0000000000
82952  42.453  1.510  29.514 0.0000000000
82870  36.882  1.542  37.009 0.0000000000
81818  36.499  1.117  37.649 0.0000000000
80691  35.350  0.015  37.815 0.0000000000
79551  35.247  -1.595  37.040 0.0000000000
79541  34.927  -1.436  37.978 0.0000000000
71731  35.085  -8.471  41.045 0.0000000000
72789  34.830  -8.015  40.761 0.0000000000
71752  35.559  -8.304  40.700 0.0000000000
71751  35.852  -8.246  40.545 0.0000000000
71730  36.143  -8.691  41.007 0.0000000000
71729  37.244  -8.928  41.537 0.0000000000
70664  36.385  -9.426  41.693 0.0000000000
70630  36.720  -9.783  43.465 0.0000000000
70646  37.466  -9.589  42.671 0.0000000000
70613  37.792  -9.557  44.293 0.0000000000
82869  37.612  1.973  37.269 0.0000000000
62911  16.585  -16.563  62.473 0.0000000000
62912  15.459  -16.595  62.523 0.0000000000
61760  15.364  -16.993  63.959 0.0000000000
61748  15.614  -16.742  65.026 0.0000000000
62887  16.076  -16.425  65.313 0.0000000000
61735  15.432  -16.572  65.835 0.0000000000
61736  14.820  -16.907  65.638 0.0000000000
60622  12.536  -17.545  65.882 0.0000000000
64091  8.128  -14.167  69.265 0.0000000000
62849  8.222  -15.447  68.540 0.0000000000
62838  7.922  -15.149  69.047 0.0000000000
62839  7.493  -15.783  69.478 0.0000000000
64066  6.999  -13.949  70.886 0.0000000000
68116  29.014  -10.257  54.626 0.0000000000
68135  29.284  -11.024  54.293 0.0000000000
66882  29.352  -11.505  53.514 0.0000000000
68150  28.846  -11.207  53.444 0.0000000000
68169  28.600  -11.576  52.922 0.0000000000
68151  28.108  -10.992  53.210 0.0000000000
66907  26.895  -12.119  52.731 0.0000000000
65684  27.035  -13.015  53.020 0.0000000000
65619  22.754  -14.872  57.148 0.0000000000
77193  30.340  -3.040  47.891 0.0000000000
77178  29.952  -4.017  48.527 0.0000000000
74864  35.669  -6.115  49.849 0.0000000000
74886  35.242  -5.895  49.454 0.0000000000
76016  35.584  -5.710  49.597 0.0000000000
76027  36.424  -5.228  49.420 0.0000000000
76047  36.791  -5.010  48.826 0.0000000000
76138  34.538  -3.392  41.988 0.0000000000
74997  33.980  -3.819  41.999 0.0000000000
74998  33.274  -4.337  42.166 0.0000000000
75019  32.860  -5.509  42.162 0.0000000000
73873  33.245  -6.430  41.888 0.0000000000
68056  17.361  -11.664  58.788 0.0000000000
66820  17.511  -12.623  58.412 0.0000000000
66803  17.104  -12.618  58.770 0.0000000000
65573  15.931  -13.602  60.073 0.0000000000
64207  16.005  -15.552  61.116 0.0000000000
64230  15.401  -14.469  60.837 0.0000000000
65537  14.503  -13.369  61.838 0.0000000000
65538  14.187  -13.590  62.207 0.0000000000
70530  25.431  -8.795  54.908 0.0000000000
70516  25.202  -8.629  55.540 0.0000000000
69368  22.702  -11.164  54.236 0.0000000000
68117  21.791  -11.258  54.703 0.0000000000
66865  20.290  -12.842  55.725 0.0000000000
68119  20.570  -12.230  55.380 0.0000000000
66864  20.823  -12.670  55.147 0.0000000000
66888  21.467  -12.884  54.736 0.0000000000
65652  21.101  -13.624  55.459 0.0000000000
65636  20.682  -14.122  56.274 0.0000000000
64262  20.838  -15.173  58.400 0.0000000000
64242  21.355  -15.338  59.368 0.0000000000
74822  31.289  -5.814  52.976 0.0000000000
74840  31.761  -6.284  52.468 0.0000000000
73719  32.769  -7.369  51.182 0.0000000000
72678  33.747  -7.760  50.243 0.0000000000
70569  35.062  -8.843  50.490 0.0000000000
72676  35.071  -7.718  49.561 0.0000000000
72673  37.923  -8.100  50.568 0.0000000000
72674  37.242  -7.595  50.244 0.0000000000
87142  42.221  5.924  32.067 0.0000000000
88059  45.375  7.541  29.320 0.0000000000
85122  45.513  2.711  27.838 0.0000000000
80746  39.178  -0.449  32.228 0.0000000000
79594  38.344  -1.122  33.333 0.0000000000
78458  38.280  -1.886  34.272 0.0000000000
81843  36.079  0.152  35.843 0.0000000000
80713  36.336  -0.296  35.143 0.0000000000
78426  38.743  -3.092  35.867 0.0000000000
76194  38.575  -4.573  37.175 0.0000000000
79528  36.281  -0.610  40.426 0.0000000000
78393  35.543  -1.468  40.361 0.0000000000
77302  34.814  -3.024  39.277 0.0000000000
78394  34.958  -1.819  39.513 0.0000000000
77309  35.034  -3.383  37.913 0.0000000000
73905  34.947  -6.543  39.793 0.0000000000
73921  35.310  -6.212  39.113 0.0000000000
73927  35.975  -6.171  38.533 0.0000000000
75070  36.537  -5.798  38.013 0.0000000000
75077  37.104  -5.262  37.509 0.0000000000
65718  32.716  -13.369  50.714 0.0000000000
64333  34.379  -14.433  53.829 0.0000000000
65682  34.321  -14.305  53.351 0.0000000000
84005  39.199  3.267  33.656 0.0000000000
81876  38.358  1.427  32.564 0.0000000000
64204  20.421  -15.034  61.260 0.0000000000
64182  20.100  -14.991  62.221 0.0000000000
64124  11.661  -13.793  65.450 0.0000000000
64137  12.071  -14.355  64.897 0.0000000000
62879  12.160  -15.739  64.578 0.0000000000
62880  11.594  -15.515  65.217 0.0000000000
61730  10.658  -16.257  66.133 0.0000000000
61729  11.223  -16.574  65.655 0.0000000000
62858  9.782  -15.263  66.837 0.0000000000
61719  9.452  -16.220  67.148 0.0000000000
59471  9.716  -17.990  67.776 0.0000000000
59444  11.243  -18.320  69.855 0.0000000000
59430  11.098  -18.226  70.446 0.0000000000
59422  9.631  -18.892  71.652 0.0000000000
59412  9.765  -18.476  72.803 0.0000000000
60507  7.130  -17.615  70.355 0.0000000000
58357  8.065  -19.247  72.571 0.0000000000
58358  7.808  -19.231  72.714 0.0000000000
62797  6.074  -15.294  72.282 0.0000000000
62779  5.518  -15.057  72.686 0.0000000000
60479  4.827  -16.308  72.995 0.0000000000
66922  31.848  -11.998  51.484 0.0000000000
68180  32.417  -11.932  51.049 0.0000000000
66951  32.365  -12.758  50.524 0.0000000000
66952  31.732  -12.771  50.687 0.0000000000
64350  30.627  -14.446  52.309 0.0000000000
65695  28.999  -13.079  51.943 0.0000000000
64321  30.281  -14.813  54.533 0.0000000000
69383  25.394  -10.380  53.086 0.0000000000
66884  24.901  -12.922  54.271 0.0000000000
66909  24.994  -12.312  53.462 0.0000000000
65665  25.886  -13.123  54.165 0.0000000000
65618  23.802  -14.229  56.903 0.0000000000
65632  24.435  -13.685  56.090 0.0000000000
65617  24.812  -13.908  57.069 0.0000000000
65615  26.711  -13.779  57.110 0.0000000000
79591  40.697  -2.157  32.993 0.0000000000
77240  32.938  -2.590  43.316 0.0000000000
77241  31.920  -2.811  43.890 0.0000000000
75001  31.309  -5.373  43.555 0.0000000000
73857  31.843  -6.672  43.693 0.0000000000
74868  30.249  -5.661  50.843 0.0000000000
73745  30.429  -6.154  50.273 0.0000000000
74917  30.754  -6.465  48.403 0.0000000000
74918  30.078  -5.607  48.690 0.0000000000
74943  30.247  -5.777  47.705 0.0000000000
74959  33.253  -7.041  46.846 0.0000000000
74960  32.052  -6.806  46.752 0.0000000000
74975  30.802  -6.124  45.560 0.0000000000
72739  33.541  -7.934  45.578 0.0000000000
72740  32.980  -7.842  45.423 0.0000000000
72751  33.745  -8.353  44.991 0.0000000000
71678  33.296  -8.319  44.175 0.0000000000
72750  34.751  -8.685  45.088 0.0000000000
72736  37.144  -8.498  45.799 0.0000000000
65702  34.931  -13.313  50.916 0.0000000000
65715  34.830  -13.114  50.470 0.0000000000
66934  36.215  -12.647  50.800 0.0000000000
68165  37.791  -11.629  51.432 0.0000000000
69410  38.946  -10.414  51.327 0.0000000000
89866  49.110  8.193  24.389 0.0000000000
88979  49.638  7.441  24.017 0.0000000000
86192  47.699  4.034  25.342 0.0000000000
86193  46.979  4.413  25.692 0.0000000000
88077  46.619  6.189  25.370 0.0000000000
87189  47.827  5.185  24.656 0.0000000000
80764  41.903  0.081  30.250 0.0000000000
80743  42.303  -1.314  31.515 0.0000000000
69412  34.712  -10.659  50.677 0.0000000000
82930  39.356  2.202  31.798 0.0000000000
82954  40.799  1.971  30.373 0.0000000000
82953  41.512  1.834  29.830 0.0000000000
81902  41.146  1.188  30.126 0.0000000000
81810  36.920  1.211  38.831 0.0000000000
80679  36.297  0.542  39.044 0.0000000000
80680  35.666  -0.015  38.982 0.0000000000
72807  34.365  -7.094  40.659 0.0000000000
71732  34.269  -8.681  41.530 0.0000000000
71712  34.898  -9.196  41.750 0.0000000000
70648  35.594  -9.682  42.203 0.0000000000
70631  35.902  -9.914  43.086 0.0000000000
71692  36.052  -9.828  43.744 0.0000000000
62913  14.535  -15.794  62.246 0.0000000000
61772  14.690  -16.561  62.768 0.0000000000
61761  14.373  -16.903  63.441 0.0000000000
64078  7.910  -13.876  69.886 0.0000000000
69380  28.058  -10.285  53.768 0.0000000000
69381  27.415  -10.320  53.309 0.0000000000
64240  23.221  -14.930  59.079 0.0000000000
64223  22.969  -15.128  60.096 0.0000000000
76015  36.083  -5.589  49.796 0.0000000000
74862  37.481  -5.990  50.827 0.0000000000
76124  33.000  -3.574  42.678 0.0000000000
64263  19.838  -14.823  58.407 0.0000000000
64265  17.696  -14.014  58.814 0.0000000000
66804  16.661  -12.257  59.183 0.0000000000
66788  15.830  -12.297  60.024 0.0000000000
66789  15.589  -13.150  60.380 0.0000000000
69324  22.399  -9.894  56.001 0.0000000000
68087  19.864  -11.205  56.957 0.0000000000
68100  20.797  -10.845  56.240 0.0000000000
66848  19.653  -12.313  56.446 0.0000000000
65637  19.934  -13.477  56.529 0.0000000000
64294  20.208  -14.236  56.930 0.0000000000
73708  32.224  -6.551  52.458 0.0000000000
73707  33.032  -6.928  52.522 0.0000000000
70576  35.783  -9.363  49.060 0.0000000000
71631  36.043  -8.835  49.008 0.0000000000
71630  36.445  -8.422  49.331 0.0000000000
72692  36.658  -7.944  49.692 0.0000000000
71629  37.163  -8.466  49.697 0.0000000000
71621  37.725  -8.552  50.198 0.0000000000
86157  41.654  5.159  30.868 0.0000000000
87149  44.734  7.090  29.395 0.0000000000
82966  43.934  1.701  29.200 0.0000000000
82965  44.827  1.411  29.185 0.0000000000
82964  45.805  0.938  29.333 0.0000000000
81867  37.840  1.110  32.936 0.0000000000
80722  37.332  -0.248  33.649 0.0000000000
79559  35.935  -1.356  36.277 0.0000000000
78445  36.534  -1.688  35.770 0.0000000000
77326  38.313  -3.690  36.428 0.0000000000
76203  37.697  -3.988  36.669 0.0000000000
76202  38.166  -4.185  36.832 0.0000000000
65693  33.328  -14.305  52.371 0.0000000000
64334  33.774  -14.505  53.538 0.0000000000
82880  38.931  2.808  36.862 0.0000000000
82894  39.325  3.204  36.200 0.0000000000
82922  38.581  2.805  33.741 0.0000000000
64183  19.227  -15.318  62.286 0.0000000000
64164  19.025  -15.236  63.317 0.0000000000
61715  14.159  -16.969  67.361 0.0000000000
62857  14.202  -16.704  67.998 0.0000000000
62846  13.886  -16.620  68.737 0.0000000000
62847  13.254  -16.778  69.196 0.0000000000
60535  12.287  -17.375  69.387 0.0000000000
62870  10.370  -15.602  66.341 0.0000000000
61704  8.922  -16.418  67.726 0.0000000000
60559  9.028  -17.370  67.871 0.0000000000
59472  9.342  -17.715  67.830 0.0000000000
59459  10.155  -18.481  68.434 0.0000000000
59458  10.950  -18.534  68.935 0.0000000000
61648  6.746  -16.456  70.694 0.0000000000
60499  6.194  -17.275  71.910 0.0000000000
61611  5.091  -15.413  72.762 0.0000000000
66937  31.337  -12.424  51.096 0.0000000000
65707  30.079  -13.208  51.374 0.0000000000
64353  28.164  -13.567  52.653 0.0000000000
64352  28.614  -13.738  52.450 0.0000000000
64340  28.173  -13.901  53.013 0.0000000000
64307  29.263  -14.600  55.313 0.0000000000
69385  23.941  -11.268  53.530 0.0000000000
68155  24.388  -11.707  53.384 0.0000000000
66911  23.805  -12.425  53.978 0.0000000000
66861  24.755  -13.140  54.710 0.0000000000
65600  25.175  -13.907  58.068 0.0000000000
78465  41.685  -2.511  34.174 0.0000000000
78317  31.138  -2.482  45.792 0.0000000000
77221  31.374  -2.810  44.645 0.0000000000
77242  31.132  -3.577  44.264 0.0000000000
74985  30.982  -5.542  44.183 0.0000000000
73769  30.679  -6.511  49.782 0.0000000000
73793  31.193  -6.742  49.108 0.0000000000
76066  34.674  -5.799  47.978 0.0000000000
76067  34.014  -6.176  47.896 0.0000000000
74939  34.146  -6.333  47.539 0.0000000000
74973  32.701  -7.315  46.199 0.0000000000
73827  33.991  -7.187  46.658 0.0000000000
73836  34.200  -7.548  46.222 0.0000000000
65680  36.012  -13.535  52.959 0.0000000000
66921  35.765  -13.363  51.897 0.0000000000
66901  36.454  -13.211  52.728 0.0000000000
66900  36.890  -12.861  52.849 0.0000000000
88980  48.692  7.217  24.206 0.0000000000
87168  45.227  5.823  27.707 0.0000000000
88071  45.679  6.704  27.571 0.0000000000
87182  45.993  5.239  26.507 0.0000000000
86202  48.264  4.455  24.664 0.0000000000
86191  48.312  3.901  24.904 0.0000000000
66818  18.549  -12.361  57.551 0.0000000000
66819  17.983  -12.599  58.005 0.0000000000
68074  18.088  -11.724  58.103 0.0000000000
68086  20.718  -10.138  57.440 0.0000000000
68088  19.320  -11.556  57.103 0.0000000000
80762  44.937  -0.434  30.814 0.0000000000
80752  44.579  -0.808  31.507 0.0000000000
80742  44.081  -1.166  31.892 0.0000000000
71614  35.146  -8.746  51.692 0.0000000000
71607  34.826  -8.268  51.981 0.0000000000
68189  37.192  -11.046  49.670 0.0000000000
86158  41.143  4.910  31.621 0.0000000000
85101  42.681  4.290  29.424 0.0000000000
82967  43.207  1.869  29.294 0.0000000000
82897  36.772  1.634  35.633 0.0000000000
82883  36.606  1.418  36.239 0.0000000000
81829  35.980  0.271  36.266 0.0000000000
81819  35.797  0.563  37.207 0.0000000000
80702  35.430  -0.340  36.658 0.0000000000
79560  35.546  -1.513  36.659 0.0000000000
75034  34.431  -4.267  40.861 0.0000000000
75050  34.350  -5.290  40.525 0.0000000000
72805  36.547  -8.042  40.476 0.0000000000
72787  37.456  -8.227  41.040 0.0000000000
71710  38.383  -8.980  42.237 0.0000000000
70663  37.085  -9.519  42.026 0.0000000000
71691  38.606  -9.403  43.059 0.0000000000
62998  32.271  -15.412  55.492 0.0000000000
82881  37.985  2.405  36.628 0.0000000000
62925  16.700  -16.044  61.372 0.0000000000
62910  17.596  -16.280  62.422 0.0000000000
62899  15.580  -16.909  63.320 0.0000000000
61727  14.520  -16.958  66.583 0.0000000000
61728  13.728  -17.395  66.833 0.0000000000
60604  12.464  -17.789  66.880 0.0000000000
62848  8.695  -15.186  67.983 0.0000000000
61705  8.378  -16.105  68.242 0.0000000000
60537  7.994  -17.503  69.053 0.0000000000
60538  7.539  -16.910  69.321 0.0000000000
61690  7.496  -16.408  69.375 0.0000000000
62830  7.124  -15.493  70.160 0.0000000000
66881  29.975  -11.767  53.986 0.0000000000
66905  29.668  -11.820  52.924 0.0000000000
66926  28.222  -12.475  52.422 0.0000000000
68171  27.578  -12.060  52.616 0.0000000000
65697  27.616  -13.060  52.663 0.0000000000
65664  26.795  -13.467  53.916 0.0000000000
65586  23.970  -14.520  58.921 0.0000000000
65585  24.711  -14.262  58.904 0.0000000000
77205  30.294  -4.090  46.507 0.0000000000
74866  34.216  -6.652  49.197 0.0000000000
74888  33.628  -6.577  48.808 0.0000000000
74887  34.640  -6.047  49.156 0.0000000000
76029  34.533  -5.927  48.715 0.0000000000
76049  35.057  -5.590  48.485 0.0000000000
76065  35.494  -5.456  48.106 0.0000000000
76064  36.198  -5.260  48.315 0.0000000000
58353  5.529  -19.657  73.486 0.0000000000
78392  36.282  -1.151  40.826 0.0000000000
77288  35.886  -1.805  41.266 0.0000000000
77274  35.310  -2.558  41.257 0.0000000000
75033  34.674  -3.487  41.228 0.0000000000
73872  33.574  -6.070  41.579 0.0000000000
72775  33.053  -7.685  42.500 0.0000000000
64202  22.086  -14.993  61.390 0.0000000000
64203  21.354  -14.995  61.285 0.0000000000
62941  17.745  -15.834  60.860 0.0000000000
64266  17.264  -13.724  59.021 0.0000000000
65587  16.937  -13.258  59.080 0.0000000000
64246  17.042  -14.244  59.466 0.0000000000
62942  17.151  -15.830  60.745 0.0000000000
64209  14.662  -14.944  61.727 0.0000000000
64185  14.095  -14.758  62.205 0.0000000000
64186  13.614  -14.962  62.573 0.0000000000
64167  13.156  -14.680  63.020 0.0000000000
70528  26.668  -9.208  54.281 0.0000000000
70529  25.906  -8.973  54.559 0.0000000000
69343  24.185  -8.810  55.789 0.0000000000
68137  23.017  -11.618  54.072 0.0000000000
65667  22.677  -13.146  54.498 0.0000000000
69346  21.651  -11.017  54.958 0.0000000000
68139  21.688  -12.245  54.495 0.0000000000
66887  22.219  -12.688  54.433 0.0000000000
65668  22.209  -13.384  54.734 0.0000000000
65651  22.134  -13.955  55.352 0.0000000000
65620  22.040  -15.098  57.080 0.0000000000
64293  20.845  -14.711  56.821 0.0000000000
64278  21.392  -15.100  57.424 0.0000000000
75984  30.411  -4.633  52.579 0.0000000000
74823  30.717  -5.502  52.545 0.0000000000
73721  31.178  -6.370  51.544 0.0000000000
73720  31.879  -6.693  51.722 0.0000000000
72661  34.138  -8.053  50.625 0.0000000000
73739  36.304  -6.787  50.038 0.0000000000
79606  39.495  -1.271  32.606 0.0000000000
79593  38.945  -1.199  32.970 0.0000000000
78468  39.313  -1.888  33.484 0.0000000000
79580  37.138  -1.069  34.469 0.0000000000
79569  37.536  -1.692  34.659 0.0000000000
78425  39.578  -3.208  36.181 0.0000000000
78414  39.974  -3.498  36.893 0.0000000000
77316  39.172  -3.934  36.849 0.0000000000
80669  35.871  -0.088  39.582 0.0000000000
79540  35.097  -0.764  38.823 0.0000000000
79530  34.877  -1.372  38.947 0.0000000000
77320  35.469  -3.465  37.274 0.0000000000
73928  35.472  -5.793  38.655 0.0000000000
75079  35.565  -4.804  37.853 0.0000000000
76196  36.584  -4.458  37.148 0.0000000000
75076  38.209  -5.339  37.609 0.0000000000
75068  38.507  -5.975  38.408 0.0000000000
75067  39.078  -5.403  38.080 0.0000000000
66950  33.128  -12.725  50.405 0.0000000000
66949  33.983  -12.670  50.169 0.0000000000
65692  34.064  -14.136  52.565 0.0000000000
64163  19.883  -14.959  63.210 0.0000000000
64165  18.250  -15.767  63.443 0.0000000000
65513  13.448  -13.465  63.131 0.0000000000
65514  13.021  -14.094  63.427 0.0000000000
64150  12.730  -14.657  63.744 0.0000000000
64136  12.579  -14.101  64.312 0.0000000000
62889  12.554  -15.484  64.025 0.0000000000
60536  11.935  -17.512  69.664 0.0000000000
61668  11.912  -17.019  70.410 0.0000000000
59421  10.290  -18.370  72.051 0.0000000000
59401  9.423  -18.369  73.790 0.0000000000
59402  8.897  -18.856  73.397 0.0000000000
60518  8.026  -18.118  69.596 0.0000000000
58351  7.434  -19.308  73.078 0.0000000000
64054  6.282  -14.495  72.158 0.0000000000
74812  31.768  -5.879  53.589 0.0000000000
68179  33.059  -11.713  50.956 0.0000000000
65705  32.076  -13.803  51.108 0.0000000000
64357  32.184  -14.275  51.795 0.0000000000
65708  29.579  -13.075  51.595 0.0000000000
64360  29.920  -13.628  51.649 0.0000000000
64351  29.561  -14.029  52.094 0.0000000000
64337  30.983  -14.726  53.351 0.0000000000
63009  30.980  -15.047  55.108 0.0000000000
66908  25.939  -12.449  53.143 0.0000000000
65649  24.073  -13.490  55.231 0.0000000000
65648  24.893  -13.315  55.154 0.0000000000
65647  25.727  -13.444  55.227 0.0000000000
79590  42.017  -2.441  33.206 0.0000000000
77251  32.530  -3.434  42.969 0.0000000000
76125  32.158  -4.184  42.886 0.0000000000
77253  31.567  -3.555  43.694 0.0000000000
75020  32.363  -5.601  42.515 0.0000000000
72776  32.575  -7.412  43.048 0.0000000000
76002  30.120  -4.579  51.364 0.0000000000
76031  29.900  -4.800  49.263 0.0000000000
74890  30.098  -5.637  49.621 0.0000000000
74891  30.028  -5.218  49.232 0.0000000000
76068  29.944  -4.873  47.981 0.0000000000
76079  30.170  -4.897  47.075 0.0000000000
74941  32.204  -6.683  47.539 0.0000000000
76091  30.339  -4.890  46.128 0.0000000000
73847  31.354  -6.477  44.470 0.0000000000
73838  32.332  -7.384  45.599 0.0000000000
73846  32.044  -7.231  44.676 0.0000000000
72753  32.234  -7.264  44.126 0.0000000000
72763  32.880  -7.858  43.538 0.0000000000
71695  33.416  -8.549  43.373 0.0000000000
71676  34.983  -9.262  44.384 0.0000000000
71675  36.182  -9.309  44.480 0.0000000000
71661  36.798  -8.820  45.171 0.0000000000
71674  37.208  -9.269  44.725 0.0000000000
66948  35.081  -12.705  50.204 0.0000000000
66946  36.580  -11.699  49.671 0.0000000000
68188  37.853  -10.601  50.184 0.0000000000
66899  37.763  -12.070  52.832 0.0000000000
66918  37.795  -11.825  51.980 0.0000000000
68176  38.060  -11.035  50.801 0.0000000000
70559  38.782  -9.440  50.908 0.0000000000
88967  46.196  7.564  27.453 0.0000000000
89845  46.626  8.249  27.417 0.0000000000
89849  46.516  8.031  26.713 0.0000000000
89859  46.498  7.743  26.163 0.0000000000
88972  46.967  7.164  25.010 0.0000000000
88981  47.724  7.098  24.493 0.0000000000
87188  48.666  5.202  24.228 0.0000000000
59461  8.463  -17.827  68.676 0.0000000000
60603  13.127  -17.614  67.265 0.0000000000
61687  12.565  -17.084  69.517 0.0000000000
61747  15.956  -16.671  64.777 0.0000000000
62900  14.055  -16.212  62.743 0.0000000000
64277  22.163  -15.191  57.644 0.0000000000
64295  19.863  -13.888  57.027 0.0000000000
65690  35.843  -13.426  52.240 0.0000000000
66862  24.429  -13.169  54.696 0.0000000000
68202  36.771  -10.466  49.071 0.0000000000
70527  27.144  -9.420  54.186 0.0000000000
70561  35.132  -8.821  50.782 0.0000000000
70632  35.191  -9.694  42.930 0.0000000000
70645  38.124  -9.508  43.019 0.0000000000
71622  36.032  -8.174  49.278 0.0000000000
71693  35.405  -9.677  43.690 0.0000000000
73845  32.605  -7.648  45.286 0.0000000000
74867  30.753  -6.062  51.458 0.0000000000
74919  30.086  -5.426  49.113 0.0000000000
76032  29.982  -4.996  49.159 0.0000000000
76052  30.001  -5.161  48.995 0.0000000000
79571  36.311  -1.152  35.716 0.0000000000
80703  35.376  -1.122  36.747 0.0000000000
80763  42.292  -0.364  30.507 0.0000000000
