#!ascii label  , from subject 3800 vox2ras=TkReg
1680
133772  -44.501  16.177  53.111 0.0000000000
144491  -47.324  28.451  52.587 0.0000000000
136313  -47.178  19.124  62.287 0.0000000000
137410  -54.051  20.245  51.660 0.0000000000
143828  -52.256  27.117  47.420 0.0000000000
142951  -51.544  26.322  56.258 0.0000000000
142999  -51.482  25.905  50.898 0.0000000000
136495  -47.546  19.911  46.968 0.0000000000
128010  -49.121  9.795  58.789 0.0000000000
131935  -45.990  14.563  54.641 0.0000000000
147538  -41.838  31.887  49.313 0.0000000000
147565  -47.655  32.177  45.682 0.0000000000
146788  -52.756  31.117  42.224 0.0000000000
136370  -48.044  19.705  58.723 0.0000000000
140935  -48.571  25.289  62.673 0.0000000000
136318  -52.576  18.832  61.446 0.0000000000
136466  -51.451  18.915  50.918 0.0000000000
134796  -50.738  17.517  41.513 0.0000000000
136617  -44.626  19.157  39.670 0.0000000000
133786  -43.408  16.084  50.669 0.0000000000
141159  -53.545  24.690  44.120 0.0000000000
143016  -53.829  26.202  49.207 0.0000000000
142124  -51.284  24.869  46.345 0.0000000000
142086  -48.239  25.415  48.679 0.0000000000
128049  -48.966  10.810  55.143 0.0000000000
129040  -45.357  11.634  54.135 0.0000000000
146718  -38.711  32.090  49.574 0.0000000000
147574  -50.623  32.070  44.700 0.0000000000
133733  -46.281  16.503  59.906 0.0000000000
133693  -49.781  15.451  62.187 0.0000000000
142024  -44.750  25.973  53.975 0.0000000000
141984  -47.947  25.661  56.664 0.0000000000
139177  -53.687  22.834  55.859 0.0000000000
138264  -50.318  21.798  59.414 0.0000000000
137339  -54.382  19.968  57.752 0.0000000000
137352  -52.793  19.657  56.226 0.0000000000
135567  -54.361  18.478  51.440 0.0000000000
133829  -51.183  17.183  46.303 0.0000000000
135638  -52.612  18.436  45.282 0.0000000000
136565  -46.680  19.047  43.203 0.0000000000
144516  -49.269  28.650  50.689 0.0000000000
144467  -50.267  28.341  54.825 0.0000000000
143781  -52.038  28.210  52.485 0.0000000000
142026  -53.930  25.234  53.652 0.0000000000
139190  -52.253  22.704  53.708 0.0000000000
137442  -50.806  20.450  48.522 0.0000000000
139198  -48.902  23.003  51.478 0.0000000000
139226  -46.449  22.329  48.963 0.0000000000
129009  -52.428  11.153  57.897 0.0000000000
130998  -49.328  13.786  55.136 0.0000000000
133761  -45.228  16.582  54.413 0.0000000000
143754  -38.357  27.751  53.094 0.0000000000
144501  -41.186  29.175  51.825 0.0000000000
145240  -43.592  29.735  51.199 0.0000000000
145275  -46.422  29.185  47.734 0.0000000000
144570  -48.411  28.698  45.421 0.0000000000
143876  -50.883  27.480  43.150 0.0000000000
143126  -52.146  26.938  40.257 0.0000000000
146067  -51.811  30.510  40.503 0.0000000000
132845  -42.930  15.585  55.690 0.0000000000
135532  -44.095  18.897  56.675 0.0000000000
137384  -45.928  20.597  53.857 0.0000000000
139973  -47.875  23.321  64.873 0.0000000000
142912  -50.474  26.553  59.779 0.0000000000
139089  -50.115  22.965  63.202 0.0000000000
135432  -50.857  18.362  64.466 0.0000000000
135484  -51.010  17.955  60.441 0.0000000000
137375  -49.388  21.054  54.661 0.0000000000
136445  -47.686  19.473  51.479 0.0000000000
134719  -47.545  16.859  48.367 0.0000000000
133838  -47.075  16.296  44.913 0.0000000000
133892  -46.618  16.964  41.207 0.0000000000
136568  -50.020  19.362  43.417 0.0000000000
136620  -48.170  19.132  39.230 0.0000000000
133927  -45.618  16.263  37.415 0.0000000000
131942  -46.882  15.045  53.330 0.0000000000
131950  -45.348  14.395  52.467 0.0000000000
133778  -43.416  16.193  51.575 0.0000000000
141175  -52.223  24.228  43.181 0.0000000000
141142  -53.003  24.503  45.281 0.0000000000
142175  -50.657  24.870  43.912 0.0000000000
142141  -50.100  25.415  45.460 0.0000000000
133692  -48.241  16.799  62.880 0.0000000000
143759  -46.111  27.268  52.868 0.0000000000
138298  -54.578  20.895  54.779 0.0000000000
138282  -53.779  21.348  56.810 0.0000000000
137380  -55.383  19.511  54.751 0.0000000000
135540  -54.886  18.621  55.255 0.0000000000
136468  -54.909  18.939  51.001 0.0000000000
135624  -54.311  17.973  48.418 0.0000000000
136484  -54.074  19.144  48.756 0.0000000000
143796  -50.665  27.776  48.818 0.0000000000
144509  -51.204  29.090  51.710 0.0000000000
144527  -52.155  28.229  49.428 0.0000000000
142056  -53.109  25.994  50.265 0.0000000000
143001  -53.377  26.165  50.998 0.0000000000
142033  -52.561  25.329  52.428 0.0000000000
141050  -53.294  24.304  53.709 0.0000000000
141048  -51.292  24.231  53.117 0.0000000000
139200  -50.392  22.203  52.010 0.0000000000
141068  -49.964  24.669  51.905 0.0000000000
142050  -47.289  24.562  50.009 0.0000000000
130061  -48.101  12.600  54.810 0.0000000000
130042  -49.159  12.999  55.161 0.0000000000
131927  -48.198  14.124  55.166 0.0000000000
131938  -48.606  14.860  54.753 0.0000000000
132849  -46.167  15.723  54.554 0.0000000000
147536  -40.430  32.507  49.324 0.0000000000
145236  -39.636  29.556  51.482 0.0000000000
145967  -41.350  30.657  50.403 0.0000000000
145222  -42.849  29.328  51.796 0.0000000000
145972  -42.268  30.843  49.601 0.0000000000
147554  -45.879  32.841  46.657 0.0000000000
145984  -45.032  30.622  47.167 0.0000000000
145993  -46.715  30.320  46.202 0.0000000000
144559  -47.598  28.543  46.906 0.0000000000
146004  -48.157  30.524  45.084 0.0000000000
146772  -51.989  31.138  43.462 0.0000000000
145323  -50.462  29.502  43.291 0.0000000000
145325  -51.558  29.105  42.425 0.0000000000
143116  -52.034  26.961  41.659 0.0000000000
144617  -52.560  28.553  41.142 0.0000000000
144624  -52.053  28.677  40.133 0.0000000000
146069  -52.612  30.442  41.195 0.0000000000
130974  -41.260  13.830  58.973 0.0000000000
130987  -39.840  14.004  56.631 0.0000000000
131917  -41.961  14.156  57.617 0.0000000000
131925  -42.306  15.045  55.448 0.0000000000
132831  -43.377  15.164  58.181 0.0000000000
135497  -46.616  18.225  59.482 0.0000000000
135508  -44.871  18.208  58.560 0.0000000000
136382  -45.845  19.758  57.764 0.0000000000
137358  -44.974  20.251  55.743 0.0000000000
137346  -47.024  20.945  56.563 0.0000000000
140918  -46.924  24.911  63.617 0.0000000000
140866  -46.410  25.238  66.290 0.0000000000
141895  -48.354  25.438  65.133 0.0000000000
143738  -51.135  27.788  56.023 0.0000000000
143713  -50.303  27.380  57.962 0.0000000000
142927  -50.518  26.025  58.690 0.0000000000
137293  -51.316  20.113  60.822 0.0000000000
139116  -49.713  22.633  61.450 0.0000000000
136316  -51.089  19.845  62.547 0.0000000000
137251  -50.945  20.186  64.101 0.0000000000
135458  -51.943  18.570  62.741 0.0000000000
133696  -52.413  16.538  62.639 0.0000000000
134617  -53.096  17.630  61.036 0.0000000000
136420  -51.656  20.045  53.381 0.0000000000
137350  -51.157  20.408  56.662 0.0000000000
136419  -50.582  20.278  53.293 0.0000000000
137399  -48.623  20.519  52.959 0.0000000000
136464  -49.253  19.085  50.685 0.0000000000
135582  -47.721  18.570  50.121 0.0000000000
135601  -49.557  18.026  49.413 0.0000000000
134759  -50.598  17.354  44.204 0.0000000000
133840  -48.864  16.913  45.192 0.0000000000
133868  -48.700  17.117  43.530 0.0000000000
133866  -46.997  17.052  43.400 0.0000000000
134793  -48.086  17.396  41.117 0.0000000000
137459  -49.655  20.177  47.733 0.0000000000
136516  -50.286  19.447  46.225 0.0000000000
136533  -49.161  19.470  45.233 0.0000000000
136591  -45.108  19.763  41.038 0.0000000000
136593  -47.712  19.329  41.294 0.0000000000
136619  -46.988  19.335  39.265 0.0000000000
135715  -47.517  17.523  37.606 0.0000000000
134813  -45.491  17.781  38.811 0.0000000000
133904  -44.144  15.933  38.978 0.0000000000
131015  -51.475  13.781  54.616 0.0000000000
132891  -43.915  15.438  49.360 0.0000000000
143067  -53.012  26.096  45.421 0.0000000000
143830  -53.576  26.812  47.924 0.0000000000
141113  -54.234  24.910  46.580 0.0000000000
142105  -53.389  24.796  47.328 0.0000000000
142089  -51.856  25.296  48.481 0.0000000000
142053  -49.944  25.475  50.515 0.0000000000
142102  -49.760  25.572  47.590 0.0000000000
126973  -49.138  9.756  57.294 0.0000000000
128031  -47.489  9.912  55.450 0.0000000000
131009  -45.512  13.635  54.403 0.0000000000
149228  -41.395  34.560  48.300 0.0000000000
147566  -48.709  32.245  45.563 0.0000000000
148460  -52.240  33.171  44.759 0.0000000000
148485  -52.390  32.944  42.514 0.0000000000
132816  -45.170  15.114  59.510 0.0000000000
132806  -48.266  15.420  60.978 0.0000000000
134645  -48.587  17.477  60.225 0.0000000000
140977  -48.220  25.056  59.610 0.0000000000
141017  -51.798  23.953  56.218 0.0000000000
141003  -50.196  24.135  57.717 0.0000000000
139160  -51.711  22.134  57.521 0.0000000000
137325  -52.517  20.845  58.672 0.0000000000
136346  -53.447  19.278  60.085 0.0000000000
135504  -53.601  18.432  59.372 0.0000000000
135525  -53.889  18.692  57.395 0.0000000000
136412  -53.952  19.069  54.367 0.0000000000
135565  -52.530  18.681  51.088 0.0000000000
135613  -51.010  18.133  48.474 0.0000000000
134724  -53.194  17.610  48.401 0.0000000000
134752  -52.557  17.729  45.299 0.0000000000
135672  -52.289  18.148  43.122 0.0000000000
136531  -47.076  19.320  45.216 0.0000000000
138214  -45.717  21.505  62.317 0.0000000000
145245  -48.379  29.282  51.715 0.0000000000
144474  -48.728  27.976  53.590 0.0000000000
145229  -49.642  29.267  52.542 0.0000000000
145216  -51.325  29.332  53.694 0.0000000000
144469  -52.211  28.273  54.424 0.0000000000
143789  -53.204  27.553  50.720 0.0000000000
143783  -53.504  26.843  52.494 0.0000000000
142961  -52.715  26.243  55.058 0.0000000000
142002  -54.164  24.547  54.990 0.0000000000
139185  -54.079  22.597  54.583 0.0000000000
138307  -52.899  21.184  52.785 0.0000000000
137429  -52.786  20.131  49.710 0.0000000000
138314  -51.710  21.229  51.706 0.0000000000
138335  -50.389  21.266  49.789 0.0000000000
138346  -48.456  21.367  48.807 0.0000000000
141079  -48.694  24.668  51.199 0.0000000000
139207  -47.815  22.980  50.468 0.0000000000
128034  -51.159  11.150  56.379 0.0000000000
129028  -51.559  12.022  56.222 0.0000000000
131000  -51.284  13.761  55.387 0.0000000000
131939  -49.355  14.644  54.390 0.0000000000
132862  -47.799  15.376  53.822 0.0000000000
133766  -44.655  16.615  53.559 0.0000000000
142019  -40.096  25.810  53.934 0.0000000000
143772  -40.111  27.794  52.607 0.0000000000
142982  -41.626  26.373  53.399 0.0000000000
142992  -43.308  26.931  52.629 0.0000000000
143786  -44.188  28.335  52.041 0.0000000000
145242  -45.845  29.384  51.515 0.0000000000
147545  -43.068  32.477  48.329 0.0000000000
145979  -43.961  30.441  48.245 0.0000000000
145261  -45.237  29.353  49.631 0.0000000000
144513  -46.887  29.274  50.660 0.0000000000
144534  -47.628  28.502  49.156 0.0000000000
143809  -49.372  27.726  47.732 0.0000000000
143842  -50.727  27.258  46.363 0.0000000000
145308  -49.105  29.595  44.415 0.0000000000
143865  -50.054  27.896  43.926 0.0000000000
143080  -51.841  26.286  44.649 0.0000000000
142177  -52.663  25.656  43.319 0.0000000000
141206  -53.098  25.057  41.628 0.0000000000
143125  -51.370  26.615  40.471 0.0000000000
144623  -51.250  28.563  40.502 0.0000000000
148513  -52.366  32.383  41.062 0.0000000000
131008  -44.343  13.560  54.158 0.0000000000
132851  -44.608  15.463  54.799 0.0000000000
133744  -44.493  16.368  58.775 0.0000000000
134665  -43.373  17.687  56.894 0.0000000000
133756  -44.586  16.888  55.411 0.0000000000
134669  -44.763  17.168  55.100 0.0000000000
135543  -43.940  17.862  54.222 0.0000000000
135556  -44.202  18.923  52.603 0.0000000000
138204  -48.207  21.425  63.463 0.0000000000
143736  -49.449  27.105  55.913 0.0000000000
142925  -49.095  26.521  58.786 0.0000000000
141942  -49.561  26.178  61.369 0.0000000000
140978  -49.831  24.419  60.108 0.0000000000
140949  -49.971  24.406  61.816 0.0000000000
141923  -50.039  25.201  63.661 0.0000000000
139960  -49.748  23.220  65.276 0.0000000000
138195  -49.383  21.529  64.588 0.0000000000
135439  -49.359  18.022  63.242 0.0000000000
132772  -50.852  16.013  63.175 0.0000000000
133723  -50.444  16.763  61.233 0.0000000000
136359  -49.101  19.164  59.557 0.0000000000
135513  -52.065  18.623  58.893 0.0000000000
137322  -49.977  20.131  58.239 0.0000000000
137333  -48.359  20.480  57.555 0.0000000000
137373  -47.450  21.109  54.769 0.0000000000
136428  -46.019  19.965  52.328 0.0000000000
135563  -44.391  18.709  51.712 0.0000000000
135580  -45.151  18.472  50.556 0.0000000000
134704  -45.185  17.291  49.623 0.0000000000
133804  -45.785  15.949  48.263 0.0000000000
133807  -49.353  17.052  47.674 0.0000000000
133813  -47.082  16.408  46.552 0.0000000000
132908  -45.626  15.709  46.663 0.0000000000
132925  -44.939  15.837  45.135 0.0000000000
133878  -45.060  16.174  42.104 0.0000000000
136500  -52.334  19.462  47.293 0.0000000000
136553  -51.275  19.033  44.441 0.0000000000
136596  -50.888  19.458  41.424 0.0000000000
136566  -47.817  19.068  43.258 0.0000000000
136594  -48.712  19.205  41.307 0.0000000000
135688  -49.939  18.527  40.587 0.0000000000
134815  -48.474  17.626  39.237 0.0000000000
133915  -46.718  16.096  38.530 0.0000000000
132859  -44.840  16.077  53.269 0.0000000000
131951  -46.634  14.696  52.972 0.0000000000
132867  -44.684  15.495  52.865 0.0000000000
132866  -43.694  15.273  52.049 0.0000000000
134683  -43.507  17.095  51.847 0.0000000000
141189  -51.067  24.588  42.232 0.0000000000
141174  -50.878  24.694  43.584 0.0000000000
134600  -47.587  17.386  62.671 0.0000000000
135456  -47.748  18.418  62.678 0.0000000000
143778  -46.647  27.827  52.678 0.0000000000
143760  -46.691  27.212  53.296 0.0000000000
143779  -47.456  27.702  52.995 0.0000000000
137391  -54.446  20.564  53.256 0.0000000000
137379  -55.112  20.186  54.391 0.0000000000
137392  -55.040  20.144  53.569 0.0000000000
136437  -55.559  19.008  52.879 0.0000000000
137422  -54.492  19.592  51.293 0.0000000000
136476  -54.955  18.725  50.100 0.0000000000
136467  -54.477  19.440  50.434 0.0000000000
143811  -51.413  27.552  48.128 0.0000000000
143797  -51.670  28.020  48.844 0.0000000000
143812  -52.470  27.606  48.382 0.0000000000
142055  -52.191  25.926  50.446 0.0000000000
142043  -53.059  25.773  51.441 0.0000000000
142042  -51.921  25.844  51.404 0.0000000000
142032  -51.349  25.245  52.105 0.0000000000
141059  -50.639  24.494  52.505 0.0000000000
142031  -50.508  24.991  51.807 0.0000000000
128011  -49.566  10.065  58.525 0.0000000000
131010  -46.573  13.646  54.653 0.0000000000
131012  -48.246  13.297  55.113 0.0000000000
131936  -46.944  14.544  54.702 0.0000000000
131937  -47.868  14.640  54.896 0.0000000000
132853  -46.239  15.291  54.635 0.0000000000
147537  -41.324  32.166  49.359 0.0000000000
146713  -40.929  31.109  50.079 0.0000000000
146721  -41.550  31.352  49.637 0.0000000000
145971  -41.737  30.822  49.969 0.0000000000
146722  -42.234  31.553  49.234 0.0000000000
148437  -47.884  33.590  46.958 0.0000000000
148436  -46.635  33.630  46.974 0.0000000000
147555  -46.946  32.629  46.266 0.0000000000
146737  -45.773  31.762  46.483 0.0000000000
147564  -47.052  32.005  45.811 0.0000000000
146003  -47.318  30.529  45.645 0.0000000000
146744  -47.977  31.426  45.353 0.0000000000
146033  -52.271  30.776  42.980 0.0000000000
145338  -51.829  29.858  42.585 0.0000000000
145339  -52.136  29.497  42.121 0.0000000000
145348  -52.450  29.040  41.493 0.0000000000
145349  -52.669  29.551  41.317 0.0000000000
145357  -52.548  29.749  40.802 0.0000000000
146058  -52.677  30.463  41.747 0.0000000000
130947  -41.976  13.673  60.086 0.0000000000
131894  -42.270  13.668  59.338 0.0000000000
130982  -41.704  13.795  58.539 0.0000000000
131912  -42.231  13.831  58.826 0.0000000000
131918  -42.653  14.863  57.757 0.0000000000
135511  -47.286  19.178  58.916 0.0000000000
136368  -46.238  19.154  58.427 0.0000000000
136369  -46.830  19.476  58.449 0.0000000000
137345  -46.112  20.451  56.594 0.0000000000
137332  -47.431  20.593  57.329 0.0000000000
140947  -47.650  24.379  61.523 0.0000000000
140919  -47.949  25.203  63.689 0.0000000000
141894  -47.518  25.567  64.904 0.0000000000
141909  -48.592  25.471  63.984 0.0000000000
143728  -51.849  27.036  56.219 0.0000000000
143727  -51.338  27.254  56.964 0.0000000000
142942  -50.658  25.939  57.288 0.0000000000
136331  -52.100  19.542  61.050 0.0000000000
136330  -51.151  19.891  61.602 0.0000000000
136317  -51.854  19.184  62.114 0.0000000000
136302  -51.306  19.388  63.161 0.0000000000
135459  -52.754  18.229  62.086 0.0000000000
134603  -53.152  17.461  61.807 0.0000000000
135460  -53.178  17.965  61.399 0.0000000000
136449  -51.863  19.281  51.753 0.0000000000
136448  -50.692  19.533  51.631 0.0000000000
136447  -49.519  19.563  51.496 0.0000000000
136465  -50.332  19.055  50.776 0.0000000000
135584  -49.965  18.598  49.996 0.0000000000
134784  -50.878  17.547  42.434 0.0000000000
134770  -49.926  17.336  43.399 0.0000000000
134783  -49.946  17.451  42.344 0.0000000000
134782  -48.840  17.369  42.440 0.0000000000
134795  -49.857  17.608  41.452 0.0000000000
137458  -48.753  20.377  47.611 0.0000000000
136497  -49.442  19.745  47.008 0.0000000000
136514  -48.296  19.625  46.131 0.0000000000
136604  -44.913  19.614  40.213 0.0000000000
136605  -46.105  19.562  40.122 0.0000000000
136618  -45.825  19.143  39.304 0.0000000000
135696  -45.850  18.756  38.866 0.0000000000
135695  -45.363  18.440  39.061 0.0000000000
134802  -44.393  17.448  39.791 0.0000000000
135694  -44.279  18.386  39.763 0.0000000000
131946  -49.840  14.271  53.779 0.0000000000
132883  -43.274  15.279  50.130 0.0000000000
142144  -54.105  25.257  44.811 0.0000000000
143056  -53.990  25.728  45.902 0.0000000000
141144  -54.155  24.906  44.967 0.0000000000
141127  -51.989  24.664  46.155 0.0000000000
141128  -53.072  24.593  46.482 0.0000000000
142125  -52.523  24.695  46.813 0.0000000000
142103  -50.946  25.165  47.521 0.0000000000
142088  -50.646  25.442  48.554 0.0000000000
142140  -49.051  25.427  45.680 0.0000000000
126988  -46.955  9.511  56.081 0.0000000000
130059  -46.002  12.629  54.381 0.0000000000
148408  -39.953  33.867  48.460 0.0000000000
147570  -52.229  32.946  45.027 0.0000000000
148459  -51.689  33.659  44.240 0.0000000000
149297  -50.634  34.145  44.316 0.0000000000
131873  -48.847  14.602  62.026 0.0000000000
132792  -48.514  14.742  61.572 0.0000000000
132793  -49.245  15.026  61.687 0.0000000000
133721  -48.674  16.399  60.682 0.0000000000
132807  -49.131  15.758  61.254 0.0000000000
142023  -43.915  25.813  53.853 0.0000000000
141965  -48.417  25.754  58.728 0.0000000000
140101  -53.244  23.428  55.860 0.0000000000
139169  -51.731  22.955  56.820 0.0000000000
139170  -52.444  22.650  56.843 0.0000000000
137338  -53.921  20.612  57.292 0.0000000000
138272  -52.821  21.129  58.322 0.0000000000
137326  -52.967  20.524  58.658 0.0000000000
137316  -52.337  20.338  59.256 0.0000000000
137318  -53.588  19.609  58.965 0.0000000000
136348  -54.180  18.992  59.255 0.0000000000
136377  -54.414  19.281  58.245 0.0000000000
135552  -54.917  18.428  53.262 0.0000000000
135545  -54.370  18.746  55.032 0.0000000000
136435  -54.014  18.594  52.735 0.0000000000
136434  -53.381  19.079  52.732 0.0000000000
135566  -53.547  18.494  51.245 0.0000000000
135604  -52.910  18.137  49.643 0.0000000000
135605  -53.813  17.904  49.875 0.0000000000
135630  -53.439  18.473  46.435 0.0000000000
134754  -53.191  17.667  46.542 0.0000000000
135639  -53.190  18.166  45.790 0.0000000000
134761  -52.324  17.802  44.161 0.0000000000
135648  -52.393  18.371  44.253 0.0000000000
144507  -48.902  29.017  51.403 0.0000000000
145246  -49.302  29.382  51.895 0.0000000000
144508  -49.910  29.205  51.354 0.0000000000
144495  -52.105  28.542  52.038 0.0000000000
144494  -51.739  28.919  52.808 0.0000000000
144468  -52.018  28.923  54.871 0.0000000000
143764  -51.910  27.904  53.044 0.0000000000
143029  -53.804  26.179  48.250 0.0000000000
143799  -53.458  27.284  48.939 0.0000000000
143794  -53.632  26.811  50.007 0.0000000000
142996  -53.512  26.198  51.982 0.0000000000
142990  -53.906  26.159  53.038 0.0000000000
143748  -53.278  26.700  54.089 0.0000000000
142974  -53.662  26.111  54.096 0.0000000000
142001  -53.684  25.078  55.025 0.0000000000
142015  -54.054  25.266  54.378 0.0000000000
140118  -53.000  23.313  54.111 0.0000000000
140108  -53.858  23.683  53.875 0.0000000000
139191  -52.973  22.351  54.050 0.0000000000
138301  -53.271  21.540  53.559 0.0000000000
138300  -52.478  21.854  53.348 0.0000000000
138315  -52.612  20.981  51.930 0.0000000000
138306  -52.039  21.465  52.576 0.0000000000
139199  -49.639  22.615  51.735 0.0000000000
138312  -50.003  21.826  51.250 0.0000000000
138324  -49.760  21.622  50.434 0.0000000000
138334  -49.538  21.434  49.656 0.0000000000
142069  -49.078  25.434  49.636 0.0000000000
142052  -48.749  25.100  50.632 0.0000000000
140145  -46.488  23.509  49.509 0.0000000000
140146  -47.159  23.443  50.057 0.0000000000
128033  -49.792  10.578  56.113 0.0000000000
128050  -49.478  11.146  55.294 0.0000000000
130043  -50.076  12.903  55.295 0.0000000000
129027  -50.640  11.882  55.739 0.0000000000
130044  -51.096  13.008  55.828 0.0000000000
130999  -50.311  13.659  55.161 0.0000000000
131014  -50.355  14.155  54.625 0.0000000000
131013  -49.667  14.144  54.847 0.0000000000
133763  -47.135  15.529  54.142 0.0000000000
133769  -47.465  15.566  54.039 0.0000000000
133768  -46.928  15.654  53.944 0.0000000000
133767  -45.960  16.114  53.841 0.0000000000
143753  -37.315  27.760  53.722 0.0000000000
142966  -37.819  26.746  54.265 0.0000000000
142967  -38.747  26.123  54.048 0.0000000000
142968  -39.278  25.888  53.997 0.0000000000
142980  -39.594  26.373  53.595 0.0000000000
146710  -37.766  31.678  50.234 0.0000000000
145956  -38.159  30.248  51.166 0.0000000000
144500  -40.214  29.013  51.848 0.0000000000
144484  -39.759  28.463  52.322 0.0000000000
144485  -40.743  28.486  52.290 0.0000000000
143756  -40.394  27.035  52.989 0.0000000000
143773  -41.176  27.720  52.618 0.0000000000
142983  -42.559  26.494  53.186 0.0000000000
143774  -42.428  27.444  52.557 0.0000000000
144487  -43.246  28.651  52.289 0.0000000000
145224  -44.187  29.207  51.983 0.0000000000
144505  -45.318  28.729  51.892 0.0000000000
145241  -44.647  29.467  51.552 0.0000000000
146726  -43.338  31.693  47.955 0.0000000000
146730  -44.112  31.725  47.513 0.0000000000
145274  -45.413  30.036  47.308 0.0000000000
145264  -44.682  30.090  47.970 0.0000000000
145265  -45.321  29.518  48.449 0.0000000000
145262  -46.131  29.043  50.084 0.0000000000
145266  -46.091  28.976  49.032 0.0000000000
144533  -46.821  28.749  49.596 0.0000000000
144548  -46.852  28.674  48.691 0.0000000000
144569  -47.761  28.853  46.124 0.0000000000
144550  -48.426  28.168  47.396 0.0000000000
143825  -49.126  27.835  46.736 0.0000000000
143826  -50.081  27.584  47.017 0.0000000000
143841  -49.781  27.547  46.057 0.0000000000
146746  -49.660  31.858  44.766 0.0000000000
146745  -49.005  31.459  44.856 0.0000000000
146014  -49.610  30.423  44.156 0.0000000000
144588  -50.794  28.627  43.111 0.0000000000
144587  -50.062  28.700  43.602 0.0000000000
143866  -50.791  27.133  44.450 0.0000000000
143092  -51.229  26.730  43.992 0.0000000000
142158  -52.190  25.926  44.291 0.0000000000
143093  -51.714  26.349  43.316 0.0000000000
143117  -52.335  26.836  41.131 0.0000000000
142203  -52.687  25.625  41.475 0.0000000000
141223  -52.443  25.535  40.833 0.0000000000
141204  -52.146  24.484  41.225 0.0000000000
142214  -52.018  25.974  40.466 0.0000000000
145356  -52.237  29.615  40.426 0.0000000000
145355  -51.520  29.582  40.414 0.0000000000
145347  -50.557  29.440  40.845 0.0000000000
146057  -50.868  30.637  40.782 0.0000000000
148500  -52.459  32.654  41.665 0.0000000000
130068  -42.582  13.021  54.244 0.0000000000
132842  -42.400  15.509  56.359 0.0000000000
131932  -42.782  14.592  54.644 0.0000000000
131926  -43.106  15.228  55.088 0.0000000000
131933  -43.829  14.801  54.629 0.0000000000
132843  -42.881  16.403  56.166 0.0000000000
132817  -46.243  15.394  60.092 0.0000000000
132833  -44.841  15.823  59.024 0.0000000000
133732  -45.244  16.254  59.281 0.0000000000
135522  -44.530  18.626  57.865 0.0000000000
134662  -44.101  17.946  58.054 0.0000000000
135531  -43.723  18.255  57.303 0.0000000000
133755  -43.760  17.048  55.882 0.0000000000
134667  -43.621  17.788  56.120 0.0000000000
134668  -44.122  17.664  55.348 0.0000000000
135538  -43.982  18.587  55.666 0.0000000000
137371  -45.423  20.443  54.778 0.0000000000
136410  -44.281  19.314  54.819 0.0000000000
136416  -44.276  19.490  53.863 0.0000000000
135550  -44.107  18.752  53.388 0.0000000000
137395  -45.057  20.018  53.250 0.0000000000
140889  -47.371  24.460  66.139 0.0000000000
139086  -46.816  22.448  63.650 0.0000000000
144466  -49.682  28.070  54.506 0.0000000000
143763  -48.921  27.675  54.342 0.0000000000
143746  -49.860  27.757  55.390 0.0000000000
143692  -50.787  27.131  59.280 0.0000000000
142926  -49.845  27.105  58.826 0.0000000000
142911  -50.229  27.013  59.622 0.0000000000
142900  -49.796  26.630  60.257 0.0000000000
142902  -50.386  26.234  61.239 0.0000000000
139150  -49.912  22.830  58.596 0.0000000000
140993  -49.857  24.212  58.490 0.0000000000
140058  -49.515  23.413  59.791 0.0000000000
139100  -49.895  22.782  62.397 0.0000000000
140018  -49.773  23.575  61.694 0.0000000000
140000  -49.981  23.786  62.661 0.0000000000
140937  -50.338  24.521  63.049 0.0000000000
139988  -50.344  23.438  63.850 0.0000000000
140906  -49.615  24.267  64.840 0.0000000000
139075  -50.176  22.414  64.695 0.0000000000
136293  -50.954  19.244  64.313 0.0000000000
137250  -50.312  20.227  64.344 0.0000000000
136300  -50.075  19.558  64.002 0.0000000000
137258  -49.383  20.369  63.871 0.0000000000
135440  -50.281  18.410  64.013 0.0000000000
134584  -49.899  17.262  63.602 0.0000000000
134585  -50.801  17.641  64.179 0.0000000000
134615  -51.860  16.959  61.368 0.0000000000
133710  -51.754  16.350  61.956 0.0000000000
134630  -50.947  17.248  60.915 0.0000000000
135500  -49.925  18.323  60.142 0.0000000000
136360  -50.143  19.119  59.429 0.0000000000
136375  -52.743  18.919  57.995 0.0000000000
135503  -52.813  18.263  59.435 0.0000000000
136386  -52.222  19.313  57.662 0.0000000000
137364  -50.762  20.766  55.747 0.0000000000
137335  -50.527  20.348  57.502 0.0000000000
137349  -50.095  20.714  56.618 0.0000000000
137334  -49.487  20.528  57.479 0.0000000000
137348  -49.017  21.004  56.614 0.0000000000
138290  -48.023  21.249  55.436 0.0000000000
137374  -48.435  21.099  54.546 0.0000000000
136430  -48.434  20.040  52.078 0.0000000000
137398  -47.636  20.467  52.947 0.0000000000
136429  -47.150  19.933  52.254 0.0000000000
136443  -45.389  19.269  51.738 0.0000000000
136461  -46.009  19.025  50.977 0.0000000000
136460  -45.436  18.849  51.175 0.0000000000
134706  -47.915  17.426  48.899 0.0000000000
135599  -47.195  17.899  49.622 0.0000000000
134705  -46.568  17.154  48.965 0.0000000000
133796  -45.599  16.473  48.894 0.0000000000
134718  -46.869  16.639  48.424 0.0000000000
134732  -50.746  17.166  47.546 0.0000000000
134721  -49.891  17.329  48.062 0.0000000000
133816  -50.235  17.097  47.149 0.0000000000
133839  -47.907  16.537  45.074 0.0000000000
133826  -47.983  16.622  45.905 0.0000000000
133825  -47.149  16.218  45.683 0.0000000000
132901  -46.270  16.175  46.941 0.0000000000
132918  -46.440  16.174  45.442 0.0000000000
132917  -45.629  15.990  45.800 0.0000000000
132927  -46.508  16.282  45.021 0.0000000000
133880  -47.061  17.118  42.209 0.0000000000
133865  -46.237  16.797  43.142 0.0000000000
133879  -45.993  16.650  42.141 0.0000000000
133890  -44.964  15.764  41.467 0.0000000000
133891  -45.652  16.240  40.987 0.0000000000
137428  -51.873  20.401  49.467 0.0000000000
137444  -52.581  19.849  48.927 0.0000000000
137461  -51.500  19.807  47.971 0.0000000000
136552  -50.121  19.337  44.318 0.0000000000
136535  -51.195  19.132  45.469 0.0000000000
136569  -51.004  19.541  43.359 0.0000000000
136582  -51.046  19.590  42.453 0.0000000000
135669  -50.758  19.609  42.608 0.0000000000
136549  -46.879  19.118  44.232 0.0000000000
136606  -47.362  19.588  40.117 0.0000000000
135679  -48.289  19.243  41.498 0.0000000000
136607  -48.481  19.366  40.266 0.0000000000
136608  -49.416  18.964  40.519 0.0000000000
136621  -48.862  18.912  39.768 0.0000000000
134816  -49.106  17.905  39.993 0.0000000000
135697  -48.647  18.468  39.260 0.0000000000
134835  -46.223  16.981  37.787 0.0000000000
134837  -47.914  16.835  37.497 0.0000000000
133016  -46.435  15.971  37.681 0.0000000000
132989  -46.001  15.515  38.656 0.0000000000
131944  -48.319  14.802  53.478 0.0000000000
131952  -47.784  14.381  52.969 0.0000000000
131029  -46.048  13.864  52.429 0.0000000000
141176  -53.233  23.860  42.998 0.0000000000
141158  -53.058  24.333  44.143 0.0000000000
141157  -52.130  24.361  44.423 0.0000000000
142142  -50.884  25.064  45.155 0.0000000000
142156  -49.993  25.284  44.372 0.0000000000
133677  -48.479  15.928  63.120 0.0000000000
132770  -48.975  15.159  63.085 0.0000000000
142986  -45.719  26.470  53.439 0.0000000000
142969  -46.074  26.076  54.341 0.0000000000
142957  -47.581  26.089  55.408 0.0000000000
139178  -54.127  22.279  55.739 0.0000000000
139172  -53.964  21.856  56.419 0.0000000000
138291  -54.515  21.134  55.631 0.0000000000
137353  -54.055  20.860  56.699 0.0000000000
137354  -54.445  20.272  56.565 0.0000000000
136400  -54.943  19.249  56.240 0.0000000000
136408  -55.502  18.991  55.151 0.0000000000
135553  -55.373  18.744  53.255 0.0000000000
135589  -54.824  18.291  50.556 0.0000000000
134694  -54.557  17.845  50.009 0.0000000000
135606  -54.996  18.140  49.768 0.0000000000
136503  -54.358  18.577  48.488 0.0000000000
136520  -53.728  18.775  47.132 0.0000000000
144525  -49.766  28.147  49.580 0.0000000000
144517  -50.477  28.551  50.603 0.0000000000
144526  -51.072  28.149  49.641 0.0000000000
144518  -51.667  28.378  50.458 0.0000000000
144510  -52.296  28.211  51.184 0.0000000000
142073  -53.410  25.828  49.291 0.0000000000
143007  -53.464  26.288  50.142 0.0000000000
142034  -53.483  25.652  52.641 0.0000000000
142025  -53.215  25.138  53.194 0.0000000000
141049  -52.065  24.307  53.449 0.0000000000
139189  -51.411  23.017  53.489 0.0000000000
139195  -50.804  22.566  52.837 0.0000000000
140125  -50.755  23.569  52.985 0.0000000000
140124  -50.109  23.791  52.462 0.0000000000
140129  -49.473  23.557  51.971 0.0000000000
142068  -47.943  25.237  49.647 0.0000000000
128013  -51.623  10.638  58.000 0.0000000000
129043  -48.474  11.533  54.736 0.0000000000
129044  -49.111  11.535  55.052 0.0000000000
130062  -48.879  12.301  54.957 0.0000000000
131929  -49.124  14.428  54.951 0.0000000000
132854  -46.950  15.249  54.443 0.0000000000
133762  -46.327  15.889  54.278 0.0000000000
144473  -37.644  28.300  53.071 0.0000000000
146711  -39.071  31.443  50.167 0.0000000000
146712  -40.090  31.341  50.207 0.0000000000
145966  -40.497  30.692  50.546 0.0000000000
144486  -41.953  28.631  52.223 0.0000000000
145960  -41.714  30.279  50.873 0.0000000000
145239  -42.490  29.935  50.996 0.0000000000
145252  -43.306  29.984  50.069 0.0000000000
148435  -45.806  33.367  47.285 0.0000000000
146731  -44.965  31.780  47.049 0.0000000000
146736  -45.242  31.335  46.753 0.0000000000
145285  -45.712  30.310  46.659 0.0000000000
145286  -46.168  29.883  46.659 0.0000000000
145276  -47.067  28.809  47.263 0.0000000000
145287  -47.092  29.458  46.521 0.0000000000
145298  -47.753  29.582  45.547 0.0000000000
146755  -51.110  31.486  43.813 0.0000000000
146015  -50.308  30.846  43.764 0.0000000000
146031  -50.970  30.470  43.184 0.0000000000
144589  -51.271  28.818  42.680 0.0000000000
143885  -51.231  27.963  42.547 0.0000000000
143102  -51.879  26.638  42.322 0.0000000000
144616  -52.043  28.515  41.625 0.0000000000
143899  -52.188  27.714  41.317 0.0000000000
143907  -52.319  27.914  40.631 0.0000000000
143906  -52.174  27.863  40.426 0.0000000000
144625  -52.513  28.711  40.609 0.0000000000
146068  -52.312  30.468  40.764 0.0000000000
131893  -41.468  14.224  59.862 0.0000000000
131911  -41.296  13.981  59.502 0.0000000000
130973  -40.446  14.060  58.434 0.0000000000
130981  -41.087  13.861  57.899 0.0000000000
131931  -41.994  14.456  54.812 0.0000000000
131922  -41.781  14.929  56.460 0.0000000000
132838  -42.199  15.101  57.155 0.0000000000
132839  -42.801  15.749  57.286 0.0000000000
134643  -46.464  17.430  59.811 0.0000000000
134642  -45.427  17.435  59.379 0.0000000000
135496  -45.951  18.011  59.520 0.0000000000
135523  -45.214  19.126  58.037 0.0000000000
136395  -44.838  19.761  56.909 0.0000000000
136404  -44.396  19.520  55.778 0.0000000000
136396  -45.500  20.135  56.935 0.0000000000
137359  -45.788  20.602  55.644 0.0000000000
137372  -46.344  20.868  54.735 0.0000000000
141875  -46.497  25.719  65.777 0.0000000000
141855  -47.657  25.135  66.378 0.0000000000
140890  -48.247  24.498  66.022 0.0000000000
144458  -50.914  28.484  55.595 0.0000000000
143737  -50.400  27.733  55.940 0.0000000000
143726  -50.775  27.625  57.047 0.0000000000
143715  -51.156  27.217  58.339 0.0000000000
142928  -51.194  26.874  58.893 0.0000000000
138257  -50.609  21.114  60.013 0.0000000000
139135  -49.613  22.517  60.432 0.0000000000
137291  -49.969  20.955  61.044 0.0000000000
138217  -49.933  21.706  62.138 0.0000000000
138218  -50.456  21.146  62.845 0.0000000000
139090  -50.360  22.214  63.846 0.0000000000
137260  -50.921  20.196  63.221 0.0000000000
136294  -51.266  19.230  63.935 0.0000000000
135433  -51.265  18.430  64.229 0.0000000000
134586  -51.515  17.560  63.891 0.0000000000
134587  -52.205  17.353  63.236 0.0000000000
133697  -52.944  16.931  62.071 0.0000000000
135485  -51.881  18.024  60.150 0.0000000000
137378  -52.307  20.087  54.890 0.0000000000
137351  -52.131  19.748  56.585 0.0000000000
137390  -51.869  20.225  54.175 0.0000000000
137389  -51.012  20.551  54.038 0.0000000000
137388  -50.069  20.692  53.938 0.0000000000
137387  -49.174  20.677  53.672 0.0000000000
136431  -49.765  20.152  52.596 0.0000000000
136446  -48.623  19.445  51.287 0.0000000000
136462  -47.110  19.112  50.797 0.0000000000
136463  -48.214  19.044  50.729 0.0000000000
135600  -48.398  18.011  49.468 0.0000000000
134707  -49.129  17.446  48.903 0.0000000000
133842  -50.745  17.286  45.748 0.0000000000
133828  -50.085  17.117  46.268 0.0000000000
133855  -49.540  17.258  44.406 0.0000000000
133854  -48.649  16.913  44.417 0.0000000000
133853  -47.835  16.740  44.311 0.0000000000
133852  -47.065  16.666  44.198 0.0000000000
133867  -47.772  16.935  43.565 0.0000000000
134781  -48.038  17.321  41.940 0.0000000000
134792  -47.364  17.261  41.181 0.0000000000
136498  -50.414  19.701  47.058 0.0000000000
136515  -49.286  19.561  46.153 0.0000000000
136551  -49.054  19.421  44.293 0.0000000000
136577  -45.268  19.391  41.977 0.0000000000
136578  -46.523  19.257  42.150 0.0000000000
136592  -46.357  19.552  41.079 0.0000000000
135708  -48.252  18.170  38.411 0.0000000000
136630  -46.682  18.770  38.752 0.0000000000
135706  -46.204  18.201  38.568 0.0000000000
134823  -45.777  17.198  38.323 0.0000000000
133913  -45.146  16.399  37.893 0.0000000000
134822  -45.235  16.794  38.575 0.0000000000
133896  -44.135  16.485  39.682 0.0000000000
143054  -53.178  26.411  46.401 0.0000000000
143039  -53.044  26.842  47.102 0.0000000000
143040  -53.957  26.362  47.154 0.0000000000
142106  -54.051  25.352  47.301 0.0000000000
141129  -53.734  24.720  46.048 0.0000000000
141112  -53.964  24.574  46.906 0.0000000000
142091  -53.619  25.679  48.281 0.0000000000
142090  -52.968  25.355  48.382 0.0000000000
142072  -52.622  25.618  49.393 0.0000000000
142071  -51.501  25.554  49.479 0.0000000000
142054  -51.135  25.777  50.395 0.0000000000
142070  -50.287  25.589  49.554 0.0000000000
142087  -49.429  25.586  48.624 0.0000000000
142123  -50.020  25.417  46.539 0.0000000000
126956  -49.258  10.059  57.993 0.0000000000
126972  -48.060  9.719  57.318 0.0000000000
126990  -48.732  9.667  56.466 0.0000000000
128032  -48.540  9.999  55.580 0.0000000000
128047  -46.737  10.277  54.780 0.0000000000
128048  -47.995  10.578  54.865 0.0000000000
129042  -47.498  11.486  54.514 0.0000000000
130060  -47.071  12.618  54.612 0.0000000000
147535  -39.377  32.865  49.113 0.0000000000
147542  -40.244  33.220  48.835 0.0000000000
147543  -41.160  33.000  49.026 0.0000000000
147568  -51.109  32.576  45.497 0.0000000000
147575  -51.644  32.241  44.674 0.0000000000
146756  -52.144  31.829  43.903 0.0000000000
146773  -52.586  31.459  43.074 0.0000000000
147601  -52.882  31.963  42.280 0.0000000000
148473  -52.289  33.352  43.571 0.0000000000
148472  -51.922  33.813  43.535 0.0000000000
132805  -47.221  15.133  60.819 0.0000000000
132818  -47.245  15.827  60.292 0.0000000000
133734  -47.217  16.724  60.153 0.0000000000
134644  -47.425  17.559  59.947 0.0000000000
135498  -47.701  18.587  59.499 0.0000000000
140961  -47.749  24.508  60.435 0.0000000000
140948  -48.491  25.242  61.678 0.0000000000
141029  -51.564  24.853  55.995 0.0000000000
141986  -50.339  25.086  56.773 0.0000000000
140089  -50.969  23.554  56.805 0.0000000000
139159  -51.070  22.839  57.171 0.0000000000
139151  -50.641  22.311  58.265 0.0000000000
139162  -53.000  21.789  57.369 0.0000000000
138271  -51.929  21.335  58.434 0.0000000000
138265  -50.842  21.272  59.197 0.0000000000
137315  -51.501  20.610  59.579 0.0000000000
137306  -51.771  20.046  60.149 0.0000000000
136332  -53.126  19.039  60.808 0.0000000000
135471  -53.389  18.310  60.697 0.0000000000
136333  -53.648  18.852  60.296 0.0000000000
135515  -53.824  18.542  58.338 0.0000000000
136388  -53.633  18.950  56.836 0.0000000000
135539  -54.330  18.718  55.744 0.0000000000
136406  -53.800  18.999  55.371 0.0000000000
136405  -53.281  19.492  55.883 0.0000000000
136421  -52.833  19.531  53.815 0.0000000000
136433  -52.337  19.515  52.654 0.0000000000
135585  -51.079  18.457  50.123 0.0000000000
135586  -52.189  18.441  50.262 0.0000000000
134723  -52.202  17.576  48.174 0.0000000000
134733  -51.848  17.107  47.358 0.0000000000
134725  -53.911  17.602  48.721 0.0000000000
134744  -52.761  17.428  46.820 0.0000000000
134742  -51.894  17.301  45.769 0.0000000000
134760  -51.542  17.372  44.157 0.0000000000
134771  -51.179  17.532  43.380 0.0000000000
134797  -51.341  17.728  41.597 0.0000000000
136513  -47.296  19.531  46.156 0.0000000000
136512  -46.267  19.545  46.134 0.0000000000
136530  -46.019  19.124  45.209 0.0000000000
136548  -45.769  18.915  44.163 0.0000000000
136564  -45.534  19.240  43.091 0.0000000000
136603  -43.902  19.457  40.381 0.0000000000
145244  -47.538  29.485  51.905 0.0000000000
144492  -48.393  28.209  53.066 0.0000000000
145228  -48.854  28.905  52.342 0.0000000000
144493  -49.273  28.687  52.960 0.0000000000
144476  -50.194  28.939  53.987 0.0000000000
145247  -50.195  29.498  52.079 0.0000000000
145215  -50.611  29.423  53.512 0.0000000000
145205  -50.830  29.280  54.381 0.0000000000
145196  -51.597  29.137  55.133 0.0000000000
143739  -51.948  27.426  55.608 0.0000000000
142952  -52.088  26.806  55.836 0.0000000000
144538  -52.971  27.592  48.793 0.0000000000
144528  -52.939  27.817  49.319 0.0000000000
143790  -53.525  26.775  51.201 0.0000000000
143782  -52.746  27.692  52.046 0.0000000000
143747  -52.711  27.320  54.362 0.0000000000
142960  -52.174  25.800  55.588 0.0000000000
142000  -52.632  25.234  55.443 0.0000000000
141031  -53.068  24.387  55.499 0.0000000000
140102  -54.015  23.373  55.379 0.0000000000
141051  -54.366  24.257  53.864 0.0000000000
140120  -54.466  23.834  54.281 0.0000000000
140110  -54.358  23.284  54.767 0.0000000000
138297  -54.205  21.560  54.386 0.0000000000
138302  -54.017  21.228  53.727 0.0000000000
137400  -53.442  20.657  52.203 0.0000000000
137421  -53.881  20.070  50.831 0.0000000000
137409  -53.254  20.559  51.336 0.0000000000
137419  -52.092  20.596  50.256 0.0000000000
138336  -51.207  20.916  50.004 0.0000000000
138305  -51.149  21.759  52.352 0.0000000000
138325  -50.541  21.287  50.624 0.0000000000
137427  -51.015  20.755  49.238 0.0000000000
138348  -50.147  20.970  49.102 0.0000000000
137440  -49.015  20.757  48.317 0.0000000000
137439  -48.157  20.878  48.262 0.0000000000
142040  -49.705  25.134  51.358 0.0000000000
141067  -49.197  24.447  51.682 0.0000000000
140128  -48.790  23.756  51.629 0.0000000000
142051  -47.755  24.802  50.211 0.0000000000
140136  -47.730  23.730  50.580 0.0000000000
139208  -48.508  22.582  50.791 0.0000000000
128021  -49.856  10.258  57.604 0.0000000000
128022  -50.878  10.527  57.180 0.0000000000
128023  -51.765  11.073  57.105 0.0000000000
129026  -49.645  11.907  55.321 0.0000000000
128035  -51.768  11.499  56.592 0.0000000000
130045  -51.873  13.294  55.973 0.0000000000
131001  -52.464  13.408  55.494 0.0000000000
131940  -49.862  14.350  54.026 0.0000000000
132856  -48.674  15.235  54.182 0.0000000000
132863  -48.798  15.092  53.804 0.0000000000
132861  -46.633  15.414  53.484 0.0000000000
132860  -45.486  15.887  53.394 0.0000000000
133765  -43.890  16.926  53.125 0.0000000000
144482  -38.101  28.558  52.476 0.0000000000
145957  -39.093  30.233  51.194 0.0000000000
144483  -38.935  28.479  52.350 0.0000000000
143755  -39.380  27.275  53.058 0.0000000000
142020  -41.038  25.701  53.745 0.0000000000
142010  -42.347  25.292  54.393 0.0000000000
142022  -42.952  25.848  53.818 0.0000000000
142984  -43.580  26.441  53.273 0.0000000000
143775  -43.821  27.813  52.234 0.0000000000
142993  -44.188  27.028  52.704 0.0000000000
143776  -44.766  27.615  52.195 0.0000000000
144489  -45.923  28.644  52.226 0.0000000000
145225  -46.195  29.140  52.149 0.0000000000
147544  -42.166  32.486  48.932 0.0000000000
146725  -42.766  31.676  48.640 0.0000000000
145973  -42.995  30.456  49.288 0.0000000000
145259  -43.525  30.129  49.333 0.0000000000
145983  -44.502  30.856  47.458 0.0000000000
145260  -44.215  29.843  49.098 0.0000000000
145253  -44.409  29.660  50.395 0.0000000000
145254  -45.500  29.564  50.714 0.0000000000
145243  -46.745  29.500  51.757 0.0000000000
145256  -47.358  29.448  51.285 0.0000000000
144523  -47.517  28.797  50.132 0.0000000000
144524  -48.490  28.492  49.883 0.0000000000
144549  -47.487  28.493  47.959 0.0000000000
144535  -48.691  28.164  48.617 0.0000000000
144536  -49.748  27.729  48.580 0.0000000000
143810  -50.381  27.549  47.947 0.0000000000
143827  -51.088  27.369  47.258 0.0000000000
145299  -48.382  29.604  44.860 0.0000000000
144578  -48.764  28.955  44.725 0.0000000000
145309  -49.703  29.512  43.818 0.0000000000
144579  -49.432  28.681  44.349 0.0000000000
143854  -49.605  27.834  45.003 0.0000000000
143855  -50.544  27.268  45.445 0.0000000000
143856  -51.322  26.821  45.710 0.0000000000
143066  -52.242  26.494  45.964 0.0000000000
143081  -53.102  25.809  44.687 0.0000000000
142160  -53.562  25.284  44.230 0.0000000000
143094  -52.311  26.059  42.600 0.0000000000
142178  -53.424  25.232  42.726 0.0000000000
141177  -53.720  24.551  42.921 0.0000000000
141191  -53.013  24.272  42.015 0.0000000000
141190  -52.235  23.986  42.043 0.0000000000
143905  -51.738  27.697  40.321 0.0000000000
143898  -50.892  27.569  40.646 0.0000000000
147625  -52.641  31.898  41.437 0.0000000000
147641  -52.211  31.926  40.829 0.0000000000
130057  -44.383  12.671  53.837 0.0000000000
131006  -42.416  13.685  54.417 0.0000000000
131007  -43.306  13.843  54.279 0.0000000000
130058  -45.023  12.658  54.161 0.0000000000
131934  -44.981  14.602  54.574 0.0000000000
131914  -43.821  14.674  58.830 0.0000000000
132832  -44.296  15.377  58.747 0.0000000000
133743  -43.498  16.309  58.189 0.0000000000
134654  -44.511  17.499  58.650 0.0000000000
134661  -43.605  17.511  57.896 0.0000000000
132846  -43.790  16.007  55.272 0.0000000000
132847  -44.948  16.134  55.024 0.0000000000
132852  -45.469  15.413  54.757 0.0000000000
132848  -45.701  15.973  54.847 0.0000000000
133757  -45.150  16.608  54.914 0.0000000000
134673  -44.996  17.025  54.826 0.0000000000
135544  -44.007  18.426  54.460 0.0000000000
133760  -44.637  16.991  54.115 0.0000000000
134676  -44.271  17.181  53.958 0.0000000000
134675  -43.840  17.401  53.423 0.0000000000
135555  -43.776  18.228  52.743 0.0000000000
139085  -45.858  22.617  63.622 0.0000000000
138203  -47.236  21.772  63.103 0.0000000000
138216  -47.568  21.023  62.822 0.0000000000
143762  -48.443  27.462  53.830 0.0000000000
142948  -48.545  26.225  56.879 0.0000000000
143725  -50.018  27.200  56.957 0.0000000000
142949  -49.181  26.770  56.979 0.0000000000
142940  -48.748  26.342  57.833 0.0000000000
141951  -48.721  25.988  59.714 0.0000000000
141941  -49.223  26.090  60.766 0.0000000000
141931  -49.203  25.653  61.841 0.0000000000
141977  -50.192  25.039  57.848 0.0000000000
141967  -49.853  25.020  59.096 0.0000000000
141953  -50.275  25.349  60.054 0.0000000000
140040  -49.666  23.485  60.756 0.0000000000
140963  -49.905  24.298  61.005 0.0000000000
141943  -50.550  25.701  61.100 0.0000000000
141933  -50.075  25.510  62.155 0.0000000000
141922  -49.538  25.586  63.164 0.0000000000
141910  -49.226  25.339  64.337 0.0000000000
140891  -48.880  24.337  65.556 0.0000000000
139060  -49.127  23.172  65.373 0.0000000000
139074  -49.705  22.313  64.974 0.0000000000
139088  -48.583  21.978  64.266 0.0000000000
137257  -48.679  20.849  63.651 0.0000000000
137273  -48.358  20.423  63.151 0.0000000000
136314  -47.997  19.438  62.751 0.0000000000
134601  -48.425  17.692  62.943 0.0000000000
133678  -49.436  16.158  63.378 0.0000000000
132781  -50.332  15.730  62.632 0.0000000000
132773  -51.604  16.107  63.275 0.0000000000
132794  -50.837  15.805  62.313 0.0000000000
133708  -49.726  15.810  61.788 0.0000000000
134629  -49.783  17.344  60.670 0.0000000000
135499  -48.807  18.410  59.869 0.0000000000
136358  -48.379  19.024  59.486 0.0000000000
134633  -53.468  17.856  60.128 0.0000000000
135486  -52.526  17.930  59.841 0.0000000000
135512  -51.421  18.719  59.132 0.0000000000
137336  -51.447  19.741  57.482 0.0000000000
137323  -50.828  19.767  58.125 0.0000000000
136361  -50.882  19.053  59.139 0.0000000000
136371  -49.443  19.686  58.862 0.0000000000
137321  -49.035  20.173  58.213 0.0000000000
136384  -47.690  20.268  57.918 0.0000000000
137347  -47.983  20.906  56.541 0.0000000000
137361  -47.621  21.160  55.637 0.0000000000
137385  -46.986  20.818  53.799 0.0000000000
137386  -48.058  20.787  53.770 0.0000000000
137396  -45.551  20.258  53.123 0.0000000000
136427  -45.096  19.744  52.701 0.0000000000
136442  -44.636  19.274  52.312 0.0000000000
135562  -43.695  17.911  51.846 0.0000000000
135578  -43.669  17.570  51.359 0.0000000000
134691  -43.694  17.058  50.846 0.0000000000
134692  -44.468  17.672  50.283 0.0000000000
135581  -46.524  18.540  50.282 0.0000000000
135597  -45.318  17.926  49.979 0.0000000000
134703  -44.051  16.944  49.885 0.0000000000
133795  -44.562  16.257  49.294 0.0000000000
133803  -45.008  15.962  48.624 0.0000000000
135602  -50.732  18.338  49.060 0.0000000000
134720  -48.693  17.064  48.319 0.0000000000
133815  -49.143  17.036  46.971 0.0000000000
133806  -48.257  16.891  47.678 0.0000000000
133805  -46.890  16.398  47.710 0.0000000000
132900  -45.749  15.715  47.508 0.0000000000
132907  -44.927  15.259  47.140 0.0000000000
132916  -44.641  15.534  46.193 0.0000000000
132915  -44.084  15.214  45.985 0.0000000000
133851  -46.140  16.824  44.160 0.0000000000
132935  -45.209  16.508  44.162 0.0000000000
136474  -53.460  19.596  49.211 0.0000000000
136501  -53.288  19.414  47.474 0.0000000000
136519  -53.116  19.189  46.672 0.0000000000
136517  -51.272  19.379  46.327 0.0000000000
136536  -52.117  18.992  45.685 0.0000000000
135637  -51.892  18.585  44.935 0.0000000000
136570  -51.728  18.882  43.726 0.0000000000
136597  -51.573  19.084  41.875 0.0000000000
135690  -51.347  17.966  40.903 0.0000000000
136532  -48.147  19.292  45.256 0.0000000000
136579  -47.620  19.054  42.296 0.0000000000
136580  -48.751  19.258  42.188 0.0000000000
136581  -50.149  19.390  42.437 0.0000000000
136595  -49.796  19.307  41.349 0.0000000000
136609  -50.474  19.020  40.720 0.0000000000
134807  -50.715  17.671  40.847 0.0000000000
134806  -49.737  17.937  40.565 0.0000000000
134805  -48.744  17.665  40.357 0.0000000000
133900  -47.627  17.042  39.622 0.0000000000
134826  -48.299  17.275  38.088 0.0000000000
133908  -47.712  16.851  38.987 0.0000000000
133899  -46.824  16.814  40.017 0.0000000000
127999  -49.191  9.669  58.935 0.0000000000
128000  -49.500  9.739  58.998 0.0000000000
128030  -46.834  9.771  55.445 0.0000000000
130041  -48.577  13.020  55.127 0.0000000000
130957  -41.641  13.666  59.668 0.0000000000
130958  -42.311  13.641  59.736 0.0000000000
130975  -41.899  13.611  59.222 0.0000000000
130980  -40.127  14.015  57.605 0.0000000000
130988  -40.660  14.198  56.950 0.0000000000
130996  -48.172  13.890  55.194 0.0000000000
130997  -48.504  13.695  55.207 0.0000000000
131011  -47.766  13.715  55.000 0.0000000000
131022  -44.039  12.956  53.717 0.0000000000
131862  -48.629  14.670  62.471 0.0000000000
131872  -48.067  14.464  61.870 0.0000000000
131886  -47.875  14.811  61.327 0.0000000000
131892  -41.118  14.459  59.533 0.0000000000
131910  -40.777  14.464  59.217 0.0000000000
131921  -41.245  14.415  56.586 0.0000000000
131928  -48.600  14.299  55.100 0.0000000000
131943  -47.354  14.968  53.383 0.0000000000
131990  -44.164  15.010  46.721 0.0000000000
132769  -48.258  15.153  62.936 0.0000000000
132771  -49.927  15.653  63.115 0.0000000000
132780  -49.407  15.080  62.486 0.0000000000
132782  -51.370  15.807  62.811 0.0000000000
132783  -52.080  15.917  63.122 0.0000000000
132795  -51.351  15.945  62.273 0.0000000000
132815  -44.453  14.629  59.327 0.0000000000
132819  -47.900  16.207  60.422 0.0000000000
132855  -47.828  15.297  54.345 0.0000000000
132857  -49.148  15.049  53.940 0.0000000000
132864  -49.099  14.909  53.760 0.0000000000
132868  -45.870  15.171  53.140 0.0000000000
132869  -46.400  15.110  53.251 0.0000000000
132892  -44.476  15.588  48.825 0.0000000000
132909  -46.357  16.088  46.195 0.0000000000
132926  -45.888  16.358  44.912 0.0000000000
132936  -45.730  16.599  44.458 0.0000000000
132988  -44.573  16.081  37.999 0.0000000000
132990  -46.527  15.873  38.598 0.0000000000
133002  -46.588  15.935  38.168 0.0000000000
133003  -46.853  16.288  38.053 0.0000000000
133017  -46.683  16.123  37.988 0.0000000000
133679  -50.379  16.546  63.501 0.0000000000
133680  -51.206  16.742  63.553 0.0000000000
133681  -51.986  16.581  63.438 0.0000000000
133694  -50.239  15.852  62.188 0.0000000000
133695  -51.893  15.983  62.594 0.0000000000
133709  -50.676  16.139  61.761 0.0000000000
133711  -52.560  16.766  61.792 0.0000000000
133712  -53.049  17.069  61.564 0.0000000000
133722  -49.634  16.449  61.202 0.0000000000
133731  -44.766  16.761  58.982 0.0000000000
133735  -48.006  16.806  60.132 0.0000000000
133745  -44.875  16.127  59.006 0.0000000000
133751  -43.065  16.853  57.173 0.0000000000
133753  -43.193  17.214  56.405 0.0000000000
133758  -45.721  16.163  54.637 0.0000000000
133771  -43.850  16.375  52.680 0.0000000000
133794  -43.780  16.097  49.941 0.0000000000
133797  -46.372  16.453  48.487 0.0000000000
133808  -49.908  17.227  47.618 0.0000000000
133814  -48.009  16.843  46.822 0.0000000000
133817  -51.219  16.854  47.029 0.0000000000
133818  -51.689  16.894  46.893 0.0000000000
133827  -49.034  16.935  46.080 0.0000000000
133830  -51.559  16.962  46.694 0.0000000000
133837  -46.555  16.443  44.686 0.0000000000
133841  -50.164  17.335  45.229 0.0000000000
133850  -45.737  16.708  43.669 0.0000000000
133864  -45.470  16.447  43.073 0.0000000000
133869  -49.190  17.119  43.941 0.0000000000
133881  -47.823  17.103  42.782 0.0000000000
133882  -48.264  17.112  43.087 0.0000000000
133897  -44.610  16.924  39.389 0.0000000000
133905  -44.651  16.419  38.735 0.0000000000
133907  -46.657  16.117  39.027 0.0000000000
133909  -48.245  17.064  38.532 0.0000000000
133914  -45.623  16.607  37.812 0.0000000000
133916  -47.139  16.456  38.312 0.0000000000
133917  -47.999  16.738  38.116 0.0000000000
133926  -45.071  16.040  37.290 0.0000000000
133928  -46.368  16.377  37.636 0.0000000000
133929  -47.037  16.582  37.817 0.0000000000
133930  -47.607  16.665  37.862 0.0000000000
134570  -50.939  17.959  64.594 0.0000000000
134571  -51.154  17.954  64.498 0.0000000000
134583  -48.937  16.923  63.365 0.0000000000
134602  -52.677  17.378  62.458 0.0000000000
134614  -51.177  16.601  61.372 0.0000000000
134616  -52.661  17.135  61.126 0.0000000000
134628  -49.163  16.901  60.698 0.0000000000
134631  -51.887  17.507  60.770 0.0000000000
134632  -52.743  17.596  60.380 0.0000000000
134641  -44.925  16.989  59.159 0.0000000000
134646  -49.265  17.864  60.196 0.0000000000
134647  -53.048  17.752  59.827 0.0000000000
134648  -53.291  18.017  59.722 0.0000000000
134653  -43.944  16.938  58.435 0.0000000000
134655  -45.038  17.978  58.910 0.0000000000
134671  -43.991  17.584  53.997 0.0000000000
134672  -44.441  17.411  54.559 0.0000000000
134678  -43.695  17.338  52.620 0.0000000000
134693  -44.992  17.909  50.048 0.0000000000
134695  -54.956  17.881  49.990 0.0000000000
134702  -43.680  16.574  50.306 0.0000000000
134708  -50.177  17.754  48.697 0.0000000000
134709  -50.718  17.991  48.539 0.0000000000
134710  -53.476  17.799  49.151 0.0000000000
134711  -54.162  17.735  49.394 0.0000000000
134712  -54.631  17.889  49.562 0.0000000000
134722  -51.020  17.664  48.120 0.0000000000
134726  -54.286  17.798  48.972 0.0000000000
134731  -50.207  17.248  47.599 0.0000000000
134734  -52.897  17.496  47.588 0.0000000000
134735  -53.873  17.663  47.864 0.0000000000
134736  -54.109  17.712  48.501 0.0000000000
134743  -52.105  17.187  46.394 0.0000000000
134745  -53.409  17.670  46.986 0.0000000000
134750  -51.014  17.293  44.661 0.0000000000
134751  -51.500  17.396  45.153 0.0000000000
134753  -52.993  17.653  46.133 0.0000000000
134762  -52.659  17.961  43.796 0.0000000000
134769  -49.343  17.300  42.933 0.0000000000
134772  -52.072  17.678  43.470 0.0000000000
134773  -52.533  17.907  43.517 0.0000000000
134780  -47.620  17.281  41.637 0.0000000000
134785  -51.776  17.882  42.630 0.0000000000
134786  -52.318  17.882  43.143 0.0000000000
134794  -48.885  17.624  41.321 0.0000000000
134803  -47.132  17.142  40.647 0.0000000000
134804  -47.829  17.265  40.178 0.0000000000
134808  -51.169  17.566  41.058 0.0000000000
134812  -45.061  17.411  39.144 0.0000000000
134814  -47.994  17.157  39.466 0.0000000000
134824  -46.719  17.482  37.947 0.0000000000
134825  -47.251  17.530  37.687 0.0000000000
134834  -45.848  16.726  37.772 0.0000000000
134836  -47.225  17.098  37.525 0.0000000000
135431  -50.619  18.598  64.259 0.0000000000
135441  -50.647  18.111  64.380 0.0000000000
135442  -51.711  18.341  63.501 0.0000000000
135443  -52.336  17.963  62.871 0.0000000000
135457  -48.606  18.738  63.076 0.0000000000
135470  -52.991  18.391  61.239 0.0000000000
135483  -50.408  17.701  60.530 0.0000000000
135487  -53.807  18.533  59.998 0.0000000000
135488  -54.059  18.751  59.481 0.0000000000
135501  -51.019  18.506  59.694 0.0000000000
135502  -51.953  18.372  59.534 0.0000000000
135505  -54.208  18.748  58.801 0.0000000000
135509  -45.634  18.535  58.669 0.0000000000
135510  -46.718  18.829  58.868 0.0000000000
135514  -52.957  18.592  58.623 0.0000000000
135516  -54.331  18.730  57.825 0.0000000000
135521  -43.935  18.102  57.780 0.0000000000
135524  -53.343  18.703  57.962 0.0000000000
135526  -54.272  19.050  56.827 0.0000000000
135533  -54.145  18.841  56.510 0.0000000000
135534  -54.837  18.757  55.992 0.0000000000
135535  -55.234  18.747  55.410 0.0000000000
135537  -43.688  18.264  56.520 0.0000000000
135541  -55.234  18.781  54.775 0.0000000000
135546  -54.760  18.742  54.333 0.0000000000
135547  -55.179  18.854  53.914 0.0000000000
135549  -43.796  18.062  53.717 0.0000000000
135551  -54.392  18.436  53.031 0.0000000000
135557  -53.820  18.663  52.073 0.0000000000
135558  -54.506  18.570  52.427 0.0000000000
135559  -54.994  18.523  52.527 0.0000000000
135560  -55.290  18.657  52.761 0.0000000000
135564  -45.108  18.792  51.319 0.0000000000
135568  -54.717  18.820  51.856 0.0000000000
135569  -55.093  18.706  52.385 0.0000000000
135579  -43.965  18.081  50.963 0.0000000000
135583  -48.851  18.665  49.968 0.0000000000
135587  -53.243  18.314  50.422 0.0000000000
135588  -54.182  18.096  50.599 0.0000000000
135598  -45.990  17.884  49.835 0.0000000000
135603  -51.873  18.279  49.407 0.0000000000
135614  -51.598  18.073  48.621 0.0000000000
135615  -52.589  17.994  48.857 0.0000000000
135616  -54.490  18.147  49.127 0.0000000000
135623  -54.214  18.350  47.698 0.0000000000
135631  -53.917  18.051  46.955 0.0000000000
135640  -53.481  17.896  46.385 0.0000000000
135647  -51.934  18.689  44.430 0.0000000000
135649  -52.684  18.102  43.994 0.0000000000
135657  -50.685  19.643  42.851 0.0000000000
135658  -50.951  19.746  42.800 0.0000000000
135659  -52.087  18.503  43.360 0.0000000000
135660  -52.550  18.152  43.658 0.0000000000
135667  -48.257  19.164  41.779 0.0000000000
135668  -48.618  19.240  41.837 0.0000000000
135670  -50.952  19.790  42.562 0.0000000000
135671  -51.751  18.480  42.594 0.0000000000
135680  -48.502  19.226  41.632 0.0000000000
135681  -51.595  18.323  41.668 0.0000000000
135687  -44.040  17.949  40.130 0.0000000000
135689  -50.705  18.315  40.595 0.0000000000
135698  -49.183  18.328  39.993 0.0000000000
135705  -45.708  17.941  38.686 0.0000000000
135707  -47.330  18.009  38.081 0.0000000000
135716  -47.936  17.508  37.574 0.0000000000
136292  -50.592  19.059  64.166 0.0000000000
136299  -49.468  19.152  63.499 0.0000000000
136301  -51.094  19.807  63.006 0.0000000000
136315  -48.759  19.719  63.294 0.0000000000
136345  -52.661  19.604  60.176 0.0000000000
136347  -53.959  19.041  59.742 0.0000000000
136362  -53.050  19.659  59.626 0.0000000000
136363  -53.581  19.434  59.469 0.0000000000
136364  -53.939  19.347  59.053 0.0000000000
136365  -54.224  19.144  58.827 0.0000000000
136372  -50.429  19.500  58.735 0.0000000000
136373  -51.329  19.214  58.574 0.0000000000
136374  -52.131  18.985  58.293 0.0000000000
136376  -54.151  19.524  58.592 0.0000000000
136381  -45.058  19.367  57.667 0.0000000000
136383  -47.050  20.067  57.923 0.0000000000
136385  -51.654  19.367  58.032 0.0000000000
136387  -53.064  18.979  57.371 0.0000000000
136389  -54.411  19.392  57.251 0.0000000000
136397  -52.499  19.391  57.098 0.0000000000
136398  -53.028  19.290  56.606 0.0000000000
136399  -53.712  18.951  56.168 0.0000000000
136401  -55.299  18.890  55.710 0.0000000000
136407  -55.354  19.215  55.579 0.0000000000
136411  -53.180  19.568  55.005 0.0000000000
136413  -54.449  18.735  53.708 0.0000000000
136414  -55.402  19.090  54.360 0.0000000000
136417  -44.715  19.810  53.322 0.0000000000
136418  -49.891  20.443  53.359 0.0000000000
136422  -53.945  18.811  53.378 0.0000000000
136423  -54.450  18.541  53.327 0.0000000000
136424  -55.444  19.101  53.570 0.0000000000
136426  -44.455  19.376  53.008 0.0000000000
136432  -51.161  19.852  52.517 0.0000000000
136436  -55.172  19.378  52.505 0.0000000000
136444  -46.560  19.464  51.597 0.0000000000
136450  -52.934  18.968  51.903 0.0000000000
136451  -54.844  19.186  51.858 0.0000000000
136452  -55.209  18.924  52.353 0.0000000000
136475  -54.300  19.273  49.599 0.0000000000
136482  -52.456  19.666  48.108 0.0000000000
136483  -53.418  19.547  48.317 0.0000000000
136485  -54.531  18.621  49.325 0.0000000000
136496  -48.493  19.847  46.972 0.0000000000
136499  -51.370  19.581  47.162 0.0000000000
136502  -54.128  19.160  47.833 0.0000000000
136518  -52.210  19.238  46.492 0.0000000000
136534  -50.218  19.354  45.296 0.0000000000
136537  -52.934  18.814  45.952 0.0000000000
136554  -51.900  18.764  44.184 0.0000000000
136583  -51.550  19.032  42.872 0.0000000000
136610  -51.360  18.818  40.920 0.0000000000
136629  -46.114  18.815  38.814 0.0000000000
136631  -47.559  18.735  38.700 0.0000000000
137249  -49.804  20.818  64.700 0.0000000000
137252  -51.205  19.789  63.690 0.0000000000
137259  -49.947  20.031  64.214 0.0000000000
137261  -51.180  19.811  63.426 0.0000000000
137272  -47.284  20.171  62.379 0.0000000000
137274  -48.829  20.181  63.429 0.0000000000
137275  -49.901  21.210  61.613 0.0000000000
137276  -50.365  20.597  62.027 0.0000000000
137292  -50.568  20.420  61.010 0.0000000000
137304  -50.414  20.922  60.478 0.0000000000
137305  -51.017  20.667  60.206 0.0000000000
137317  -53.150  19.846  59.008 0.0000000000
137324  -51.288  19.528  58.070 0.0000000000
137327  -53.779  20.173  58.413 0.0000000000
137328  -54.263  19.753  58.300 0.0000000000
137331  -46.648  20.435  57.268 0.0000000000
137337  -52.047  19.550  57.207 0.0000000000
137344  -45.388  20.316  56.376 0.0000000000
137360  -46.692  20.934  55.655 0.0000000000
137362  -48.521  21.219  55.534 0.0000000000
137363  -49.716  21.148  55.679 0.0000000000
137365  -51.774  20.373  55.773 0.0000000000
137366  -52.642  19.942  55.746 0.0000000000
137367  -55.030  19.944  55.401 0.0000000000
137368  -55.392  19.371  55.231 0.0000000000
137370  -44.742  19.920  54.878 0.0000000000
137376  -50.385  20.851  54.812 0.0000000000
137377  -51.357  20.521  54.896 0.0000000000
137382  -44.457  19.822  54.344 0.0000000000
137383  -44.900  20.210  53.889 0.0000000000
137393  -55.325  19.582  53.956 0.0000000000
137397  -46.531  20.446  52.992 0.0000000000
137401  -54.235  20.382  52.484 0.0000000000
137402  -54.868  19.981  52.823 0.0000000000
137403  -55.353  19.539  53.182 0.0000000000
137408  -52.341  20.769  51.089 0.0000000000
137411  -54.611  19.766  52.098 0.0000000000
137420  -53.007  20.330  50.522 0.0000000000
137430  -53.723  19.909  49.992 0.0000000000
137441  -49.886  20.547  48.463 0.0000000000
137443  -51.672  20.124  48.719 0.0000000000
137457  -47.842  20.411  47.638 0.0000000000
137460  -50.585  20.040  47.829 0.0000000000
138196  -50.033  21.391  64.801 0.0000000000
138197  -50.398  21.257  64.358 0.0000000000
138202  -46.251  21.919  63.013 0.0000000000
138205  -48.765  21.164  64.112 0.0000000000
138206  -50.615  21.177  63.627 0.0000000000
138237  -49.806  21.756  61.152 0.0000000000
138256  -50.162  21.591  60.135 0.0000000000
138266  -51.640  20.871  59.113 0.0000000000
138270  -51.138  21.609  58.455 0.0000000000
138273  -53.243  20.804  58.289 0.0000000000
138276  -52.197  21.684  57.707 0.0000000000
138277  -52.657  21.541  57.805 0.0000000000
138278  -53.332  21.241  57.647 0.0000000000
138283  -54.245  21.334  56.335 0.0000000000
138289  -47.799  21.253  55.341 0.0000000000
138295  -47.639  21.233  55.151 0.0000000000
138296  -47.980  21.272  55.110 0.0000000000
138303  -54.612  20.784  53.988 0.0000000000
138308  -53.676  20.827  53.047 0.0000000000
138313  -50.809  21.475  51.485 0.0000000000
138326  -51.370  20.894  50.890 0.0000000000
138333  -48.682  21.574  49.544 0.0000000000
138347  -49.304  21.220  48.918 0.0000000000
139061  -49.521  22.944  65.324 0.0000000000
139062  -49.948  22.859  65.217 0.0000000000
139072  -48.165  22.678  64.600 0.0000000000
139073  -48.948  22.620  65.064 0.0000000000
139101  -50.473  22.056  62.983 0.0000000000
139142  -49.899  22.429  59.289 0.0000000000
139143  -50.373  21.910  59.014 0.0000000000
139152  -51.340  21.809  58.135 0.0000000000
139161  -52.569  22.010  57.312 0.0000000000
139168  -51.317  23.203  56.785 0.0000000000
139171  -53.327  22.261  56.638 0.0000000000
139184  -53.623  22.967  54.323 0.0000000000
139186  -54.350  21.975  54.962 0.0000000000
139192  -53.638  21.984  54.240 0.0000000000
139194  -50.095  23.014  52.429 0.0000000000
139196  -51.612  22.151  53.153 0.0000000000
139209  -49.244  22.196  51.040 0.0000000000
139215  -46.202  22.952  49.228 0.0000000000
139217  -47.442  22.518  49.828 0.0000000000
139957  -47.632  23.934  65.462 0.0000000000
139958  -48.587  23.620  65.296 0.0000000000
139959  -49.352  23.633  65.328 0.0000000000
139974  -48.414  23.054  65.004 0.0000000000
139975  -49.538  23.930  65.083 0.0000000000
139976  -49.938  23.505  64.890 0.0000000000
139987  -50.188  23.521  63.253 0.0000000000
140001  -50.240  23.854  63.241 0.0000000000
140068  -49.592  23.393  58.883 0.0000000000
140069  -50.056  23.361  58.192 0.0000000000
140079  -50.487  23.356  57.455 0.0000000000
140090  -51.565  23.581  56.532 0.0000000000
140091  -52.310  23.479  56.265 0.0000000000
140092  -52.894  23.020  56.480 0.0000000000
140100  -52.662  23.900  55.767 0.0000000000
140109  -54.305  23.601  54.160 0.0000000000
140116  -51.499  23.768  53.435 0.0000000000
140117  -52.213  23.594  53.760 0.0000000000
140119  -54.575  23.975  54.099 0.0000000000
140137  -48.271  23.523  51.100 0.0000000000
140867  -47.200  24.970  66.365 0.0000000000
140868  -47.820  24.900  66.442 0.0000000000
140903  -47.107  25.342  64.418 0.0000000000
140904  -47.669  25.397  64.346 0.0000000000
140905  -49.324  24.328  65.258 0.0000000000
140920  -48.598  25.395  63.308 0.0000000000
140921  -50.066  24.332  64.164 0.0000000000
140934  -47.800  24.763  62.653 0.0000000000
140936  -50.172  24.486  62.395 0.0000000000
140950  -50.221  25.012  61.947 0.0000000000
140962  -48.393  25.193  60.613 0.0000000000
140964  -50.243  24.969  61.092 0.0000000000
140979  -50.112  24.782  60.568 0.0000000000
140992  -49.643  24.218  59.316 0.0000000000
141002  -50.157  24.619  57.335 0.0000000000
141014  -50.178  24.670  56.961 0.0000000000
141015  -50.456  24.232  56.997 0.0000000000
141016  -51.259  24.385  56.424 0.0000000000
141030  -52.095  24.412  55.803 0.0000000000
141032  -53.842  24.179  55.262 0.0000000000
141041  -54.066  24.023  53.682 0.0000000000
141042  -54.260  23.891  53.805 0.0000000000
141043  -54.381  24.082  54.932 0.0000000000
141052  -54.507  24.137  54.349 0.0000000000
141058  -49.825  24.228  52.172 0.0000000000
141060  -51.741  24.765  52.842 0.0000000000
141061  -52.594  24.801  53.174 0.0000000000
141066  -48.500  24.208  51.424 0.0000000000
141077  -47.451  24.230  50.279 0.0000000000
141078  -48.132  24.374  50.813 0.0000000000
141091  -46.873  24.213  49.763 0.0000000000
141111  -53.636  24.515  46.988 0.0000000000
141126  -51.577  24.697  46.070 0.0000000000
141130  -54.093  24.985  45.818 0.0000000000
141140  -51.530  24.651  45.709 0.0000000000
141141  -52.151  24.498  45.499 0.0000000000
141143  -53.759  24.604  45.053 0.0000000000
141156  -51.391  24.645  44.793 0.0000000000
141160  -54.034  24.991  44.518 0.0000000000
141192  -53.270  24.847  42.055 0.0000000000
141205  -52.780  24.897  41.301 0.0000000000
141222  -52.077  25.092  40.627 0.0000000000
141853  -46.331  25.784  66.156 0.0000000000
141854  -47.220  25.301  66.195 0.0000000000
141876  -47.354  25.503  65.773 0.0000000000
141877  -48.204  25.273  66.165 0.0000000000
141878  -48.672  24.822  65.906 0.0000000000
141893  -46.369  25.568  65.237 0.0000000000
141896  -49.025  24.984  65.337 0.0000000000
141897  -49.383  24.637  65.036 0.0000000000
141908  -47.979  25.424  64.272 0.0000000000
141911  -49.565  24.835  64.575 0.0000000000
141921  -49.114  25.538  62.818 0.0000000000
141932  -49.774  25.910  61.886 0.0000000000
141952  -49.982  24.885  59.721 0.0000000000
141966  -49.822  24.656  59.569 0.0000000000
141975  -48.096  25.348  57.679 0.0000000000
141976  -50.005  24.975  57.271 0.0000000000
141985  -49.956  24.853  56.984 0.0000000000
141987  -51.233  25.307  56.269 0.0000000000
141999  -51.806  25.333  55.750 0.0000000000
142005  -37.717  26.336  54.901 0.0000000000
142006  -38.187  25.898  54.767 0.0000000000
142007  -39.258  25.414  54.558 0.0000000000
142016  -54.288  24.657  54.632 0.0000000000
142018  -39.560  25.842  53.994 0.0000000000
142021  -41.994  25.764  53.739 0.0000000000
142027  -54.374  24.730  54.155 0.0000000000
142039  -49.065  24.903  51.244 0.0000000000
142041  -50.861  25.504  51.235 0.0000000000
142067  -47.195  24.822  49.657 0.0000000000
142104  -52.205  25.108  47.446 0.0000000000
142107  -54.174  25.458  46.470 0.0000000000
142126  -53.050  24.520  46.963 0.0000000000
142127  -53.962  25.702  45.516 0.0000000000
142128  -54.070  25.490  45.630 0.0000000000
142143  -53.935  25.619  45.143 0.0000000000
142157  -50.719  24.947  44.273 0.0000000000
142159  -52.584  25.721  44.208 0.0000000000
142161  -53.973  25.218  44.525 0.0000000000
142176  -52.114  25.820  43.975 0.0000000000
142191  -52.839  25.656  42.289 0.0000000000
142192  -53.127  25.265  41.936 0.0000000000
142204  -52.989  25.280  41.669 0.0000000000
142215  -52.365  26.352  40.722 0.0000000000
142886  -50.154  26.277  61.453 0.0000000000
142887  -50.177  26.064  61.677 0.0000000000
142901  -50.023  26.547  60.873 0.0000000000
142910  -49.521  26.580  59.664 0.0000000000
142913  -51.113  27.008  59.231 0.0000000000
142941  -49.532  26.919  57.900 0.0000000000
142943  -51.077  26.729  57.780 0.0000000000
142950  -50.938  25.716  56.621 0.0000000000
142958  -48.439  26.445  55.772 0.0000000000
142959  -48.936  26.598  56.364 0.0000000000
142962  -53.651  25.704  54.650 0.0000000000
142973  -53.133  26.602  54.386 0.0000000000
142978  -38.002  27.246  53.628 0.0000000000
142979  -38.623  26.869  53.559 0.0000000000
142981  -40.703  26.394  53.481 0.0000000000
142985  -44.549  26.456  53.333 0.0000000000
142987  -46.788  26.607  54.074 0.0000000000
142989  -48.222  26.985  54.383 0.0000000000
142994  -45.120  27.018  52.716 0.0000000000
142995  -45.685  27.108  52.785 0.0000000000
143000  -51.878  26.027  50.779 0.0000000000
143005  -51.719  25.943  50.570 0.0000000000
143006  -51.968  26.003  50.531 0.0000000000
143038  -52.614  26.906  47.132 0.0000000000
143041  -54.031  25.786  46.211 0.0000000000
143053  -52.508  26.762  46.804 0.0000000000
143055  -53.784  25.858  45.832 0.0000000000
143068  -53.588  25.774  44.964 0.0000000000
143079  -51.275  26.717  44.381 0.0000000000
143082  -53.510  25.624  44.634 0.0000000000
143103  -52.391  26.256  41.873 0.0000000000
143127  -52.299  27.285  40.600 0.0000000000
143691  -50.656  27.264  59.137 0.0000000000
143693  -50.991  27.006  59.356 0.0000000000
143699  -50.529  27.325  58.772 0.0000000000
143700  -50.953  27.346  58.824 0.0000000000
143701  -51.130  27.179  59.026 0.0000000000
143714  -50.953  27.499  58.058 0.0000000000
143735  -48.932  27.161  55.342 0.0000000000
143745  -49.346  27.745  54.890 0.0000000000
143757  -41.402  26.993  53.071 0.0000000000
143758  -42.008  26.833  53.071 0.0000000000
143761  -47.513  27.235  53.610 0.0000000000
143765  -52.823  27.431  53.217 0.0000000000
143766  -53.393  26.748  53.537 0.0000000000
143770  -38.656  28.181  52.652 0.0000000000
143771  -39.204  27.967  52.655 0.0000000000
143777  -45.717  27.840  52.307 0.0000000000
143780  -47.983  27.600  53.311 0.0000000000
143787  -44.599  28.188  51.881 0.0000000000
143788  -45.122  28.028  51.856 0.0000000000
143793  -53.437  27.436  49.706 0.0000000000
143798  -52.230  28.073  48.872 0.0000000000
143800  -53.848  26.789  49.085 0.0000000000
143813  -53.320  27.252  48.342 0.0000000000
143814  -53.699  26.745  48.310 0.0000000000
143829  -53.205  27.061  47.723 0.0000000000
143840  -48.985  28.023  45.808 0.0000000000
143843  -51.659  26.914  46.624 0.0000000000
143853  -49.018  28.289  45.325 0.0000000000
143867  -51.118  26.896  45.077 0.0000000000
143875  -50.387  28.139  43.418 0.0000000000
143877  -51.426  26.944  42.668 0.0000000000
143886  -51.591  27.573  42.126 0.0000000000
143900  -52.426  27.837  40.841 0.0000000000
144459  -51.599  28.620  55.454 0.0000000000
144460  -52.138  28.214  55.001 0.0000000000
144475  -49.352  28.195  53.889 0.0000000000
144477  -51.881  28.733  53.919 0.0000000000
144478  -52.326  27.959  53.790 0.0000000000
144481  -37.427  28.799  52.737 0.0000000000
144488  -43.918  28.974  52.179 0.0000000000
144490  -46.457  28.601  52.432 0.0000000000
144498  -38.585  28.874  52.070 0.0000000000
144499  -39.270  28.894  51.865 0.0000000000
144502  -42.008  29.428  51.716 0.0000000000
144503  -43.910  28.541  52.151 0.0000000000
144504  -44.412  28.828  52.017 0.0000000000
144506  -48.488  29.185  51.355 0.0000000000
144514  -47.232  29.243  50.705 0.0000000000
144515  -48.185  29.167  50.932 0.0000000000
144519  -52.726  28.067  50.134 0.0000000000
144522  -46.844  29.040  50.365 0.0000000000
144537  -52.557  27.921  48.953 0.0000000000
144560  -48.342  28.302  46.391 0.0000000000
144571  -49.029  28.480  44.974 0.0000000000
144602  -51.097  28.286  42.737 0.0000000000
144603  -51.498  28.553  42.254 0.0000000000
145195  -51.089  29.168  55.222 0.0000000000
145206  -51.492  29.232  54.614 0.0000000000
145214  -49.877  29.102  53.294 0.0000000000
145223  -43.759  29.295  51.917 0.0000000000
145226  -46.999  29.210  52.358 0.0000000000
145227  -47.894  29.018  52.376 0.0000000000
145230  -50.349  29.459  52.765 0.0000000000
145231  -51.052  29.442  52.802 0.0000000000
145237  -40.613  29.687  51.458 0.0000000000
145238  -41.513  29.839  51.372 0.0000000000
145248  -50.712  29.430  52.339 0.0000000000
145251  -42.676  30.217  50.357 0.0000000000
145255  -46.579  29.455  50.895 0.0000000000
145257  -47.855  29.358  51.475 0.0000000000
145273  -44.914  30.392  47.481 0.0000000000
145324  -51.336  29.512  42.758 0.0000000000
145340  -52.634  29.993  41.889 0.0000000000
145958  -40.074  30.222  51.095 0.0000000000
145959  -40.976  30.293  51.036 0.0000000000
145963  -37.800  30.817  50.803 0.0000000000
145964  -38.569  30.866  50.707 0.0000000000
145965  -39.568  30.779  50.651 0.0000000000
145968  -42.147  30.460  50.322 0.0000000000
145969  -42.689  30.400  49.942 0.0000000000
145974  -43.574  30.315  48.873 0.0000000000
145977  -42.601  31.009  48.950 0.0000000000
145978  -43.233  30.904  48.477 0.0000000000
145982  -43.770  31.074  47.840 0.0000000000
145990  -44.960  31.053  46.942 0.0000000000
145991  -45.387  30.799  46.692 0.0000000000
145992  -46.120  30.767  46.303 0.0000000000
146002  -46.725  30.912  45.849 0.0000000000
146013  -48.876  30.436  44.591 0.0000000000
146030  -50.114  30.187  43.527 0.0000000000
146032  -51.767  30.626  43.091 0.0000000000
146047  -51.601  30.165  42.812 0.0000000000
146048  -52.064  30.251  42.656 0.0000000000
146049  -52.512  30.511  42.381 0.0000000000
146707  -37.397  31.104  50.863 0.0000000000
146714  -41.383  30.951  49.989 0.0000000000
146719  -39.724  31.968  49.647 0.0000000000
146720  -40.682  31.735  49.714 0.0000000000
146732  -45.442  32.288  46.797 0.0000000000
146738  -46.602  31.593  46.023 0.0000000000
146743  -47.190  31.452  45.650 0.0000000000
146753  -49.344  30.936  44.503 0.0000000000
146754  -49.928  31.419  44.376 0.0000000000
146757  -52.494  32.062  43.713 0.0000000000
146771  -51.479  30.960  43.365 0.0000000000
146803  -52.709  31.193  41.652 0.0000000000
146816  -52.079  31.285  40.657 0.0000000000
146817  -52.436  31.296  41.076 0.0000000000
147541  -39.680  33.412  48.730 0.0000000000
147567  -49.886  32.364  45.274 0.0000000000
147573  -49.992  32.003  44.713 0.0000000000
147576  -52.302  32.609  44.372 0.0000000000
147581  -52.579  32.370  43.309 0.0000000000
147642  -52.410  31.878  41.089 0.0000000000
148409  -40.835  33.816  48.590 0.0000000000
148410  -41.823  33.604  48.608 0.0000000000
148427  -46.278  33.944  47.995 0.0000000000
148449  -52.135  33.075  45.232 0.0000000000
148458  -51.177  33.901  44.359 0.0000000000
149227  -40.391  34.644  48.240 0.0000000000
