#!ascii label  , from subject 3800 vox2ras=TkReg
1588
72204  -49.676  -34.535  72.018 0.0000000000
54155  -40.797  -48.513  76.591 0.0000000000
75029  -52.596  -33.155  60.722 0.0000000000
69640  -42.413  -36.091  63.117 0.0000000000
79072  -50.020  -29.991  66.716 0.0000000000
60711  -49.447  -42.330  74.695 0.0000000000
55591  -41.627  -48.352  68.249 0.0000000000
60870  -40.251  -43.399  66.325 0.0000000000
52798  -32.192  -48.683  80.135 0.0000000000
83094  -60.827  -26.481  59.813 0.0000000000
55588  -30.623  -46.506  67.372 0.0000000000
70925  -45.719  -35.466  67.285 0.0000000000
76271  -45.437  -31.765  65.357 0.0000000000
76182  -48.429  -30.869  69.901 0.0000000000
67038  -50.788  -38.932  72.440 0.0000000000
60835  -46.746  -43.613  69.046 0.0000000000
65855  -45.583  -39.504  68.351 0.0000000000
65884  -40.853  -39.754  65.120 0.0000000000
87212  -62.292  -24.508  55.859 0.0000000000
52803  -36.719  -48.796  78.835 0.0000000000
54211  -31.676  -47.769  73.691 0.0000000000
55524  -36.010  -46.650  72.848 0.0000000000
73674  -51.585  -33.321  63.894 0.0000000000
58129  -45.333  -45.108  76.088 0.0000000000
59512  -40.087  -44.186  72.235 0.0000000000
60784  -44.377  -43.583  70.495 0.0000000000
56988  -42.566  -46.981  65.916 0.0000000000
52701  -28.507  -49.161  82.657 0.0000000000
77636  -54.875  -30.073  69.167 0.0000000000
73699  -56.397  -33.492  64.769 0.0000000000
79122  -60.493  -29.898  63.309 0.0000000000
77797  -57.726  -30.766  59.492 0.0000000000
80568  -57.708  -28.889  57.118 0.0000000000
52891  -27.780  -48.718  75.775 0.0000000000
59603  -36.564  -43.776  67.163 0.0000000000
72224  -47.552  -35.075  69.939 0.0000000000
73585  -46.751  -33.617  68.980 0.0000000000
74848  -49.082  -32.711  71.286 0.0000000000
69512  -50.365  -36.831  72.347 0.0000000000
67066  -48.210  -38.691  70.265 0.0000000000
69568  -47.854  -37.189  69.991 0.0000000000
68303  -45.902  -37.485  67.579 0.0000000000
75060  -50.609  -32.810  57.944 0.0000000000
76380  -52.329  -31.131  58.582 0.0000000000
52845  -39.554  -48.905  77.598 0.0000000000
54173  -36.615  -47.858  75.467 0.0000000000
54200  -38.600  -47.641  75.082 0.0000000000
72356  -42.069  -34.365  61.237 0.0000000000
77712  -47.785  -30.529  65.998 0.0000000000
76287  -46.471  -31.451  63.796 0.0000000000
76274  -48.627  -31.261  64.674 0.0000000000
74980  -49.301  -32.508  63.229 0.0000000000
76262  -50.663  -31.789  65.307 0.0000000000
60688  -47.484  -43.669  75.651 0.0000000000
61976  -44.659  -42.205  73.795 0.0000000000
63239  -47.158  -41.472  72.447 0.0000000000
60854  -42.969  -43.606  67.791 0.0000000000
58264  -43.586  -45.642  68.111 0.0000000000
59648  -41.549  -45.117  66.395 0.0000000000
67132  -41.677  -37.883  64.474 0.0000000000
73606  -55.404  -33.288  67.475 0.0000000000
77767  -60.144  -31.061  61.409 0.0000000000
79199  -60.631  -29.647  58.544 0.0000000000
77837  -58.402  -30.485  56.997 0.0000000000
80571  -60.852  -28.735  57.140 0.0000000000
85902  -58.701  -24.744  56.420 0.0000000000
52764  -30.042  -48.646  81.035 0.0000000000
52820  -27.875  -48.692  78.922 0.0000000000
54125  -29.565  -48.566  78.156 0.0000000000
55538  -31.489  -47.351  70.576 0.0000000000
54235  -29.385  -48.178  71.933 0.0000000000
54277  -28.842  -48.679  68.785 0.0000000000
59561  -40.852  -44.495  68.887 0.0000000000
59560  -38.173  -44.026  70.233 0.0000000000
56943  -38.868  -46.153  66.982 0.0000000000
70952  -44.498  -35.987  65.543 0.0000000000
73672  -43.786  -33.737  64.380 0.0000000000
73604  -45.462  -33.762  67.152 0.0000000000
76223  -47.255  -31.338  68.178 0.0000000000
79045  -48.765  -29.727  68.369 0.0000000000
63218  -51.090  -41.437  73.372 0.0000000000
60769  -49.231  -42.962  71.072 0.0000000000
63288  -49.147  -41.763  70.535 0.0000000000
63323  -45.567  -41.534  68.479 0.0000000000
63336  -43.005  -41.609  67.175 0.0000000000
64580  -40.523  -40.877  65.964 0.0000000000
65874  -43.293  -39.389  66.645 0.0000000000
68309  -44.222  -37.624  66.182 0.0000000000
84525  -61.758  -25.484  57.400 0.0000000000
89772  -58.947  -22.058  57.489 0.0000000000
52801  -34.761  -48.349  79.786 0.0000000000
54128  -32.287  -47.894  77.512 0.0000000000
54148  -34.577  -47.681  76.254 0.0000000000
54213  -34.243  -47.648  73.518 0.0000000000
56884  -33.368  -46.363  70.116 0.0000000000
75009  -43.898  -32.301  62.691 0.0000000000
73715  -51.240  -33.772  61.106 0.0000000000
73717  -53.032  -34.278  61.544 0.0000000000
55483  -43.395  -47.008  76.260 0.0000000000
56868  -40.687  -46.102  74.568 0.0000000000
59458  -42.769  -43.909  74.674 0.0000000000
62056  -42.094  -42.384  70.659 0.0000000000
58221  -43.125  -45.975  69.636 0.0000000000
59544  -46.794  -44.237  70.094 0.0000000000
55558  -44.262  -47.111  69.040 0.0000000000
52961  -42.767  -49.318  67.721 0.0000000000
76154  -51.376  -31.628  73.701 0.0000000000
54114  -42.992  -47.749  78.254 0.0000000000
58078  -47.598  -45.389  77.138 0.0000000000
61865  -48.215  -42.752  77.109 0.0000000000
78975  -50.399  -29.143  72.817 0.0000000000
81604  -49.826  -27.659  70.759 0.0000000000
80317  -50.974  -28.234  68.923 0.0000000000
81619  -53.622  -26.894  70.349 0.0000000000
77648  -52.848  -30.012  68.009 0.0000000000
74935  -52.988  -32.697  66.632 0.0000000000
73677  -54.174  -33.962  64.578 0.0000000000
75003  -54.562  -32.833  62.720 0.0000000000
74969  -59.550  -32.712  64.451 0.0000000000
76308  -56.944  -31.603  63.025 0.0000000000
76346  -54.527  -30.814  60.529 0.0000000000
76400  -56.249  -31.371  57.684 0.0000000000
83147  -59.474  -26.432  56.959 0.0000000000
52760  -26.061  -49.192  80.481 0.0000000000
52888  -25.347  -49.457  74.641 0.0000000000
54191  -29.491  -48.307  74.800 0.0000000000
54220  -26.735  -48.728  73.081 0.0000000000
58193  -38.405  -45.515  72.525 0.0000000000
58217  -35.541  -44.946  69.388 0.0000000000
58257  -33.159  -44.912  66.958 0.0000000000
56961  -34.958  -46.902  65.919 0.0000000000
72203  -48.778  -34.848  71.264 0.0000000000
73552  -48.363  -33.713  70.639 0.0000000000
73532  -49.753  -33.306  71.963 0.0000000000
70869  -50.261  -35.658  72.291 0.0000000000
69546  -49.151  -37.128  71.025 0.0000000000
70867  -48.638  -35.735  71.131 0.0000000000
70884  -47.675  -35.785  70.076 0.0000000000
73733  -52.137  -34.053  60.205 0.0000000000
75043  -51.588  -32.947  59.138 0.0000000000
76379  -51.276  -31.836  58.236 0.0000000000
77793  -52.708  -31.288  59.407 0.0000000000
52864  -40.248  -49.037  76.942 0.0000000000
52881  -39.010  -48.370  76.263 0.0000000000
54177  -40.318  -48.012  76.029 0.0000000000
69646  -41.321  -36.159  62.223 0.0000000000
70979  -42.269  -35.346  62.710 0.0000000000
77696  -48.448  -30.166  66.549 0.0000000000
77727  -47.928  -30.677  65.167 0.0000000000
77714  -49.606  -30.742  65.638 0.0000000000
76275  -49.669  -31.928  64.486 0.0000000000
77715  -50.117  -31.076  65.551 0.0000000000
60689  -48.533  -43.119  75.417 0.0000000000
61944  -47.001  -42.288  74.499 0.0000000000
61979  -48.387  -41.676  73.909 0.0000000000
60872  -41.786  -43.596  67.110 0.0000000000
59629  -41.716  -44.777  67.258 0.0000000000
59647  -41.076  -44.755  65.791 0.0000000000
59655  -40.656  -45.086  64.932 0.0000000000
68331  -41.747  -36.933  64.072 0.0000000000
67140  -40.348  -38.016  63.312 0.0000000000
68345  -40.660  -36.795  62.577 0.0000000000
79185  -61.358  -30.001  59.761 0.0000000000
80556  -61.581  -28.736  58.384 0.0000000000
79212  -60.836  -29.354  57.570 0.0000000000
80572  -61.398  -28.802  57.626 0.0000000000
54059  -30.984  -48.588  80.284 0.0000000000
52823  -29.894  -48.781  79.208 0.0000000000
54105  -31.240  -48.507  78.683 0.0000000000
55552  -31.310  -46.799  69.346 0.0000000000
54278  -29.503  -48.029  69.485 0.0000000000
55586  -29.600  -47.986  67.491 0.0000000000
52952  -29.612  -49.692  67.253 0.0000000000
54301  -30.311  -48.483  66.444 0.0000000000
58238  -40.704  -45.604  68.689 0.0000000000
58237  -39.968  -45.502  68.349 0.0000000000
56945  -40.232  -46.690  67.905 0.0000000000
70924  -45.308  -35.741  66.623 0.0000000000
72291  -44.789  -34.543  66.192 0.0000000000
72269  -45.733  -34.477  67.357 0.0000000000
76190  -47.896  -31.979  69.385 0.0000000000
74909  -47.054  -31.881  68.299 0.0000000000
76202  -48.101  -31.069  68.898 0.0000000000
77669  -47.572  -30.726  68.064 0.0000000000
79021  -48.939  -29.948  69.077 0.0000000000
65798  -51.441  -40.422  72.983 0.0000000000
64518  -50.665  -41.162  71.875 0.0000000000
65815  -50.008  -40.012  71.301 0.0000000000
67077  -47.450  -38.694  69.465 0.0000000000
64561  -46.971  -40.292  69.328 0.0000000000
64559  -45.627  -40.424  68.503 0.0000000000
63338  -44.414  -41.429  68.070 0.0000000000
64572  -44.333  -40.493  67.724 0.0000000000
64583  -43.083  -40.174  67.048 0.0000000000
65866  -44.370  -39.526  67.329 0.0000000000
69591  -45.898  -36.547  67.373 0.0000000000
68310  -45.038  -37.387  66.588 0.0000000000
69604  -45.556  -36.829  66.737 0.0000000000
68321  -44.227  -37.110  65.711 0.0000000000
52802  -35.679  -48.593  79.457 0.0000000000
54108  -34.147  -48.030  78.123 0.0000000000
54131  -35.372  -47.859  77.048 0.0000000000
54215  -36.110  -47.556  73.911 0.0000000000
54196  -34.989  -47.634  74.502 0.0000000000
54227  -34.784  -47.748  72.942 0.0000000000
55531  -33.490  -47.183  71.499 0.0000000000
55532  -34.432  -46.711  71.564 0.0000000000
74962  -44.230  -33.087  64.847 0.0000000000
74976  -43.746  -32.921  64.014 0.0000000000
74977  -44.449  -32.436  64.076 0.0000000000
76304  -46.671  -31.923  62.612 0.0000000000
76321  -45.624  -31.779  61.847 0.0000000000
76322  -46.695  -31.924  61.432 0.0000000000
74982  -50.926  -33.102  63.585 0.0000000000
75014  -50.645  -33.148  61.874 0.0000000000
73693  -51.588  -33.391  62.952 0.0000000000
73716  -52.043  -34.285  61.306 0.0000000000
73694  -52.353  -33.620  63.160 0.0000000000
56836  -44.839  -45.869  76.410 0.0000000000
58126  -42.571  -45.535  75.479 0.0000000000
59438  -44.016  -44.766  75.537 0.0000000000
63267  -44.514  -41.585  71.963 0.0000000000
62008  -43.104  -42.164  72.606 0.0000000000
62057  -43.333  -42.636  70.701 0.0000000000
60782  -42.747  -43.261  70.012 0.0000000000
59541  -43.984  -44.786  70.267 0.0000000000
60809  -48.300  -43.527  69.653 0.0000000000
59545  -48.022  -43.861  70.146 0.0000000000
59586  -46.687  -44.089  69.280 0.0000000000
56946  -43.341  -46.451  67.395 0.0000000000
56948  -44.191  -46.332  68.447 0.0000000000
55592  -43.557  -47.763  67.626 0.0000000000
54295  -43.461  -48.595  68.056 0.0000000000
64593  -40.846  -40.292  65.708 0.0000000000
60647  -47.790  -43.841  77.364 0.0000000000
65760  -50.330  -39.543  74.604 0.0000000000
77599  -50.776  -30.642  73.429 0.0000000000
81592  -50.258  -27.179  72.543 0.0000000000
82905  -51.073  -26.288  71.318 0.0000000000
81616  -49.915  -27.788  69.794 0.0000000000
81618  -51.666  -26.833  70.186 0.0000000000
80320  -54.744  -28.464  70.099 0.0000000000
80338  -53.363  -28.755  68.836 0.0000000000
79027  -54.015  -29.877  68.349 0.0000000000
77674  -52.411  -30.771  67.402 0.0000000000
77676  -54.102  -31.316  67.828 0.0000000000
72292  -55.701  -33.965  66.389 0.0000000000
73657  -54.490  -34.021  65.671 0.0000000000
73678  -55.140  -34.215  65.017 0.0000000000
73711  -54.271  -33.625  63.031 0.0000000000
74983  -55.056  -33.088  63.257 0.0000000000
76279  -60.369  -32.103  64.140 0.0000000000
77782  -58.997  -30.699  60.542 0.0000000000
76328  -58.678  -31.424  62.120 0.0000000000
77764  -57.250  -30.807  61.428 0.0000000000
77763  -56.088  -30.750  61.628 0.0000000000
77779  -55.607  -30.596  60.532 0.0000000000
76383  -55.488  -30.894  58.591 0.0000000000
77812  -56.561  -30.817  58.686 0.0000000000
79223  -58.411  -30.144  56.664 0.0000000000
77836  -57.635  -30.839  56.578 0.0000000000
77849  -57.050  -30.986  55.906 0.0000000000
85887  -62.440  -24.909  56.538 0.0000000000
83149  -61.089  -26.349  56.760 0.0000000000
84541  -60.535  -25.626  56.426 0.0000000000
52858  -27.396  -48.794  77.155 0.0000000000
52839  -26.692  -48.830  77.839 0.0000000000
52857  -26.472  -48.993  76.911 0.0000000000
52875  -25.415  -49.220  75.648 0.0000000000
52889  -26.343  -48.973  74.828 0.0000000000
54168  -31.584  -47.930  75.565 0.0000000000
54167  -30.446  -48.245  75.756 0.0000000000
54192  -30.729  -48.179  74.631 0.0000000000
54234  -28.366  -48.344  71.812 0.0000000000
50191  -28.066  -51.304  70.979 0.0000000000
59483  -40.417  -44.503  73.291 0.0000000000
56866  -39.235  -46.422  73.728 0.0000000000
59511  -39.236  -44.563  72.406 0.0000000000
60827  -37.325  -43.641  68.688 0.0000000000
59536  -37.251  -44.288  70.226 0.0000000000
59557  -36.233  -44.174  68.934 0.0000000000
58236  -34.820  -44.910  68.592 0.0000000000
60851  -34.764  -43.939  66.816 0.0000000000
55620  -33.572  -47.327  65.622 0.0000000000
70915  -46.668  -35.326  68.919 0.0000000000
72257  -46.598  -34.579  68.549 0.0000000000
73570  -47.562  -33.438  69.731 0.0000000000
73571  -48.157  -32.901  70.128 0.0000000000
74861  -48.965  -32.054  70.473 0.0000000000
68226  -50.631  -37.620  72.273 0.0000000000
67054  -49.673  -38.940  71.223 0.0000000000
68261  -49.035  -38.171  70.843 0.0000000000
68280  -47.862  -38.045  69.833 0.0000000000
68294  -46.856  -37.946  68.683 0.0000000000
67103  -45.889  -38.161  67.952 0.0000000000
69580  -46.898  -37.246  68.844 0.0000000000
69566  -46.813  -36.548  69.048 0.0000000000
76412  -53.613  -31.762  56.649 0.0000000000
52825  -37.721  -48.556  77.793 0.0000000000
54133  -37.183  -48.116  76.810 0.0000000000
52843  -37.958  -48.351  76.746 0.0000000000
54174  -37.467  -47.977  75.505 0.0000000000
54217  -37.621  -47.329  74.209 0.0000000000
77725  -46.556  -30.905  65.654 0.0000000000
76286  -45.534  -31.733  64.317 0.0000000000
77726  -47.092  -30.646  65.386 0.0000000000
76288  -47.705  -31.758  63.570 0.0000000000
76305  -47.644  -32.170  62.645 0.0000000000
74998  -48.207  -32.291  62.090 0.0000000000
76289  -48.891  -31.972  63.758 0.0000000000
74964  -49.972  -32.579  64.282 0.0000000000
74965  -50.681  -32.917  64.528 0.0000000000
59441  -46.921  -44.659  75.961 0.0000000000
60686  -45.242  -43.855  75.448 0.0000000000
60707  -45.577  -43.066  75.103 0.0000000000
63213  -45.869  -41.574  73.749 0.0000000000
62039  -45.888  -42.441  70.937 0.0000000000
60833  -44.969  -43.491  68.478 0.0000000000
59584  -45.169  -44.467  68.582 0.0000000000
59608  -43.107  -44.673  68.117 0.0000000000
58263  -42.739  -45.767  67.294 0.0000000000
58301  -42.173  -46.499  65.773 0.0000000000
56997  -41.490  -46.510  64.920 0.0000000000
58308  -41.265  -45.820  64.859 0.0000000000
65899  -41.351  -38.934  64.576 0.0000000000
65908  -40.063  -38.752  63.689 0.0000000000
79009  -55.946  -29.543  69.745 0.0000000000
76203  -54.984  -31.279  68.420 0.0000000000
76205  -56.862  -31.811  68.883 0.0000000000
74914  -56.676  -32.956  67.993 0.0000000000
73637  -57.184  -33.477  66.392 0.0000000000
79141  -60.975  -29.383  62.532 0.0000000000
76297  -60.918  -31.197  62.686 0.0000000000
77785  -61.005  -30.450  61.069 0.0000000000
77800  -60.658  -30.380  59.966 0.0000000000
77798  -58.765  -30.534  59.611 0.0000000000
77813  -57.463  -30.898  58.397 0.0000000000
77828  -59.270  -30.142  57.814 0.0000000000
79211  -59.903  -29.700  57.038 0.0000000000
80569  -58.833  -28.804  57.328 0.0000000000
87210  -61.147  -23.730  55.296 0.0000000000
85903  -60.096  -24.715  56.157 0.0000000000
87209  -59.895  -23.686  55.704 0.0000000000
52731  -28.759  -48.963  81.710 0.0000000000
52762  -28.046  -48.998  80.659 0.0000000000
52795  -29.122  -48.621  79.628 0.0000000000
52841  -28.465  -48.665  78.194 0.0000000000
52879  -28.791  -48.658  76.977 0.0000000000
55519  -31.253  -47.700  72.478 0.0000000000
54224  -30.587  -47.983  72.853 0.0000000000
54247  -29.897  -47.899  71.359 0.0000000000
54262  -28.767  -48.391  69.984 0.0000000000
52931  -28.014  -49.780  69.395 0.0000000000
50225  -28.402  -51.119  69.680 0.0000000000
51515  -28.807  -50.513  68.525 0.0000000000
62054  -40.337  -42.727  70.541 0.0000000000
60779  -39.227  -43.590  70.872 0.0000000000
60805  -39.414  -43.389  69.408 0.0000000000
59580  -38.430  -44.165  68.146 0.0000000000
58259  -37.953  -44.953  67.227 0.0000000000
69634  -43.231  -36.350  64.262 0.0000000000
70969  -43.285  -35.470  63.682 0.0000000000
72315  -44.349  -34.580  65.279 0.0000000000
73652  -44.523  -33.716  65.579 0.0000000000
74950  -44.808  -32.804  65.758 0.0000000000
74884  -46.652  -33.101  68.467 0.0000000000
74933  -45.967  -32.254  67.163 0.0000000000
76244  -46.222  -31.597  67.000 0.0000000000
77695  -47.615  -30.429  66.987 0.0000000000
77670  -48.290  -29.885  67.624 0.0000000000
79046  -49.440  -29.413  67.773 0.0000000000
61948  -50.218  -41.821  74.068 0.0000000000
63217  -49.361  -41.640  72.949 0.0000000000
62012  -50.445  -41.762  72.508 0.0000000000
62063  -49.697  -42.912  70.780 0.0000000000
62077  -48.043  -42.892  69.494 0.0000000000
65828  -48.569  -39.845  70.156 0.0000000000
63305  -47.784  -41.855  69.624 0.0000000000
62095  -46.692  -42.746  68.916 0.0000000000
62112  -44.366  -42.197  68.270 0.0000000000
62110  -43.092  -42.510  67.443 0.0000000000
62130  -41.617  -42.573  66.840 0.0000000000
62128  -39.763  -42.690  66.332 0.0000000000
63351  -41.467  -41.565  66.588 0.0000000000
64582  -42.356  -40.491  66.655 0.0000000000
65873  -42.290  -39.425  66.066 0.0000000000
67110  -44.876  -38.053  67.005 0.0000000000
67109  -44.234  -38.383  66.633 0.0000000000
67107  -42.639  -38.693  65.578 0.0000000000
67134  -42.903  -37.756  65.204 0.0000000000
68333  -43.023  -37.170  64.862 0.0000000000
84510  -61.007  -26.017  58.093 0.0000000000
85872  -58.620  -24.343  58.409 0.0000000000
87175  -59.495  -23.532  57.432 0.0000000000
88463  -60.506  -23.130  56.604 0.0000000000
88479  -61.851  -22.726  55.457 0.0000000000
88496  -62.604  -22.729  54.921 0.0000000000
52799  -32.955  -48.769  80.033 0.0000000000
54106  -32.185  -48.262  78.493 0.0000000000
54107  -33.160  -48.150  78.291 0.0000000000
54129  -33.338  -47.852  77.326 0.0000000000
54194  -33.049  -47.742  74.506 0.0000000000
54149  -35.570  -47.821  76.169 0.0000000000
54195  -34.062  -47.707  74.510 0.0000000000
55510  -32.876  -47.464  73.336 0.0000000000
55530  -32.471  -47.334  71.495 0.0000000000
55539  -32.578  -46.792  70.399 0.0000000000
56896  -32.087  -46.417  69.053 0.0000000000
72341  -42.944  -34.555  63.152 0.0000000000
73706  -43.106  -33.660  62.542 0.0000000000
76303  -45.281  -31.897  63.163 0.0000000000
73726  -52.350  -34.267  60.786 0.0000000000
75015  -53.023  -33.469  61.336 0.0000000000
54179  -42.272  -47.570  76.202 0.0000000000
55480  -40.679  -47.347  75.690 0.0000000000
56833  -42.206  -46.375  75.559 0.0000000000
58182  -41.704  -44.963  74.330 0.0000000000
60730  -40.900  -43.861  73.396 0.0000000000
60733  -43.263  -43.161  74.194 0.0000000000
61973  -42.117  -42.764  73.448 0.0000000000
62035  -41.252  -42.430  71.711 0.0000000000
60781  -41.733  -43.169  70.080 0.0000000000
59562  -41.841  -44.823  69.200 0.0000000000
55554  -41.410  -47.172  69.241 0.0000000000
63271  -48.548  -41.751  71.680 0.0000000000
62060  -46.815  -43.143  70.638 0.0000000000
60785  -45.459  -43.841  70.630 0.0000000000
58241  -45.528  -45.187  68.990 0.0000000000
56906  -45.282  -45.862  69.929 0.0000000000
58210  -44.571  -45.598  70.317 0.0000000000
56904  -43.644  -46.733  69.612 0.0000000000
54265  -42.761  -48.704  69.180 0.0000000000
63349  -39.533  -41.917  66.151 0.0000000000
72184  -50.591  -34.761  72.462 0.0000000000
73511  -50.555  -33.846  72.443 0.0000000000
52732  -29.750  -48.773  81.870 0.0000000000
52767  -32.800  -48.658  80.888 0.0000000000
52737  -34.387  -48.824  81.492 0.0000000000
52770  -35.464  -48.730  80.461 0.0000000000
52805  -39.094  -48.988  79.141 0.0000000000
51427  -40.303  -49.726  78.851 0.0000000000
52847  -41.242  -48.521  77.973 0.0000000000
54136  -41.923  -48.105  77.603 0.0000000000
54138  -43.762  -47.635  77.115 0.0000000000
55463  -44.397  -47.162  76.830 0.0000000000
55486  -46.124  -46.142  76.855 0.0000000000
56797  -46.581  -45.845  77.343 0.0000000000
56838  -47.011  -45.841  76.531 0.0000000000
59420  -47.422  -44.781  76.478 0.0000000000
60665  -48.257  -43.509  76.220 0.0000000000
60666  -49.080  -42.657  75.611 0.0000000000
63152  -49.898  -41.822  75.308 0.0000000000
64450  -50.650  -40.896  74.984 0.0000000000
65762  -51.283  -39.779  74.042 0.0000000000
70855  -50.956  -35.388  72.746 0.0000000000
74849  -49.892  -32.197  71.995 0.0000000000
76174  -49.971  -31.151  71.984 0.0000000000
77621  -49.479  -30.420  71.525 0.0000000000
80281  -50.273  -28.107  73.067 0.0000000000
80280  -49.865  -28.506  72.129 0.0000000000
78996  -49.060  -29.532  70.597 0.0000000000
79005  -49.120  -29.267  69.584 0.0000000000
80334  -49.784  -28.843  68.445 0.0000000000
79023  -50.697  -29.219  67.802 0.0000000000
81653  -52.516  -27.947  69.236 0.0000000000
80336  -51.671  -28.558  68.611 0.0000000000
79048  -51.362  -29.728  67.380 0.0000000000
77699  -51.526  -31.035  66.654 0.0000000000
76246  -51.684  -31.811  66.155 0.0000000000
74952  -52.052  -32.707  65.722 0.0000000000
74936  -53.941  -33.023  66.861 0.0000000000
73656  -53.484  -33.477  65.594 0.0000000000
73675  -52.410  -33.553  64.124 0.0000000000
72342  -53.372  -34.167  62.802 0.0000000000
73718  -53.550  -34.044  61.901 0.0000000000
75016  -53.500  -33.046  61.771 0.0000000000
73639  -59.067  -33.285  65.826 0.0000000000
74967  -57.686  -33.173  64.673 0.0000000000
76311  -59.959  -31.867  62.963 0.0000000000
76294  -58.418  -32.229  63.412 0.0000000000
76292  -56.384  -32.306  63.482 0.0000000000
76307  -55.669  -31.892  62.967 0.0000000000
76325  -54.183  -31.828  61.697 0.0000000000
76345  -53.343  -31.829  60.959 0.0000000000
76364  -54.331  -30.878  59.632 0.0000000000
76398  -54.444  -31.381  57.680 0.0000000000
76414  -55.238  -31.692  56.940 0.0000000000
76401  -56.984  -31.248  57.820 0.0000000000
76415  -56.089  -31.671  56.768 0.0000000000
75104  -55.760  -31.910  56.216 0.0000000000
81861  -61.483  -27.542  57.596 0.0000000000
81860  -60.527  -27.697  57.336 0.0000000000
81858  -58.285  -27.828  57.442 0.0000000000
84540  -59.317  -25.724  56.646 0.0000000000
83123  -57.667  -26.798  57.267 0.0000000000
80567  -56.718  -28.611  57.099 0.0000000000
52793  -27.421  -48.894  79.690 0.0000000000
54127  -31.286  -48.208  77.694 0.0000000000
54166  -29.124  -48.442  76.117 0.0000000000
54190  -28.126  -48.565  75.007 0.0000000000
54222  -28.962  -48.058  72.740 0.0000000000
54208  -28.600  -48.110  73.813 0.0000000000
54189  -27.037  -48.555  74.627 0.0000000000
52896  -25.991  -49.092  73.848 0.0000000000
55516  -39.752  -46.824  74.625 0.0000000000
55514  -38.718  -46.990  73.893 0.0000000000
56871  -36.837  -46.319  72.548 0.0000000000
58209  -37.928  -44.658  70.872 0.0000000000
58201  -36.915  -45.405  71.286 0.0000000000
56877  -35.560  -45.921  71.705 0.0000000000
56899  -34.706  -45.804  69.691 0.0000000000
56920  -33.394  -45.704  68.716 0.0000000000
58256  -32.181  -45.591  67.215 0.0000000000
56963  -38.087  -46.328  65.988 0.0000000000
58298  -37.446  -46.189  65.794 0.0000000000
58296  -35.302  -45.532  65.531 0.0000000000
58295  -34.336  -45.418  65.398 0.0000000000
58293  -32.577  -45.507  65.639 0.0000000000
55617  -30.882  -47.293  65.780 0.0000000000
72226  -48.571  -34.216  70.943 0.0000000000
70868  -49.372  -35.596  71.644 0.0000000000
72202  -48.421  -35.297  70.909 0.0000000000
75044  -52.079  -33.337  59.863 0.0000000000
76362  -52.333  -31.794  59.675 0.0000000000
54154  -39.879  -48.484  76.413 0.0000000000
69647  -41.979  -35.903  62.535 0.0000000000
77697  -49.432  -30.229  66.380 0.0000000000
77713  -48.721  -30.604  65.613 0.0000000000
77698  -50.564  -30.536  66.288 0.0000000000
60710  -48.748  -42.703  74.823 0.0000000000
61945  -48.075  -42.331  74.409 0.0000000000
61946  -48.965  -42.103  74.368 0.0000000000
60871  -40.982  -43.652  66.564 0.0000000000
69632  -42.008  -36.550  63.474 0.0000000000
68338  -41.415  -36.836  63.438 0.0000000000
69639  -41.763  -36.366  62.941 0.0000000000
69645  -40.541  -36.423  61.908 0.0000000000
83095  -61.272  -27.319  59.756 0.0000000000
81829  -61.285  -28.188  60.041 0.0000000000
81842  -61.595  -27.973  58.932 0.0000000000
83109  -61.476  -26.766  58.530 0.0000000000
54060  -31.347  -48.606  80.243 0.0000000000
54080  -31.284  -48.624  79.725 0.0000000000
55573  -30.768  -46.695  68.039 0.0000000000
55572  -29.854  -47.522  68.516 0.0000000000
55587  -30.001  -46.938  67.114 0.0000000000
55574  -41.096  -47.412  69.000 0.0000000000
56924  -40.525  -46.523  68.497 0.0000000000
55590  -41.017  -47.554  67.819 0.0000000000
76192  -48.535  -31.511  69.980 0.0000000000
76191  -48.324  -31.314  69.540 0.0000000000
77635  -48.570  -30.516  69.491 0.0000000000
65797  -51.039  -39.954  72.659 0.0000000000
65816  -50.619  -40.133  71.991 0.0000000000
67093  -46.874  -38.622  68.955 0.0000000000
65856  -46.234  -39.491  68.779 0.0000000000
64573  -44.996  -40.411  68.147 0.0000000000
65867  -45.027  -39.529  67.827 0.0000000000
67091  -45.590  -38.812  68.018 0.0000000000
70914  -46.244  -35.637  68.171 0.0000000000
69590  -45.525  -36.283  66.861 0.0000000000
69603  -45.175  -36.515  66.311 0.0000000000
54085  -35.732  -48.429  78.596 0.0000000000
54110  -36.158  -48.255  77.835 0.0000000000
54229  -36.218  -47.257  73.524 0.0000000000
54228  -35.572  -47.496  73.178 0.0000000000
55523  -35.066  -47.204  72.464 0.0000000000
55533  -35.338  -46.586  72.007 0.0000000000
74963  -44.811  -32.223  64.737 0.0000000000
74997  -47.365  -32.196  61.887 0.0000000000
75001  -50.812  -33.021  62.786 0.0000000000
58128  -44.445  -45.374  75.855 0.0000000000
59439  -44.893  -44.638  75.657 0.0000000000
62058  -44.219  -42.641  71.078 0.0000000000
62037  -43.761  -41.841  71.674 0.0000000000
60783  -43.609  -43.648  70.059 0.0000000000
60836  -47.520  -43.639  69.392 0.0000000000
59566  -47.831  -43.939  69.816 0.0000000000
56966  -43.109  -46.855  66.591 0.0000000000
56967  -43.499  -47.119  67.205 0.0000000000
55610  -43.196  -47.780  66.900 0.0000000000
55609  -42.854  -47.772  66.253 0.0000000000
79008  -55.157  -29.504  69.672 0.0000000000
79007  -54.354  -29.412  68.989 0.0000000000
77675  -53.554  -31.093  67.670 0.0000000000
77650  -54.477  -30.671  68.428 0.0000000000
72317  -55.775  -34.111  65.736 0.0000000000
72330  -55.350  -34.260  65.625 0.0000000000
72331  -55.508  -34.149  65.408 0.0000000000
73697  -54.855  -33.709  63.665 0.0000000000
73698  -55.778  -33.535  64.442 0.0000000000
80428  -59.847  -29.224  63.258 0.0000000000
77743  -59.860  -30.559  64.101 0.0000000000
77731  -59.883  -31.438  64.532 0.0000000000
77744  -60.456  -31.149  63.787 0.0000000000
77781  -57.981  -30.785  60.474 0.0000000000
77780  -56.883  -30.755  60.487 0.0000000000
77796  -56.682  -30.745  59.463 0.0000000000
79209  -58.361  -29.539  56.838 0.0000000000
79222  -57.511  -30.082  56.416 0.0000000000
80583  -57.002  -29.357  56.698 0.0000000000
85906  -62.392  -24.712  56.198 0.0000000000
84543  -62.126  -25.352  56.313 0.0000000000
84557  -61.728  -25.127  55.890 0.0000000000
52730  -27.793  -49.211  81.591 0.0000000000
52877  -27.201  -48.832  76.261 0.0000000000
52876  -26.316  -48.906  75.944 0.0000000000
52890  -27.115  -48.664  75.405 0.0000000000
54193  -31.858  -47.803  74.499 0.0000000000
54210  -31.035  -48.136  73.709 0.0000000000
50190  -27.431  -50.987  71.107 0.0000000000
58195  -39.690  -44.722  72.964 0.0000000000
59578  -36.818  -43.749  68.233 0.0000000000
59577  -35.593  -43.945  68.048 0.0000000000
59602  -35.719  -43.662  66.854 0.0000000000
72244  -47.129  -34.586  69.391 0.0000000000
73551  -47.703  -34.328  70.122 0.0000000000
74847  -48.698  -33.322  70.971 0.0000000000
74860  -48.583  -32.782  70.604 0.0000000000
68244  -49.743  -37.720  71.666 0.0000000000
68225  -50.075  -37.178  72.136 0.0000000000
69545  -48.378  -36.608  70.724 0.0000000000
68260  -48.378  -37.617  70.463 0.0000000000
68279  -47.418  -37.752  69.231 0.0000000000
69567  -47.446  -36.681  69.486 0.0000000000
70904  -47.126  -35.745  69.393 0.0000000000
70903  -46.437  -36.049  68.916 0.0000000000
75061  -51.055  -33.110  58.517 0.0000000000
76397  -53.498  -31.286  57.572 0.0000000000
52826  -38.792  -49.215  78.143 0.0000000000
52844  -38.680  -48.609  77.269 0.0000000000
52880  -38.780  -48.313  76.015 0.0000000000
54175  -38.324  -48.061  75.695 0.0000000000
54199  -37.721  -47.666  74.782 0.0000000000
55498  -38.227  -47.313  74.362 0.0000000000
70990  -41.808  -35.014  61.091 0.0000000000
76272  -46.332  -31.193  64.969 0.0000000000
76273  -47.354  -30.970  64.487 0.0000000000
76276  -50.216  -32.347  64.653 0.0000000000
74951  -51.235  -32.689  65.247 0.0000000000
60687  -46.321  -43.840  75.472 0.0000000000
60708  -46.661  -42.900  75.232 0.0000000000
63214  -46.848  -41.474  73.375 0.0000000000
63192  -46.349  -41.821  74.335 0.0000000000
63238  -46.113  -41.439  72.588 0.0000000000
63268  -45.431  -41.623  71.734 0.0000000000
63269  -46.540  -41.690  71.602 0.0000000000
60832  -44.368  -43.229  68.383 0.0000000000
60856  -44.269  -43.799  68.372 0.0000000000
60855  -43.763  -43.586  68.199 0.0000000000
58262  -42.123  -45.338  67.351 0.0000000000
58281  -42.008  -45.600  66.697 0.0000000000
58282  -42.371  -46.321  66.281 0.0000000000
58300  -41.803  -45.793  65.629 0.0000000000
58309  -41.727  -46.186  65.119 0.0000000000
58299  -41.243  -45.358  65.243 0.0000000000
67131  -40.830  -38.451  64.012 0.0000000000
79010  -56.714  -29.472  69.359 0.0000000000
76193  -55.981  -31.009  69.341 0.0000000000
76206  -57.620  -31.515  68.227 0.0000000000
74888  -57.093  -32.346  68.344 0.0000000000
74915  -57.560  -32.506  67.488 0.0000000000
73608  -56.941  -33.352  67.222 0.0000000000
73609  -57.491  -32.978  66.703 0.0000000000
81813  -60.829  -27.572  61.498 0.0000000000
83056  -60.594  -26.971  61.818 0.0000000000
81791  -60.869  -28.184  61.653 0.0000000000
80492  -61.189  -28.811  61.567 0.0000000000
79161  -61.301  -29.769  61.809 0.0000000000
79184  -60.888  -29.925  59.279 0.0000000000
77816  -60.348  -30.131  59.252 0.0000000000
77799  -59.727  -30.370  59.807 0.0000000000
77815  -59.637  -30.172  58.777 0.0000000000
79210  -59.133  -29.611  56.929 0.0000000000
80570  -59.894  -28.807  57.049 0.0000000000
87221  -61.738  -23.393  54.862 0.0000000000
52763  -29.059  -48.759  80.700 0.0000000000
54057  -29.601  -48.488  80.198 0.0000000000
54103  -29.556  -48.788  78.614 0.0000000000
52822  -29.444  -48.912  78.974 0.0000000000
52860  -28.939  -48.654  77.718 0.0000000000
54143  -29.497  -48.493  77.279 0.0000000000
55529  -31.452  -47.493  71.603 0.0000000000
55528  -30.652  -47.690  71.801 0.0000000000
55537  -30.590  -47.622  70.913 0.0000000000
54261  -27.853  -49.017  69.739 0.0000000000
54276  -28.329  -49.288  69.193 0.0000000000
52942  -28.490  -49.714  68.805 0.0000000000
52943  -28.950  -49.666  68.065 0.0000000000
51528  -30.152  -50.649  67.395 0.0000000000
51516  -29.382  -50.591  67.863 0.0000000000
60806  -40.308  -43.311  69.394 0.0000000000
62074  -39.538  -42.826  69.816 0.0000000000
60831  -39.981  -43.908  68.988 0.0000000000
58261  -39.383  -45.443  67.824 0.0000000000
59581  -39.310  -44.521  68.243 0.0000000000
59606  -38.804  -44.801  67.771 0.0000000000
59605  -38.175  -44.564  67.599 0.0000000000
58260  -38.571  -45.474  67.325 0.0000000000
69635  -43.825  -36.095  64.785 0.0000000000
70970  -43.728  -35.465  64.398 0.0000000000
70951  -44.265  -35.481  65.167 0.0000000000
73631  -44.642  -34.136  65.987 0.0000000000
73632  -44.874  -33.715  66.331 0.0000000000
73653  -44.683  -33.394  65.898 0.0000000000
74932  -45.426  -32.731  66.974 0.0000000000
73584  -46.523  -33.723  68.136 0.0000000000
74908  -46.400  -32.628  67.774 0.0000000000
76222  -46.773  -31.525  67.819 0.0000000000
77694  -46.938  -30.895  67.394 0.0000000000
77671  -49.018  -29.828  67.020 0.0000000000
61949  -50.760  -41.595  73.611 0.0000000000
61982  -50.517  -41.685  73.303 0.0000000000
62013  -50.656  -41.764  72.758 0.0000000000
64532  -50.236  -41.654  71.290 0.0000000000
63290  -50.174  -42.433  71.116 0.0000000000
63289  -49.694  -42.227  70.722 0.0000000000
63307  -49.107  -42.463  70.288 0.0000000000
63306  -48.559  -42.004  70.030 0.0000000000
67067  -49.026  -39.090  70.546 0.0000000000
65829  -49.412  -39.945  70.618 0.0000000000
64544  -47.420  -40.798  69.616 0.0000000000
64543  -46.788  -41.028  69.259 0.0000000000
63304  -47.042  -41.795  69.316 0.0000000000
63324  -46.377  -41.719  68.857 0.0000000000
62094  -45.756  -42.611  68.533 0.0000000000
63337  -43.674  -41.512  67.634 0.0000000000
62131  -42.404  -42.513  67.119 0.0000000000
63352  -42.310  -41.613  66.855 0.0000000000
65865  -43.659  -39.743  67.094 0.0000000000
68293  -46.450  -37.677  68.239 0.0000000000
67102  -45.222  -38.464  67.465 0.0000000000
67108  -43.307  -38.411  66.124 0.0000000000
67120  -43.072  -38.038  65.557 0.0000000000
67119  -42.545  -38.387  65.191 0.0000000000
68308  -43.657  -37.666  65.822 0.0000000000
69617  -44.099  -36.435  65.333 0.0000000000
69616  -43.495  -36.623  64.970 0.0000000000
88452  -58.270  -22.605  57.879 0.0000000000
87176  -60.432  -23.735  56.964 0.0000000000
88462  -59.798  -22.611  56.883 0.0000000000
89789  -61.184  -21.325  56.178 0.0000000000
89790  -62.585  -21.665  55.286 0.0000000000
52800  -33.826  -48.601  79.923 0.0000000000
54082  -33.037  -48.487  79.199 0.0000000000
54083  -33.963  -48.203  79.068 0.0000000000
54130  -34.351  -47.949  77.168 0.0000000000
54147  -33.548  -47.821  76.327 0.0000000000
54170  -33.785  -47.798  75.386 0.0000000000
54150  -36.443  -48.138  76.119 0.0000000000
54132  -36.307  -47.905  76.871 0.0000000000
54172  -35.727  -47.668  75.415 0.0000000000
54212  -33.483  -47.605  73.868 0.0000000000
55511  -33.546  -47.538  73.338 0.0000000000
55521  -33.439  -47.453  72.599 0.0000000000
55540  -33.701  -46.699  70.774 0.0000000000
55553  -32.195  -46.577  69.567 0.0000000000
56897  -32.824  -46.249  69.441 0.0000000000
72328  -43.507  -34.617  63.979 0.0000000000
74994  -43.629  -32.869  63.024 0.0000000000
74999  -49.085  -32.496  62.370 0.0000000000
54180  -42.903  -47.416  76.184 0.0000000000
55482  -42.645  -47.092  75.796 0.0000000000
59436  -42.489  -44.996  75.157 0.0000000000
58155  -42.041  -45.272  74.969 0.0000000000
59457  -42.402  -44.675  74.676 0.0000000000
59484  -41.227  -44.334  73.831 0.0000000000
59485  -42.198  -44.096  73.998 0.0000000000
60706  -44.477  -43.217  74.681 0.0000000000
60734  -44.003  -42.758  74.034 0.0000000000
62036  -42.544  -42.103  71.636 0.0000000000
61974  -42.744  -42.637  73.409 0.0000000000
62007  -42.025  -42.482  72.728 0.0000000000
60753  -41.129  -42.707  72.665 0.0000000000
62055  -41.081  -42.545  70.679 0.0000000000
59563  -42.722  -45.060  69.549 0.0000000000
60808  -42.329  -44.005  69.534 0.0000000000
58220  -42.196  -45.902  69.494 0.0000000000
56902  -41.713  -46.733  69.379 0.0000000000
63272  -49.352  -41.783  71.762 0.0000000000
63241  -48.985  -41.560  72.354 0.0000000000
62042  -48.953  -42.300  71.256 0.0000000000
60787  -47.492  -43.714  70.415 0.0000000000
60786  -46.428  -43.930  70.503 0.0000000000
62059  -46.031  -43.329  70.652 0.0000000000
59543  -45.797  -44.664  70.363 0.0000000000
59583  -44.395  -44.776  68.446 0.0000000000
58240  -44.437  -45.530  68.539 0.0000000000
55577  -44.224  -47.020  68.812 0.0000000000
56926  -44.574  -46.345  68.942 0.0000000000
56905  -44.464  -46.444  69.576 0.0000000000
56889  -44.956  -46.012  70.165 0.0000000000
56888  -44.355  -46.230  70.072 0.0000000000
55557  -43.616  -47.597  69.137 0.0000000000
52962  -43.080  -49.218  67.538 0.0000000000
54266  -43.240  -48.630  69.152 0.0000000000
52947  -42.877  -49.224  68.699 0.0000000000
54282  -42.528  -48.959  68.891 0.0000000000
63350  -40.397  -41.604  66.405 0.0000000000
52702  -29.446  -48.878  82.813 0.0000000000
51393  -34.295  -49.173  81.956 0.0000000000
52804  -37.985  -49.142  78.937 0.0000000000
54137  -42.695  -47.897  77.602 0.0000000000
54115  -43.640  -47.576  77.788 0.0000000000
55464  -45.274  -46.644  76.987 0.0000000000
59404  -46.644  -44.410  77.504 0.0000000000
58076  -45.971  -45.118  77.641 0.0000000000
56798  -47.272  -46.031  77.264 0.0000000000
56815  -47.330  -46.165  76.907 0.0000000000
56799  -47.727  -45.951  77.059 0.0000000000
58131  -47.226  -45.243  76.467 0.0000000000
58101  -47.788  -45.381  76.876 0.0000000000
60648  -48.242  -43.487  76.955 0.0000000000
60649  -48.768  -42.942  76.365 0.0000000000
61904  -49.435  -42.171  75.510 0.0000000000
63151  -49.441  -41.627  75.570 0.0000000000
63172  -50.362  -41.518  74.860 0.0000000000
63171  -50.112  -41.339  75.209 0.0000000000
64469  -50.633  -40.280  74.699 0.0000000000
65761  -50.985  -39.587  74.385 0.0000000000
74837  -51.104  -32.333  73.148 0.0000000000
74836  -50.568  -32.770  72.537 0.0000000000
76164  -51.016  -31.890  73.290 0.0000000000
78963  -50.907  -29.708  73.508 0.0000000000
77612  -50.171  -30.367  72.497 0.0000000000
77622  -49.842  -30.672  72.023 0.0000000000
77611  -49.713  -30.179  72.117 0.0000000000
81591  -49.903  -27.747  71.609 0.0000000000
78987  -49.409  -29.315  71.547 0.0000000000
80293  -49.401  -28.484  71.159 0.0000000000
80302  -49.374  -28.493  70.165 0.0000000000
81635  -50.614  -27.808  69.440 0.0000000000
81634  -50.101  -28.156  69.365 0.0000000000
80316  -50.285  -28.459  68.970 0.0000000000
80335  -50.540  -28.917  68.198 0.0000000000
81620  -54.455  -26.971  70.525 0.0000000000
82922  -52.780  -26.912  69.995 0.0000000000
81637  -53.083  -27.818  69.601 0.0000000000
79026  -53.447  -29.296  68.495 0.0000000000
80337  -52.851  -28.480  68.858 0.0000000000
79025  -52.197  -29.519  68.004 0.0000000000
79049  -51.902  -30.045  67.374 0.0000000000
77673  -51.445  -30.357  67.020 0.0000000000
76224  -53.004  -31.798  67.317 0.0000000000
76247  -52.371  -31.813  66.814 0.0000000000
74934  -52.261  -32.275  66.349 0.0000000000
74953  -52.756  -33.080  65.766 0.0000000000
76227  -55.243  -32.220  67.917 0.0000000000
76226  -54.622  -31.755  67.881 0.0000000000
74912  -54.732  -32.925  67.506 0.0000000000
73634  -54.182  -33.457  66.322 0.0000000000
73655  -52.593  -33.326  65.069 0.0000000000
73676  -53.260  -33.754  64.331 0.0000000000
73695  -53.047  -33.879  63.365 0.0000000000
73710  -53.899  -33.691  62.448 0.0000000000
75017  -54.029  -32.751  62.125 0.0000000000
74954  -59.597  -32.805  65.211 0.0000000000
74940  -59.421  -32.875  65.793 0.0000000000
73662  -59.256  -33.394  65.310 0.0000000000
73661  -58.624  -33.462  65.482 0.0000000000
74968  -58.660  -33.055  64.489 0.0000000000
76330  -60.400  -31.292  62.107 0.0000000000
76312  -60.648  -31.346  62.564 0.0000000000
76329  -59.608  -31.412  62.169 0.0000000000
76327  -57.631  -31.304  62.157 0.0000000000
76309  -58.064  -31.711  62.917 0.0000000000
76293  -57.456  -32.197  63.585 0.0000000000
76291  -55.875  -32.349  63.360 0.0000000000
77778  -54.682  -30.754  61.186 0.0000000000
77762  -55.024  -30.852  61.748 0.0000000000
76363  -53.284  -31.161  59.651 0.0000000000
76382  -54.416  -30.977  58.566 0.0000000000
76399  -55.357  -31.405  57.689 0.0000000000
77827  -58.457  -30.638  57.670 0.0000000000
77826  -57.714  -31.027  57.363 0.0000000000
76429  -56.845  -31.325  56.364 0.0000000000
75089  -55.608  -31.821  56.514 0.0000000000
84511  -61.665  -26.069  57.953 0.0000000000
83127  -61.880  -26.287  57.524 0.0000000000
83126  -60.586  -26.850  57.067 0.0000000000
83125  -59.868  -27.002  57.165 0.0000000000
81859  -59.420  -27.844  57.409 0.0000000000
83124  -58.897  -26.887  57.224 0.0000000000
84539  -58.136  -25.352  56.860 0.0000000000
81857  -57.173  -27.809  57.358 0.0000000000
52838  -25.774  -49.281  77.635 0.0000000000
52818  -26.040  -48.919  78.474 0.0000000000
52837  -24.871  -49.504  77.401 0.0000000000
52874  -24.602  -49.775  75.429 0.0000000000
52887  -24.689  -50.065  74.517 0.0000000000
54223  -29.800  -48.037  72.635 0.0000000000
54221  -27.818  -48.287  72.815 0.0000000000
54207  -27.474  -48.418  73.896 0.0000000000
54206  -26.686  -48.704  74.114 0.0000000000
50226  -29.096  -51.521  69.479 0.0000000000
50208  -28.847  -51.600  70.197 0.0000000000
56852  -40.876  -46.413  75.144 0.0000000000
55501  -40.204  -46.815  75.102 0.0000000000
56851  -40.442  -46.430  74.728 0.0000000000
58179  -38.813  -45.822  73.260 0.0000000000
56865  -38.406  -46.393  73.335 0.0000000000
56864  -37.956  -46.487  73.050 0.0000000000
56872  -37.560  -46.366  72.724 0.0000000000
60804  -38.514  -43.499  69.720 0.0000000000
59538  -38.496  -44.069  70.889 0.0000000000
58207  -36.439  -44.773  70.343 0.0000000000
58208  -37.361  -44.754  70.812 0.0000000000
58200  -35.990  -45.385  71.293 0.0000000000
56887  -35.237  -45.841  71.150 0.0000000000
58216  -35.225  -45.591  69.796 0.0000000000
58235  -33.971  -45.077  67.856 0.0000000000
56921  -34.426  -45.746  68.786 0.0000000000
58234  -32.837  -45.318  67.957 0.0000000000
56984  -37.950  -46.883  65.517 0.0000000000
56983  -36.979  -46.822  65.520 0.0000000000
56982  -35.746  -46.850  65.578 0.0000000000
56981  -34.761  -46.255  65.577 0.0000000000
59644  -34.814  -44.656  65.581 0.0000000000
54321  -32.749  -47.916  65.669 0.0000000000
56979  -32.864  -46.295  65.378 0.0000000000
55619  -32.320  -47.148  65.497 0.0000000000
56978  -31.624  -46.244  65.700 0.0000000000
54320  -31.902  -47.866  65.697 0.0000000000
72225  -48.138  -34.876  70.595 0.0000000000
73531  -48.889  -33.791  71.256 0.0000000000
69527  -50.370  -36.366  72.349 0.0000000000
69526  -49.747  -36.582  71.909 0.0000000000
69525  -49.080  -36.314  71.254 0.0000000000
69544  -47.824  -36.434  70.228 0.0000000000
70885  -48.097  -35.794  70.680 0.0000000000
73732  -51.607  -34.243  59.568 0.0000000000
76361  -51.636  -31.724  59.084 0.0000000000
77809  -52.718  -31.126  59.148 0.0000000000
52863  -39.330  -48.560  76.770 0.0000000000
54153  -39.343  -48.371  76.335 0.0000000000
54176  -39.265  -47.981  75.787 0.0000000000
72349  -42.558  -34.435  62.284 0.0000000000
76260  -49.113  -31.051  65.312 0.0000000000
76261  -49.597  -31.379  65.210 0.0000000000
60709  -47.792  -42.907  74.997 0.0000000000
61978  -47.471  -41.776  73.970 0.0000000000
63215  -47.777  -41.445  73.234 0.0000000000
60873  -42.478  -43.222  67.449 0.0000000000
60853  -42.267  -43.999  67.478 0.0000000000
59628  -41.345  -44.411  66.663 0.0000000000
59654  -40.002  -44.500  64.737 0.0000000000
67141  -41.158  -37.592  63.748 0.0000000000
68337  -40.825  -37.212  63.168 0.0000000000
81814  -61.139  -28.035  60.976 0.0000000000
80520  -61.458  -28.997  60.786 0.0000000000
80539  -61.499  -29.084  59.618 0.0000000000
79200  -61.260  -29.425  58.934 0.0000000000
79213  -61.335  -29.271  58.110 0.0000000000
54058  -30.278  -48.509  80.327 0.0000000000
54078  -29.856  -48.518  79.755 0.0000000000
54079  -30.344  -48.597  79.624 0.0000000000
54104  -30.204  -48.763  78.853 0.0000000000
54126  -30.319  -48.315  77.950 0.0000000000
55551  -30.408  -47.587  69.852 0.0000000000
55571  -29.319  -48.203  68.093 0.0000000000
54289  -29.260  -48.805  67.719 0.0000000000
54300  -29.670  -48.688  66.941 0.0000000000
52969  -30.117  -49.256  66.696 0.0000000000
59582  -40.055  -44.644  68.630 0.0000000000
56923  -39.914  -46.117  68.035 0.0000000000
56944  -39.546  -46.350  67.453 0.0000000000
70934  -44.739  -35.483  66.004 0.0000000000
72268  -45.289  -34.754  66.677 0.0000000000
74872  -47.845  -32.565  69.651 0.0000000000
74885  -47.165  -32.536  68.929 0.0000000000
76201  -47.693  -31.469  68.730 0.0000000000
77646  -47.943  -30.962  68.639 0.0000000000
77647  -48.345  -30.543  68.706 0.0000000000
64484  -51.357  -40.939  73.482 0.0000000000
63243  -50.867  -41.428  72.415 0.0000000000
64498  -51.102  -40.763  72.459 0.0000000000
64517  -50.256  -40.814  71.480 0.0000000000
64531  -49.604  -41.058  70.995 0.0000000000
67065  -47.683  -38.971  69.901 0.0000000000
65827  -47.931  -39.432  69.989 0.0000000000
65857  -46.911  -39.523  69.154 0.0000000000
64560  -46.395  -40.563  68.837 0.0000000000
63339  -45.084  -41.119  68.284 0.0000000000
64571  -43.508  -40.532  67.396 0.0000000000
65875  -44.079  -39.172  66.902 0.0000000000
69579  -46.470  -36.752  68.247 0.0000000000
68311  -45.626  -37.178  67.001 0.0000000000
68322  -44.843  -37.098  65.955 0.0000000000
69618  -44.659  -36.469  65.786 0.0000000000
54084  -34.917  -48.255  78.844 0.0000000000
54109  -35.133  -48.071  77.954 0.0000000000
54197  -35.901  -47.550  74.619 0.0000000000
54214  -35.264  -47.620  73.726 0.0000000000
54226  -34.191  -47.650  72.843 0.0000000000
55522  -34.228  -47.382  72.341 0.0000000000
55541  -34.237  -46.464  70.835 0.0000000000
74961  -43.914  -33.245  64.413 0.0000000000
74995  -44.315  -32.261  63.239 0.0000000000
74981  -50.118  -32.800  63.605 0.0000000000
75000  -49.975  -32.693  62.610 0.0000000000
73707  -51.471  -33.581  62.029 0.0000000000
73708  -52.316  -33.896  62.200 0.0000000000
56835  -43.907  -46.152  76.145 0.0000000000
56834  -43.084  -46.359  75.732 0.0000000000
58127  -43.523  -45.491  75.680 0.0000000000
59437  -43.043  -44.588  75.395 0.0000000000
62010  -44.560  -41.916  73.118 0.0000000000
61975  -43.631  -42.445  73.462 0.0000000000
59540  -43.210  -44.338  69.802 0.0000000000
59564  -43.423  -45.247  69.907 0.0000000000
60811  -49.192  -43.268  70.526 0.0000000000
60788  -48.656  -43.446  70.492 0.0000000000
59567  -48.338  -43.894  69.990 0.0000000000
59565  -46.820  -44.181  69.664 0.0000000000
58265  -43.995  -46.076  68.250 0.0000000000
56947  -43.738  -46.741  68.013 0.0000000000
55576  -43.803  -47.577  68.545 0.0000000000
54312  -43.205  -48.572  67.300 0.0000000000
54087  -43.494  -47.439  78.367 0.0000000000
55413  -43.589  -46.853  78.954 0.0000000000
59405  -47.385  -44.562  77.241 0.0000000000
59406  -47.817  -44.552  77.071 0.0000000000
64449  -49.902  -40.617  75.136 0.0000000000
77601  -51.870  -30.475  74.473 0.0000000000
76153  -50.952  -31.098  73.700 0.0000000000
77600  -51.534  -30.350  74.163 0.0000000000
81605  -50.384  -26.953  71.488 0.0000000000
81617  -50.890  -27.136  70.406 0.0000000000
81636  -51.850  -27.508  69.475 0.0000000000
81621  -55.203  -27.394  70.510 0.0000000000
81639  -54.642  -27.664  70.388 0.0000000000
81638  -54.075  -27.742  70.075 0.0000000000
80318  -53.220  -28.306  69.272 0.0000000000
80319  -53.688  -28.593  69.264 0.0000000000
77649  -53.453  -30.308  68.050 0.0000000000
74910  -53.347  -32.209  67.251 0.0000000000
73607  -56.035  -33.470  67.457 0.0000000000
73635  -55.161  -33.733  66.651 0.0000000000
77732  -60.268  -31.750  64.361 0.0000000000
74970  -60.174  -32.317  63.756 0.0000000000
77766  -59.294  -31.090  61.343 0.0000000000
77765  -58.309  -30.944  61.360 0.0000000000
76326  -56.573  -31.174  62.291 0.0000000000
76347  -55.279  -30.729  59.966 0.0000000000
76365  -55.111  -30.768  59.576 0.0000000000
77795  -55.839  -30.710  59.320 0.0000000000
77811  -56.079  -30.825  58.670 0.0000000000
76384  -56.389  -31.068  58.259 0.0000000000
84526  -62.344  -25.224  56.790 0.0000000000
83128  -62.152  -25.740  56.996 0.0000000000
83151  -62.200  -25.459  56.666 0.0000000000
83148  -60.153  -26.357  56.756 0.0000000000
84538  -57.099  -25.355  56.654 0.0000000000
52729  -26.806  -49.348  81.526 0.0000000000
52840  -27.709  -48.641  78.143 0.0000000000
52819  -26.984  -48.685  78.767 0.0000000000
52856  -25.527  -49.153  76.662 0.0000000000
54146  -32.470  -47.758  76.464 0.0000000000
54145  -31.384  -48.021  76.640 0.0000000000
54245  -28.063  -48.687  70.809 0.0000000000
54233  -27.043  -48.688  71.745 0.0000000000
54232  -26.447  -49.055  72.416 0.0000000000
50171  -26.596  -51.156  72.147 0.0000000000
50189  -26.879  -50.895  71.550 0.0000000000
50173  -27.840  -51.494  71.521 0.0000000000
49019  -28.284  -51.713  71.432 0.0000000000
58181  -40.707  -45.356  74.132 0.0000000000
56867  -40.036  -46.352  74.287 0.0000000000
58180  -39.727  -45.510  73.539 0.0000000000
58194  -39.038  -45.115  72.991 0.0000000000
59510  -38.738  -44.891  72.558 0.0000000000
60803  -37.852  -43.574  69.289 0.0000000000
59559  -37.797  -44.008  69.878 0.0000000000
59558  -36.959  -43.830  69.432 0.0000000000
58218  -36.268  -44.409  69.543 0.0000000000
59576  -34.625  -44.201  67.887 0.0000000000
59601  -34.296  -44.373  67.119 0.0000000000
55604  -34.692  -47.645  66.015 0.0000000000
55621  -34.392  -46.851  65.719 0.0000000000
74873  -48.466  -32.177  69.920 0.0000000000
74874  -48.658  -31.714  70.031 0.0000000000
76183  -48.705  -31.172  70.425 0.0000000000
67055  -50.314  -39.276  71.714 0.0000000000
68245  -50.283  -38.469  71.810 0.0000000000
67092  -46.192  -38.549  68.481 0.0000000000
76378  -50.660  -31.961  57.420 0.0000000000
52824  -36.972  -48.139  78.112 0.0000000000
54151  -37.383  -48.211  76.137 0.0000000000
52862  -38.511  -48.368  76.386 0.0000000000
54152  -37.928  -48.297  76.022 0.0000000000
54198  -36.794  -47.650  74.713 0.0000000000
54216  -36.974  -47.422  73.994 0.0000000000
55512  -36.714  -46.934  73.492 0.0000000000
76259  -46.077  -31.259  65.958 0.0000000000
74979  -48.406  -32.381  62.989 0.0000000000
76290  -49.547  -32.407  63.889 0.0000000000
73654  -51.670  -33.272  64.856 0.0000000000
59440  -45.883  -44.532  75.776 0.0000000000
61942  -45.090  -42.678  74.551 0.0000000000
61943  -45.772  -42.180  74.563 0.0000000000
63212  -45.161  -41.798  73.599 0.0000000000
63237  -44.958  -41.701  72.838 0.0000000000
62038  -44.773  -42.138  71.400 0.0000000000
60767  -45.024  -42.990  70.937 0.0000000000
60834  -45.964  -43.578  68.621 0.0000000000
59610  -44.515  -44.211  68.447 0.0000000000
59609  -43.899  -44.536  68.345 0.0000000000
59607  -42.400  -44.737  67.704 0.0000000000
56987  -41.922  -46.834  65.424 0.0000000000
57006  -40.235  -46.244  63.881 0.0000000000
58317  -40.495  -45.520  64.232 0.0000000000
65898  -40.171  -39.297  64.379 0.0000000000
67138  -38.765  -38.903  63.227 0.0000000000
67139  -39.500  -38.560  63.169 0.0000000000
77637  -55.438  -30.534  69.258 0.0000000000
77651  -55.146  -31.047  68.722 0.0000000000
76204  -55.721  -31.655  68.616 0.0000000000
74886  -55.939  -32.271  68.391 0.0000000000
76195  -57.336  -31.077  69.028 0.0000000000
74887  -56.352  -32.331  68.418 0.0000000000
73636  -56.242  -33.783  66.625 0.0000000000
73659  -56.582  -33.912  65.863 0.0000000000
79142  -61.109  -30.220  62.771 0.0000000000
79123  -60.798  -30.570  63.229 0.0000000000
76332  -61.255  -31.034  61.941 0.0000000000
77768  -60.773  -30.900  61.515 0.0000000000
79172  -61.395  -29.951  60.723 0.0000000000
77784  -60.615  -30.601  60.853 0.0000000000
77783  -59.926  -30.686  60.650 0.0000000000
77814  -58.563  -30.548  58.604 0.0000000000
79198  -60.032  -29.702  57.938 0.0000000000
77838  -59.063  -30.257  57.164 0.0000000000
79224  -59.066  -30.121  56.796 0.0000000000
87211  -62.142  -23.850  55.393 0.0000000000
85920  -61.466  -24.724  55.755 0.0000000000
85919  -60.680  -24.230  55.685 0.0000000000
87190  -59.070  -24.078  56.123 0.0000000000
52794  -28.315  -48.698  79.747 0.0000000000
52821  -28.621  -48.798  78.860 0.0000000000
54124  -28.409  -48.692  78.504 0.0000000000
52859  -28.239  -48.652  77.415 0.0000000000
52878  -28.118  -48.696  76.477 0.0000000000
55509  -31.944  -47.628  73.167 0.0000000000
54225  -31.289  -47.886  73.175 0.0000000000
55518  -30.654  -47.815  72.319 0.0000000000
54236  -30.161  -47.945  72.143 0.0000000000
54263  -29.688  -47.952  70.411 0.0000000000
54246  -29.023  -48.267  71.025 0.0000000000
51500  -28.382  -50.463  69.200 0.0000000000
50238  -28.740  -51.060  69.036 0.0000000000
50239  -29.412  -51.325  68.641 0.0000000000
60764  -39.944  -43.376  71.118 0.0000000000
59525  -40.082  -43.879  71.563 0.0000000000
62053  -39.597  -42.867  70.471 0.0000000000
60778  -38.900  -43.170  70.314 0.0000000000
60830  -39.322  -43.962  68.973 0.0000000000
60829  -38.590  -43.804  68.798 0.0000000000
60828  -37.899  -43.655  68.640 0.0000000000
59579  -37.696  -43.935  68.069 0.0000000000
59604  -37.482  -44.265  67.296 0.0000000000
69641  -42.989  -36.072  63.497 0.0000000000
72329  -43.980  -34.652  64.691 0.0000000000
70933  -44.480  -35.040  65.556 0.0000000000
73673  -44.153  -33.962  64.977 0.0000000000
74949  -44.479  -33.189  65.419 0.0000000000
76258  -45.611  -32.019  66.320 0.0000000000
72256  -46.228  -34.610  67.809 0.0000000000
73605  -46.078  -33.741  67.622 0.0000000000
74907  -45.832  -33.203  67.424 0.0000000000
77711  -46.840  -30.758  66.348 0.0000000000
79071  -49.657  -29.737  66.989 0.0000000000
60712  -49.860  -42.073  74.518 0.0000000000
61947  -49.682  -41.910  74.166 0.0000000000
61981  -49.945  -41.818  73.162 0.0000000000
62011  -49.945  -41.943  72.083 0.0000000000
60770  -49.766  -42.913  71.176 0.0000000000
63273  -50.458  -41.868  71.753 0.0000000000
60789  -49.530  -43.130  70.903 0.0000000000
62079  -49.278  -43.000  70.328 0.0000000000
62078  -48.857  -43.033  69.793 0.0000000000
62096  -47.313  -43.146  69.226 0.0000000000
64530  -48.884  -40.920  70.433 0.0000000000
65841  -47.949  -40.106  69.802 0.0000000000
64545  -48.126  -40.926  70.066 0.0000000000
62076  -47.394  -42.532  69.308 0.0000000000
62093  -44.843  -42.519  68.388 0.0000000000
62092  -44.172  -42.796  68.315 0.0000000000
63322  -44.837  -41.764  68.311 0.0000000000
62111  -43.734  -42.504  68.016 0.0000000000
62129  -40.707  -42.581  66.635 0.0000000000
64570  -42.807  -40.869  67.093 0.0000000000
64581  -41.320  -40.540  66.203 0.0000000000
65872  -41.474  -39.808  65.644 0.0000000000
67101  -44.599  -38.723  67.032 0.0000000000
68302  -45.334  -37.641  67.135 0.0000000000
65885  -42.028  -39.197  65.138 0.0000000000
65900  -42.049  -38.498  64.859 0.0000000000
67133  -42.419  -37.802  64.933 0.0000000000
68320  -43.484  -37.251  65.383 0.0000000000
68332  -42.379  -37.021  64.542 0.0000000000
69633  -42.509  -36.511  63.813 0.0000000000
83108  -60.595  -26.205  58.932 0.0000000000
84509  -60.099  -25.603  58.690 0.0000000000
84523  -59.959  -25.131  58.172 0.0000000000
84524  -60.615  -25.254  57.834 0.0000000000
85883  -59.099  -24.025  57.727 0.0000000000
85885  -61.122  -24.556  57.297 0.0000000000
87177  -61.363  -24.058  56.724 0.0000000000
87192  -61.825  -23.805  56.148 0.0000000000
89773  -59.797  -21.011  57.277 0.0000000000
88477  -60.142  -21.950  56.623 0.0000000000
88478  -60.856  -22.598  56.295 0.0000000000
87193  -62.227  -24.332  55.975 0.0000000000
87222  -62.220  -23.139  54.765 0.0000000000
88497  -62.818  -22.294  54.686 0.0000000000
88504  -61.569  -22.789  54.565 0.0000000000
54081  -32.155  -48.612  79.373 0.0000000000
54169  -32.721  -47.847  75.446 0.0000000000
54171  -34.790  -47.660  75.366 0.0000000000
55496  -32.392  -47.625  73.868 0.0000000000
55520  -32.245  -47.494  72.437 0.0000000000
56918  -31.631  -46.332  68.393 0.0000000000
54293  -41.144  -48.470  67.090 0.0000000000
70980  -42.726  -35.433  63.230 0.0000000000
72340  -42.509  -34.911  62.941 0.0000000000
73692  -43.415  -33.724  63.523 0.0000000000
73705  -42.806  -33.745  61.983 0.0000000000
73714  -43.003  -33.159  61.655 0.0000000000
74978  -45.008  -32.148  63.963 0.0000000000
74996  -44.781  -32.183  63.607 0.0000000000
76302  -44.672  -32.032  62.898 0.0000000000
76320  -44.397  -31.982  62.284 0.0000000000
76319  -43.931  -32.128  62.017 0.0000000000
75013  -49.825  -32.724  61.684 0.0000000000
73725  -51.586  -34.285  60.266 0.0000000000
54156  -41.697  -47.855  77.037 0.0000000000
54178  -41.282  -47.848  76.140 0.0000000000
55481  -41.569  -47.033  75.634 0.0000000000
56832  -41.506  -46.243  75.402 0.0000000000
58125  -41.855  -45.784  75.365 0.0000000000
58154  -41.310  -45.724  74.852 0.0000000000
60752  -40.689  -43.487  72.755 0.0000000000
60685  -44.289  -44.002  75.471 0.0000000000
60705  -43.536  -43.754  75.107 0.0000000000
60732  -42.397  -43.220  73.832 0.0000000000
60731  -41.502  -43.260  73.455 0.0000000000
60765  -40.501  -43.317  71.790 0.0000000000
62034  -40.481  -42.751  71.141 0.0000000000
60780  -40.839  -42.987  70.012 0.0000000000
60807  -41.352  -43.722  69.406 0.0000000000
58219  -41.365  -45.750  69.151 0.0000000000
56901  -41.045  -46.603  69.127 0.0000000000
55575  -41.665  -48.117  68.732 0.0000000000
63216  -48.683  -41.476  73.106 0.0000000000
63240  -48.123  -41.498  72.388 0.0000000000
63270  -47.599  -41.797  71.669 0.0000000000
62061  -47.838  -42.952  70.634 0.0000000000
62040  -47.132  -42.350  71.041 0.0000000000
60768  -45.578  -43.158  70.760 0.0000000000
59585  -46.105  -44.285  68.869 0.0000000000
58242  -46.151  -44.556  69.099 0.0000000000
58213  -46.263  -44.757  69.802 0.0000000000
58223  -45.701  -45.290  69.631 0.0000000000
58212  -45.775  -45.212  70.069 0.0000000000
58211  -45.243  -45.409  70.271 0.0000000000
59542  -44.908  -44.723  70.437 0.0000000000
58222  -43.865  -45.871  70.143 0.0000000000
55556  -43.057  -47.868  69.492 0.0000000000
56903  -42.651  -46.878  69.457 0.0000000000
55555  -42.075  -47.728  69.208 0.0000000000
54264  -42.241  -48.533  68.986 0.0000000000
65897  -38.885  -39.862  64.537 0.0000000000
73512  -51.245  -33.281  72.910 0.0000000000
74827  -51.632  -32.691  73.575 0.0000000000
52703  -30.491  -48.792  82.887 0.0000000000
52765  -30.914  -48.606  81.056 0.0000000000
52766  -31.739  -48.657  80.748 0.0000000000
52735  -32.668  -48.665  81.800 0.0000000000
52768  -33.691  -48.496  80.845 0.0000000000
52769  -34.577  -48.524  80.696 0.0000000000
52771  -36.319  -49.058  80.105 0.0000000000
52772  -37.283  -49.200  79.915 0.0000000000
52846  -40.466  -48.666  77.937 0.0000000000
52865  -41.116  -48.816  77.202 0.0000000000
52866  -41.547  -48.358  77.534 0.0000000000
54157  -43.109  -47.654  76.665 0.0000000000
54158  -43.780  -47.491  76.791 0.0000000000
55462  -43.793  -47.272  76.628 0.0000000000
55484  -44.255  -46.712  76.542 0.0000000000
55485  -45.192  -46.433  76.696 0.0000000000
56837  -45.984  -45.565  76.519 0.0000000000
55465  -46.143  -46.252  77.038 0.0000000000
55487  -46.781  -46.260  76.850 0.0000000000
58156  -46.474  -45.042  76.357 0.0000000000
59460  -46.711  -44.842  76.219 0.0000000000
60664  -47.567  -44.239  76.272 0.0000000000
59421  -47.835  -44.477  76.737 0.0000000000
60690  -49.287  -42.647  75.109 0.0000000000
61887  -48.567  -42.452  76.633 0.0000000000
61888  -48.886  -42.325  75.878 0.0000000000
60667  -49.642  -42.361  75.122 0.0000000000
61924  -50.078  -41.991  74.754 0.0000000000
63194  -50.478  -41.599  74.385 0.0000000000
63173  -50.800  -41.256  74.386 0.0000000000
64470  -50.986  -40.431  74.494 0.0000000000
64471  -51.135  -40.736  74.090 0.0000000000
65780  -51.379  -40.056  73.528 0.0000000000
67039  -51.375  -39.353  73.030 0.0000000000
67002  -51.426  -38.699  74.078 0.0000000000
68206  -51.812  -37.769  73.637 0.0000000000
68227  -51.741  -37.793  72.937 0.0000000000
76163  -50.634  -31.590  72.937 0.0000000000
76173  -49.337  -31.624  71.283 0.0000000000
77630  -48.932  -30.333  70.608 0.0000000000
80270  -50.949  -28.482  73.904 0.0000000000
78995  -48.848  -30.059  70.285 0.0000000000
79004  -48.836  -29.954  69.826 0.0000000000
79022  -49.184  -29.212  68.717 0.0000000000
80315  -49.641  -28.573  69.272 0.0000000000
80356  -49.919  -29.001  67.992 0.0000000000
80357  -50.065  -29.163  67.771 0.0000000000
79047  -50.438  -29.553  67.341 0.0000000000
82921  -52.207  -26.626  70.183 0.0000000000
81652  -52.248  -28.017  68.935 0.0000000000
79024  -51.141  -29.239  67.892 0.0000000000
77672  -50.968  -29.986  66.949 0.0000000000
76245  -51.173  -31.226  66.020 0.0000000000
77700  -51.966  -31.396  66.819 0.0000000000
76263  -51.420  -32.246  65.574 0.0000000000
74911  -53.853  -32.423  67.311 0.0000000000
74937  -54.480  -33.305  66.851 0.0000000000
73633  -53.613  -33.195  66.374 0.0000000000
73709  -52.911  -34.216  62.548 0.0000000000
73696  -53.848  -34.039  63.329 0.0000000000
72343  -53.652  -34.155  62.590 0.0000000000
72357  -53.361  -34.292  61.865 0.0000000000
75030  -52.979  -32.879  61.310 0.0000000000
73638  -58.093  -33.071  66.004 0.0000000000
73660  -57.628  -33.452  65.665 0.0000000000
73680  -57.055  -33.449  65.081 0.0000000000
76296  -60.336  -31.777  63.335 0.0000000000
74989  -60.178  -32.198  63.538 0.0000000000
75006  -59.799  -32.365  63.322 0.0000000000
76310  -59.104  -32.037  62.839 0.0000000000
74987  -59.218  -32.483  63.638 0.0000000000
74986  -58.082  -32.597  64.121 0.0000000000
74985  -56.820  -32.903  64.373 0.0000000000
74984  -55.676  -32.842  63.586 0.0000000000
75004  -55.197  -32.693  63.145 0.0000000000
77752  -55.465  -31.188  62.259 0.0000000000
76306  -54.885  -31.636  62.373 0.0000000000
76324  -53.628  -32.230  61.525 0.0000000000
76344  -52.856  -31.960  60.291 0.0000000000
77794  -52.884  -31.312  59.569 0.0000000000
77810  -53.010  -31.121  59.285 0.0000000000
76381  -53.405  -31.013  58.618 0.0000000000
76413  -54.477  -31.733  56.851 0.0000000000
76385  -56.866  -31.073  58.278 0.0000000000
76416  -56.981  -31.366  57.051 0.0000000000
75088  -55.231  -32.004  56.370 0.0000000000
81875  -61.351  -26.789  57.101 0.0000000000
85904  -60.929  -25.142  56.105 0.0000000000
84522  -59.065  -26.269  57.030 0.0000000000
83146  -57.615  -25.883  57.160 0.0000000000
84521  -58.474  -26.097  57.184 0.0000000000
52761  -27.078  -49.243  80.540 0.0000000000
52792  -26.347  -48.818  79.421 0.0000000000
51443  -23.870  -50.473  76.281 0.0000000000
52855  -24.634  -49.541  76.443 0.0000000000
54144  -30.352  -48.364  76.882 0.0000000000
54165  -28.277  -48.617  75.823 0.0000000000
54209  -29.890  -48.090  73.587 0.0000000000
54188  -26.679  -48.728  74.513 0.0000000000
52895  -25.219  -49.883  73.638 0.0000000000
50207  -28.244  -51.322  70.335 0.0000000000
55479  -39.987  -47.518  75.516 0.0000000000
55499  -38.951  -47.273  74.608 0.0000000000
55515  -39.433  -46.963  74.252 0.0000000000
55513  -37.651  -46.796  73.650 0.0000000000
55525  -36.943  -46.601  73.087 0.0000000000
59524  -39.403  -44.122  71.455 0.0000000000
59523  -38.602  -44.632  71.970 0.0000000000
58202  -37.867  -45.157  71.545 0.0000000000
56880  -37.847  -45.844  72.319 0.0000000000
56879  -37.229  -45.802  72.119 0.0000000000
56878  -36.333  -45.944  72.043 0.0000000000
55534  -35.862  -46.388  72.086 0.0000000000
56876  -35.017  -46.200  71.481 0.0000000000
56886  -34.740  -46.029  70.730 0.0000000000
56885  -34.052  -46.161  70.316 0.0000000000
56922  -35.124  -45.680  69.019 0.0000000000
56898  -33.819  -46.058  69.486 0.0000000000
56919  -32.410  -45.913  68.536 0.0000000000
56942  -31.913  -45.869  67.938 0.0000000000
56941  -31.255  -46.081  67.436 0.0000000000
55607  -40.099  -47.138  67.024 0.0000000000
56965  -39.321  -46.710  66.683 0.0000000000
56986  -39.152  -46.784  66.129 0.0000000000
58280  -38.457  -45.809  66.821 0.0000000000
58279  -37.711  -45.395  66.552 0.0000000000
58278  -36.861  -44.913  66.367 0.0000000000
58297  -36.505  -45.557  65.834 0.0000000000
59626  -36.311  -44.233  66.253 0.0000000000
59625  -35.297  -43.960  66.078 0.0000000000
59624  -34.392  -44.252  66.212 0.0000000000
59623  -33.417  -44.618  66.152 0.0000000000
56980  -33.881  -46.245  65.422 0.0000000000
58294  -33.426  -45.485  65.439 0.0000000000
59641  -32.771  -45.106  65.863 0.0000000000
58292  -32.081  -45.625  65.937 0.0000000000
56960  -31.239  -46.125  66.561 0.0000000000
56959  -30.717  -46.630  66.287 0.0000000000
55601  -30.477  -47.472  66.148 0.0000000000
52970  -30.918  -49.274  66.565 0.0000000000
50224  -27.941  -51.084  69.976 0.0000000000
51462  -26.215  -50.791  72.199 0.0000000000
52796  -29.606  -48.691  79.404 0.0000000000
52797  -29.915  -48.654  79.445 0.0000000000
52842  -29.095  -48.794  78.415 0.0000000000
52848  -41.947  -48.460  78.001 0.0000000000
52861  -37.963  -48.345  76.295 0.0000000000
52894  -24.714  -50.328  74.009 0.0000000000
52932  -43.082  -49.057  69.086 0.0000000000
52933  -43.263  -49.096  68.922 0.0000000000
52946  -42.574  -49.053  68.622 0.0000000000
52948  -43.233  -49.182  68.360 0.0000000000
52953  -30.496  -49.942  66.955 0.0000000000
54077  -29.512  -48.551  79.723 0.0000000000
54101  -27.981  -48.644  78.533 0.0000000000
54102  -28.213  -48.680  78.655 0.0000000000
54111  -36.933  -48.012  77.487 0.0000000000
54123  -28.178  -48.644  78.388 0.0000000000
54201  -39.071  -47.497  75.157 0.0000000000
54283  -43.526  -48.603  68.790 0.0000000000
54319  -31.382  -47.767  65.809 0.0000000000
55447  -46.305  -46.146  77.167 0.0000000000
55448  -46.850  -46.121  77.276 0.0000000000
55466  -46.872  -46.321  77.108 0.0000000000
55497  -32.964  -47.633  73.908 0.0000000000
55500  -39.463  -47.175  75.056 0.0000000000
55502  -40.805  -46.867  75.446 0.0000000000
55589  -40.211  -46.929  67.576 0.0000000000
55600  -29.865  -47.863  66.748 0.0000000000
55602  -31.039  -47.627  65.845 0.0000000000
55618  -31.382  -47.255  65.652 0.0000000000
56816  -47.667  -45.913  76.658 0.0000000000
56839  -47.471  -45.727  76.513 0.0000000000
56853  -46.718  -45.458  76.480 0.0000000000
56854  -46.945  -45.573  76.482 0.0000000000
56873  -38.148  -46.224  72.712 0.0000000000
56890  -45.316  -45.688  70.118 0.0000000000
56900  -35.159  -45.576  69.404 0.0000000000
56925  -44.129  -46.839  68.578 0.0000000000
56927  -45.122  -45.847  69.460 0.0000000000
56940  -30.705  -46.425  66.916 0.0000000000
56962  -35.209  -47.281  65.879 0.0000000000
56964  -38.604  -46.301  66.429 0.0000000000
56977  -30.888  -46.927  65.755 0.0000000000
58077  -46.940  -45.261  77.260 0.0000000000
58100  -47.615  -45.145  76.698 0.0000000000
58130  -45.986  -44.876  76.196 0.0000000000
58132  -47.647  -45.572  76.620 0.0000000000
58157  -46.897  -45.222  76.421 0.0000000000
58178  -38.448  -46.067  72.900 0.0000000000
58199  -35.531  -45.615  71.209 0.0000000000
58205  -35.015  -45.693  70.172 0.0000000000
58206  -35.498  -45.544  70.486 0.0000000000
58224  -46.209  -44.684  69.381 0.0000000000
58233  -32.297  -45.620  67.947 0.0000000000
58239  -44.019  -45.123  68.414 0.0000000000
58255  -31.582  -45.839  66.879 0.0000000000
58258  -33.814  -44.714  67.160 0.0000000000
58275  -31.823  -45.732  66.379 0.0000000000
58276  -32.549  -45.264  66.264 0.0000000000
58277  -32.972  -44.845  66.320 0.0000000000
59459  -46.402  -44.713  76.043 0.0000000000
59486  -42.642  -43.593  74.176 0.0000000000
59537  -37.837  -44.319  70.479 0.0000000000
59539  -39.055  -43.956  71.060 0.0000000000
59546  -48.498  -43.779  70.133 0.0000000000
59587  -47.257  -43.921  69.518 0.0000000000
59600  -33.823  -44.554  66.692 0.0000000000
59622  -32.911  -44.865  66.014 0.0000000000
59627  -37.003  -44.445  66.709 0.0000000000
59642  -33.107  -44.946  65.675 0.0000000000
59643  -33.882  -44.743  65.542 0.0000000000
59645  -35.654  -44.718  65.775 0.0000000000
59664  -40.376  -44.880  64.331 0.0000000000
60646  -47.164  -43.883  77.469 0.0000000000
60684  -43.708  -44.253  75.448 0.0000000000
60691  -49.792  -42.216  74.772 0.0000000000
60766  -40.830  -42.921  72.228 0.0000000000
60771  -49.992  -42.869  71.245 0.0000000000
60790  -49.833  -43.166  71.106 0.0000000000
60802  -37.466  -43.555  69.034 0.0000000000
60810  -48.749  -43.652  70.053 0.0000000000
60825  -34.729  -43.943  67.368 0.0000000000
60826  -34.973  -43.807  67.704 0.0000000000
60852  -35.157  -43.733  67.247 0.0000000000
60868  -34.919  -43.935  66.403 0.0000000000
60869  -35.181  -43.779  66.657 0.0000000000
61905  -49.806  -42.149  75.220 0.0000000000
61977  -45.306  -41.826  74.003 0.0000000000
61980  -49.239  -41.683  73.675 0.0000000000
61983  -50.844  -41.605  73.267 0.0000000000
62009  -44.112  -41.892  72.732 0.0000000000
62033  -40.068  -42.872  70.828 0.0000000000
62041  -48.125  -42.322  71.159 0.0000000000
62043  -49.613  -42.379  71.419 0.0000000000
62044  -50.085  -42.393  71.467 0.0000000000
62052  -39.156  -42.790  70.106 0.0000000000
62062  -48.619  -42.858  70.899 0.0000000000
62064  -49.962  -42.974  71.048 0.0000000000
62073  -38.974  -42.952  69.858 0.0000000000
62075  -40.121  -42.708  69.986 0.0000000000
63193  -46.726  -41.727  74.037 0.0000000000
63195  -51.027  -41.345  74.207 0.0000000000
63236  -44.397  -41.666  72.381 0.0000000000
63242  -49.599  -41.737  72.440 0.0000000000
63244  -50.970  -41.599  72.924 0.0000000000
63266  -44.123  -41.577  72.149 0.0000000000
64451  -50.910  -40.955  74.651 0.0000000000
64499  -51.326  -41.187  72.914 0.0000000000
65840  -47.460  -39.660  69.613 0.0000000000
67078  -47.758  -38.551  69.873 0.0000000000
67149  -40.289  -37.424  62.783 0.0000000000
68346  -41.194  -36.649  62.901 0.0000000000
72290  -44.575  -34.587  65.767 0.0000000000
72293  -55.944  -34.037  66.148 0.0000000000
72316  -55.478  -34.202  66.092 0.0000000000
72350  -42.847  -34.219  62.679 0.0000000000
72351  -53.382  -34.285  62.188 0.0000000000
72352  -53.649  -34.163  62.197 0.0000000000
72358  -53.558  -34.282  62.007 0.0000000000
73530  -48.655  -33.618  70.961 0.0000000000
73553  -48.617  -33.901  70.956 0.0000000000
73640  -59.438  -33.168  65.482 0.0000000000
73658  -55.075  -34.307  65.837 0.0000000000
73663  -59.508  -33.151  65.110 0.0000000000
73679  -55.983  -33.831  65.220 0.0000000000
73681  -58.169  -33.468  65.055 0.0000000000
73682  -59.037  -33.436  64.943 0.0000000000
73683  -59.389  -33.278  64.958 0.0000000000
74913  -55.754  -32.712  68.035 0.0000000000
74939  -58.848  -32.760  66.148 0.0000000000
74966  -57.201  -33.203  64.737 0.0000000000
74988  -59.994  -32.342  63.482 0.0000000000
75002  -53.949  -33.118  62.302 0.0000000000
75005  -59.590  -32.291  63.179 0.0000000000
76225  -53.713  -31.796  67.555 0.0000000000
76243  -45.809  -32.133  66.855 0.0000000000
76250  -59.259  -32.375  65.988 0.0000000000
76265  -59.490  -32.354  65.446 0.0000000000
76278  -59.814  -32.158  64.747 0.0000000000
76295  -60.108  -32.062  63.283 0.0000000000
76313  -61.179  -31.108  62.191 0.0000000000
76331  -61.037  -31.179  61.959 0.0000000000
77629  -48.604  -30.451  70.124 0.0000000000
77638  -56.295  -30.370  69.462 0.0000000000
77668  -47.129  -31.105  67.889 0.0000000000
77745  -60.952  -30.984  63.046 0.0000000000
77753  -55.918  -31.192  62.318 0.0000000000
77754  -61.225  -30.710  62.375 0.0000000000
77769  -61.157  -30.661  61.724 0.0000000000
77801  -61.107  -30.338  60.447 0.0000000000
78974  -49.746  -29.660  72.160 0.0000000000
79006  -53.862  -29.077  68.893 0.0000000000
79121  -59.703  -29.687  63.476 0.0000000000
79160  -61.089  -29.173  62.009 0.0000000000
80303  -55.345  -28.140  70.331 0.0000000000
81874  -61.091  -27.010  57.189 0.0000000000
83150  -61.875  -26.156  56.849 0.0000000000
84423  -60.370  -26.497  62.164 0.0000000000
84542  -61.530  -25.420  56.260 0.0000000000
84544  -62.407  -25.104  56.399 0.0000000000
84558  -61.987  -25.142  55.861 0.0000000000
84559  -62.394  -25.017  55.983 0.0000000000
85884  -59.841  -24.470  57.772 0.0000000000
85886  -62.091  -24.622  56.699 0.0000000000
85905  -62.200  -24.402  56.270 0.0000000000
85921  -62.172  -24.714  55.802 0.0000000000
85922  -62.376  -24.758  55.939 0.0000000000
87174  -58.671  -23.505  57.758 0.0000000000
87191  -61.016  -23.496  56.498 0.0000000000
88461  -59.055  -22.849  57.515 0.0000000000
88505  -62.434  -22.462  54.536 0.0000000000
89788  -60.448  -21.695  56.500 0.0000000000
89804  -62.903  -22.204  54.874 0.0000000000
