#!ascii label  , from subject 3800 vox2ras=TkReg
1706
50114  8.689  -53.251  79.264 0.0000000000
85574  40.994  -27.589  59.753 0.0000000000
58078  26.371  -48.029  74.207 0.0000000000
61834  34.542  -44.938  78.714 0.0000000000
61928  19.460  -44.833  72.829 0.0000000000
57960  14.727  -47.938  82.603 0.0000000000
98465  51.364  -16.928  50.712 0.0000000000
94542  50.351  -20.354  62.126 0.0000000000
77028  34.545  -34.819  71.784 0.0000000000
103951  53.146  -12.871  39.622 0.0000000000
59294  24.762  -46.697  79.019 0.0000000000
55253  11.368  -50.328  80.122 0.0000000000
95900  51.793  -20.115  55.953 0.0000000000
94662  45.903  -21.383  55.326 0.0000000000
81446  42.190  -31.096  65.413 0.0000000000
85455  46.679  -27.357  65.628 0.0000000000
78615  38.279  -33.505  65.320 0.0000000000
64642  33.200  -43.236  73.934 0.0000000000
58039  31.528  -47.838  75.827 0.0000000000
61828  20.820  -45.540  79.117 0.0000000000
60470  19.188  -46.503  83.242 0.0000000000
60578  16.493  -46.941  76.860 0.0000000000
58064  13.186  -48.502  75.319 0.0000000000
61911  22.399  -44.579  74.253 0.0000000000
101137  56.374  -15.452  50.427 0.0000000000
97128  55.974  -18.628  56.369 0.0000000000
90710  45.492  -24.119  60.428 0.0000000000
78477  39.099  -34.375  71.656 0.0000000000
68708  36.526  -39.739  75.477 0.0000000000
101226  52.615  -15.476  44.391 0.0000000000
101237  57.215  -15.306  43.937 0.0000000000
103934  59.055  -13.796  40.276 0.0000000000
59264  24.103  -46.802  81.079 0.0000000000
52669  9.872  -51.636  79.536 0.0000000000
53878  10.273  -51.140  83.574 0.0000000000
51371  9.023  -52.617  82.876 0.0000000000
94739  46.164  -20.580  52.663 0.0000000000
78545  43.346  -32.956  68.227 0.0000000000
82763  45.319  -30.600  68.182 0.0000000000
46176  4.982  -57.360  79.431 0.0000000000
80087  38.146  -32.454  61.511 0.0000000000
59363  28.467  -47.338  72.792 0.0000000000
59349  30.761  -46.693  73.666 0.0000000000
58058  29.180  -48.524  74.918 0.0000000000
61896  20.052  -45.248  75.115 0.0000000000
60560  18.641  -46.069  78.292 0.0000000000
60626  17.651  -45.755  74.844 0.0000000000
64650  20.873  -43.785  74.135 0.0000000000
61881  21.702  -44.569  76.222 0.0000000000
59237  16.513  -47.347  82.484 0.0000000000
99804  53.620  -16.152  50.542 0.0000000000
98427  56.801  -17.723  53.263 0.0000000000
95934  55.158  -19.365  52.759 0.0000000000
93382  51.127  -21.111  58.820 0.0000000000
94580  54.064  -20.030  59.233 0.0000000000
89454  41.011  -25.107  56.929 0.0000000000
90752  43.155  -23.788  56.921 0.0000000000
89409  43.327  -25.594  60.362 0.0000000000
78535  34.688  -33.532  69.553 0.0000000000
78533  36.510  -34.139  69.346 0.0000000000
78480  36.534  -34.578  71.823 0.0000000000
63208  34.112  -43.990  75.744 0.0000000000
66004  34.764  -41.486  74.916 0.0000000000
63188  35.889  -43.007  77.292 0.0000000000
99834  49.506  -16.283  48.302 0.0000000000
102563  50.174  -14.510  45.195 0.0000000000
99844  51.698  -16.359  47.612 0.0000000000
99842  54.084  -16.406  47.629 0.0000000000
102692  57.742  -14.704  37.302 0.0000000000
102642  56.404  -14.973  40.083 0.0000000000
102609  58.504  -14.202  42.292 0.0000000000
102626  54.313  -15.161  41.404 0.0000000000
59321  25.805  -47.234  76.963 0.0000000000
56692  28.066  -49.374  77.395 0.0000000000
56653  27.335  -48.374  79.404 0.0000000000
56618  12.895  -49.055  81.767 0.0000000000
56541  13.540  -48.707  85.162 0.0000000000
56557  12.210  -49.542  85.148 0.0000000000
98468  48.551  -17.551  50.431 0.0000000000
95953  52.063  -20.054  52.445 0.0000000000
95956  49.208  -20.197  52.535 0.0000000000
94659  49.254  -20.840  55.814 0.0000000000
93385  48.509  -21.905  58.507 0.0000000000
82875  41.797  -29.429  62.503 0.0000000000
85506  43.389  -27.400  62.765 0.0000000000
82839  44.084  -29.333  64.755 0.0000000000
74197  34.071  -35.863  70.744 0.0000000000
64511  36.217  -43.123  80.813 0.0000000000
48814  7.622  -54.795  78.314 0.0000000000
48782  7.685  -54.172  82.344 0.0000000000
48797  6.033  -55.658  80.968 0.0000000000
84286  39.043  -29.000  58.875 0.0000000000
81514  40.105  -30.788  61.638 0.0000000000
80011  40.424  -32.203  65.371 0.0000000000
78547  40.967  -33.577  68.013 0.0000000000
63264  31.422  -44.530  72.253 0.0000000000
61892  32.445  -45.422  74.918 0.0000000000
60553  33.380  -46.231  77.286 0.0000000000
55296  31.364  -49.718  77.568 0.0000000000
56670  33.419  -48.522  78.666 0.0000000000
60508  22.552  -46.084  81.726 0.0000000000
59217  21.396  -46.720  83.820 0.0000000000
60511  19.690  -45.923  81.045 0.0000000000
59265  17.702  -46.500  79.984 0.0000000000
59268  15.321  -47.336  80.119 0.0000000000
60629  15.364  -46.850  74.089 0.0000000000
58043  14.556  -47.516  76.372 0.0000000000
58015  13.616  -48.385  78.595 0.0000000000
56682  12.177  -49.352  77.889 0.0000000000
54004  10.338  -51.073  76.941 0.0000000000
52712  9.427  -52.126  75.972 0.0000000000
60660  25.185  -46.239  71.976 0.0000000000
63305  22.542  -44.082  71.615 0.0000000000
60623  24.427  -46.309  73.979 0.0000000000
60591  23.109  -45.582  75.919 0.0000000000
60539  23.211  -45.947  79.624 0.0000000000
98401  58.219  -17.256  55.315 0.0000000000
95898  53.690  -19.733  55.717 0.0000000000
94641  43.367  -21.556  55.767 0.0000000000
92091  46.197  -23.000  57.826 0.0000000000
93333  47.932  -22.106  61.513 0.0000000000
88101  45.538  -25.219  63.635 0.0000000000
90660  47.452  -23.417  63.747 0.0000000000
78617  35.751  -33.979  65.582 0.0000000000
78549  38.668  -33.748  68.346 0.0000000000
78474  41.622  -33.693  72.109 0.0000000000
70129  34.628  -38.775  72.252 0.0000000000
72741  35.962  -37.158  73.569 0.0000000000
65942  37.918  -40.889  78.943 0.0000000000
70049  37.921  -38.356  76.817 0.0000000000
75581  36.518  -35.666  75.322 0.0000000000
76970  38.553  -34.978  75.044 0.0000000000
76969  40.949  -34.618  75.331 0.0000000000
102628  52.749  -14.633  41.979 0.0000000000
101224  54.492  -15.803  44.201 0.0000000000
101176  57.054  -15.347  47.455 0.0000000000
59212  24.410  -47.323  82.148 0.0000000000
51431  9.044  -52.631  78.774 0.0000000000
51388  9.143  -52.652  81.742 0.0000000000
51405  8.598  -53.058  81.148 0.0000000000
78507  43.704  -33.257  70.194 0.0000000000
78525  44.658  -32.481  69.518 0.0000000000
43399  4.440  -58.575  78.094 0.0000000000
58092  26.961  -48.134  73.433 0.0000000000
58090  28.906  -47.608  73.574 0.0000000000
56739  27.435  -48.549  74.854 0.0000000000
61912  19.555  -45.140  73.820 0.0000000000
61897  18.932  -45.517  75.863 0.0000000000
61913  18.439  -45.450  74.509 0.0000000000
64696  20.212  -43.637  71.932 0.0000000000
63255  20.144  -44.599  73.385 0.0000000000
63234  20.745  -44.384  74.687 0.0000000000
57959  15.618  -47.667  82.525 0.0000000000
57945  15.144  -47.688  83.399 0.0000000000
98445  52.644  -16.361  50.691 0.0000000000
97187  54.979  -18.735  50.875 0.0000000000
97189  53.001  -18.858  50.837 0.0000000000
94551  50.984  -20.345  61.072 0.0000000000
95811  51.705  -20.285  60.923 0.0000000000
86881  41.706  -26.646  57.729 0.0000000000
88188  42.466  -26.003  58.437 0.0000000000
86859  41.769  -26.596  59.696 0.0000000000
77040  33.296  -34.710  70.345 0.0000000000
77052  34.108  -34.200  70.716 0.0000000000
78498  35.690  -34.348  71.325 0.0000000000
77037  35.328  -34.385  71.802 0.0000000000
61853  34.685  -44.522  77.569 0.0000000000
63189  35.290  -43.720  77.282 0.0000000000
63171  35.283  -44.119  78.397 0.0000000000
99820  50.585  -15.943  49.917 0.0000000000
99845  50.500  -16.406  47.493 0.0000000000
101153  51.182  -15.694  49.764 0.0000000000
101151  52.568  -15.425  49.494 0.0000000000
103962  55.098  -14.088  37.877 0.0000000000
102662  54.327  -14.594  39.270 0.0000000000
102643  55.430  -15.204  40.421 0.0000000000
102645  53.593  -15.037  40.397 0.0000000000
59307  25.224  -46.848  77.718 0.0000000000
59305  26.341  -47.862  78.114 0.0000000000
59276  26.486  -47.783  79.150 0.0000000000
55252  11.966  -49.762  80.515 0.0000000000
56600  12.146  -49.292  83.158 0.0000000000
55218  11.191  -50.310  82.100 0.0000000000
52578  9.513  -51.608  85.354 0.0000000000
53843  10.738  -50.469  85.524 0.0000000000
98469  47.501  -17.665  50.319 0.0000000000
97192  49.398  -18.688  51.695 0.0000000000
97175  47.913  -19.258  51.985 0.0000000000
94717  46.478  -21.036  53.548 0.0000000000
94716  47.511  -21.009  53.706 0.0000000000
94660  48.074  -20.923  56.059 0.0000000000
95860  48.596  -20.564  57.273 0.0000000000
94618  46.820  -20.555  57.351 0.0000000000
81476  41.830  -30.330  63.496 0.0000000000
82857  42.922  -29.276  63.893 0.0000000000
82824  42.850  -30.054  65.169 0.0000000000
99810  48.065  -17.084  49.699 0.0000000000
48806  6.983  -55.301  79.079 0.0000000000
47512  6.494  -56.075  78.601 0.0000000000
82929  38.386  -29.734  58.753 0.0000000000
81545  39.482  -30.232  59.755 0.0000000000
81546  38.725  -30.739  59.698 0.0000000000
78668  38.057  -33.077  63.411 0.0000000000
78667  39.045  -32.637  63.416 0.0000000000
78614  39.277  -32.930  65.256 0.0000000000
78561  41.192  -32.857  66.974 0.0000000000
78562  40.012  -33.484  67.081 0.0000000000
61941  30.268  -45.576  72.142 0.0000000000
58056  31.314  -47.389  75.301 0.0000000000
60621  31.615  -45.925  74.222 0.0000000000
59319  32.284  -46.748  75.960 0.0000000000
60588  32.959  -45.825  76.154 0.0000000000
59304  33.112  -46.774  76.735 0.0000000000
55281  28.733  -49.687  78.419 0.0000000000
55298  29.442  -49.956  77.488 0.0000000000
55280  29.607  -50.120  78.368 0.0000000000
53946  32.668  -50.104  79.770 0.0000000000
57996  34.046  -47.850  79.873 0.0000000000
60526  21.340  -45.640  80.484 0.0000000000
60510  20.585  -45.845  81.303 0.0000000000
60542  20.285  -45.719  79.438 0.0000000000
60562  17.375  -46.559  77.788 0.0000000000
60545  18.025  -46.364  78.919 0.0000000000
59295  16.923  -46.907  78.418 0.0000000000
59281  16.260  -47.049  79.322 0.0000000000
59296  16.046  -47.141  77.918 0.0000000000
60663  15.753  -45.819  72.564 0.0000000000
58080  13.827  -47.892  73.885 0.0000000000
59340  14.278  -47.596  74.477 0.0000000000
58044  14.178  -48.138  76.054 0.0000000000
58027  14.511  -47.673  77.013 0.0000000000
58045  13.176  -48.650  76.506 0.0000000000
58016  12.933  -48.615  78.319 0.0000000000
58046  12.470  -48.895  76.783 0.0000000000
52711  9.851  -51.836  76.527 0.0000000000
60679  25.433  -46.203  70.969 0.0000000000
60680  24.623  -45.854  71.154 0.0000000000
64672  22.121  -42.894  72.720 0.0000000000
63287  22.430  -44.265  72.694 0.0000000000
61926  23.168  -45.361  72.851 0.0000000000
60625  22.813  -45.265  73.997 0.0000000000
60607  23.853  -45.868  75.081 0.0000000000
60592  22.596  -45.251  75.597 0.0000000000
61843  21.332  -44.960  78.106 0.0000000000
61842  22.134  -44.953  77.844 0.0000000000
61826  21.850  -45.013  78.578 0.0000000000
60525  22.367  -45.831  80.630 0.0000000000
60481  19.915  -46.463  82.836 0.0000000000
48777  6.954  -54.887  83.712 0.0000000000
48770  7.464  -54.452  84.304 0.0000000000
99790  57.952  -16.139  51.896 0.0000000000
98421  56.363  -17.975  54.720 0.0000000000
98419  57.937  -17.262  54.337 0.0000000000
97127  56.687  -18.043  55.889 0.0000000000
97117  56.980  -18.048  57.126 0.0000000000
94682  51.696  -20.417  54.723 0.0000000000
94710  53.028  -20.241  54.274 0.0000000000
95899  52.754  -20.201  55.713 0.0000000000
95839  54.570  -19.554  58.719 0.0000000000
89441  44.664  -24.511  58.583 0.0000000000
90750  45.047  -23.471  57.585 0.0000000000
90739  45.850  -23.857  58.643 0.0000000000
90737  47.286  -23.191  59.394 0.0000000000
92049  46.710  -22.943  60.864 0.0000000000
85471  44.794  -27.686  64.242 0.0000000000
86786  44.128  -26.622  63.036 0.0000000000
86761  45.965  -26.720  64.706 0.0000000000
77138  34.945  -33.923  66.098 0.0000000000
78513  37.385  -34.154  70.147 0.0000000000
78532  37.461  -34.027  69.275 0.0000000000
77035  38.965  -33.967  70.502 0.0000000000
78510  40.311  -33.752  70.140 0.0000000000
78476  39.953  -34.144  71.676 0.0000000000
64687  32.132  -43.261  72.017 0.0000000000
66029  33.264  -41.943  72.868 0.0000000000
66003  35.333  -41.176  75.450 0.0000000000
67387  34.646  -40.650  74.093 0.0000000000
68740  35.439  -39.445  74.099 0.0000000000
71444  35.645  -38.449  73.069 0.0000000000
70080  36.383  -38.800  74.907 0.0000000000
65930  37.118  -41.747  80.191 0.0000000000
72683  38.199  -36.756  76.834 0.0000000000
72697  36.427  -36.290  75.924 0.0000000000
75543  37.074  -35.786  76.334 0.0000000000
76972  37.372  -35.325  75.441 0.0000000000
76954  38.385  -35.270  76.250 0.0000000000
101208  51.242  -15.428  45.194 0.0000000000
102597  52.246  -14.749  43.312 0.0000000000
102595  53.766  -15.055  42.932 0.0000000000
101225  53.468  -15.637  44.156 0.0000000000
102516  54.755  -14.599  49.241 0.0000000000
99840  55.701  -16.082  47.487 0.0000000000
102514  56.711  -14.653  49.562 0.0000000000
102524  57.563  -14.477  48.891 0.0000000000
102658  58.345  -14.556  38.818 0.0000000000
102592  57.313  -14.804  43.131 0.0000000000
102559  58.752  -14.257  45.216 0.0000000000
102560  58.242  -14.796  46.032 0.0000000000
60538  24.267  -46.462  79.905 0.0000000000
59262  25.373  -47.634  80.240 0.0000000000
59248  25.073  -47.529  81.070 0.0000000000
53958  10.443  -51.308  79.913 0.0000000000
53916  10.845  -51.102  81.632 0.0000000000
52641  10.129  -51.893  81.512 0.0000000000
52606  9.426  -52.175  83.593 0.0000000000
52588  9.208  -52.362  84.801 0.0000000000
94740  45.107  -20.682  52.522 0.0000000000
94689  44.616  -21.390  54.130 0.0000000000
81412  43.161  -31.472  67.115 0.0000000000
81430  43.702  -30.628  66.625 0.0000000000
81392  44.274  -31.606  67.834 0.0000000000
79962  45.411  -31.582  69.474 0.0000000000
46185  5.861  -56.818  78.630 0.0000000000
44775  5.391  -57.519  78.320 0.0000000000
44767  4.502  -57.986  79.401 0.0000000000
80122  37.740  -31.674  59.718 0.0000000000
78669  36.943  -33.444  63.263 0.0000000000
60640  30.053  -46.142  72.793 0.0000000000
59362  29.343  -46.790  72.977 0.0000000000
58075  29.553  -47.921  74.207 0.0000000000
58040  30.860  -48.521  75.692 0.0000000000
61862  20.623  -45.020  77.456 0.0000000000
61845  19.971  -45.685  78.442 0.0000000000
60593  18.937  -45.651  77.021 0.0000000000
60594  18.366  -45.764  76.608 0.0000000000
60596  16.768  -46.349  76.189 0.0000000000
58082  12.419  -49.016  74.497 0.0000000000
56753  11.551  -49.034  73.650 0.0000000000
64695  21.038  -43.107  72.094 0.0000000000
64625  21.647  -43.881  74.159 0.0000000000
61880  22.222  -44.809  75.797 0.0000000000
63233  21.214  -44.278  74.935 0.0000000000
61882  20.857  -44.777  76.136 0.0000000000
59219  17.676  -47.064  83.280 0.0000000000
99802  55.855  -16.203  50.525 0.0000000000
98441  57.363  -16.831  51.694 0.0000000000
98443  55.948  -17.923  50.803 0.0000000000
97171  55.863  -18.848  52.350 0.0000000000
97151  55.325  -18.850  54.497 0.0000000000
94613  51.451  -20.632  57.717 0.0000000000
94611  53.092  -20.451  57.946 0.0000000000
94582  52.430  -20.613  59.505 0.0000000000
95809  53.543  -19.550  60.873 0.0000000000
92096  42.215  -22.981  56.921 0.0000000000
89452  42.670  -24.758  57.007 0.0000000000
88174  43.242  -25.465  58.772 0.0000000000
89408  43.978  -25.063  60.172 0.0000000000
86747  47.633  -26.596  66.136 0.0000000000
77100  34.056  -33.727  67.842 0.0000000000
77082  35.245  -33.771  67.858 0.0000000000
78534  35.669  -33.731  69.462 0.0000000000
78514  36.516  -34.132  70.253 0.0000000000
77024  38.047  -34.935  72.501 0.0000000000
63224  33.638  -43.730  75.093 0.0000000000
64641  33.717  -42.607  74.319 0.0000000000
64618  34.583  -42.598  75.254 0.0000000000
64603  35.336  -42.526  76.075 0.0000000000
65971  36.648  -41.659  76.843 0.0000000000
101183  48.317  -15.440  47.070 0.0000000000
103862  49.003  -13.859  45.906 0.0000000000
99859  49.322  -15.994  46.392 0.0000000000
101190  50.794  -15.902  45.841 0.0000000000
99874  52.265  -16.344  45.736 0.0000000000
99873  53.287  -16.546  45.806 0.0000000000
99843  52.891  -16.239  47.857 0.0000000000
102517  54.030  -14.911  49.262 0.0000000000
103973  55.620  -13.641  37.292 0.0000000000
102678  56.503  -14.893  38.168 0.0000000000
103935  58.026  -13.899  40.052 0.0000000000
103919  59.161  -13.932  41.311 0.0000000000
102623  57.316  -14.546  40.594 0.0000000000
102611  56.586  -14.577  41.999 0.0000000000
102593  55.899  -15.243  42.814 0.0000000000
58061  26.083  -47.892  75.320 0.0000000000
56729  26.877  -48.400  75.427 0.0000000000
58041  26.575  -48.213  76.526 0.0000000000
56674  27.433  -48.772  78.270 0.0000000000
56628  28.271  -49.365  79.729 0.0000000000
56617  13.592  -48.693  81.365 0.0000000000
57947  14.055  -48.363  83.303 0.0000000000
56599  12.778  -48.845  82.731 0.0000000000
56556  12.859  -49.086  84.671 0.0000000000
55180  11.060  -50.272  83.831 0.0000000000
55169  11.513  -49.953  85.651 0.0000000000
98466  50.480  -17.093  50.784 0.0000000000
97190  51.814  -18.596  51.236 0.0000000000
97191  50.507  -18.959  51.756 0.0000000000
95955  50.245  -19.758  52.384 0.0000000000
94713  50.361  -20.316  53.789 0.0000000000
95957  48.093  -20.071  52.300 0.0000000000
94714  49.395  -20.604  53.799 0.0000000000
94658  50.232  -20.367  55.798 0.0000000000
94615  49.888  -20.404  57.404 0.0000000000
93383  50.411  -21.248  58.659 0.0000000000
93348  49.716  -21.494  60.128 0.0000000000
84261  40.926  -28.532  60.390 0.0000000000
85532  41.996  -27.520  61.215 0.0000000000
84213  42.720  -28.318  62.668 0.0000000000
84195  43.653  -28.385  63.830 0.0000000000
84170  45.009  -28.748  65.472 0.0000000000
82805  44.758  -29.650  66.493 0.0000000000
84154  45.405  -29.102  66.374 0.0000000000
84152  46.653  -28.165  66.940 0.0000000000
74189  34.894  -35.750  71.739 0.0000000000
63139  35.899  -43.645  80.194 0.0000000000
102540  47.428  -14.666  47.341 0.0000000000
99835  48.493  -16.132  48.301 0.0000000000
99809  49.150  -16.946  49.928 0.0000000000
107693  54.393  -10.307  39.333 0.0000000000
107694  53.743  -10.785  39.660 0.0000000000
50130  8.276  -53.907  78.616 0.0000000000
50115  8.131  -53.809  79.845 0.0000000000
48805  7.608  -54.621  79.497 0.0000000000
48789  7.083  -54.783  81.747 0.0000000000
48784  6.272  -55.122  82.898 0.0000000000
46175  5.383  -56.591  79.845 0.0000000000
86873  40.056  -27.015  57.974 0.0000000000
85605  38.774  -27.638  57.573 0.0000000000
85575  40.437  -28.004  59.247 0.0000000000
82909  40.507  -29.352  60.391 0.0000000000
81513  40.847  -30.129  61.832 0.0000000000
81477  41.057  -31.123  63.682 0.0000000000
80086  38.831  -31.847  61.670 0.0000000000
80060  40.071  -31.749  63.354 0.0000000000
81447  41.528  -31.532  65.121 0.0000000000
79990  42.077  -32.435  66.699 0.0000000000
78546  42.170  -33.039  67.942 0.0000000000
78508  42.666  -33.657  70.263 0.0000000000
63246  32.315  -44.366  73.463 0.0000000000
60639  30.586  -45.970  73.284 0.0000000000
61908  32.221  -45.057  74.097 0.0000000000
61907  32.839  -44.514  74.463 0.0000000000
61891  33.264  -45.020  75.163 0.0000000000
60569  33.587  -45.596  77.160 0.0000000000
61835  33.934  -45.559  78.577 0.0000000000
56708  28.952  -49.335  76.302 0.0000000000
56707  30.189  -49.190  75.831 0.0000000000
56690  31.747  -49.203  76.906 0.0000000000
55263  31.112  -50.452  78.970 0.0000000000
55278  31.851  -49.823  78.273 0.0000000000
56689  32.409  -48.610  77.082 0.0000000000
58011  33.400  -47.789  78.194 0.0000000000
60537  33.566  -46.115  78.997 0.0000000000
61808  34.112  -45.425  80.186 0.0000000000
60491  22.692  -46.346  82.379 0.0000000000
60492  21.824  -46.188  82.720 0.0000000000
60493  20.753  -46.120  82.319 0.0000000000
60495  18.903  -46.316  81.674 0.0000000000
60543  19.484  -45.920  79.341 0.0000000000
60512  18.898  -46.026  80.738 0.0000000000
60496  18.286  -46.312  81.147 0.0000000000
59252  16.812  -46.966  81.245 0.0000000000
59253  15.752  -47.337  81.362 0.0000000000
59254  15.120  -47.517  80.910 0.0000000000
61930  17.316  -45.737  73.304 0.0000000000
60627  17.016  -46.087  74.298 0.0000000000
60597  15.920  -46.520  76.092 0.0000000000
60630  14.831  -47.109  74.018 0.0000000000
59338  15.038  -47.073  75.336 0.0000000000
59309  15.654  -47.183  76.779 0.0000000000
59297  15.074  -47.283  77.556 0.0000000000
58000  14.536  -47.811  79.304 0.0000000000
57988  14.139  -48.312  80.303 0.0000000000
56659  13.304  -48.751  79.605 0.0000000000
56660  12.578  -49.348  79.389 0.0000000000
53972  11.605  -50.315  78.866 0.0000000000
56715  11.890  -49.185  76.226 0.0000000000
55308  11.436  -50.296  77.456 0.0000000000
53973  11.126  -50.596  78.522 0.0000000000
53989  10.320  -51.058  78.018 0.0000000000
52697  9.353  -52.159  77.790 0.0000000000
51446  9.064  -52.564  77.859 0.0000000000
50160  8.550  -53.456  76.409 0.0000000000
50161  7.891  -54.454  76.100 0.0000000000
59394  27.119  -46.620  71.285 0.0000000000
59380  26.850  -47.086  71.840 0.0000000000
59365  26.185  -47.446  73.251 0.0000000000
60661  24.291  -45.866  72.099 0.0000000000
60641  24.700  -46.259  72.827 0.0000000000
59351  25.290  -47.226  74.326 0.0000000000
59337  25.149  -47.329  75.526 0.0000000000
59322  24.848  -47.007  76.688 0.0000000000
60571  24.677  -46.319  77.938 0.0000000000
61859  22.611  -45.246  76.504 0.0000000000
60573  23.251  -45.668  76.977 0.0000000000
60555  24.142  -46.219  78.652 0.0000000000
60507  23.283  -46.300  81.961 0.0000000000
50069  8.092  -53.563  82.928 0.0000000000
51351  8.205  -53.338  84.416 0.0000000000
98426  57.554  -17.118  53.458 0.0000000000
95952  53.264  -20.119  52.580 0.0000000000
95918  54.418  -19.492  54.212 0.0000000000
95875  55.252  -19.148  56.199 0.0000000000
95854  54.242  -19.597  57.566 0.0000000000
97119  55.006  -19.104  57.530 0.0000000000
97118  55.900  -18.736  57.473 0.0000000000
94690  43.611  -21.262  54.201 0.0000000000
95907  44.509  -21.484  55.721 0.0000000000
92105  43.257  -22.571  56.693 0.0000000000
93401  44.250  -22.057  56.840 0.0000000000
94619  45.800  -20.977  57.112 0.0000000000
93386  47.426  -21.803  58.186 0.0000000000
92046  48.795  -22.168  60.166 0.0000000000
93332  48.783  -21.390  61.773 0.0000000000
88120  42.850  -26.410  61.323 0.0000000000
88136  44.178  -25.238  61.428 0.0000000000
90679  45.195  -24.016  61.908 0.0000000000
88072  46.879  -25.701  64.818 0.0000000000
89364  46.611  -24.483  63.970 0.0000000000
90690  46.311  -23.442  62.152 0.0000000000
91992  47.537  -22.727  63.198 0.0000000000
93317  48.717  -21.658  62.682 0.0000000000
78647  36.266  -33.836  64.295 0.0000000000
78616  37.112  -33.947  65.378 0.0000000000
78565  36.641  -34.028  67.440 0.0000000000
78564  37.735  -34.082  67.368 0.0000000000
78563  38.742  -33.810  67.397 0.0000000000
78548  39.759  -33.670  68.201 0.0000000000
78509  41.597  -33.965  70.066 0.0000000000
78491  42.203  -33.665  71.277 0.0000000000
66016  33.860  -41.566  73.697 0.0000000000
71478  34.806  -37.956  71.379 0.0000000000
72761  35.232  -36.326  71.907 0.0000000000
74178  35.551  -35.838  72.924 0.0000000000
64564  36.529  -42.843  78.778 0.0000000000
64581  36.910  -41.768  78.031 0.0000000000
67340  37.577  -40.563  77.364 0.0000000000
68686  38.219  -39.411  78.169 0.0000000000
68707  37.271  -39.579  76.019 0.0000000000
71416  36.723  -37.656  75.208 0.0000000000
72727  35.773  -36.145  74.080 0.0000000000
75607  35.740  -35.315  73.246 0.0000000000
77010  36.230  -34.949  73.370 0.0000000000
77008  37.919  -35.264  73.354 0.0000000000
77007  38.863  -35.026  73.313 0.0000000000
76930  39.387  -35.378  77.035 0.0000000000
75578  39.750  -34.961  75.190 0.0000000000
77006  39.745  -34.445  73.344 0.0000000000
77004  41.627  -33.700  73.601 0.0000000000
106435  52.485  -11.710  40.404 0.0000000000
103937  52.679  -13.377  40.230 0.0000000000
102627  53.239  -14.690  41.499 0.0000000000
102594  54.697  -15.270  42.825 0.0000000000
101238  56.299  -15.396  43.745 0.0000000000
99872  54.479  -16.628  45.761 0.0000000000
99885  56.231  -16.469  45.690 0.0000000000
101203  57.692  -15.521  45.482 0.0000000000
102547  58.036  -14.820  47.153 0.0000000000
59214  23.184  -47.178  82.748 0.0000000000
59213  24.012  -47.235  82.436 0.0000000000
50129  8.764  -53.139  78.417 0.0000000000
51419  9.094  -52.679  79.690 0.0000000000
50097  8.687  -53.235  80.244 0.0000000000
78506  44.559  -32.795  70.086 0.0000000000
58077  27.228  -48.392  74.242 0.0000000000
56740  27.065  -48.410  74.834 0.0000000000
61929  18.545  -45.263  73.049 0.0000000000
57973  15.020  -47.901  81.593 0.0000000000
98464  52.339  -16.807  50.692 0.0000000000
97208  52.589  -17.864  50.588 0.0000000000
94552  50.322  -20.622  61.382 0.0000000000
95799  50.876  -20.144  61.706 0.0000000000
86872  40.870  -27.039  58.354 0.0000000000
86871  41.792  -26.446  58.657 0.0000000000
86860  41.214  -27.037  59.110 0.0000000000
77039  33.932  -34.663  70.979 0.0000000000
77038  34.688  -34.482  71.359 0.0000000000
77027  35.215  -34.637  72.478 0.0000000000
99807  50.943  -16.237  50.415 0.0000000000
101143  51.011  -15.797  50.130 0.0000000000
99805  52.415  -16.135  50.598 0.0000000000
103964  53.918  -12.968  38.740 0.0000000000
103950  53.662  -13.805  39.536 0.0000000000
102663  53.726  -14.754  39.660 0.0000000000
59293  25.614  -46.913  78.687 0.0000000000
55236  11.730  -49.774  81.638 0.0000000000
55237  11.363  -50.398  81.096 0.0000000000
98450  47.038  -18.192  50.877 0.0000000000
98449  47.973  -18.128  50.996 0.0000000000
94687  46.739  -21.279  54.569 0.0000000000
94661  46.915  -21.224  55.656 0.0000000000
94636  47.583  -20.473  56.897 0.0000000000
94637  46.792  -20.657  56.593 0.0000000000
82825  42.273  -30.343  64.883 0.0000000000
82841  42.513  -29.979  64.230 0.0000000000
47522  6.940  -55.789  77.444 0.0000000000
82930  37.670  -29.962  58.295 0.0000000000
81547  37.499  -30.827  58.731 0.0000000000
78645  38.639  -33.096  64.336 0.0000000000
78586  39.003  -33.241  66.307 0.0000000000
59320  31.661  -46.990  75.508 0.0000000000
58038  32.475  -47.747  76.494 0.0000000000
55265  28.742  -49.905  79.164 0.0000000000
55264  29.779  -50.388  79.309 0.0000000000
60541  21.047  -45.516  79.624 0.0000000000
60577  17.070  -46.334  77.044 0.0000000000
60563  16.847  -46.891  77.582 0.0000000000
58081  13.205  -48.447  74.076 0.0000000000
58063  13.797  -47.959  74.870 0.0000000000
58065  12.443  -48.874  75.809 0.0000000000
63270  22.181  -43.776  73.149 0.0000000000
63269  22.420  -44.352  73.530 0.0000000000
61927  22.767  -44.885  73.267 0.0000000000
61910  22.565  -44.716  73.916 0.0000000000
60608  22.835  -45.378  74.907 0.0000000000
61893  22.575  -44.930  74.399 0.0000000000
61827  21.297  -45.282  78.894 0.0000000000
60540  22.068  -45.332  79.367 0.0000000000
48771  6.676  -54.761  84.711 0.0000000000
101136  57.325  -15.379  50.728 0.0000000000
99800  57.519  -15.917  51.207 0.0000000000
97136  55.924  -18.186  55.234 0.0000000000
97135  56.530  -17.875  55.322 0.0000000000
94655  52.482  -20.234  55.332 0.0000000000
94656  52.097  -20.306  55.386 0.0000000000
90728  45.210  -24.244  60.027 0.0000000000
89427  45.579  -24.330  59.100 0.0000000000
90727  45.937  -24.085  59.605 0.0000000000
90726  46.713  -23.457  59.794 0.0000000000
90709  46.167  -23.474  60.691 0.0000000000
85470  45.526  -27.226  64.578 0.0000000000
86773  45.399  -26.722  64.177 0.0000000000
78590  34.763  -34.026  66.430 0.0000000000
78495  38.344  -34.220  70.812 0.0000000000
77022  39.845  -34.208  72.469 0.0000000000
64665  32.955  -42.888  73.060 0.0000000000
67369  35.931  -40.574  75.496 0.0000000000
68723  35.271  -40.042  74.263 0.0000000000
68722  35.853  -39.740  74.702 0.0000000000
70095  35.821  -38.773  74.101 0.0000000000
72673  38.671  -37.017  78.521 0.0000000000
74139  38.326  -36.149  77.081 0.0000000000
75528  38.330  -36.027  77.438 0.0000000000
76955  37.940  -35.558  76.441 0.0000000000
75541  38.323  -35.993  77.221 0.0000000000
101207  52.012  -15.621  44.945 0.0000000000
102578  51.398  -14.767  44.386 0.0000000000
102577  51.857  -14.963  44.103 0.0000000000
102576  52.730  -15.266  43.699 0.0000000000
102503  55.999  -14.989  49.989 0.0000000000
102515  55.706  -14.876  49.334 0.0000000000
102502  56.974  -14.769  50.290 0.0000000000
103947  58.893  -13.755  39.250 0.0000000000
103961  59.081  -14.217  38.432 0.0000000000
103946  59.818  -13.426  39.458 0.0000000000
103933  59.880  -13.425  40.580 0.0000000000
102574  58.332  -14.332  44.010 0.0000000000
101220  58.363  -14.696  44.701 0.0000000000
101221  57.849  -15.196  44.500 0.0000000000
60523  24.135  -46.661  80.629 0.0000000000
59263  24.666  -46.974  80.617 0.0000000000
59249  24.475  -47.012  81.446 0.0000000000
52654  10.442  -51.563  80.787 0.0000000000
52655  9.997  -51.718  80.421 0.0000000000
51370  9.463  -52.432  82.494 0.0000000000
51359  8.702  -52.777  83.879 0.0000000000
94741  44.181  -20.527  52.541 0.0000000000
94718  45.421  -21.179  53.318 0.0000000000
94719  44.361  -21.162  53.172 0.0000000000
79988  43.282  -31.789  67.386 0.0000000000
79974  43.822  -32.149  67.868 0.0000000000
44789  5.603  -57.493  77.062 0.0000000000
44777  4.156  -58.434  78.968 0.0000000000
59379  28.097  -46.858  71.993 0.0000000000
59378  28.812  -46.731  72.369 0.0000000000
58057  30.458  -47.901  75.089 0.0000000000
61883  19.713  -45.408  76.719 0.0000000000
60610  18.018  -45.737  75.619 0.0000000000
60595  17.510  -45.997  76.380 0.0000000000
60611  17.208  -45.986  75.451 0.0000000000
64675  20.379  -43.917  72.710 0.0000000000
64674  20.800  -43.661  73.069 0.0000000000
64649  21.294  -43.601  73.704 0.0000000000
64626  21.283  -43.918  74.456 0.0000000000
64627  21.008  -44.018  74.593 0.0000000000
61895  20.719  -44.701  75.331 0.0000000000
59220  16.781  -47.375  83.734 0.0000000000
99803  54.829  -16.237  50.370 0.0000000000
98461  55.548  -17.288  50.407 0.0000000000
95950  55.249  -19.266  51.823 0.0000000000
97186  55.795  -18.547  51.320 0.0000000000
97161  55.784  -18.786  53.428 0.0000000000
97162  55.018  -19.275  53.632 0.0000000000
94597  51.821  -20.793  58.635 0.0000000000
95810  52.486  -19.939  61.011 0.0000000000
89466  41.372  -24.412  56.651 0.0000000000
89453  41.790  -25.023  57.125 0.0000000000
88175  42.406  -25.916  59.341 0.0000000000
88187  43.256  -25.509  57.837 0.0000000000
88154  43.309  -25.542  59.657 0.0000000000
89429  43.984  -24.965  59.150 0.0000000000
78554  33.775  -33.663  68.385 0.0000000000
78553  34.839  -33.603  68.661 0.0000000000
78515  35.635  -33.892  70.413 0.0000000000
78497  36.494  -34.423  71.075 0.0000000000
78479  37.272  -34.711  71.751 0.0000000000
64619  34.064  -43.100  75.016 0.0000000000
63223  34.203  -43.382  75.485 0.0000000000
63206  35.485  -43.071  76.697 0.0000000000
64602  36.039  -42.422  76.732 0.0000000000
65987  35.883  -41.551  76.080 0.0000000000
101182  48.742  -16.060  47.145 0.0000000000
99860  48.856  -15.592  46.591 0.0000000000
99846  49.366  -16.294  47.160 0.0000000000
99857  51.341  -16.434  46.497 0.0000000000
99856  52.495  -16.693  46.709 0.0000000000
99831  52.549  -15.852  48.264 0.0000000000
101150  53.370  -15.296  49.156 0.0000000000
101140  53.430  -15.383  49.944 0.0000000000
101139  54.410  -15.429  50.203 0.0000000000
102679  55.431  -14.654  38.169 0.0000000000
102660  56.525  -15.181  39.053 0.0000000000
102659  57.465  -14.973  39.106 0.0000000000
102641  57.333  -14.656  39.799 0.0000000000
102625  55.447  -15.034  41.331 0.0000000000
102624  56.427  -14.795  41.011 0.0000000000
102612  55.184  -15.180  42.082 0.0000000000
59336  25.623  -47.493  76.204 0.0000000000
58025  26.529  -48.046  77.220 0.0000000000
58013  26.750  -47.994  78.710 0.0000000000
58012  26.719  -48.322  78.195 0.0000000000
56652  27.717  -48.408  79.105 0.0000000000
56651  28.301  -49.076  79.162 0.0000000000
56629  27.698  -48.809  79.844 0.0000000000
56598  13.468  -48.550  82.312 0.0000000000
56580  12.097  -49.354  84.156 0.0000000000
56579  12.782  -48.908  83.705 0.0000000000
56542  12.841  -48.988  85.647 0.0000000000
53897  10.418  -51.347  83.075 0.0000000000
53896  10.723  -50.818  82.606 0.0000000000
53877  10.602  -50.747  83.515 0.0000000000
98467  49.567  -17.384  50.577 0.0000000000
98447  50.008  -18.049  51.093 0.0000000000
97174  48.778  -19.290  52.157 0.0000000000
97173  49.723  -19.354  52.120 0.0000000000
94735  50.509  -20.180  53.002 0.0000000000
95939  49.862  -20.254  53.089 0.0000000000
95958  46.942  -19.731  52.021 0.0000000000
94738  47.267  -20.682  52.732 0.0000000000
94685  48.780  -20.784  54.856 0.0000000000
94715  48.461  -20.847  53.859 0.0000000000
94684  49.773  -20.455  54.798 0.0000000000
94635  49.726  -20.514  56.196 0.0000000000
95881  49.968  -20.321  56.487 0.0000000000
95882  49.082  -20.682  56.586 0.0000000000
94600  48.831  -20.941  57.915 0.0000000000
95842  49.239  -20.546  57.536 0.0000000000
93384  49.510  -21.441  58.604 0.0000000000
93368  50.124  -21.418  59.505 0.0000000000
93369  49.119  -21.874  59.540 0.0000000000
84236  41.385  -28.720  61.097 0.0000000000
84235  41.755  -28.241  61.522 0.0000000000
84214  42.075  -28.428  62.247 0.0000000000
82840  43.448  -29.473  64.518 0.0000000000
84184  43.402  -28.874  64.004 0.0000000000
84183  44.098  -28.715  64.333 0.0000000000
84182  44.694  -28.487  64.764 0.0000000000
81410  44.569  -30.876  67.619 0.0000000000
82786  44.119  -30.444  67.076 0.0000000000
82785  44.985  -30.278  67.440 0.0000000000
84136  45.945  -29.336  67.350 0.0000000000
84153  46.267  -28.545  66.575 0.0000000000
85427  46.991  -27.982  67.369 0.0000000000
74198  33.398  -35.480  70.078 0.0000000000
75627  33.550  -35.127  70.687 0.0000000000
101170  47.252  -15.275  48.003 0.0000000000
101184  47.734  -15.301  47.565 0.0000000000
101154  47.760  -15.990  48.515 0.0000000000
99822  48.623  -16.442  49.090 0.0000000000
47501  6.282  -55.573  80.104 0.0000000000
48796  6.652  -55.237  80.400 0.0000000000
48790  6.181  -55.457  81.683 0.0000000000
46186  5.321  -57.430  78.775 0.0000000000
86883  39.517  -26.705  57.228 0.0000000000
84307  38.595  -28.609  58.149 0.0000000000
84323  38.229  -28.218  57.496 0.0000000000
84306  39.360  -28.413  58.588 0.0000000000
85592  39.183  -27.895  58.234 0.0000000000
84285  39.866  -28.720  59.264 0.0000000000
84262  40.369  -28.912  59.913 0.0000000000
82910  39.986  -29.679  59.897 0.0000000000
81530  39.621  -30.489  60.410 0.0000000000
82891  40.271  -30.028  60.666 0.0000000000
81497  41.174  -30.384  62.584 0.0000000000
81498  40.376  -31.109  62.907 0.0000000000
80102  37.778  -32.281  60.628 0.0000000000
80101  38.484  -31.936  60.989 0.0000000000
80073  38.456  -32.408  62.172 0.0000000000
78643  39.966  -32.247  64.650 0.0000000000
80061  39.525  -32.073  63.098 0.0000000000
80047  40.123  -32.080  64.146 0.0000000000
80046  40.748  -31.753  64.352 0.0000000000
80028  40.960  -31.825  65.084 0.0000000000
80009  41.952  -32.025  65.939 0.0000000000
80010  41.050  -32.273  65.731 0.0000000000
78527  42.824  -33.373  69.240 0.0000000000
77066  42.286  -33.682  69.479 0.0000000000
63263  32.008  -44.226  72.745 0.0000000000
59361  30.137  -46.618  73.311 0.0000000000
61925  30.508  -45.679  72.870 0.0000000000
60605  32.030  -45.899  74.816 0.0000000000
61909  31.549  -45.499  73.764 0.0000000000
60570  33.159  -45.917  76.843 0.0000000000
60587  33.427  -45.467  76.541 0.0000000000
61854  34.099  -45.258  77.739 0.0000000000
60552  33.694  -46.079  77.981 0.0000000000
56709  27.861  -49.158  76.364 0.0000000000
55297  30.460  -49.938  77.548 0.0000000000
55316  29.574  -49.696  76.611 0.0000000000
55315  30.368  -49.704  76.689 0.0000000000
56706  31.176  -49.046  76.213 0.0000000000
55314  31.086  -49.619  76.925 0.0000000000
55261  32.822  -49.736  79.379 0.0000000000
55277  32.555  -49.613  78.682 0.0000000000
56650  33.022  -49.112  78.860 0.0000000000
56671  32.708  -48.806  78.094 0.0000000000
58024  32.989  -47.781  77.344 0.0000000000
59275  33.920  -46.926  79.417 0.0000000000
60522  33.857  -46.098  79.883 0.0000000000
59234  22.408  -46.543  82.898 0.0000000000
60509  21.563  -45.941  81.540 0.0000000000
60494  19.823  -46.120  81.967 0.0000000000
60559  19.422  -45.868  78.514 0.0000000000
60544  18.776  -46.122  79.121 0.0000000000
59279  17.801  -46.434  79.472 0.0000000000
60530  18.218  -46.248  79.654 0.0000000000
60513  18.244  -46.220  80.399 0.0000000000
59251  17.653  -46.589  80.846 0.0000000000
59236  17.852  -46.651  82.010 0.0000000000
59267  16.195  -47.105  80.471 0.0000000000
60646  15.567  -46.336  73.300 0.0000000000
60645  16.483  -46.085  73.331 0.0000000000
60628  16.167  -46.645  74.208 0.0000000000
60612  16.442  -46.386  75.262 0.0000000000
60613  15.656  -46.926  75.131 0.0000000000
60648  14.364  -46.966  73.256 0.0000000000
59325  14.650  -47.282  75.810 0.0000000000
59339  14.710  -47.310  74.860 0.0000000000
59324  15.212  -46.870  75.990 0.0000000000
59310  14.895  -47.223  76.592 0.0000000000
58028  13.776  -48.195  77.337 0.0000000000
58014  14.445  -47.725  78.107 0.0000000000
58001  13.973  -48.272  79.794 0.0000000000
56637  13.768  -48.568  80.465 0.0000000000
56697  12.405  -48.874  77.628 0.0000000000
56681  12.520  -48.920  78.318 0.0000000000
56661  12.238  -49.550  78.643 0.0000000000
55289  11.856  -50.088  78.337 0.0000000000
56743  11.784  -49.480  74.407 0.0000000000
56731  11.990  -49.449  75.272 0.0000000000
54003  11.029  -50.437  76.363 0.0000000000
54002  11.600  -49.994  76.688 0.0000000000
53988  10.964  -50.555  77.464 0.0000000000
55290  11.420  -50.285  77.833 0.0000000000
52696  9.748  -51.780  77.587 0.0000000000
51461  9.658  -52.191  77.094 0.0000000000
51462  9.218  -52.560  76.788 0.0000000000
50147  8.079  -54.181  77.374 0.0000000000
60659  26.015  -46.602  71.485 0.0000000000
59381  25.740  -46.865  72.346 0.0000000000
59382  25.197  -46.531  72.584 0.0000000000
61964  23.184  -44.837  71.382 0.0000000000
61963  23.882  -45.375  71.289 0.0000000000
60642  23.838  -45.794  73.075 0.0000000000
60606  24.523  -46.616  75.186 0.0000000000
60590  24.261  -46.025  76.287 0.0000000000
59323  24.387  -46.472  76.991 0.0000000000
59308  24.646  -46.542  77.420 0.0000000000
60572  24.100  -46.047  77.507 0.0000000000
63215  21.797  -44.463  75.674 0.0000000000
61860  22.184  -44.783  76.830 0.0000000000
60556  22.959  -45.556  78.235 0.0000000000
61841  22.628  -45.192  77.304 0.0000000000
59216  22.041  -46.621  83.554 0.0000000000
57919  14.183  -48.375  84.673 0.0000000000
57929  14.683  -47.906  84.127 0.0000000000
57904  14.157  -48.257  85.591 0.0000000000
48788  7.805  -54.137  81.472 0.0000000000
50098  8.231  -53.720  80.857 0.0000000000
50059  7.636  -53.770  84.755 0.0000000000
50062  7.954  -53.852  83.904 0.0000000000
51345  7.938  -53.288  85.470 0.0000000000
51344  8.570  -52.601  85.596 0.0000000000
51339  8.180  -52.763  86.573 0.0000000000
98434  57.344  -17.087  52.385 0.0000000000
95975  51.442  -19.533  51.879 0.0000000000
95974  52.497  -19.602  51.582 0.0000000000
95919  53.520  -19.811  54.773 0.0000000000
95936  53.586  -19.954  53.756 0.0000000000
95897  54.698  -19.266  55.371 0.0000000000
94595  53.457  -20.419  58.428 0.0000000000
95855  53.206  -20.260  57.497 0.0000000000
94594  54.119  -20.083  58.611 0.0000000000
97102  54.806  -19.282  58.093 0.0000000000
97101  55.526  -19.191  58.612 0.0000000000
94665  42.904  -21.305  55.088 0.0000000000
94691  42.623  -20.957  54.168 0.0000000000
94664  44.144  -21.458  55.289 0.0000000000
94640  44.049  -21.500  56.099 0.0000000000
90753  42.533  -23.428  56.780 0.0000000000
92095  42.861  -22.994  56.890 0.0000000000
92094  43.664  -22.836  57.052 0.0000000000
90749  45.776  -23.430  57.897 0.0000000000
92093  44.626  -22.686  57.320 0.0000000000
93400  45.140  -21.765  57.319 0.0000000000
94620  44.976  -21.555  56.824 0.0000000000
93388  45.942  -21.542  57.607 0.0000000000
93387  46.568  -21.548  57.947 0.0000000000
92081  46.619  -22.529  58.155 0.0000000000
92048  47.381  -22.856  60.474 0.0000000000
92069  47.766  -22.865  59.739 0.0000000000
92047  48.141  -22.493  60.304 0.0000000000
93350  48.405  -21.907  60.892 0.0000000000
85507  42.799  -27.604  62.233 0.0000000000
86828  42.351  -26.746  61.110 0.0000000000
86808  42.884  -26.837  61.684 0.0000000000
88102  44.955  -25.673  63.373 0.0000000000
88118  44.262  -25.811  62.112 0.0000000000
89394  44.595  -24.619  61.556 0.0000000000
89383  45.067  -24.717  62.556 0.0000000000
90645  47.443  -23.878  64.290 0.0000000000
89352  46.949  -24.727  64.445 0.0000000000
90661  46.853  -23.836  63.504 0.0000000000
90662  46.153  -24.112  63.073 0.0000000000
91993  46.867  -23.253  63.025 0.0000000000
92008  46.902  -23.162  62.441 0.0000000000
78552  35.623  -33.795  68.460 0.0000000000
78566  35.479  -33.960  67.491 0.0000000000
78551  36.540  -34.001  68.410 0.0000000000
78531  38.431  -33.676  69.274 0.0000000000
78550  37.675  -33.824  68.261 0.0000000000
77081  38.176  -33.805  68.021 0.0000000000
77096  38.203  -33.878  67.709 0.0000000000
78530  39.479  -33.642  69.251 0.0000000000
78492  41.076  -33.897  71.098 0.0000000000
64640  34.388  -42.097  74.645 0.0000000000
66015  34.251  -41.578  74.264 0.0000000000
68760  34.534  -39.673  72.921 0.0000000000
67407  34.599  -40.189  73.465 0.0000000000
68777  34.161  -39.405  72.309 0.0000000000
70130  34.148  -39.100  71.948 0.0000000000
71443  36.168  -38.078  73.266 0.0000000000
71460  35.984  -37.630  72.730 0.0000000000
72760  35.662  -36.884  72.496 0.0000000000
74188  35.376  -35.992  72.252 0.0000000000
72742  35.792  -36.368  73.569 0.0000000000
63156  35.970  -43.650  79.127 0.0000000000
64547  36.268  -42.944  79.727 0.0000000000
65943  37.551  -41.445  79.206 0.0000000000
64563  36.996  -42.038  78.570 0.0000000000
65957  37.419  -41.369  78.184 0.0000000000
65970  37.024  -41.486  77.527 0.0000000000
67328  37.722  -40.854  78.137 0.0000000000
70035  38.339  -38.537  77.709 0.0000000000
68695  38.021  -39.395  77.254 0.0000000000
70064  37.568  -38.438  76.369 0.0000000000
70065  37.204  -38.438  75.872 0.0000000000
71403  37.142  -37.481  75.965 0.0000000000
74155  36.241  -35.881  75.842 0.0000000000
72712  36.322  -36.238  75.403 0.0000000000
74163  36.250  -35.946  74.990 0.0000000000
75597  35.981  -35.644  73.854 0.0000000000
75596  36.327  -35.575  74.338 0.0000000000
76991  36.723  -35.275  74.365 0.0000000000
76971  38.054  -35.128  75.258 0.0000000000
76990  37.192  -35.201  74.342 0.0000000000
76989  37.882  -35.268  74.285 0.0000000000
76988  38.737  -34.968  74.293 0.0000000000
76909  39.937  -34.751  77.859 0.0000000000
75558  40.143  -34.842  75.685 0.0000000000
75577  40.377  -34.935  75.066 0.0000000000
75594  39.996  -34.842  74.671 0.0000000000
76986  40.575  -34.532  74.378 0.0000000000
77005  40.806  -33.865  73.264 0.0000000000
76985  41.533  -33.893  74.141 0.0000000000
107686  52.643  -10.884  40.591 0.0000000000
102564  49.454  -14.412  45.813 0.0000000000
103861  49.801  -13.540  45.160 0.0000000000
103923  52.335  -13.954  41.543 0.0000000000
105225  52.197  -12.589  40.851 0.0000000000
103922  52.900  -14.250  41.285 0.0000000000
101240  54.165  -15.422  43.481 0.0000000000
101239  55.171  -15.517  43.531 0.0000000000
101223  55.503  -15.885  44.351 0.0000000000
99855  53.643  -16.743  46.764 0.0000000000
99854  54.722  -16.728  46.827 0.0000000000
101177  56.079  -15.626  47.570 0.0000000000
99852  56.096  -16.166  47.192 0.0000000000
101189  56.666  -15.867  46.863 0.0000000000
101204  56.948  -16.116  45.972 0.0000000000
101188  57.481  -15.435  46.509 0.0000000000
102536  57.357  -14.761  48.096 0.0000000000
102523  58.491  -14.174  49.163 0.0000000000
103984  56.856  -13.422  36.362 0.0000000000
103997  57.170  -12.594  35.855 0.0000000000
102706  57.897  -14.260  36.462 0.0000000000
103907  58.411  -14.120  41.857 0.0000000000
59231  24.296  -46.938  82.097 0.0000000000
52670  9.397  -52.107  79.156 0.0000000000
52656  9.332  -52.016  80.057 0.0000000000
51404  9.057  -52.634  80.620 0.0000000000
50080  8.666  -53.054  81.892 0.0000000000
78526  43.991  -32.734  69.148 0.0000000000
79964  44.310  -32.410  68.433 0.0000000000
59364  27.430  -47.572  72.722 0.0000000000
58091  27.909  -47.985  73.489 0.0000000000
58076  28.313  -48.365  74.438 0.0000000000
58059  28.477  -48.779  75.018 0.0000000000
61914  17.600  -45.706  74.258 0.0000000000
63271  20.439  -44.137  73.135 0.0000000000
63254  20.518  -44.083  73.833 0.0000000000
63235  20.287  -44.726  74.164 0.0000000000
57958  16.080  -47.623  82.781 0.0000000000
57944  16.032  -47.640  83.351 0.0000000000
57928  15.618  -47.574  84.426 0.0000000000
99792  53.068  -16.098  50.722 0.0000000000
98462  54.232  -17.153  50.296 0.0000000000
97207  53.608  -18.004  50.474 0.0000000000
97188  54.078  -18.839  50.777 0.0000000000
95972  54.624  -19.323  51.297 0.0000000000
94565  51.230  -20.688  60.388 0.0000000000
94564  52.098  -20.538  60.328 0.0000000000
95798  51.708  -19.840  61.652 0.0000000000
88199  41.383  -25.952  57.130 0.0000000000
88198  42.402  -25.808  57.542 0.0000000000
88189  42.044  -26.003  58.921 0.0000000000
86858  42.358  -26.271  59.873 0.0000000000
78517  33.913  -33.886  70.350 0.0000000000
78516  34.664  -33.979  70.586 0.0000000000
77026  36.132  -34.585  72.422 0.0000000000
61872  34.764  -44.205  76.841 0.0000000000
63207  34.737  -43.546  76.218 0.0000000000
63170  36.035  -43.391  78.062 0.0000000000
99833  50.981  -16.139  48.841 0.0000000000
101166  51.916  -15.644  49.100 0.0000000000
99832  52.107  -15.921  48.373 0.0000000000
101152  51.774  -15.466  49.749 0.0000000000
101130  52.632  -15.902  50.546 0.0000000000
102680  54.789  -14.646  38.716 0.0000000000
102661  55.284  -15.196  39.364 0.0000000000
101291  54.588  -15.291  39.767 0.0000000000
101274  54.257  -15.353  40.180 0.0000000000
58026  26.173  -47.564  77.088 0.0000000000
59306  26.002  -47.410  77.790 0.0000000000
59292  26.380  -47.600  78.702 0.0000000000
57998  26.957  -48.088  79.127 0.0000000000
56639  12.307  -49.408  81.341 0.0000000000
56619  12.203  -49.299  82.201 0.0000000000
55217  11.618  -49.757  82.609 0.0000000000
55198  11.529  -49.779  83.564 0.0000000000
53844  10.106  -51.061  84.984 0.0000000000
98448  49.005  -18.168  50.961 0.0000000000
97193  48.402  -18.678  51.598 0.0000000000
94686  47.729  -20.931  54.789 0.0000000000
95904  48.526  -20.819  56.456 0.0000000000
95883  48.284  -20.636  56.761 0.0000000000
95861  48.028  -20.530  57.100 0.0000000000
94601  47.964  -21.129  57.924 0.0000000000
81496  41.770  -29.920  62.972 0.0000000000
82858  42.343  -29.522  63.298 0.0000000000
82823  44.154  -29.776  65.519 0.0000000000
82762  46.052  -30.126  68.567 0.0000000000
48825  7.144  -55.433  77.579 0.0000000000
48815  7.110  -55.424  78.047 0.0000000000
47506  6.357  -55.674  79.622 0.0000000000
82950  37.963  -29.340  58.071 0.0000000000
82928  39.319  -29.740  59.275 0.0000000000
81531  39.057  -31.243  60.904 0.0000000000
78688  38.477  -32.654  62.772 0.0000000000
78644  39.576  -32.578  64.368 0.0000000000
78613  39.929  -32.386  65.106 0.0000000000
78584  40.958  -32.664  66.224 0.0000000000
78585  40.163  -32.658  66.046 0.0000000000
61940  30.813  -44.835  71.863 0.0000000000
59335  30.953  -47.118  74.287 0.0000000000
59348  31.247  -46.497  74.106 0.0000000000
59334  31.481  -46.801  74.809 0.0000000000
59333  31.974  -46.442  75.323 0.0000000000
60604  32.485  -45.879  75.404 0.0000000000
55299  28.629  -49.608  77.794 0.0000000000
56691  28.854  -49.814  77.071 0.0000000000
55279  30.718  -50.162  78.312 0.0000000000
55260  33.236  -49.498  79.704 0.0000000000
56649  33.646  -48.918  79.425 0.0000000000
60527  20.405  -45.650  80.363 0.0000000000
60528  19.572  -45.758  80.158 0.0000000000
60561  17.966  -46.298  78.034 0.0000000000
60546  17.506  -46.553  78.502 0.0000000000
59280  17.304  -46.655  79.271 0.0000000000
59266  17.029  -46.948  80.191 0.0000000000
59282  15.211  -47.264  78.748 0.0000000000
58093  13.721  -47.568  73.328 0.0000000000
59353  14.201  -47.412  73.674 0.0000000000
59326  14.304  -47.597  75.238 0.0000000000
58029  12.813  -48.573  77.609 0.0000000000
58030  12.486  -48.835  77.293 0.0000000000
56698  12.252  -49.219  77.094 0.0000000000
54017  10.399  -51.093  75.612 0.0000000000
52727  9.769  -51.723  75.708 0.0000000000
63288  22.283  -43.507  72.317 0.0000000000
61943  22.850  -44.866  72.315 0.0000000000
60643  23.140  -45.509  73.435 0.0000000000
60624  23.447  -45.786  74.086 0.0000000000
61861  21.497  -44.716  77.135 0.0000000000
60557  22.228  -45.162  78.518 0.0000000000
48783  7.093  -54.626  82.792 0.0000000000
48776  7.584  -54.300  83.318 0.0000000000
50060  7.055  -54.147  85.109 0.0000000000
97149  56.591  -18.024  53.867 0.0000000000
98420  56.863  -17.694  54.286 0.0000000000
98402  57.104  -17.547  55.205 0.0000000000
98384  57.515  -17.745  56.114 0.0000000000
95937  51.717  -20.244  53.198 0.0000000000
94733  52.437  -20.242  53.134 0.0000000000
94711  52.244  -20.456  53.938 0.0000000000
95920  53.174  -19.992  55.279 0.0000000000
95827  53.673  -19.797  59.950 0.0000000000
93419  42.359  -21.910  55.778 0.0000000000
90741  44.575  -24.110  57.935 0.0000000000
90751  44.073  -23.751  57.421 0.0000000000
90748  46.296  -23.309  58.216 0.0000000000
90738  46.754  -23.460  58.848 0.0000000000
90707  47.183  -23.124  60.295 0.0000000000
92023  47.276  -22.604  61.197 0.0000000000
85485  43.770  -27.646  63.428 0.0000000000
86787  43.626  -27.051  62.969 0.0000000000
85484  44.382  -27.167  63.589 0.0000000000
88089  45.238  -26.184  63.881 0.0000000000
91978  48.008  -23.241  64.021 0.0000000000
78618  34.748  -34.003  65.545 0.0000000000
77115  35.451  -33.915  66.143 0.0000000000
78512  38.275  -33.883  70.108 0.0000000000
78511  39.169  -33.761  70.210 0.0000000000
78493  40.095  -33.960  70.958 0.0000000000
78475  40.718  -33.855  71.816 0.0000000000
67370  35.255  -40.586  74.866 0.0000000000
68741  34.969  -39.682  73.693 0.0000000000
70113  35.175  -38.905  73.098 0.0000000000
70096  35.345  -39.049  73.727 0.0000000000
71431  36.258  -37.792  74.424 0.0000000000
64528  36.576  -42.505  80.419 0.0000000000
65913  36.900  -41.892  81.034 0.0000000000
67313  37.450  -41.053  80.058 0.0000000000
71389  38.363  -37.649  77.232 0.0000000000
71390  37.684  -37.469  76.564 0.0000000000
74148  36.647  -35.863  76.251 0.0000000000
75561  36.684  -35.647  75.952 0.0000000000
76973  36.765  -35.440  75.023 0.0000000000
75560  37.237  -35.547  76.114 0.0000000000
102562  50.951  -14.735  44.721 0.0000000000
103860  50.656  -14.098  44.679 0.0000000000
103859  50.957  -14.352  44.511 0.0000000000
103909  51.858  -14.143  42.806 0.0000000000
102615  52.525  -14.597  42.529 0.0000000000
102614  53.179  -14.929  42.377 0.0000000000
102596  52.956  -15.024  43.042 0.0000000000
101241  53.415  -15.308  43.423 0.0000000000
102527  54.472  -14.805  48.811 0.0000000000
99841  55.032  -16.364  47.617 0.0000000000
102526  55.416  -14.874  48.699 0.0000000000
102538  55.624  -15.291  48.233 0.0000000000
102537  56.321  -15.093  48.147 0.0000000000
102525  56.507  -14.841  48.786 0.0000000000
102676  58.525  -14.617  37.947 0.0000000000
102691  58.711  -14.395  37.077 0.0000000000
103960  59.810  -13.761  38.296 0.0000000000
102610  57.819  -14.308  42.297 0.0000000000
102591  58.489  -14.360  42.858 0.0000000000
103872  59.245  -13.678  44.494 0.0000000000
59278  25.052  -47.093  79.621 0.0000000000
59230  24.652  -47.472  81.701 0.0000000000
53937  11.024  -51.211  80.555 0.0000000000
52640  10.643  -51.473  81.123 0.0000000000
53917  10.445  -51.441  82.307 0.0000000000
51387  9.718  -52.310  82.115 0.0000000000
52622  10.074  -52.139  82.750 0.0000000000
52605  9.993  -51.548  83.586 0.0000000000
52587  9.696  -51.583  84.382 0.0000000000
52579  8.902  -51.976  85.728 0.0000000000
95959  45.742  -19.844  52.185 0.0000000000
94688  45.727  -21.370  54.318 0.0000000000
81445  43.347  -30.636  65.836 0.0000000000
81431  42.924  -31.232  66.544 0.0000000000
81411  43.918  -31.120  67.383 0.0000000000
81391  44.773  -31.155  68.124 0.0000000000
79963  44.690  -31.912  69.013 0.0000000000
81370  45.240  -31.264  68.912 0.0000000000
46197  6.058  -56.973  77.529 0.0000000000
44783  5.630  -57.369  77.837 0.0000000000
44784  5.089  -57.948  77.661 0.0000000000
44776  4.904  -57.948  78.684 0.0000000000
44758  4.406  -57.833  80.124 0.0000000000
78689  37.728  -32.935  62.377 0.0000000000
78646  37.526  -33.482  64.334 0.0000000000
58088  30.319  -47.038  73.567 0.0000000000
58089  29.815  -47.278  73.538 0.0000000000
58074  30.417  -47.454  73.949 0.0000000000
61844  20.545  -45.444  78.525 0.0000000000
61863  19.890  -45.459  77.909 0.0000000000
60574  19.170  -45.698  77.670 0.0000000000
61884  18.997  -45.606  76.557 0.0000000000
60575  18.462  -45.906  77.489 0.0000000000
60576  17.740  -46.045  77.254 0.0000000000
58094  13.190  -47.952  72.939 0.0000000000
64673  21.497  -43.024  72.800 0.0000000000
64648  21.818  -43.529  73.466 0.0000000000
63253  22.135  -44.172  74.064 0.0000000000
61894  22.354  -44.706  74.845 0.0000000000
63232  21.753  -44.333  74.954 0.0000000000
63216  21.410  -44.454  75.567 0.0000000000
63217  21.011  -44.490  75.349 0.0000000000
101138  55.394  -15.481  50.251 0.0000000000
99801  56.824  -16.274  50.771 0.0000000000
98460  56.279  -16.817  50.628 0.0000000000
98442  56.644  -17.402  51.290 0.0000000000
98435  56.738  -17.780  52.348 0.0000000000
97205  55.459  -18.220  50.585 0.0000000000
97185  56.362  -18.250  51.998 0.0000000000
97170  56.350  -18.308  52.831 0.0000000000
97160  56.402  -18.290  53.553 0.0000000000
97150  56.227  -18.318  54.261 0.0000000000
95879  51.452  -20.298  56.508 0.0000000000
95878  52.456  -20.265  56.538 0.0000000000
95856  52.016  -20.402  57.189 0.0000000000
94596  52.756  -20.677  58.787 0.0000000000
94581  53.302  -20.401  59.388 0.0000000000
94563  52.971  -20.194  60.222 0.0000000000
90764  41.912  -23.648  56.612 0.0000000000
90763  42.534  -24.025  56.625 0.0000000000
89451  43.404  -24.666  57.391 0.0000000000
88197  43.025  -25.277  57.349 0.0000000000
89442  43.878  -24.688  58.167 0.0000000000
89428  44.922  -24.526  59.499 0.0000000000
89407  44.697  -24.378  60.556 0.0000000000
85442  46.838  -27.647  66.359 0.0000000000
86748  46.973  -27.087  65.843 0.0000000000
77099  34.400  -33.760  67.639 0.0000000000
78567  34.480  -33.970  67.159 0.0000000000
77083  34.898  -33.710  68.032 0.0000000000
78496  37.349  -34.433  70.952 0.0000000000
78478  38.172  -34.565  71.696 0.0000000000
63244  33.304  -43.519  74.385 0.0000000000
65988  35.189  -41.874  75.551 0.0000000000
67354  36.805  -40.648  76.331 0.0000000000
102549  48.535  -14.521  46.470 0.0000000000
101192  49.276  -15.078  46.314 0.0000000000
101191  49.963  -15.626  45.984 0.0000000000
99858  50.194  -16.266  46.522 0.0000000000
101209  50.474  -15.239  45.374 0.0000000000
99875  51.526  -16.046  45.604 0.0000000000
101206  52.976  -15.805  45.090 0.0000000000
101180  53.716  -15.833  48.220 0.0000000000
101165  52.731  -15.598  48.622 0.0000000000
101164  53.503  -15.449  48.655 0.0000000000
101163  54.170  -15.350  48.593 0.0000000000
102504  55.051  -14.959  49.829 0.0000000000
103972  56.211  -13.221  36.845 0.0000000000
103985  56.340  -14.186  36.934 0.0000000000
102694  56.099  -14.560  37.428 0.0000000000
102693  56.845  -14.677  37.519 0.0000000000
102677  57.456  -14.858  38.306 0.0000000000
103948  58.091  -14.382  39.488 0.0000000000
103920  58.163  -14.181  41.059 0.0000000000
103908  57.636  -14.242  41.757 0.0000000000
103921  57.248  -14.466  41.341 0.0000000000
56730  26.428  -48.129  75.813 0.0000000000
56710  27.021  -48.587  76.335 0.0000000000
56693  27.139  -48.853  77.326 0.0000000000
56673  28.126  -49.153  78.419 0.0000000000
59277  25.962  -47.564  79.406 0.0000000000
57999  26.497  -48.077  79.479 0.0000000000
57985  27.015  -48.517  79.856 0.0000000000
57969  27.140  -48.625  80.407 0.0000000000
57984  27.337  -48.707  80.230 0.0000000000
57974  14.150  -48.214  81.956 0.0000000000
57961  14.070  -48.297  82.794 0.0000000000
56578  13.510  -48.526  83.270 0.0000000000
56555  13.496  -48.663  84.219 0.0000000000
55199  11.020  -50.187  83.027 0.0000000000
55179  11.476  -50.086  84.617 0.0000000000
53856  10.742  -50.616  84.484 0.0000000000
53842  11.272  -50.334  85.198 0.0000000000
97209  51.778  -17.617  50.760 0.0000000000
98446  50.985  -17.804  51.166 0.0000000000
95976  50.818  -19.578  52.138 0.0000000000
95954  51.109  -20.050  52.637 0.0000000000
95938  51.241  -20.226  53.236 0.0000000000
94712  51.266  -20.249  53.847 0.0000000000
94683  50.752  -20.380  54.738 0.0000000000
95977  46.764  -19.161  51.501 0.0000000000
94737  48.286  -20.727  52.943 0.0000000000
95940  49.374  -20.453  53.126 0.0000000000
95901  50.950  -20.184  56.089 0.0000000000
95880  50.650  -20.283  56.540 0.0000000000
94614  50.506  -20.494  57.534 0.0000000000
94598  50.845  -20.840  58.172 0.0000000000
95859  49.481  -20.361  57.129 0.0000000000
94599  49.820  -20.684  57.943 0.0000000000
93367  50.836  -21.272  59.269 0.0000000000
94584  50.809  -21.079  59.857 0.0000000000
94566  50.309  -21.054  60.557 0.0000000000
94567  49.879  -21.028  61.131 0.0000000000
85573  41.522  -27.228  60.209 0.0000000000
84260  41.547  -28.046  60.852 0.0000000000
85508  42.134  -27.778  61.821 0.0000000000
85486  43.196  -27.956  62.836 0.0000000000
84197  42.388  -28.872  62.807 0.0000000000
84196  43.065  -28.628  63.324 0.0000000000
85472  44.042  -28.092  63.990 0.0000000000
85457  45.053  -28.129  64.969 0.0000000000
85456  45.885  -27.713  65.283 0.0000000000
81444  43.965  -30.446  66.087 0.0000000000
82784  45.822  -29.868  67.815 0.0000000000
84137  45.229  -29.546  66.941 0.0000000000
82822  44.833  -29.329  65.956 0.0000000000
84169  45.782  -28.477  65.913 0.0000000000
85443  46.271  -28.172  65.964 0.0000000000
75626  34.277  -35.153  71.426 0.0000000000
61807  34.706  -44.957  80.338 0.0000000000
63157  35.236  -44.463  79.587 0.0000000000
63140  35.409  -44.446  80.620 0.0000000000
102539  48.047  -14.781  46.948 0.0000000000
101169  47.960  -15.812  47.804 0.0000000000
99821  49.871  -16.542  49.402 0.0000000000
99808  50.089  -16.599  50.255 0.0000000000
106450  53.571  -11.504  39.487 0.0000000000
105239  53.263  -11.954  39.602 0.0000000000
48795  7.552  -54.350  80.628 0.0000000000
46184  6.275  -56.458  78.393 0.0000000000
47507  5.996  -56.199  79.301 0.0000000000
47502  5.875  -55.884  80.311 0.0000000000
47494  5.498  -56.193  81.519 0.0000000000
47486  5.565  -55.861  82.578 0.0000000000
47480  5.431  -55.698  83.688 0.0000000000
88200  40.210  -25.752  56.743 0.0000000000
86882  40.659  -26.570  57.477 0.0000000000
85590  40.682  -27.486  59.017 0.0000000000
85604  39.507  -27.404  57.920 0.0000000000
85591  39.976  -27.735  58.579 0.0000000000
84284  40.475  -28.327  59.742 0.0000000000
82890  40.869  -29.564  61.195 0.0000000000
82876  41.259  -29.733  61.953 0.0000000000
81459  41.912  -30.744  64.385 0.0000000000
80121  38.399  -31.620  60.354 0.0000000000
81515  39.386  -31.410  61.520 0.0000000000
80072  39.019  -32.047  62.548 0.0000000000
80071  39.771  -31.578  62.586 0.0000000000
81478  40.508  -31.445  63.378 0.0000000000
81460  41.390  -31.350  64.680 0.0000000000
81432  42.376  -31.546  66.092 0.0000000000
80008  42.392  -31.799  66.498 0.0000000000
79975  42.975  -32.461  67.528 0.0000000000
79991  41.474  -32.551  66.270 0.0000000000
78560  41.999  -32.838  67.181 0.0000000000
78490  43.368  -33.371  71.316 0.0000000000
64666  32.444  -43.565  72.738 0.0000000000
63262  32.563  -43.833  73.168 0.0000000000
61924  31.161  -45.125  73.095 0.0000000000
60622  31.141  -45.914  73.703 0.0000000000
61923  31.918  -44.706  73.358 0.0000000000
63245  32.808  -43.930  73.919 0.0000000000
63225  33.180  -44.143  74.599 0.0000000000
61890  33.773  -44.388  75.606 0.0000000000
61874  33.398  -45.251  76.091 0.0000000000
61873  34.036  -44.771  76.439 0.0000000000
56728  27.756  -48.845  75.379 0.0000000000
56727  28.633  -49.000  75.542 0.0000000000
56726  29.511  -48.879  75.448 0.0000000000
56705  31.887  -48.493  76.491 0.0000000000
56672  32.087  -49.298  77.550 0.0000000000
59290  33.564  -46.958  77.604 0.0000000000
58010  33.939  -47.868  78.938 0.0000000000
59289  33.784  -46.953  78.501 0.0000000000
61820  33.985  -45.476  79.368 0.0000000000
61819  34.446  -45.013  79.674 0.0000000000
59233  22.910  -46.709  82.604 0.0000000000
60479  21.536  -46.506  83.388 0.0000000000
60480  20.801  -46.569  83.388 0.0000000000
60482  19.139  -46.371  82.516 0.0000000000
60558  20.007  -45.921  78.825 0.0000000000
60529  18.831  -45.953  79.917 0.0000000000
59235  18.595  -46.479  82.307 0.0000000000
60647  14.831  -46.602  73.188 0.0000000000
59352  14.570  -47.349  74.189 0.0000000000
60614  15.117  -47.092  74.713 0.0000000000
57987  14.647  -48.058  80.443 0.0000000000
56616  14.293  -48.409  81.069 0.0000000000
56638  12.895  -49.215  80.570 0.0000000000
56680  13.010  -48.841  78.810 0.0000000000
55251  12.399  -49.518  80.080 0.0000000000
55270  12.169  -49.657  79.846 0.0000000000
55271  11.809  -49.947  79.400 0.0000000000
55272  11.426  -50.360  79.594 0.0000000000
55326  11.814  -49.523  76.675 0.0000000000
55327  11.529  -49.780  76.138 0.0000000000
55307  11.802  -49.882  77.368 0.0000000000
53956  11.451  -50.443  79.200 0.0000000000
53957  11.100  -50.826  79.557 0.0000000000
53974  10.480  -51.230  79.013 0.0000000000
52682  9.809  -51.622  78.597 0.0000000000
52683  9.335  -52.104  78.284 0.0000000000
51477  9.072  -52.677  75.471 0.0000000000
50146  8.650  -53.296  77.574 0.0000000000
48824  7.327  -55.090  77.236 0.0000000000
47531  7.157  -55.529  76.797 0.0000000000
59393  27.622  -46.575  71.386 0.0000000000
60658  26.714  -46.552  71.211 0.0000000000
61942  23.444  -45.495  72.141 0.0000000000
59366  25.248  -46.769  73.219 0.0000000000
59350  25.887  -47.649  74.071 0.0000000000
58079  25.831  -47.707  74.571 0.0000000000
58062  25.578  -47.568  74.936 0.0000000000
60589  24.586  -46.821  75.944 0.0000000000
60554  24.880  -46.610  78.378 0.0000000000
60609  22.483  -45.026  75.308 0.0000000000
61879  22.562  -45.291  75.976 0.0000000000
60524  23.433  -46.436  80.903 0.0000000000
57918  14.798  -47.848  85.072 0.0000000000
50081  8.334  -53.510  81.830 0.0000000000
51372  8.556  -53.072  83.137 0.0000000000
51360  8.317  -53.319  83.642 0.0000000000
51350  8.581  -52.931  84.840 0.0000000000
99791  57.315  -16.547  51.333 0.0000000000
95973  53.650  -19.687  51.320 0.0000000000
95951  54.448  -19.804  52.106 0.0000000000
95935  54.330  -19.717  53.183 0.0000000000
97137  55.348  -18.774  55.202 0.0000000000
95896  55.492  -18.880  55.682 0.0000000000
95877  53.511  -19.927  56.581 0.0000000000
95876  54.481  -19.300  56.561 0.0000000000
97129  55.330  -19.018  56.860 0.0000000000
94720  43.463  -20.784  53.348 0.0000000000
93457  43.976  -21.245  53.678 0.0000000000
94663  45.113  -21.633  55.015 0.0000000000
95905  45.329  -21.521  55.472 0.0000000000
92106  42.618  -22.559  56.518 0.0000000000
93418  43.468  -22.056  56.325 0.0000000000
93402  43.662  -22.366  56.731 0.0000000000
93417  44.058  -21.785  56.453 0.0000000000
94639  44.488  -21.646  56.484 0.0000000000
95862  45.302  -21.384  56.492 0.0000000000
94638  46.034  -21.211  56.225 0.0000000000
94602  47.096  -20.950  57.903 0.0000000000
92080  47.681  -22.607  58.863 0.0000000000
92079  48.320  -22.260  58.970 0.0000000000
93370  48.595  -22.083  59.119 0.0000000000
93349  49.272  -21.396  60.812 0.0000000000
94553  49.612  -20.990  61.676 0.0000000000
86842  41.905  -26.879  60.517 0.0000000000
86841  42.348  -26.414  60.390 0.0000000000
88138  42.987  -25.989  60.895 0.0000000000
86806  44.015  -26.424  62.478 0.0000000000
88119  43.362  -26.218  61.580 0.0000000000
89396  43.534  -25.355  60.784 0.0000000000
89395  44.055  -24.967  60.979 0.0000000000
90692  45.319  -24.004  61.130 0.0000000000
86760  46.743  -26.731  65.275 0.0000000000
88073  46.390  -26.234  64.713 0.0000000000
88088  45.944  -25.742  64.117 0.0000000000
89338  47.409  -25.010  64.961 0.0000000000
89353  46.348  -24.930  64.180 0.0000000000
89365  46.004  -24.666  63.658 0.0000000000
89382  45.666  -24.465  63.011 0.0000000000
90678  45.781  -23.945  62.446 0.0000000000
90691  45.913  -23.555  61.570 0.0000000000
92024  46.640  -23.096  61.525 0.0000000000
92007  47.413  -22.633  62.027 0.0000000000
91991  48.251  -22.289  63.386 0.0000000000
93305  48.298  -22.131  62.997 0.0000000000
93318  48.047  -22.017  62.371 0.0000000000
94544  49.198  -21.188  62.579 0.0000000000
94543  49.749  -20.739  62.512 0.0000000000
78589  35.717  -34.036  66.563 0.0000000000
78588  36.829  -34.172  66.452 0.0000000000
78587  37.963  -33.883  66.370 0.0000000000
78529  40.624  -33.659  69.146 0.0000000000
77067  41.978  -33.862  69.593 0.0000000000
77049  42.242  -33.845  69.833 0.0000000000
64664  33.437  -42.064  73.421 0.0000000000
66028  33.582  -41.439  72.986 0.0000000000
67388  34.198  -41.109  73.837 0.0000000000
67408  34.115  -40.692  73.202 0.0000000000
72777  34.758  -36.848  71.371 0.0000000000
71461  35.514  -38.093  72.513 0.0000000000
72776  35.180  -37.574  71.904 0.0000000000
75618  34.859  -35.117  72.489 0.0000000000
64546  36.911  -42.313  79.493 0.0000000000
64582  36.586  -42.385  77.702 0.0000000000
67341  36.985  -41.082  77.034 0.0000000000
67312  37.894  -40.501  79.497 0.0000000000
70015  38.439  -38.724  79.556 0.0000000000
68674  38.440  -39.604  79.090 0.0000000000
67327  37.994  -40.367  78.447 0.0000000000
67339  37.937  -39.933  77.821 0.0000000000
67353  37.363  -40.176  76.579 0.0000000000
70066  36.793  -38.983  75.530 0.0000000000
71417  36.502  -38.155  74.968 0.0000000000
71430  36.487  -37.257  74.750 0.0000000000
72711  36.719  -36.791  75.440 0.0000000000
72725  36.640  -37.045  74.934 0.0000000000
72726  36.211  -36.619  74.541 0.0000000000
74171  35.742  -35.826  73.688 0.0000000000
75608  35.291  -35.378  72.785 0.0000000000
75617  35.306  -34.944  72.810 0.0000000000
77011  35.583  -34.893  72.972 0.0000000000
77009  37.040  -34.920  73.402 0.0000000000
77025  37.131  -34.811  72.551 0.0000000000
77023  38.996  -34.716  72.462 0.0000000000
76931  38.750  -35.782  77.215 0.0000000000
76953  39.089  -34.936  75.984 0.0000000000
76929  39.999  -34.915  76.943 0.0000000000
75559  39.592  -34.892  75.699 0.0000000000
75579  39.146  -34.888  75.185 0.0000000000
75595  39.406  -34.850  74.690 0.0000000000
76987  39.526  -34.690  74.117 0.0000000000
77021  40.478  -33.898  72.362 0.0000000000
78461  41.058  -33.635  72.545 0.0000000000
78460  41.839  -33.491  73.105 0.0000000000
106434  53.132  -11.351  39.990 0.0000000000
105240  52.752  -12.327  39.903 0.0000000000
103936  53.106  -14.139  40.781 0.0000000000
102613  54.041  -15.114  42.208 0.0000000000
101205  53.939  -15.983  45.041 0.0000000000
99887  54.775  -16.259  44.840 0.0000000000
99853  55.587  -16.553  47.001 0.0000000000
99871  55.492  -16.718  46.140 0.0000000000
99886  55.544  -16.422  45.207 0.0000000000
101222  56.726  -15.938  44.781 0.0000000000
102535  58.619  -14.189  48.084 0.0000000000
46166  4.232  -57.844  80.857 0.0000000000
47513  6.145  -56.372  78.854 0.0000000000
50055  7.383  -53.726  85.404 0.0000000000
50068  8.642  -53.085  82.400 0.0000000000
51389  8.647  -53.043  81.636 0.0000000000
51445  9.420  -52.270  77.428 0.0000000000
52623  9.452  -52.341  82.937 0.0000000000
52642  9.530  -52.207  80.841 0.0000000000
53855  11.121  -50.490  84.956 0.0000000000
53857  10.083  -50.972  84.050 0.0000000000
53938  10.464  -51.452  80.397 0.0000000000
53987  11.434  -50.306  77.061 0.0000000000
55244  32.949  -49.844  79.928 0.0000000000
56630  27.497  -48.496  79.562 0.0000000000
56636  14.214  -48.354  80.560 0.0000000000
56711  26.599  -48.270  76.102 0.0000000000
57930  14.099  -48.378  83.820 0.0000000000
57946  14.463  -48.087  83.340 0.0000000000
57972  15.576  -47.616  81.886 0.0000000000
57997  27.149  -48.250  78.733 0.0000000000
58042  26.250  -47.820  76.402 0.0000000000
58060  26.712  -48.268  74.799 0.0000000000
59238  15.867  -47.492  82.069 0.0000000000
59291  26.518  -47.913  78.500 0.0000000000
60631  14.543  -47.213  73.801 0.0000000000
60644  16.990  -46.078  73.629 0.0000000000
63252  22.402  -44.426  73.962 0.0000000000
64529  36.173  -43.007  80.298 0.0000000000
65956  37.770  -41.022  78.582 0.0000000000
68696  37.647  -39.768  76.704 0.0000000000
68706  37.716  -39.005  76.432 0.0000000000
70050  37.470  -38.028  76.340 0.0000000000
70079  36.708  -38.402  75.305 0.0000000000
70112  35.583  -38.609  73.487 0.0000000000
71477  34.995  -38.175  71.924 0.0000000000
72696  37.100  -36.674  76.234 0.0000000000
72759  36.133  -37.425  72.946 0.0000000000
74147  37.324  -36.133  76.499 0.0000000000
74154  36.584  -36.121  76.232 0.0000000000
74170  35.963  -35.901  74.282 0.0000000000
74179  35.157  -35.528  72.464 0.0000000000
75542  37.817  -35.898  76.721 0.0000000000
75557  40.549  -34.785  75.575 0.0000000000
75580  36.881  -35.481  75.595 0.0000000000
75593  40.327  -34.794  74.694 0.0000000000
75606  36.333  -35.304  73.760 0.0000000000
76932  38.241  -35.874  76.851 0.0000000000
76952  40.005  -34.810  76.240 0.0000000000
77036  38.749  -34.057  70.596 0.0000000000
77048  42.537  -33.653  69.706 0.0000000000
77050  38.728  -33.910  70.370 0.0000000000
77051  38.520  -34.008  70.464 0.0000000000
77080  38.445  -33.812  67.880 0.0000000000
77084  34.389  -33.691  68.100 0.0000000000
77097  37.937  -33.871  67.848 0.0000000000
77098  34.898  -33.842  67.594 0.0000000000
77116  35.193  -33.975  66.291 0.0000000000
77137  35.194  -33.888  65.959 0.0000000000
78494  39.220  -34.149  70.879 0.0000000000
78499  35.098  -34.385  71.233 0.0000000000
78528  41.784  -33.676  69.044 0.0000000000
78544  43.975  -32.761  68.305 0.0000000000
79952  45.181  -32.247  69.978 0.0000000000
79973  44.434  -31.892  68.206 0.0000000000
79976  42.416  -32.564  67.249 0.0000000000
79989  42.662  -31.857  67.086 0.0000000000
80027  41.548  -31.781  65.421 0.0000000000
80029  40.302  -32.062  64.817 0.0000000000
80048  39.694  -32.254  63.661 0.0000000000
80059  40.517  -31.689  63.745 0.0000000000
80085  39.455  -31.590  61.973 0.0000000000
81390  45.421  -30.786  68.646 0.0000000000
82806  44.247  -30.175  66.564 0.0000000000
82889  41.523  -29.026  61.752 0.0000000000
84171  44.427  -29.048  64.936 0.0000000000
85531  42.384  -27.270  61.640 0.0000000000
85551  41.719  -27.420  60.667 0.0000000000
85552  41.304  -27.737  60.387 0.0000000000
86774  44.841  -26.694  63.680 0.0000000000
86807  43.577  -26.767  62.341 0.0000000000
86829  42.006  -27.131  60.870 0.0000000000
86870  42.190  -26.332  58.377 0.0000000000
86880  42.270  -26.465  58.102 0.0000000000
88087  46.513  -25.262  64.400 0.0000000000
88137  43.687  -25.560  61.273 0.0000000000
88155  42.832  -26.014  60.087 0.0000000000
88176  41.943  -26.149  59.168 0.0000000000
89366  45.408  -24.920  63.281 0.0000000000
89440  45.314  -24.380  58.750 0.0000000000
89465  42.078  -24.393  56.716 0.0000000000
90646  46.995  -24.260  64.020 0.0000000000
90677  46.472  -23.619  62.771 0.0000000000
90708  46.883  -23.194  60.373 0.0000000000
90725  47.273  -23.244  60.021 0.0000000000
90740  45.239  -24.020  58.162 0.0000000000
91977  48.366  -22.480  63.888 0.0000000000
92025  46.248  -23.246  61.185 0.0000000000
92050  46.364  -23.078  61.044 0.0000000000
92067  48.801  -22.158  59.736 0.0000000000
92068  48.414  -22.329  59.534 0.0000000000
92082  46.186  -21.976  57.865 0.0000000000
92092  45.700  -22.518  57.653 0.0000000000
93304  48.858  -21.853  63.438 0.0000000000
93331  49.196  -21.221  61.422 0.0000000000
93351  47.801  -22.351  60.876 0.0000000000
93458  43.679  -21.131  53.722 0.0000000000
93473  43.912  -21.098  53.415 0.0000000000
93474  43.713  -21.024  53.515 0.0000000000
94554  49.352  -21.102  62.149 0.0000000000
94583  51.497  -20.889  59.552 0.0000000000
94603  46.379  -20.978  57.669 0.0000000000
94612  52.568  -20.619  57.987 0.0000000000
94616  48.269  -20.791  57.623 0.0000000000
94617  47.741  -20.653  57.449 0.0000000000
94634  50.004  -20.379  56.185 0.0000000000
94657  51.239  -20.320  55.486 0.0000000000
94680  53.082  -20.102  54.680 0.0000000000
94681  52.667  -20.197  54.908 0.0000000000
94732  52.925  -20.291  53.528 0.0000000000
94734  50.905  -20.203  53.296 0.0000000000
94736  48.965  -20.627  53.212 0.0000000000
95840  53.994  -20.027  58.120 0.0000000000
95841  49.576  -20.470  57.478 0.0000000000
95857  51.016  -20.417  57.044 0.0000000000
95858  50.214  -20.250  57.034 0.0000000000
95863  44.875  -21.511  56.502 0.0000000000
95884  45.380  -21.450  55.896 0.0000000000
95885  44.720  -21.476  56.103 0.0000000000
95886  44.314  -21.459  55.843 0.0000000000
95902  50.460  -20.290  56.233 0.0000000000
95903  48.742  -20.934  56.275 0.0000000000
95906  44.875  -21.538  55.595 0.0000000000
95971  55.153  -18.967  51.336 0.0000000000
97172  50.156  -19.373  52.042 0.0000000000
97194  47.374  -18.826  51.446 0.0000000000
97206  54.664  -18.142  50.270 0.0000000000
98403  56.510  -17.796  54.979 0.0000000000
98444  52.951  -16.398  50.794 0.0000000000
98463  53.230  -17.042  50.735 0.0000000000
99793  52.793  -16.105  50.684 0.0000000000
99806  51.793  -16.186  50.531 0.0000000000
99839  55.968  -15.945  47.432 0.0000000000
99847  48.844  -16.017  46.791 0.0000000000
99870  56.230  -16.446  46.495 0.0000000000
101129  52.958  -15.831  50.551 0.0000000000
101141  52.349  -15.637  50.292 0.0000000000
101142  51.470  -15.710  50.217 0.0000000000
101162  54.912  -15.248  48.436 0.0000000000
101167  51.459  -15.700  49.411 0.0000000000
101168  48.683  -16.093  47.636 0.0000000000
101178  55.345  -15.763  47.993 0.0000000000
101179  54.553  -15.886  48.184 0.0000000000
101181  53.188  -15.718  48.314 0.0000000000
101193  48.731  -15.173  46.609 0.0000000000
101202  58.289  -14.964  45.173 0.0000000000
101210  49.841  -14.993  45.708 0.0000000000
101272  55.123  -15.337  40.262 0.0000000000
101273  54.841  -15.368  40.248 0.0000000000
101288  57.265  -15.125  39.054 0.0000000000
101289  57.054  -15.221  38.967 0.0000000000
101290  55.062  -15.388  40.007 0.0000000000
101292  53.975  -15.154  39.781 0.0000000000
101305  57.232  -15.104  38.827 0.0000000000
101306  56.932  -15.106  38.657 0.0000000000
102505  54.308  -14.983  49.681 0.0000000000
102528  53.911  -15.087  48.921 0.0000000000
102548  49.114  -14.557  46.255 0.0000000000
102561  51.494  -15.124  44.636 0.0000000000
102565  49.057  -14.317  46.166 0.0000000000
102575  57.699  -14.901  43.845 0.0000000000
102644  54.628  -15.235  40.710 0.0000000000
102707  56.980  -14.405  36.852 0.0000000000
102708  56.523  -14.486  37.155 0.0000000000
103949  54.245  -14.018  39.139 0.0000000000
103963  54.533  -13.810  38.392 0.0000000000
105249  53.227  -12.369  39.583 0.0000000000
105262  56.230  -12.666  36.893 0.0000000000
