#!ascii label  , from subject 3800 vox2ras=TkReg
1840
90676  49.805  -23.676  62.282 0.0000000000
55347  35.472  -48.064  75.259 0.0000000000
55370  20.679  -47.863  73.846 0.0000000000
53970  15.091  -49.852  78.215 0.0000000000
50108  29.523  -52.555  79.495 0.0000000000
54109  26.399  -49.448  68.737 0.0000000000
80083  42.354  -31.402  61.623 0.0000000000
94579  57.575  -20.741  59.940 0.0000000000
72791  45.667  -35.920  70.563 0.0000000000
68759  36.808  -39.829  73.112 0.0000000000
64845  30.785  -43.014  65.968 0.0000000000
56655  22.391  -48.448  79.360 0.0000000000
55322  18.110  -48.493  76.454 0.0000000000
56614  19.522  -48.315  81.745 0.0000000000
52707  25.315  -50.808  76.534 0.0000000000
77047  49.299  -33.243  70.470 0.0000000000
56585  36.009  -47.686  81.455 0.0000000000
59303  40.765  -45.573  78.051 0.0000000000
65999  40.699  -41.067  76.393 0.0000000000
61905  35.827  -44.348  74.262 0.0000000000
64764  34.333  -42.490  69.589 0.0000000000
60674  33.355  -45.953  70.599 0.0000000000
58178  21.475  -47.759  65.106 0.0000000000
59489  23.873  -46.531  62.915 0.0000000000
93314  54.845  -21.339  62.883 0.0000000000
90732  57.868  -23.311  59.321 0.0000000000
55448  18.963  -49.294  67.781 0.0000000000
51537  17.531  -51.688  70.075 0.0000000000
51437  32.736  -51.004  77.487 0.0000000000
54075  30.989  -49.188  72.303 0.0000000000
51499  28.173  -51.414  74.428 0.0000000000
56787  23.307  -48.439  71.240 0.0000000000
85504  46.141  -27.377  62.867 0.0000000000
55167  16.405  -49.333  85.417 0.0000000000
52638  12.716  -51.561  81.551 0.0000000000
93242  53.214  -21.516  66.549 0.0000000000
86757  50.204  -26.026  66.242 0.0000000000
81428  47.309  -30.555  66.634 0.0000000000
75684  44.358  -34.059  65.448 0.0000000000
72847  40.753  -35.735  66.401 0.0000000000
70075  45.192  -38.451  75.484 0.0000000000
71456  41.514  -37.443  72.430 0.0000000000
70170  38.112  -38.300  69.615 0.0000000000
67487  36.615  -40.273  68.475 0.0000000000
59430  28.444  -46.788  67.142 0.0000000000
56594  22.692  -48.341  81.714 0.0000000000
56613  20.792  -48.009  81.390 0.0000000000
56574  21.443  -48.148  83.123 0.0000000000
55230  23.825  -49.265  80.594 0.0000000000
55276  36.588  -48.166  78.657 0.0000000000
56723  37.549  -46.960  76.483 0.0000000000
60602  38.135  -45.093  76.196 0.0000000000
59347  35.924  -46.229  74.516 0.0000000000
60654  34.643  -45.675  72.449 0.0000000000
58103  34.108  -47.094  72.756 0.0000000000
52859  20.997  -51.094  64.331 0.0000000000
55534  21.703  -50.213  62.197 0.0000000000
92005  51.318  -22.702  62.429 0.0000000000
93346  53.678  -21.735  60.487 0.0000000000
92045  50.870  -22.674  60.485 0.0000000000
56790  19.067  -47.441  71.627 0.0000000000
54113  18.134  -50.398  68.684 0.0000000000
56791  17.948  -47.989  71.649 0.0000000000
53984  15.768  -49.472  76.749 0.0000000000
55375  15.604  -49.852  74.033 0.0000000000
52725  14.716  -51.843  74.904 0.0000000000
51460  13.891  -52.278  76.726 0.0000000000
51378  33.716  -51.570  80.443 0.0000000000
50121  31.318  -52.561  78.621 0.0000000000
51469  31.052  -51.206  76.034 0.0000000000
50154  28.930  -51.841  77.138 0.0000000000
54012  22.692  -48.587  75.362 0.0000000000
52744  24.401  -49.957  74.622 0.0000000000
55392  21.771  -48.080  72.737 0.0000000000
56808  20.736  -47.247  70.243 0.0000000000
82886  44.203  -29.157  62.084 0.0000000000
85550  44.541  -27.581  59.815 0.0000000000
82926  42.873  -29.393  59.016 0.0000000000
51358  11.488  -52.545  83.382 0.0000000000
85440  48.653  -28.237  66.504 0.0000000000
82759  49.707  -29.248  68.279 0.0000000000
75635  47.696  -34.999  70.326 0.0000000000
75665  47.381  -33.885  68.066 0.0000000000
74245  45.078  -34.925  68.048 0.0000000000
74264  42.582  -34.993  65.730 0.0000000000
72824  43.451  -35.631  68.631 0.0000000000
67385  38.311  -40.462  74.923 0.0000000000
70076  41.484  -38.970  75.312 0.0000000000
71441  39.034  -37.769  73.438 0.0000000000
72796  39.663  -36.721  71.124 0.0000000000
70144  37.503  -38.448  71.658 0.0000000000
68822  37.344  -39.625  69.872 0.0000000000
68807  36.407  -39.684  70.590 0.0000000000
66162  33.869  -41.079  66.814 0.0000000000
55406  28.514  -49.661  71.034 0.0000000000
56816  29.441  -48.126  69.563 0.0000000000
56842  27.797  -48.406  67.743 0.0000000000
60825  24.853  -44.952  61.965 0.0000000000
95895  60.536  -19.621  55.794 0.0000000000
94591  59.634  -20.978  57.384 0.0000000000
55319  21.867  -48.026  76.648 0.0000000000
55353  19.447  -47.686  74.877 0.0000000000
56696  19.627  -47.804  77.447 0.0000000000
55286  18.619  -48.406  78.621 0.0000000000
55250  17.381  -49.018  80.267 0.0000000000
51400  27.101  -51.981  80.124 0.0000000000
51440  27.087  -51.636  78.066 0.0000000000
51416  25.855  -50.770  79.478 0.0000000000
53983  23.484  -49.561  78.217 0.0000000000
79948  50.622  -30.634  70.761 0.0000000000
74187  47.409  -35.597  72.522 0.0000000000
63187  40.621  -43.354  77.250 0.0000000000
64616  38.025  -42.529  75.989 0.0000000000
64661  36.448  -41.842  73.903 0.0000000000
66062  35.430  -41.400  71.213 0.0000000000
63298  35.026  -43.466  72.021 0.0000000000
62003  33.960  -44.057  70.093 0.0000000000
62025  31.705  -44.626  68.410 0.0000000000
58165  23.843  -47.169  66.886 0.0000000000
56870  25.318  -47.639  65.507 0.0000000000
58193  23.379  -46.995  64.759 0.0000000000
92002  56.960  -21.885  62.276 0.0000000000
92037  58.043  -22.577  60.488 0.0000000000
90703  57.359  -23.113  60.831 0.0000000000
55397  16.258  -49.184  72.306 0.0000000000
52675  35.239  -50.109  79.398 0.0000000000
54010  33.622  -49.645  76.266 0.0000000000
55366  33.020  -49.102  74.182 0.0000000000
52735  32.190  -50.229  75.321 0.0000000000
52769  29.769  -50.524  73.721 0.0000000000
54079  27.082  -50.327  71.328 0.0000000000
52741  26.807  -51.310  75.338 0.0000000000
54046  26.178  -50.462  73.244 0.0000000000
55427  24.845  -48.820  70.033 0.0000000000
58145  22.135  -46.921  68.515 0.0000000000
56846  20.222  -48.129  66.958 0.0000000000
88116  47.972  -25.355  62.298 0.0000000000
89405  48.295  -24.444  60.427 0.0000000000
88173  46.729  -25.684  60.074 0.0000000000
55196  18.019  -49.143  83.588 0.0000000000
53893  15.940  -49.895  82.540 0.0000000000
53874  15.048  -50.050  83.562 0.0000000000
52667  13.570  -50.901  80.110 0.0000000000
93298  56.153  -21.107  63.853 0.0000000000
93287  53.882  -21.509  64.641 0.0000000000
90642  51.954  -23.061  64.225 0.0000000000
89350  50.072  -24.683  64.555 0.0000000000
85466  48.577  -26.784  64.978 0.0000000000
84180  46.597  -28.662  64.687 0.0000000000
81473  44.805  -30.706  63.882 0.0000000000
79972  47.985  -31.643  68.268 0.0000000000
78611  46.017  -32.518  65.962 0.0000000000
77207  43.043  -33.050  63.111 0.0000000000
75716  42.273  -34.196  63.465 0.0000000000
74275  39.826  -35.343  64.582 0.0000000000
71437  45.733  -37.240  73.272 0.0000000000
68717  43.536  -39.705  75.634 0.0000000000
70106  43.821  -38.379  73.451 0.0000000000
71470  43.974  -36.942  71.601 0.0000000000
71500  41.455  -36.883  69.523 0.0000000000
71522  38.687  -37.193  67.779 0.0000000000
67465  35.090  -40.503  68.958 0.0000000000
56800  32.032  -47.726  70.945 0.0000000000
59417  31.402  -46.165  68.950 0.0000000000
60751  29.992  -44.804  66.799 0.0000000000
59460  26.128  -46.730  64.480 0.0000000000
60802  27.412  -44.826  63.975 0.0000000000
56573  22.444  -48.247  82.705 0.0000000000
56550  22.106  -48.052  83.621 0.0000000000
55313  35.951  -48.406  76.710 0.0000000000
55311  37.142  -47.573  77.597 0.0000000000
56725  36.448  -47.642  75.677 0.0000000000
58054  36.868  -47.187  75.494 0.0000000000
56738  35.505  -47.744  74.878 0.0000000000
58087  34.872  -47.114  73.743 0.0000000000
56750  34.806  -47.682  74.355 0.0000000000
92021  51.379  -22.328  61.259 0.0000000000
90687  50.228  -23.255  61.862 0.0000000000
56768  19.931  -47.617  72.419 0.0000000000
55395  19.215  -47.598  73.600 0.0000000000
53985  15.145  -49.972  77.110 0.0000000000
54000  15.202  -49.967  76.063 0.0000000000
54001  14.396  -50.578  76.328 0.0000000000
51476  14.677  -52.290  75.505 0.0000000000
52709  13.885  -51.522  76.768 0.0000000000
51381  29.565  -53.140  81.085 0.0000000000
50074  30.916  -52.787  80.593 0.0000000000
50088  31.799  -52.529  79.860 0.0000000000
50107  30.464  -52.852  79.316 0.0000000000
50139  30.108  -52.221  77.935 0.0000000000
50124  29.012  -52.211  78.590 0.0000000000
55334  21.964  -48.308  74.909 0.0000000000
54027  23.201  -48.842  74.362 0.0000000000
55369  21.595  -48.110  73.639 0.0000000000
55413  21.071  -47.933  72.217 0.0000000000
81511  42.937  -30.458  61.661 0.0000000000
82907  43.199  -29.277  60.781 0.0000000000
81528  42.004  -30.579  59.988 0.0000000000
85401  51.709  -27.288  69.406 0.0000000000
84117  50.751  -28.290  68.354 0.0000000000
82736  51.431  -28.827  69.572 0.0000000000
74208  47.022  -35.611  70.382 0.0000000000
74234  46.500  -35.094  69.031 0.0000000000
74221  45.204  -35.513  69.200 0.0000000000
74237  44.067  -35.393  68.439 0.0000000000
72808  44.802  -35.716  69.842 0.0000000000
68739  37.979  -39.794  74.327 0.0000000000
68738  38.598  -39.417  74.669 0.0000000000
70110  38.214  -38.477  73.497 0.0000000000
70127  37.997  -38.094  72.445 0.0000000000
68775  37.034  -39.159  72.774 0.0000000000
68791  36.943  -39.002  71.937 0.0000000000
68776  36.639  -39.731  72.406 0.0000000000
55437  27.216  -49.504  69.587 0.0000000000
55436  28.265  -49.014  69.340 0.0000000000
54118  26.742  -49.174  68.171 0.0000000000
95836  59.138  -20.146  57.679 0.0000000000
94593  58.587  -21.138  58.487 0.0000000000
56676  22.067  -48.195  78.516 0.0000000000
56712  20.934  -47.626  77.008 0.0000000000
56656  21.529  -48.033  79.387 0.0000000000
56658  19.215  -48.053  79.490 0.0000000000
56635  18.961  -48.359  80.649 0.0000000000
55269  17.556  -48.979  79.212 0.0000000000
55249  18.125  -48.684  80.943 0.0000000000
51384  26.653  -51.096  80.529 0.0000000000
51415  26.305  -51.220  79.649 0.0000000000
52636  25.415  -50.434  80.412 0.0000000000
55231  23.329  -49.130  80.184 0.0000000000
55266  23.844  -49.484  79.361 0.0000000000
56654  23.027  -48.859  79.303 0.0000000000
55301  23.117  -49.155  77.771 0.0000000000
59274  39.613  -45.557  78.944 0.0000000000
60519  40.001  -44.538  79.445 0.0000000000
60551  41.161  -44.408  78.347 0.0000000000
61849  41.609  -43.555  77.905 0.0000000000
61867  40.964  -44.765  77.557 0.0000000000
61889  37.263  -44.363  75.436 0.0000000000
61888  38.000  -44.327  75.796 0.0000000000
63242  36.828  -43.419  75.237 0.0000000000
64617  37.283  -42.467  75.469 0.0000000000
64639  36.146  -42.906  74.172 0.0000000000
64663  35.632  -43.058  73.100 0.0000000000
63261  35.653  -43.472  73.462 0.0000000000
60655  34.114  -45.634  71.832 0.0000000000
61959  34.385  -44.621  71.423 0.0000000000
60687  33.542  -45.209  70.416 0.0000000000
62023  32.976  -44.400  69.202 0.0000000000
60702  32.865  -45.348  69.563 0.0000000000
58166  22.624  -47.096  66.535 0.0000000000
58176  23.551  -47.207  65.821 0.0000000000
58177  22.390  -47.257  65.438 0.0000000000
93326  56.415  -21.634  62.472 0.0000000000
92018  56.785  -22.311  61.573 0.0000000000
92019  55.953  -22.028  61.457 0.0000000000
92041  54.503  -22.207  60.148 0.0000000000
54135  19.751  -50.407  66.770 0.0000000000
52815  19.331  -51.304  67.107 0.0000000000
55337  18.832  -48.194  75.655 0.0000000000
56742  17.973  -47.838  74.075 0.0000000000
55355  17.110  -48.449  74.287 0.0000000000
51504  16.113  -52.381  73.382 0.0000000000
52763  15.931  -51.286  72.918 0.0000000000
51409  33.620  -51.475  78.915 0.0000000000
52649  34.492  -51.146  80.049 0.0000000000
52677  34.042  -50.743  78.694 0.0000000000
53981  34.687  -49.692  78.055 0.0000000000
52703  33.605  -50.070  77.149 0.0000000000
52733  33.144  -49.966  75.961 0.0000000000
51451  32.532  -50.604  76.482 0.0000000000
51484  29.421  -51.196  75.023 0.0000000000
51497  30.122  -50.733  74.726 0.0000000000
52758  29.410  -50.887  74.238 0.0000000000
54063  28.517  -50.348  72.576 0.0000000000
54044  27.977  -50.617  73.330 0.0000000000
52691  26.144  -51.345  77.651 0.0000000000
52705  27.076  -51.343  76.810 0.0000000000
52722  26.122  -51.092  75.862 0.0000000000
54048  24.078  -49.512  73.142 0.0000000000
54047  25.101  -50.090  73.138 0.0000000000
54067  24.704  -49.625  72.459 0.0000000000
55408  25.288  -49.699  71.531 0.0000000000
55428  24.232  -48.752  70.790 0.0000000000
56819  23.935  -48.219  69.507 0.0000000000
56806  22.985  -48.092  70.827 0.0000000000
56823  19.430  -47.712  69.334 0.0000000000
56822  20.319  -47.488  68.841 0.0000000000
56847  19.662  -48.594  67.396 0.0000000000
86804  46.917  -26.370  62.435 0.0000000000
88134  47.240  -25.746  61.536 0.0000000000
86826  46.155  -26.472  61.351 0.0000000000
85571  45.533  -27.043  59.348 0.0000000000
55176  17.545  -49.210  84.368 0.0000000000
55216  16.844  -49.433  82.382 0.0000000000
53873  15.975  -49.684  83.897 0.0000000000
52602  12.739  -51.272  83.129 0.0000000000
52619  13.554  -50.879  82.623 0.0000000000
53915  14.235  -50.698  81.726 0.0000000000
52652  13.548  -51.029  81.107 0.0000000000
52668  13.116  -51.564  79.501 0.0000000000
51402  12.667  -52.181  79.901 0.0000000000
94541  56.211  -20.309  62.708 0.0000000000
93265  54.541  -21.014  65.609 0.0000000000
93266  53.759  -21.543  65.638 0.0000000000
91975  53.112  -21.914  64.260 0.0000000000
90629  52.581  -22.736  65.697 0.0000000000
88067  51.249  -24.975  66.295 0.0000000000
89348  51.200  -24.373  65.396 0.0000000000
88069  49.953  -25.481  65.516 0.0000000000
88086  48.734  -25.822  64.379 0.0000000000
86758  49.492  -26.048  65.556 0.0000000000
84151  48.078  -28.938  66.646 0.0000000000
84178  47.903  -28.146  65.803 0.0000000000
82836  46.828  -29.056  65.272 0.0000000000
82855  45.299  -29.802  64.011 0.0000000000
81457  45.772  -30.587  65.222 0.0000000000
78505  49.581  -32.042  70.547 0.0000000000
79960  49.454  -31.446  69.567 0.0000000000
78523  48.843  -32.387  69.355 0.0000000000
75673  46.167  -33.897  66.904 0.0000000000
77113  46.631  -33.268  67.117 0.0000000000
77135  45.537  -33.350  65.872 0.0000000000
78641  44.926  -32.543  64.921 0.0000000000
77161  43.834  -33.575  64.443 0.0000000000
77185  42.896  -33.563  63.357 0.0000000000
75700  43.372  -34.317  64.468 0.0000000000
72846  41.474  -35.588  66.537 0.0000000000
74266  41.024  -35.184  65.529 0.0000000000
72851  40.430  -35.477  65.719 0.0000000000
72848  39.718  -36.259  66.723 0.0000000000
70103  45.559  -38.111  73.941 0.0000000000
64614  41.973  -41.497  76.548 0.0000000000
67352  43.313  -40.702  76.421 0.0000000000
67364  42.310  -40.328  76.042 0.0000000000
70091  41.718  -38.359  74.535 0.0000000000
70090  42.572  -38.753  74.387 0.0000000000
70125  42.508  -37.876  72.712 0.0000000000
70123  44.113  -37.832  72.839 0.0000000000
71454  42.714  -37.575  72.097 0.0000000000
71487  42.513  -36.948  70.415 0.0000000000
71473  41.624  -37.209  71.528 0.0000000000
71503  38.554  -37.522  70.120 0.0000000000
71502  39.254  -36.849  69.831 0.0000000000
71515  38.420  -37.561  68.962 0.0000000000
71523  37.818  -37.609  68.089 0.0000000000
70182  37.783  -38.199  68.847 0.0000000000
68841  38.010  -39.236  68.920 0.0000000000
67463  36.921  -40.146  69.066 0.0000000000
67462  37.521  -40.524  69.288 0.0000000000
64731  34.983  -42.324  70.833 0.0000000000
66111  34.910  -40.733  69.487 0.0000000000
66112  34.427  -41.243  69.189 0.0000000000
67556  35.016  -40.597  65.598 0.0000000000
54059  32.043  -49.197  73.495 0.0000000000
56766  32.802  -48.045  72.697 0.0000000000
55403  31.640  -48.551  72.101 0.0000000000
56840  28.964  -47.669  67.917 0.0000000000
58131  30.958  -47.349  69.603 0.0000000000
59419  29.728  -46.566  68.018 0.0000000000
60725  30.519  -45.647  67.855 0.0000000000
59434  28.831  -45.996  66.114 0.0000000000
58210  24.340  -46.945  64.146 0.0000000000
58191  25.685  -47.419  65.022 0.0000000000
59474  25.273  -46.353  63.634 0.0000000000
60816  26.282  -44.986  63.270 0.0000000000
60814  27.959  -44.050  63.659 0.0000000000
90714  57.849  -23.034  60.185 0.0000000000
93379  58.551  -22.006  58.740 0.0000000000
90724  49.146  -24.339  59.398 0.0000000000
56611  22.992  -48.678  80.755 0.0000000000
56633  21.156  -47.883  80.335 0.0000000000
56612  21.890  -48.231  81.102 0.0000000000
56575  20.512  -48.240  83.439 0.0000000000
56593  23.488  -48.756  81.383 0.0000000000
56625  36.810  -48.026  80.023 0.0000000000
57966  37.224  -46.605  80.218 0.0000000000
56647  37.402  -47.090  79.045 0.0000000000
56668  38.423  -46.454  78.351 0.0000000000
58037  38.845  -46.110  77.366 0.0000000000
59318  39.543  -45.410  77.394 0.0000000000
58052  38.082  -46.341  76.629 0.0000000000
59345  37.251  -46.018  75.532 0.0000000000
60619  36.202  -45.299  74.748 0.0000000000
61906  35.511  -44.675  74.006 0.0000000000
59360  35.341  -46.334  73.790 0.0000000000
59376  34.784  -46.562  72.987 0.0000000000
58114  33.817  -47.128  72.110 0.0000000000
56874  20.781  -49.069  64.609 0.0000000000
56873  21.389  -48.635  64.044 0.0000000000
54176  21.243  -50.585  63.586 0.0000000000
93316  52.952  -21.584  62.302 0.0000000000
93329  53.792  -21.447  61.534 0.0000000000
93330  52.875  -21.720  61.221 0.0000000000
92020  52.083  -21.931  60.805 0.0000000000
56809  19.338  -47.358  70.534 0.0000000000
55449  18.419  -49.611  68.411 0.0000000000
56810  18.321  -48.111  70.732 0.0000000000
56825  17.593  -48.778  69.973 0.0000000000
55414  16.721  -49.074  71.026 0.0000000000
55306  16.526  -49.045  76.999 0.0000000000
55339  16.630  -48.839  75.353 0.0000000000
55325  15.644  -49.531  75.848 0.0000000000
54028  14.827  -50.581  74.685 0.0000000000
50172  15.981  -53.782  75.218 0.0000000000
50087  32.486  -52.304  79.713 0.0000000000
51438  31.829  -51.765  77.922 0.0000000000
51452  31.878  -51.231  76.768 0.0000000000
50151  30.917  -52.058  77.641 0.0000000000
50167  29.932  -51.866  76.811 0.0000000000
51471  29.000  -51.441  75.879 0.0000000000
52708  24.481  -50.152  76.035 0.0000000000
52724  24.581  -50.171  75.197 0.0000000000
54011  23.856  -49.484  75.194 0.0000000000
54049  23.438  -49.058  73.632 0.0000000000
55391  22.606  -48.568  72.464 0.0000000000
56807  21.951  -47.846  70.793 0.0000000000
55412  21.715  -48.178  71.698 0.0000000000
56789  20.459  -47.674  71.528 0.0000000000
84232  45.051  -28.147  62.005 0.0000000000
85529  45.360  -27.501  61.317 0.0000000000
84233  44.423  -28.472  61.381 0.0000000000
84281  44.046  -28.436  59.509 0.0000000000
52603  12.038  -51.754  83.412 0.0000000000
52621  12.316  -51.718  82.527 0.0000000000
51403  12.455  -52.838  80.365 0.0000000000
50066  11.967  -53.320  81.912 0.0000000000
85437  50.526  -26.679  66.936 0.0000000000
85438  49.997  -26.954  66.670 0.0000000000
85424  49.958  -27.776  67.383 0.0000000000
84134  49.459  -28.643  67.368 0.0000000000
82783  48.551  -29.753  67.565 0.0000000000
75633  49.050  -33.829  70.468 0.0000000000
77065  48.744  -33.377  69.449 0.0000000000
75654  47.187  -34.383  68.742 0.0000000000
75667  45.532  -34.611  67.671 0.0000000000
74256  44.402  -34.858  67.091 0.0000000000
75685  43.611  -34.540  65.589 0.0000000000
74257  43.537  -34.882  66.788 0.0000000000
74248  42.992  -35.331  67.493 0.0000000000
72838  41.689  -35.754  67.321 0.0000000000
67367  39.240  -40.412  75.508 0.0000000000
68720  41.082  -39.548  75.654 0.0000000000
68721  40.138  -39.594  75.472 0.0000000000
70092  40.379  -38.291  74.719 0.0000000000
71440  40.072  -37.436  73.361 0.0000000000
71474  41.051  -36.898  71.804 0.0000000000
71458  39.400  -37.127  72.468 0.0000000000
71476  38.558  -37.444  71.926 0.0000000000
70156  38.070  -38.147  70.525 0.0000000000
68821  37.887  -39.231  69.887 0.0000000000
68806  37.145  -38.924  70.846 0.0000000000
68823  36.700  -39.727  69.586 0.0000000000
68843  36.497  -39.864  69.026 0.0000000000
64790  33.386  -42.606  68.542 0.0000000000
66137  33.843  -41.388  68.024 0.0000000000
66163  33.078  -41.857  67.238 0.0000000000
66205  33.171  -40.902  65.497 0.0000000000
66224  32.769  -40.911  64.260 0.0000000000
54076  30.058  -49.504  71.885 0.0000000000
55422  30.559  -48.697  71.074 0.0000000000
56803  29.619  -48.577  70.293 0.0000000000
56829  28.529  -48.448  68.657 0.0000000000
58153  28.122  -47.754  67.406 0.0000000000
59487  24.662  -45.792  62.514 0.0000000000
59514  24.394  -45.606  60.868 0.0000000000
97126  59.455  -18.945  56.426 0.0000000000
94630  59.914  -20.178  56.551 0.0000000000
93394  59.640  -21.189  56.823 0.0000000000
55335  21.584  -47.858  75.488 0.0000000000
55352  20.519  -47.788  74.708 0.0000000000
55320  20.639  -47.690  76.322 0.0000000000
55321  19.281  -47.870  76.703 0.0000000000
55303  19.060  -48.169  77.847 0.0000000000
56657  20.399  -48.006  79.451 0.0000000000
55285  19.069  -48.200  78.315 0.0000000000
55304  18.297  -48.393  77.499 0.0000000000
55287  17.406  -48.703  78.214 0.0000000000
53952  16.708  -49.198  78.747 0.0000000000
53953  16.065  -49.819  78.940 0.0000000000
50092  28.697  -52.408  80.058 0.0000000000
50125  28.274  -52.055  78.536 0.0000000000
50111  27.362  -52.032  79.253 0.0000000000
51428  26.344  -51.440  78.869 0.0000000000
52678  25.295  -50.684  78.541 0.0000000000
53931  24.855  -50.312  80.203 0.0000000000
52666  24.669  -50.347  78.847 0.0000000000
52679  24.536  -50.423  78.062 0.0000000000
55300  23.468  -49.332  77.368 0.0000000000
53997  22.577  -48.510  76.239 0.0000000000
78721  41.169  -32.456  60.866 0.0000000000
80100  41.319  -31.422  60.333 0.0000000000
78745  40.537  -32.503  59.452 0.0000000000
81348  51.199  -29.362  70.687 0.0000000000
75614  49.183  -33.407  71.458 0.0000000000
75625  48.486  -34.610  71.586 0.0000000000
74206  48.073  -35.164  71.343 0.0000000000
72770  47.140  -36.031  71.216 0.0000000000
63185  41.769  -42.603  77.427 0.0000000000
64598  41.077  -42.264  76.980 0.0000000000
61870  39.310  -44.169  76.668 0.0000000000
63205  39.087  -43.424  76.475 0.0000000000
65986  39.308  -41.887  76.545 0.0000000000
66013  38.180  -41.200  75.356 0.0000000000
66014  37.465  -41.403  74.939 0.0000000000
66027  36.511  -41.346  73.411 0.0000000000
67406  36.516  -40.521  72.884 0.0000000000
66041  36.080  -41.366  72.642 0.0000000000
64703  35.215  -42.461  71.691 0.0000000000
63325  35.071  -43.145  71.229 0.0000000000
61938  34.928  -44.591  72.408 0.0000000000
63299  34.736  -43.749  71.404 0.0000000000
63354  34.027  -43.555  69.656 0.0000000000
63355  33.470  -43.611  69.184 0.0000000000
63382  32.342  -43.518  68.225 0.0000000000
62060  31.070  -44.124  66.981 0.0000000000
55455  25.083  -49.261  68.084 0.0000000000
56852  25.726  -48.603  67.145 0.0000000000
58175  24.495  -47.572  66.194 0.0000000000
58192  24.624  -47.275  65.211 0.0000000000
58211  23.386  -47.053  63.641 0.0000000000
56872  21.963  -48.164  63.450 0.0000000000
58229  22.572  -47.793  62.225 0.0000000000
93343  57.647  -21.713  60.663 0.0000000000
93342  58.018  -22.164  60.290 0.0000000000
92038  57.944  -22.545  60.983 0.0000000000
90702  57.893  -23.228  60.897 0.0000000000
90715  57.573  -23.228  60.289 0.0000000000
92040  55.718  -22.302  60.602 0.0000000000
92039  56.665  -22.994  60.474 0.0000000000
56751  18.509  -47.671  73.691 0.0000000000
56771  16.701  -48.536  72.066 0.0000000000
54098  16.396  -50.416  71.064 0.0000000000
55374  16.054  -49.319  73.450 0.0000000000
52778  16.515  -51.206  71.441 0.0000000000
55242  36.043  -48.969  80.422 0.0000000000
53944  36.048  -48.890  79.088 0.0000000000
53980  35.314  -48.860  77.606 0.0000000000
54009  34.228  -48.821  76.002 0.0000000000
55348  34.614  -48.401  75.103 0.0000000000
54022  33.422  -49.467  75.495 0.0000000000
54039  32.207  -49.585  74.355 0.0000000000
54040  31.597  -49.741  73.949 0.0000000000
51482  31.193  -50.549  75.435 0.0000000000
52756  31.198  -50.203  74.358 0.0000000000
54061  30.450  -49.806  73.146 0.0000000000
54077  29.012  -49.923  71.836 0.0000000000
54092  27.663  -50.134  70.915 0.0000000000
52785  26.816  -49.911  70.424 0.0000000000
50142  27.872  -51.737  77.801 0.0000000000
51473  27.717  -51.592  76.183 0.0000000000
51486  27.536  -51.493  75.115 0.0000000000
52743  25.060  -50.421  74.651 0.0000000000
52762  26.364  -50.816  74.073 0.0000000000
52761  26.846  -50.925  73.821 0.0000000000
54065  26.621  -50.401  72.280 0.0000000000
52776  26.085  -50.156  71.102 0.0000000000
54096  25.387  -49.478  69.580 0.0000000000
56831  24.553  -48.897  68.636 0.0000000000
58156  22.982  -47.109  67.665 0.0000000000
58157  21.759  -46.920  67.348 0.0000000000
58136  21.396  -47.296  69.244 0.0000000000
58146  21.002  -47.065  68.157 0.0000000000
58168  20.618  -47.832  66.588 0.0000000000
55476  20.684  -49.948  65.465 0.0000000000
89381  48.796  -24.588  62.722 0.0000000000
90688  49.486  -23.658  61.369 0.0000000000
88133  47.876  -24.999  61.123 0.0000000000
86840  45.690  -26.580  60.334 0.0000000000
86856  46.468  -26.213  59.519 0.0000000000
81563  41.603  -30.867  58.838 0.0000000000
59181  21.873  -47.362  84.576 0.0000000000
56538  20.994  -48.166  84.778 0.0000000000
56576  19.662  -48.382  83.702 0.0000000000
56553  19.339  -48.287  84.516 0.0000000000
55214  18.607  -49.075  82.963 0.0000000000
55215  17.701  -49.231  82.639 0.0000000000
53912  16.745  -49.546  80.524 0.0000000000
53954  15.119  -49.888  79.317 0.0000000000
53851  15.968  -49.583  84.436 0.0000000000
53894  14.722  -50.369  82.504 0.0000000000
53914  15.140  -50.332  81.535 0.0000000000
53971  14.255  -50.333  78.612 0.0000000000
52695  13.490  -51.934  77.545 0.0000000000
94560  57.017  -20.277  60.577 0.0000000000
94548  57.021  -20.733  61.509 0.0000000000
93311  56.705  -21.302  62.954 0.0000000000
93313  55.736  -21.491  63.134 0.0000000000
94504  55.451  -20.948  64.767 0.0000000000
93285  55.355  -21.046  64.591 0.0000000000
93301  53.831  -21.466  63.593 0.0000000000
91988  53.081  -21.727  63.615 0.0000000000
90657  51.880  -22.936  63.561 0.0000000000
90658  51.359  -23.303  63.614 0.0000000000
90630  52.075  -23.305  65.573 0.0000000000
90644  50.814  -24.107  64.343 0.0000000000
89379  50.247  -24.089  63.533 0.0000000000
88099  49.146  -24.924  63.944 0.0000000000
86784  47.815  -26.104  63.073 0.0000000000
86785  47.310  -26.844  63.574 0.0000000000
85453  48.965  -26.885  65.851 0.0000000000
85468  46.999  -27.653  64.358 0.0000000000
85483  46.424  -27.859  63.718 0.0000000000
84194  45.590  -28.881  63.691 0.0000000000
82856  44.667  -29.921  63.552 0.0000000000
81475  43.629  -31.112  62.863 0.0000000000
81366  50.230  -30.536  69.643 0.0000000000
81388  49.069  -30.220  68.355 0.0000000000
81409  47.591  -30.985  67.340 0.0000000000
77111  47.513  -33.067  67.754 0.0000000000
78582  47.155  -32.494  67.340 0.0000000000
81429  46.729  -31.084  66.373 0.0000000000
80044  45.333  -31.598  65.047 0.0000000000
80057  44.148  -31.683  64.042 0.0000000000
80070  42.823  -31.794  62.185 0.0000000000
77209  41.832  -33.240  62.299 0.0000000000
75731  41.297  -33.917  62.370 0.0000000000
74272  42.579  -34.987  64.793 0.0000000000
74289  40.407  -34.902  63.782 0.0000000000
72739  46.536  -36.206  73.017 0.0000000000
72772  45.302  -36.610  71.800 0.0000000000
68732  44.828  -39.169  75.066 0.0000000000
68719  42.112  -39.375  75.362 0.0000000000
67383  43.462  -39.240  74.520 0.0000000000
67402  44.610  -39.016  74.130 0.0000000000
70105  44.556  -38.306  73.418 0.0000000000
71469  44.646  -37.001  72.222 0.0000000000
72792  44.443  -36.433  70.747 0.0000000000
72793  43.582  -36.553  70.347 0.0000000000
71499  42.127  -36.639  69.263 0.0000000000
72827  41.018  -36.567  68.311 0.0000000000
71501  40.421  -36.647  69.834 0.0000000000
71513  40.541  -36.800  68.580 0.0000000000
72840  39.729  -36.685  67.493 0.0000000000
71529  38.251  -37.032  66.656 0.0000000000
67461  38.306  -40.780  69.465 0.0000000000
66110  38.081  -41.677  69.368 0.0000000000
67429  35.766  -40.729  71.221 0.0000000000
67464  35.465  -40.215  69.543 0.0000000000
67488  35.721  -39.873  68.439 0.0000000000
67511  34.525  -40.479  67.129 0.0000000000
67510  35.421  -40.106  67.323 0.0000000000
55385  33.569  -48.116  73.714 0.0000000000
56783  33.285  -47.609  72.268 0.0000000000
58123  32.623  -47.094  70.747 0.0000000000
56801  31.218  -47.993  70.595 0.0000000000
58130  31.575  -47.029  70.012 0.0000000000
59406  32.330  -46.176  69.852 0.0000000000
60724  31.133  -45.298  68.125 0.0000000000
60738  31.003  -44.890  67.507 0.0000000000
62083  29.852  -44.082  66.219 0.0000000000
56851  26.322  -48.576  66.763 0.0000000000
58173  26.822  -47.770  65.604 0.0000000000
58188  27.512  -46.992  65.697 0.0000000000
60804  26.049  -45.537  63.535 0.0000000000
59459  27.067  -46.102  64.912 0.0000000000
59445  27.908  -46.230  65.632 0.0000000000
60768  28.850  -45.192  65.634 0.0000000000
62100  29.070  -44.008  64.649 0.0000000000
93378  58.930  -21.362  57.880 0.0000000000
93411  59.319  -21.376  56.292 0.0000000000
90705  49.575  -23.526  60.175 0.0000000000
55332  35.582  -48.241  75.801 0.0000000000
55331  36.533  -47.871  76.237 0.0000000000
56737  36.001  -47.730  75.319 0.0000000000
90675  50.542  -23.392  62.901 0.0000000000
92006  50.686  -23.007  62.196 0.0000000000
55394  19.881  -47.694  73.285 0.0000000000
53986  14.206  -50.382  77.444 0.0000000000
50091  29.340  -52.572  80.268 0.0000000000
50075  29.983  -53.192  80.983 0.0000000000
50090  30.140  -52.650  79.988 0.0000000000
50089  31.090  -52.877  79.937 0.0000000000
50123  29.861  -52.424  78.642 0.0000000000
55351  21.442  -48.033  74.470 0.0000000000
55393  20.870  -47.584  72.933 0.0000000000
82888  42.929  -29.830  61.076 0.0000000000
81512  42.397  -30.438  60.965 0.0000000000
84103  51.616  -27.875  69.674 0.0000000000
82721  51.513  -28.718  70.189 0.0000000000
74209  46.422  -35.606  70.252 0.0000000000
74220  45.938  -35.441  69.620 0.0000000000
72807  45.391  -35.586  69.822 0.0000000000
68758  37.458  -39.469  73.612 0.0000000000
70111  37.467  -38.623  73.019 0.0000000000
55438  26.705  -49.467  69.274 0.0000000000
55445  26.865  -49.312  68.942 0.0000000000
54119  26.283  -49.394  67.960 0.0000000000
95823  58.263  -19.655  59.109 0.0000000000
95837  58.768  -19.824  58.222 0.0000000000
94578  58.151  -20.612  59.268 0.0000000000
56615  18.795  -48.661  81.311 0.0000000000
52616  26.817  -50.537  80.914 0.0000000000
52635  26.125  -50.684  80.490 0.0000000000
52618  25.490  -50.299  80.755 0.0000000000
56631  22.800  -48.865  79.941 0.0000000000
55248  23.339  -49.208  79.723 0.0000000000
56675  22.720  -48.636  78.792 0.0000000000
59288  39.832  -45.589  78.643 0.0000000000
60535  39.907  -45.140  79.218 0.0000000000
59272  40.539  -45.089  78.667 0.0000000000
60518  40.384  -44.236  79.188 0.0000000000
59286  40.806  -44.959  78.495 0.0000000000
60568  41.336  -44.625  77.965 0.0000000000
59316  40.790  -45.442  77.796 0.0000000000
61904  36.534  -44.378  74.966 0.0000000000
63243  36.332  -43.486  74.515 0.0000000000
63260  35.861  -43.399  74.004 0.0000000000
61921  35.692  -43.915  73.811 0.0000000000
60673  33.524  -45.498  70.995 0.0000000000
60688  33.409  -45.559  70.167 0.0000000000
59405  32.948  -45.961  70.048 0.0000000000
93327  55.820  -21.493  62.079 0.0000000000
54121  19.215  -50.398  67.424 0.0000000000
55338  17.680  -48.429  75.499 0.0000000000
51511  16.619  -52.713  72.474 0.0000000000
51424  33.331  -50.989  78.288 0.0000000000
52689  33.685  -50.382  77.984 0.0000000000
52690  33.233  -50.487  77.442 0.0000000000
52704  33.020  -50.400  76.802 0.0000000000
52739  29.011  -51.167  74.584 0.0000000000
52738  29.316  -51.078  74.622 0.0000000000
52759  28.392  -51.175  74.120 0.0000000000
52692  25.465  -51.041  77.674 0.0000000000
52706  26.351  -51.300  76.973 0.0000000000
55390  23.503  -49.160  72.276 0.0000000000
54068  24.099  -49.502  72.448 0.0000000000
55389  24.258  -49.457  71.920 0.0000000000
55410  23.773  -48.926  71.426 0.0000000000
56786  23.661  -48.447  70.954 0.0000000000
56834  19.434  -48.147  68.256 0.0000000000
55457  19.662  -49.589  67.187 0.0000000000
86805  46.222  -26.775  62.198 0.0000000000
55152  17.581  -48.610  85.241 0.0000000000
55166  17.202  -49.164  85.100 0.0000000000
55197  16.923  -49.398  83.441 0.0000000000
55177  16.482  -49.498  84.603 0.0000000000
52620  12.977  -51.148  82.456 0.0000000000
52601  13.284  -50.955  82.996 0.0000000000
52637  13.515  -50.998  81.978 0.0000000000
52653  12.965  -51.516  80.472 0.0000000000
51385  12.572  -52.110  80.728 0.0000000000
97052  55.510  -19.241  62.257 0.0000000000
93241  54.073  -21.074  66.282 0.0000000000
91960  52.989  -22.189  65.424 0.0000000000
91943  52.993  -22.226  66.441 0.0000000000
86756  50.744  -25.595  66.340 0.0000000000
88068  50.567  -25.313  65.820 0.0000000000
82804  47.691  -29.516  66.591 0.0000000000
82820  47.076  -29.511  65.866 0.0000000000
82837  46.345  -29.657  65.257 0.0000000000
81442  46.878  -30.143  66.033 0.0000000000
77063  49.429  -32.699  70.305 0.0000000000
78522  49.526  -32.265  69.963 0.0000000000
77064  49.142  -33.083  69.894 0.0000000000
75683  45.012  -33.818  65.821 0.0000000000
77160  44.448  -33.318  64.854 0.0000000000
75699  43.972  -33.831  64.809 0.0000000000
72852  39.674  -35.717  65.616 0.0000000000
70088  45.558  -38.080  74.649 0.0000000000
65998  41.627  -41.201  76.458 0.0000000000
65997  42.436  -41.079  76.435 0.0000000000
70108  41.949  -38.004  73.185 0.0000000000
70126  42.025  -37.793  72.578 0.0000000000
71455  42.137  -37.556  72.115 0.0000000000
71472  42.311  -37.345  71.375 0.0000000000
67486  37.131  -40.654  68.863 0.0000000000
66136  37.088  -40.890  68.476 0.0000000000
66085  34.567  -41.784  69.787 0.0000000000
66084  34.900  -41.209  70.165 0.0000000000
54074  31.605  -49.004  72.772 0.0000000000
58151  29.283  -47.209  67.950 0.0000000000
59429  29.053  -46.277  67.291 0.0000000000
59475  24.104  -46.545  63.444 0.0000000000
58209  25.119  -47.017  64.452 0.0000000000
59488  24.376  -46.282  62.902 0.0000000000
92076  57.974  -22.684  58.721 0.0000000000
56595  21.659  -48.036  82.119 0.0000000000
56596  20.601  -48.075  82.489 0.0000000000
56551  21.177  -48.053  83.984 0.0000000000
56572  23.525  -48.479  82.062 0.0000000000
55259  36.749  -48.106  79.385 0.0000000000
56648  37.041  -47.669  79.582 0.0000000000
56703  37.538  -47.222  77.110 0.0000000000
56688  37.798  -47.181  77.803 0.0000000000
56702  38.273  -46.701  77.500 0.0000000000
58023  38.772  -46.341  77.726 0.0000000000
56722  38.023  -46.698  76.950 0.0000000000
58072  36.297  -47.070  75.022 0.0000000000
58071  37.044  -46.650  75.383 0.0000000000
59346  36.677  -46.148  75.035 0.0000000000
60620  35.495  -45.268  74.095 0.0000000000
58102  34.357  -47.197  73.302 0.0000000000
59377  34.163  -46.437  72.307 0.0000000000
54158  21.054  -50.519  64.278 0.0000000000
55485  21.030  -49.795  64.255 0.0000000000
92004  52.096  -21.999  61.919 0.0000000000
92044  51.507  -22.311  60.290 0.0000000000
92066  51.146  -22.687  59.866 0.0000000000
56824  18.448  -48.209  69.674 0.0000000000
56811  17.386  -48.576  70.846 0.0000000000
55431  16.991  -49.506  70.318 0.0000000000
56792  17.074  -48.464  71.572 0.0000000000
55324  16.159  -49.182  76.124 0.0000000000
53999  15.672  -49.506  76.212 0.0000000000
54015  14.585  -50.613  75.495 0.0000000000
54014  14.936  -50.176  75.239 0.0000000000
52745  14.896  -51.554  74.436 0.0000000000
51505  15.433  -51.992  73.829 0.0000000000
51490  15.565  -52.439  74.193 0.0000000000
50181  15.958  -53.191  74.333 0.0000000000
51475  15.016  -52.301  74.964 0.0000000000
51459  14.431  -52.465  76.135 0.0000000000
51458  15.015  -52.684  75.599 0.0000000000
50157  16.046  -53.786  75.890 0.0000000000
50159  14.575  -53.014  76.508 0.0000000000
51365  32.673  -51.928  81.086 0.0000000000
50106  31.288  -52.943  79.210 0.0000000000
50105  31.857  -52.199  79.209 0.0000000000
51426  32.220  -51.806  78.829 0.0000000000
50120  31.627  -52.085  78.544 0.0000000000
50136  31.578  -52.007  78.241 0.0000000000
50137  31.346  -52.158  78.126 0.0000000000
50153  29.670  -51.954  77.236 0.0000000000
50168  29.367  -51.722  76.630 0.0000000000
50169  28.623  -51.653  76.494 0.0000000000
53996  23.535  -49.304  76.603 0.0000000000
55368  22.586  -48.587  73.464 0.0000000000
55367  23.251  -48.971  73.006 0.0000000000
56767  20.584  -47.747  72.285 0.0000000000
84212  44.702  -28.736  62.222 0.0000000000
84259  42.853  -29.211  59.608 0.0000000000
84258  43.259  -28.784  60.091 0.0000000000
84282  43.336  -29.116  59.177 0.0000000000
84305  43.621  -29.420  58.764 0.0000000000
51357  11.942  -52.128  82.924 0.0000000000
51368  11.872  -52.451  82.350 0.0000000000
85423  50.661  -27.188  67.582 0.0000000000
82758  50.568  -29.213  68.667 0.0000000000
84133  50.011  -28.494  67.792 0.0000000000
82782  49.022  -29.298  67.700 0.0000000000
82760  49.239  -29.552  68.159 0.0000000000
75634  48.293  -34.681  70.591 0.0000000000
75643  48.347  -33.998  69.454 0.0000000000
75644  47.654  -34.700  69.781 0.0000000000
74235  45.606  -35.184  68.641 0.0000000000
75655  46.093  -34.658  68.314 0.0000000000
75656  45.512  -34.817  68.168 0.0000000000
74255  44.959  -34.829  67.421 0.0000000000
74246  44.527  -35.078  67.835 0.0000000000
74238  43.410  -35.484  68.124 0.0000000000
72837  42.402  -35.597  67.609 0.0000000000
72825  42.596  -35.931  68.483 0.0000000000
67384  38.834  -39.924  75.102 0.0000000000
70109  38.875  -38.334  73.936 0.0000000000
70093  39.312  -38.581  74.557 0.0000000000
71428  39.751  -37.850  74.132 0.0000000000
71427  40.639  -37.722  74.144 0.0000000000
70143  38.005  -37.905  71.413 0.0000000000
70157  37.670  -38.349  70.987 0.0000000000
68792  36.545  -39.625  71.534 0.0000000000
64816  32.938  -42.379  67.965 0.0000000000
66138  33.265  -42.004  67.979 0.0000000000
66206  32.476  -41.037  65.459 0.0000000000
55405  29.294  -49.401  71.178 0.0000000000
55423  29.900  -48.995  70.882 0.0000000000
55424  29.048  -49.111  70.210 0.0000000000
56830  27.937  -48.663  68.405 0.0000000000
56817  28.804  -48.518  69.301 0.0000000000
56841  28.597  -48.005  67.890 0.0000000000
94592  59.347  -20.732  57.706 0.0000000000
94610  59.638  -20.611  57.064 0.0000000000
94629  59.909  -20.609  56.498 0.0000000000
94609  59.713  -21.016  57.081 0.0000000000
56695  20.440  -47.738  77.672 0.0000000000
56713  20.069  -47.652  76.981 0.0000000000
53933  16.737  -49.315  79.614 0.0000000000
51383  27.182  -51.514  80.562 0.0000000000
52633  28.203  -51.331  80.776 0.0000000000
51382  28.064  -52.145  80.529 0.0000000000
50077  28.318  -52.342  80.411 0.0000000000
50078  27.919  -52.305  80.332 0.0000000000
50093  27.724  -52.338  79.965 0.0000000000
50094  27.209  -52.123  79.701 0.0000000000
51429  25.935  -50.841  79.014 0.0000000000
51442  25.899  -51.096  78.405 0.0000000000
53911  24.470  -49.650  80.843 0.0000000000
53910  24.904  -50.155  80.714 0.0000000000
53932  24.390  -49.857  80.350 0.0000000000
55282  23.661  -49.392  78.823 0.0000000000
53951  24.438  -50.093  79.617 0.0000000000
53966  24.038  -49.786  78.614 0.0000000000
53982  23.752  -49.797  77.696 0.0000000000
55302  22.418  -48.370  77.639 0.0000000000
55318  22.981  -48.540  77.043 0.0000000000
53998  22.148  -48.061  76.028 0.0000000000
74185  49.136  -34.021  71.272 0.0000000000
75615  48.823  -33.762  71.876 0.0000000000
74186  47.759  -34.937  72.733 0.0000000000
74195  48.029  -35.123  72.065 0.0000000000
74196  47.559  -35.609  71.675 0.0000000000
59260  37.399  -45.937  79.881 0.0000000000
61850  41.125  -44.074  77.682 0.0000000000
63186  41.018  -43.119  77.389 0.0000000000
63202  40.784  -42.894  77.221 0.0000000000
60601  38.553  -45.307  76.638 0.0000000000
60585  39.309  -44.924  76.990 0.0000000000
60586  38.735  -44.752  76.642 0.0000000000
63221  38.343  -43.446  76.128 0.0000000000
64601  38.790  -42.570  76.396 0.0000000000
64600  39.578  -42.619  76.636 0.0000000000
66001  38.618  -41.467  76.031 0.0000000000
64638  36.590  -42.383  74.543 0.0000000000
66026  36.912  -41.325  74.094 0.0000000000
64685  35.472  -42.690  72.599 0.0000000000
60638  35.317  -45.557  73.085 0.0000000000
61981  33.806  -44.632  70.487 0.0000000000
63326  34.478  -43.444  70.524 0.0000000000
62024  32.368  -44.341  68.716 0.0000000000
62038  31.855  -44.035  68.212 0.0000000000
63403  31.834  -43.497  67.686 0.0000000000
62039  31.370  -44.343  67.637 0.0000000000
58154  24.722  -48.171  67.543 0.0000000000
56853  25.124  -48.358  67.294 0.0000000000
58164  24.687  -47.746  67.086 0.0000000000
55518  21.588  -49.694  62.675 0.0000000000
56885  21.674  -48.850  63.159 0.0000000000
56894  22.112  -48.656  62.010 0.0000000000
58245  22.448  -48.080  61.506 0.0000000000
93325  57.201  -21.550  61.951 0.0000000000
92017  57.557  -22.499  61.343 0.0000000000
90686  57.649  -22.955  61.254 0.0000000000
93345  54.684  -21.610  60.905 0.0000000000
92061  56.117  -23.140  59.809 0.0000000000
54112  18.654  -50.406  68.038 0.0000000000
52803  18.430  -51.325  68.399 0.0000000000
55372  18.989  -47.548  74.210 0.0000000000
55373  16.811  -48.529  73.072 0.0000000000
56752  17.730  -48.034  73.383 0.0000000000
56793  16.516  -48.890  71.627 0.0000000000
55356  16.087  -49.267  74.534 0.0000000000
51512  16.389  -51.900  72.404 0.0000000000
52770  16.214  -51.143  72.172 0.0000000000
51517  16.493  -51.626  71.886 0.0000000000
51364  33.607  -51.406  81.209 0.0000000000
52630  34.404  -50.980  80.732 0.0000000000
52662  34.984  -50.595  79.673 0.0000000000
52648  35.165  -50.398  80.320 0.0000000000
52647  35.608  -50.065  80.153 0.0000000000
53924  35.920  -49.591  80.084 0.0000000000
53923  36.094  -48.991  79.675 0.0000000000
53945  35.676  -49.605  79.522 0.0000000000
53994  34.363  -49.554  76.959 0.0000000000
53993  34.989  -48.628  76.557 0.0000000000
54021  34.007  -48.919  75.411 0.0000000000
52719  32.556  -50.305  75.756 0.0000000000
52734  32.772  -49.947  75.537 0.0000000000
52754  32.393  -49.881  74.991 0.0000000000
52755  31.869  -49.993  74.666 0.0000000000
52757  30.321  -50.555  74.179 0.0000000000
54041  31.020  -50.033  73.704 0.0000000000
52768  30.035  -50.291  73.508 0.0000000000
54062  29.523  -50.148  73.003 0.0000000000
54064  27.569  -50.436  72.364 0.0000000000
54078  28.097  -50.289  71.495 0.0000000000
54093  27.200  -49.985  70.613 0.0000000000
52774  26.807  -50.112  70.773 0.0000000000
50126  27.590  -51.859  78.596 0.0000000000
52721  27.038  -51.419  76.177 0.0000000000
51455  27.775  -51.673  76.877 0.0000000000
52740  27.316  -51.489  75.737 0.0000000000
51487  26.812  -51.257  74.619 0.0000000000
52723  25.254  -50.628  75.498 0.0000000000
54024  25.621  -50.361  74.002 0.0000000000
54045  27.115  -50.531  73.227 0.0000000000
54066  25.607  -49.990  72.129 0.0000000000
55409  24.779  -49.406  71.116 0.0000000000
54081  25.661  -49.939  71.072 0.0000000000
54082  25.313  -49.588  70.377 0.0000000000
54095  25.940  -49.852  70.186 0.0000000000
55439  24.947  -49.131  69.072 0.0000000000
56818  24.439  -48.695  69.249 0.0000000000
58134  23.487  -47.784  69.361 0.0000000000
58133  23.920  -48.140  69.186 0.0000000000
58144  23.243  -47.360  68.715 0.0000000000
58126  21.752  -47.397  70.064 0.0000000000
56833  20.103  -47.636  67.753 0.0000000000
58158  20.786  -47.451  67.148 0.0000000000
56855  20.464  -48.462  66.212 0.0000000000
88153  46.772  -25.908  60.823 0.0000000000
88152  47.420  -25.328  60.383 0.0000000000
85549  45.160  -27.136  60.366 0.0000000000
86827  45.580  -26.898  60.837 0.0000000000
85570  46.694  -27.049  58.957 0.0000000000
80119  41.043  -31.492  59.262 0.0000000000
81544  41.589  -30.834  59.369 0.0000000000
80144  41.552  -31.483  58.327 0.0000000000
59194  22.379  -47.161  83.918 0.0000000000
57911  20.702  -47.923  85.168 0.0000000000
56552  20.303  -48.173  84.260 0.0000000000
56539  19.994  -47.965  84.862 0.0000000000
55174  18.799  -48.464  84.575 0.0000000000
56577  19.117  -48.251  83.915 0.0000000000
55195  18.734  -48.631  83.667 0.0000000000
55235  16.549  -49.676  81.869 0.0000000000
53913  16.225  -50.048  81.184 0.0000000000
53934  15.960  -49.468  80.031 0.0000000000
53853  14.319  -50.313  84.401 0.0000000000
53852  15.487  -49.812  84.785 0.0000000000
53936  14.303  -50.507  80.793 0.0000000000
53955  14.278  -50.324  79.729 0.0000000000
52694  13.605  -51.047  77.940 0.0000000000
52680  13.627  -50.939  79.060 0.0000000000
51430  13.309  -52.667  78.013 0.0000000000
50096  12.658  -53.618  79.893 0.0000000000
95805  56.849  -19.560  60.263 0.0000000000
94561  56.353  -20.112  61.211 0.0000000000
94531  56.539  -20.883  63.283 0.0000000000
93297  56.511  -21.163  63.413 0.0000000000
93312  56.390  -21.463  63.027 0.0000000000
93299  55.616  -21.252  63.949 0.0000000000
95775  55.333  -19.924  63.993 0.0000000000
94522  54.767  -20.602  64.918 0.0000000000
93286  54.714  -21.233  64.782 0.0000000000
93300  54.808  -21.220  63.874 0.0000000000
91976  52.518  -22.563  64.720 0.0000000000
90615  52.692  -22.867  66.191 0.0000000000
89335  51.594  -24.135  65.860 0.0000000000
89349  50.725  -24.463  64.794 0.0000000000
89361  50.401  -24.291  64.150 0.0000000000
89362  49.715  -24.574  63.897 0.0000000000
89363  49.153  -24.692  63.445 0.0000000000
86770  48.896  -26.237  64.928 0.0000000000
86771  48.199  -26.454  64.242 0.0000000000
86772  47.606  -27.048  64.339 0.0000000000
85439  49.233  -28.018  66.783 0.0000000000
85454  48.434  -27.781  66.137 0.0000000000
84179  47.305  -28.463  65.294 0.0000000000
85469  46.517  -28.130  64.219 0.0000000000
84193  46.127  -28.451  64.049 0.0000000000
84210  45.954  -28.224  63.399 0.0000000000
81474  44.031  -30.604  63.253 0.0000000000
81349  50.889  -30.098  70.581 0.0000000000
81365  50.960  -30.047  69.869 0.0000000000
81350  50.488  -30.625  70.343 0.0000000000
79961  48.841  -31.664  69.183 0.0000000000
79970  49.147  -31.100  68.963 0.0000000000
79971  48.515  -31.380  68.575 0.0000000000
81389  48.445  -30.771  68.184 0.0000000000
79987  47.722  -31.421  67.795 0.0000000000
75653  47.788  -33.690  68.500 0.0000000000
77093  47.773  -33.172  68.143 0.0000000000
77094  47.501  -33.372  67.849 0.0000000000
77134  46.166  -33.058  66.409 0.0000000000
78583  46.486  -32.421  66.684 0.0000000000
80007  46.855  -31.613  66.804 0.0000000000
80025  46.299  -31.623  66.150 0.0000000000
80043  45.931  -31.264  65.585 0.0000000000
80026  45.787  -31.919  65.636 0.0000000000
78665  43.939  -32.633  64.034 0.0000000000
78642  44.355  -32.567  64.459 0.0000000000
78666  43.690  -32.352  63.659 0.0000000000
80058  43.629  -31.627  63.290 0.0000000000
78685  43.314  -32.415  63.177 0.0000000000
78686  42.814  -32.461  62.625 0.0000000000
75730  42.017  -33.718  62.700 0.0000000000
75744  40.654  -34.203  61.692 0.0000000000
75717  40.995  -34.390  63.263 0.0000000000
74263  43.132  -34.734  66.022 0.0000000000
74271  43.169  -34.961  65.224 0.0000000000
74274  40.785  -35.068  64.620 0.0000000000
74304  39.924  -34.817  63.169 0.0000000000
71425  46.110  -36.693  73.610 0.0000000000
72740  46.024  -36.682  72.997 0.0000000000
72755  46.008  -36.622  72.521 0.0000000000
71452  45.639  -36.974  72.747 0.0000000000
67362  43.615  -40.038  76.138 0.0000000000
67351  43.729  -40.488  76.623 0.0000000000
68716  44.079  -39.674  75.905 0.0000000000
68715  44.671  -39.228  76.034 0.0000000000
68733  44.005  -39.442  75.037 0.0000000000
68756  43.627  -38.930  74.036 0.0000000000
68735  43.046  -39.148  74.581 0.0000000000
67403  44.041  -39.182  74.186 0.0000000000
68755  44.283  -38.819  73.873 0.0000000000
68754  44.870  -38.702  73.840 0.0000000000
70141  43.714  -37.395  72.247 0.0000000000
70140  44.250  -37.343  72.388 0.0000000000
72773  44.555  -36.711  71.619 0.0000000000
71486  43.420  -37.021  70.812 0.0000000000
71511  41.898  -36.436  68.707 0.0000000000
71512  41.428  -36.700  68.762 0.0000000000
72774  40.313  -36.657  71.562 0.0000000000
71489  40.903  -36.843  70.957 0.0000000000
72795  40.128  -36.550  70.673 0.0000000000
71514  39.507  -37.037  68.784 0.0000000000
71520  40.127  -36.731  67.932 0.0000000000
71521  39.671  -36.995  67.999 0.0000000000
72849  39.019  -36.720  67.058 0.0000000000
70194  37.360  -38.098  67.640 0.0000000000
66061  35.848  -40.977  71.776 0.0000000000
67417  36.199  -40.364  72.119 0.0000000000
67534  35.276  -40.391  66.294 0.0000000000
66184  35.750  -40.821  66.246 0.0000000000
55365  33.521  -48.742  74.476 0.0000000000
55386  32.862  -48.610  73.549 0.0000000000
56784  32.478  -47.761  71.757 0.0000000000
58116  32.904  -47.211  71.235 0.0000000000
56802  30.185  -48.333  70.414 0.0000000000
55404  31.102  -48.631  71.523 0.0000000000
56815  30.536  -47.833  69.932 0.0000000000
58141  30.744  -46.915  69.063 0.0000000000
58140  31.290  -46.792  69.429 0.0000000000
58129  32.251  -46.796  70.272 0.0000000000
59407  31.707  -46.394  69.568 0.0000000000
59416  31.936  -45.886  69.480 0.0000000000
60739  30.359  -45.141  67.303 0.0000000000
62061  30.460  -44.373  66.647 0.0000000000
62062  29.772  -44.551  66.460 0.0000000000
56862  25.755  -48.197  65.935 0.0000000000
58190  26.523  -47.196  65.151 0.0000000000
58174  26.286  -47.846  65.481 0.0000000000
58172  27.265  -47.653  66.035 0.0000000000
58189  27.086  -47.081  65.469 0.0000000000
60817  25.576  -45.226  62.838 0.0000000000
62119  26.707  -44.614  63.361 0.0000000000
60803  26.705  -45.164  63.735 0.0000000000
59472  26.898  -45.518  64.206 0.0000000000
59446  27.581  -45.770  65.247 0.0000000000
60770  27.820  -45.648  65.321 0.0000000000
60769  28.211  -45.459  65.355 0.0000000000
60788  27.834  -45.298  64.813 0.0000000000
60813  28.235  -43.865  63.704 0.0000000000
62101  28.548  -44.126  64.322 0.0000000000
95917  60.297  -19.683  55.378 0.0000000000
93363  58.222  -21.868  59.673 0.0000000000
93395  59.183  -21.513  57.235 0.0000000000
90689  48.882  -23.859  60.663 0.0000000000
56549  22.983  -48.206  83.017 0.0000000000
55295  36.116  -48.400  77.356 0.0000000000
55294  36.480  -48.082  77.855 0.0000000000
55312  36.779  -47.953  77.011 0.0000000000
56704  37.130  -47.498  76.518 0.0000000000
56724  37.104  -47.392  75.960 0.0000000000
58055  36.429  -47.413  75.378 0.0000000000
58073  35.466  -47.055  74.403 0.0000000000
56763  34.279  -47.575  73.781 0.0000000000
92022  50.763  -22.825  61.516 0.0000000000
56769  18.694  -47.633  72.771 0.0000000000
53969  16.061  -49.382  77.867 0.0000000000
52726  14.471  -51.587  75.455 0.0000000000
50063  31.560  -52.667  80.885 0.0000000000
51380  32.179  -52.460  80.898 0.0000000000
50073  31.720  -52.661  80.503 0.0000000000
50122  30.679  -52.629  78.638 0.0000000000
50138  30.799  -52.300  78.040 0.0000000000
50140  29.344  -51.979  77.879 0.0000000000
55350  22.228  -48.459  74.365 0.0000000000
82874  43.969  -29.756  62.301 0.0000000000
82887  43.599  -29.518  61.577 0.0000000000
82908  42.674  -29.619  60.264 0.0000000000
82927  42.537  -29.728  59.299 0.0000000000
85409  51.694  -27.210  69.165 0.0000000000
85410  51.277  -27.343  68.532 0.0000000000
84116  51.345  -28.117  69.091 0.0000000000
82757  51.242  -29.054  68.978 0.0000000000
74218  47.328  -35.222  70.076 0.0000000000
74233  47.129  -35.018  69.442 0.0000000000
74219  46.748  -35.362  69.789 0.0000000000
74236  44.863  -35.359  68.462 0.0000000000
74222  44.535  -35.534  69.060 0.0000000000
72809  43.761  -35.859  69.457 0.0000000000
68757  38.118  -39.148  74.106 0.0000000000
71442  38.444  -37.949  73.024 0.0000000000
70128  37.368  -38.636  72.365 0.0000000000
55425  27.879  -49.648  70.374 0.0000000000
55444  27.393  -48.986  68.563 0.0000000000
55453  27.080  -48.834  67.686 0.0000000000
95853  59.055  -18.972  57.694 0.0000000000
56694  21.509  -47.794  77.659 0.0000000000
56677  20.934  -47.819  78.540 0.0000000000
56634  20.014  -48.211  80.501 0.0000000000
55268  18.268  -48.540  79.851 0.0000000000
52634  26.798  -50.964  80.739 0.0000000000
51401  26.543  -51.228  80.286 0.0000000000
52650  25.953  -50.695  80.101 0.0000000000
52664  25.740  -50.693  79.766 0.0000000000
55247  23.835  -49.527  79.991 0.0000000000
55267  23.453  -49.166  79.187 0.0000000000
55283  23.228  -49.135  78.581 0.0000000000
55284  22.710  -48.727  78.239 0.0000000000
59258  38.990  -45.536  79.179 0.0000000000
60520  39.038  -44.942  79.699 0.0000000000
61789  39.009  -44.370  80.162 0.0000000000
63135  41.167  -42.891  79.158 0.0000000000
63152  41.916  -42.755  78.619 0.0000000000
61833  41.343  -43.820  78.415 0.0000000000
61851  40.643  -43.850  77.347 0.0000000000
60603  37.565  -45.182  75.668 0.0000000000
63222  37.643  -43.453  75.667 0.0000000000
64662  36.008  -42.444  73.460 0.0000000000
63280  35.352  -43.620  72.859 0.0000000000
61939  34.534  -45.149  72.026 0.0000000000
62004  33.544  -44.564  69.782 0.0000000000
60722  32.558  -44.810  69.217 0.0000000000
58194  22.168  -47.530  64.229 0.0000000000
92003  56.746  -21.768  62.365 0.0000000000
92042  53.853  -22.127  59.939 0.0000000000
54105  17.643  -50.396  69.319 0.0000000000
55354  18.323  -47.838  74.772 0.0000000000
52764  15.477  -51.401  73.622 0.0000000000
54050  15.586  -50.432  73.404 0.0000000000
51395  33.743  -51.629  79.678 0.0000000000
52663  34.308  -51.020  79.349 0.0000000000
52676  34.797  -50.409  78.960 0.0000000000
53965  34.812  -50.031  78.560 0.0000000000
52688  34.415  -50.235  78.354 0.0000000000
52702  34.151  -49.953  77.737 0.0000000000
53995  33.667  -49.838  76.701 0.0000000000
52717  33.269  -50.064  76.454 0.0000000000
52718  32.886  -50.324  76.070 0.0000000000
51470  30.026  -51.632  76.132 0.0000000000
51483  30.253  -50.810  75.214 0.0000000000
54042  29.419  -50.537  73.649 0.0000000000
54043  28.869  -50.559  73.540 0.0000000000
51457  26.620  -51.438  77.683 0.0000000000
51456  27.315  -51.484  77.312 0.0000000000
54025  24.643  -50.081  73.935 0.0000000000
55388  24.987  -49.500  71.858 0.0000000000
56804  24.311  -48.478  69.731 0.0000000000
56805  23.903  -48.331  70.275 0.0000000000
56820  23.225  -47.900  70.006 0.0000000000
58135  22.495  -47.448  69.601 0.0000000000
55456  20.078  -49.051  66.802 0.0000000000
55469  19.993  -49.709  66.761 0.0000000000
86803  47.542  -25.917  62.512 0.0000000000
88117  47.405  -25.825  62.211 0.0000000000
88135  46.737  -26.054  61.343 0.0000000000
85572  44.681  -27.948  58.971 0.0000000000
85588  45.359  -28.064  58.659 0.0000000000
55165  17.965  -48.713  84.854 0.0000000000
53854  13.390  -50.756  84.163 0.0000000000
53875  13.953  -50.629  83.273 0.0000000000
53895  14.017  -50.735  82.421 0.0000000000
51417  13.069  -52.372  79.062 0.0000000000
95794  56.212  -19.428  61.593 0.0000000000
95793  56.178  -19.436  62.035 0.0000000000
94532  55.851  -20.477  63.618 0.0000000000
94505  54.970  -20.850  65.047 0.0000000000
91961  52.525  -22.663  65.391 0.0000000000
89334  51.965  -24.210  66.449 0.0000000000
88083  50.879  -24.894  65.419 0.0000000000
88084  50.312  -25.053  65.092 0.0000000000
88085  49.415  -25.337  64.622 0.0000000000
84150  48.677  -28.726  66.777 0.0000000000
84167  48.217  -28.412  66.351 0.0000000000
84168  47.633  -28.775  66.142 0.0000000000
84181  45.918  -29.206  64.417 0.0000000000
82838  45.674  -29.950  64.711 0.0000000000
81458  45.296  -30.663  64.516 0.0000000000
79949  50.274  -31.228  70.826 0.0000000000
79959  49.918  -31.365  70.192 0.0000000000
78524  48.528  -32.001  68.944 0.0000000000
77095  47.137  -33.529  67.626 0.0000000000
77114  45.954  -33.587  66.594 0.0000000000
78612  45.499  -32.544  65.386 0.0000000000
77159  45.126  -33.113  65.213 0.0000000000
77183  44.038  -33.115  64.275 0.0000000000
77184  43.525  -33.274  63.743 0.0000000000
75715  43.016  -33.843  63.765 0.0000000000
75701  42.628  -34.627  64.199 0.0000000000
74259  42.033  -35.390  66.393 0.0000000000
74265  41.892  -35.068  65.568 0.0000000000
74260  41.443  -35.424  66.096 0.0000000000
74267  40.326  -35.308  65.228 0.0000000000
72862  39.263  -35.615  64.900 0.0000000000
72863  38.689  -35.914  65.094 0.0000000000
71426  45.906  -37.418  74.049 0.0000000000
64596  42.707  -41.545  76.767 0.0000000000
65980  43.760  -41.063  76.776 0.0000000000
65996  43.000  -40.901  76.415 0.0000000000
67363  43.147  -40.399  76.145 0.0000000000
68736  42.444  -38.929  74.731 0.0000000000
70107  42.852  -38.423  73.710 0.0000000000
70124  43.316  -37.776  72.627 0.0000000000
70142  43.418  -37.467  72.187 0.0000000000
71471  43.199  -37.369  71.638 0.0000000000
71488  41.568  -37.033  70.574 0.0000000000
71490  39.152  -37.090  70.678 0.0000000000
72812  39.587  -36.692  70.485 0.0000000000
71516  37.822  -37.791  68.577 0.0000000000
70183  37.572  -38.004  68.304 0.0000000000
68842  37.649  -38.649  68.189 0.0000000000
67485  38.534  -40.440  69.108 0.0000000000
66135  37.490  -41.500  68.741 0.0000000000
67536  33.999  -40.908  65.844 0.0000000000
67535  34.431  -40.626  66.154 0.0000000000
67557  34.465  -40.739  65.337 0.0000000000
54058  32.599  -49.234  74.064 0.0000000000
55387  32.200  -48.527  72.748 0.0000000000
56785  31.681  -48.159  71.378 0.0000000000
56828  29.102  -47.792  68.480 0.0000000000
58132  30.285  -47.477  69.426 0.0000000000
58142  29.810  -47.145  68.776 0.0000000000
59418  30.485  -46.243  68.354 0.0000000000
59428  29.989  -45.908  67.677 0.0000000000
60740  29.657  -45.573  67.281 0.0000000000
60752  29.367  -45.153  66.682 0.0000000000
59461  25.573  -46.899  64.395 0.0000000000
62136  25.644  -44.585  62.118 0.0000000000
62118  27.030  -44.648  63.597 0.0000000000
60815  27.665  -44.151  63.490 0.0000000000
92059  58.094  -22.629  59.548 0.0000000000
90706  48.920  -24.002  59.839 0.0000000000
89425  48.495  -24.708  59.375 0.0000000000
56632  22.200  -48.176  80.149 0.0000000000
56597  19.811  -48.544  82.892 0.0000000000
55212  24.024  -49.244  81.125 0.0000000000
55193  23.985  -48.983  81.460 0.0000000000
56610  23.586  -48.988  80.996 0.0000000000
56604  36.384  -48.036  80.780 0.0000000000
57982  37.060  -47.348  80.212 0.0000000000
56624  37.186  -47.392  79.691 0.0000000000
57981  37.511  -46.533  79.519 0.0000000000
55293  37.125  -47.562  78.213 0.0000000000
56669  37.759  -47.083  78.381 0.0000000000
56646  38.087  -46.507  78.699 0.0000000000
58009  39.015  -46.023  78.323 0.0000000000
58008  39.537  -45.824  78.223 0.0000000000
58007  40.134  -45.672  78.087 0.0000000000
58035  40.422  -45.545  77.808 0.0000000000
58036  39.833  -45.634  77.775 0.0000000000
59330  38.733  -45.699  76.880 0.0000000000
59331  38.009  -45.910  76.264 0.0000000000
58053  37.460  -46.676  75.908 0.0000000000
59344  37.525  -46.219  75.823 0.0000000000
59332  37.694  -45.744  75.880 0.0000000000
60618  36.895  -45.272  75.297 0.0000000000
59391  33.680  -46.386  71.629 0.0000000000
59392  33.313  -46.357  71.027 0.0000000000
56864  20.950  -48.378  64.804 0.0000000000
55502  21.368  -49.504  63.544 0.0000000000
54191  21.485  -50.750  62.578 0.0000000000
52895  21.251  -51.678  63.049 0.0000000000
93315  53.888  -21.405  62.560 0.0000000000
93328  54.772  -21.331  61.858 0.0000000000
93347  52.779  -21.820  60.290 0.0000000000
56835  18.659  -48.634  68.677 0.0000000000
55440  17.848  -49.301  69.051 0.0000000000
55441  17.382  -49.671  69.668 0.0000000000
54106  17.242  -50.419  69.963 0.0000000000
54097  16.786  -50.410  70.496 0.0000000000
55323  17.048  -48.679  76.286 0.0000000000
55340  15.876  -49.394  75.346 0.0000000000
55357  15.364  -49.892  74.750 0.0000000000
55341  15.388  -49.768  75.452 0.0000000000
54051  15.261  -50.607  74.126 0.0000000000
50173  15.476  -53.043  75.144 0.0000000000
50072  32.413  -52.443  80.388 0.0000000000
51379  32.926  -52.022  80.742 0.0000000000
51396  33.120  -52.157  80.067 0.0000000000
51410  32.919  -51.977  79.258 0.0000000000
51425  32.877  -51.670  78.405 0.0000000000
51453  30.910  -51.751  77.038 0.0000000000
50152  30.342  -52.019  77.328 0.0000000000
51454  30.243  -51.841  76.826 0.0000000000
51485  28.436  -51.463  74.883 0.0000000000
52693  24.385  -50.429  77.109 0.0000000000
54026  23.905  -49.549  74.147 0.0000000000
55411  22.805  -48.446  71.573 0.0000000000
55430  22.205  -48.150  71.327 0.0000000000
56788  21.192  -47.843  71.073 0.0000000000
85505  45.540  -27.717  62.204 0.0000000000
85528  45.821  -27.112  62.016 0.0000000000
85530  44.743  -27.802  60.615 0.0000000000
84234  43.661  -28.794  60.852 0.0000000000
84257  44.076  -28.259  60.373 0.0000000000
84304  44.303  -28.946  58.734 0.0000000000
52576  12.722  -51.078  84.786 0.0000000000
52584  12.669  -51.266  83.895 0.0000000000
52639  12.177  -51.996  81.915 0.0000000000
51386  12.241  -52.545  81.372 0.0000000000
86744  50.922  -26.145  66.882 0.0000000000
86745  50.461  -26.482  66.655 0.0000000000
84132  50.403  -27.969  67.749 0.0000000000
85425  49.663  -28.246  67.344 0.0000000000
84149  49.126  -28.816  67.063 0.0000000000
82802  48.837  -29.085  67.124 0.0000000000
82803  48.370  -29.460  67.117 0.0000000000
81427  47.876  -29.979  66.986 0.0000000000
75642  48.868  -33.560  69.831 0.0000000000
75666  46.473  -34.098  67.593 0.0000000000
75674  45.305  -34.278  66.602 0.0000000000
75675  44.108  -34.512  66.311 0.0000000000
75676  43.568  -34.613  66.197 0.0000000000
74247  43.859  -35.206  67.610 0.0000000000
74258  42.762  -35.110  66.590 0.0000000000
74249  42.364  -35.420  67.084 0.0000000000
67365  41.402  -40.271  76.086 0.0000000000
67366  40.375  -40.323  75.923 0.0000000000
70077  40.813  -38.819  75.327 0.0000000000
68737  39.328  -39.452  75.121 0.0000000000
70078  39.950  -38.845  75.213 0.0000000000
71439  41.103  -37.597  73.383 0.0000000000
71457  40.464  -37.016  72.442 0.0000000000
72758  39.911  -36.799  72.238 0.0000000000
72775  39.738  -36.746  71.843 0.0000000000
71459  38.639  -37.605  72.677 0.0000000000
71475  39.190  -37.113  71.506 0.0000000000
71491  38.682  -37.633  71.034 0.0000000000
68805  37.721  -38.605  70.551 0.0000000000
64789  33.991  -42.125  68.888 0.0000000000
66186  33.301  -41.118  66.145 0.0000000000
67559  33.208  -40.771  64.961 0.0000000000
54090  30.639  -49.078  71.617 0.0000000000
54091  30.333  -49.113  71.348 0.0000000000
55435  28.923  -48.679  69.592 0.0000000000
58162  28.073  -47.177  66.994 0.0000000000
58243  23.843  -46.484  61.598 0.0000000000
58226  24.347  -46.165  62.469 0.0000000000
59500  24.050  -46.143  61.229 0.0000000000
59499  24.347  -45.796  61.481 0.0000000000
60834  24.778  -45.138  60.992 0.0000000000
60835  24.426  -45.286  60.405 0.0000000000
95874  60.084  -19.693  56.287 0.0000000000
95852  59.312  -19.796  57.129 0.0000000000
95873  60.697  -20.091  56.184 0.0000000000
93410  59.861  -20.949  56.081 0.0000000000
90733  57.501  -23.697  58.773 0.0000000000
55336  20.052  -47.868  75.599 0.0000000000
56678  19.595  -48.034  78.463 0.0000000000
55305  17.364  -48.667  77.193 0.0000000000
55288  16.730  -48.800  77.716 0.0000000000
53968  16.639  -48.894  78.227 0.0000000000
166037  29.029  -52.040  81.185 0.0000000000
50076  29.228  -52.623  80.783 0.0000000000
51398  29.090  -52.690  79.740 0.0000000000
50109  28.732  -52.434  79.258 0.0000000000
50110  28.022  -52.263  79.239 0.0000000000
51414  26.834  -51.822  79.387 0.0000000000
51427  26.905  -51.698  78.716 0.0000000000
51441  26.304  -51.472  78.152 0.0000000000
52651  25.226  -50.534  79.905 0.0000000000
53950  24.914  -50.434  79.857 0.0000000000
52665  25.236  -50.565  79.415 0.0000000000
55317  23.312  -49.067  77.227 0.0000000000
54013  22.267  -48.252  75.774 0.0000000000
80084  41.620  -31.717  61.160 0.0000000000
80099  41.793  -31.005  60.916 0.0000000000
78744  40.840  -32.078  60.077 0.0000000000
80120  40.586  -32.016  58.912 0.0000000000
79939  50.662  -30.610  71.106 0.0000000000
79940  50.341  -31.111  71.390 0.0000000000
78487  49.529  -31.883  71.279 0.0000000000
77046  49.390  -32.874  70.792 0.0000000000
77018  49.264  -32.651  71.721 0.0000000000
75623  49.348  -33.470  71.063 0.0000000000
74194  49.256  -34.032  70.986 0.0000000000
75624  48.933  -34.238  71.149 0.0000000000
75616  48.259  -34.371  72.348 0.0000000000
74207  47.588  -35.453  70.779 0.0000000000
72771  46.350  -36.332  71.462 0.0000000000
63200  42.583  -41.881  77.145 0.0000000000
64597  42.033  -41.865  76.756 0.0000000000
64615  41.650  -41.726  76.665 0.0000000000
65984  40.879  -41.748  76.718 0.0000000000
60584  40.197  -44.961  77.244 0.0000000000
61869  40.117  -44.121  77.053 0.0000000000
61871  38.589  -44.218  76.334 0.0000000000
63204  39.817  -43.364  76.758 0.0000000000
64599  40.280  -42.481  76.903 0.0000000000
65985  40.069  -41.792  76.697 0.0000000000
66000  39.691  -41.105  76.278 0.0000000000
67368  38.605  -40.893  75.400 0.0000000000
66002  37.839  -41.764  75.647 0.0000000000
67386  37.530  -40.508  74.221 0.0000000000
67405  36.952  -40.504  73.561 0.0000000000
66042  35.529  -41.784  72.164 0.0000000000
64684  35.786  -42.073  72.720 0.0000000000
64732  34.638  -42.244  70.189 0.0000000000
61922  35.431  -44.434  73.514 0.0000000000
61958  34.725  -44.099  71.835 0.0000000000
64765  33.944  -42.925  69.101 0.0000000000
64791  32.748  -42.928  68.273 0.0000000000
63381  32.890  -43.581  68.707 0.0000000000
64817  32.397  -42.699  67.600 0.0000000000
64818  31.819  -42.918  67.191 0.0000000000
54110  25.738  -49.561  68.260 0.0000000000
54120  25.907  -49.353  67.737 0.0000000000
55454  25.483  -49.183  67.757 0.0000000000
56863  25.188  -48.060  66.555 0.0000000000
56871  25.097  -47.756  65.853 0.0000000000
59476  23.650  -46.719  63.160 0.0000000000
58195  21.457  -48.030  64.521 0.0000000000
56895  21.831  -48.924  62.550 0.0000000000
56884  22.126  -48.329  62.752 0.0000000000
58212  22.599  -47.635  63.137 0.0000000000
58228  23.369  -46.981  62.570 0.0000000000
93364  57.875  -21.297  59.841 0.0000000000
90685  58.032  -23.110  61.245 0.0000000000
90701  58.172  -23.073  60.934 0.0000000000
93344  55.411  -21.738  61.372 0.0000000000
52802  18.894  -51.350  67.729 0.0000000000
55371  19.803  -47.788  74.072 0.0000000000
56770  17.382  -48.218  72.430 0.0000000000
55432  16.509  -49.787  70.776 0.0000000000
52789  16.778  -50.966  70.856 0.0000000000
54069  15.947  -50.291  72.648 0.0000000000
54083  16.170  -50.335  71.806 0.0000000000
51526  17.440  -52.090  70.581 0.0000000000
52629  34.878  -50.348  80.942 0.0000000000
55224  35.842  -48.818  81.033 0.0000000000
56605  36.158  -48.594  80.659 0.0000000000
55241  36.346  -48.729  79.995 0.0000000000
53964  35.335  -49.613  78.692 0.0000000000
53963  35.872  -48.645  78.330 0.0000000000
55333  34.822  -48.460  75.726 0.0000000000
55349  33.832  -48.996  75.074 0.0000000000
54037  33.438  -49.225  74.964 0.0000000000
54023  32.976  -49.675  75.349 0.0000000000
54038  32.895  -49.459  74.860 0.0000000000
54060  31.298  -49.500  73.201 0.0000000000
51468  31.970  -50.519  75.938 0.0000000000
51481  31.754  -50.384  75.414 0.0000000000
52737  30.838  -50.447  74.844 0.0000000000
52736  31.507  -50.268  75.013 0.0000000000
55426  27.282  -49.756  70.225 0.0000000000
54101  26.975  -49.819  70.182 0.0000000000
54102  26.513  -49.691  69.765 0.0000000000
50141  28.583  -51.843  77.801 0.0000000000
50155  28.190  -51.829  76.957 0.0000000000
50156  27.852  -51.726  77.249 0.0000000000
50170  28.196  -51.658  76.379 0.0000000000
51472  28.237  -51.568  75.831 0.0000000000
51500  27.839  -51.441  74.387 0.0000000000
52742  26.031  -50.987  74.749 0.0000000000
51488  26.521  -51.083  74.369 0.0000000000
51502  26.747  -51.163  74.187 0.0000000000
51501  27.190  -51.327  74.278 0.0000000000
52760  27.528  -51.086  73.847 0.0000000000
54080  26.235  -50.250  71.463 0.0000000000
52775  26.447  -50.184  71.016 0.0000000000
52786  26.453  -49.963  70.539 0.0000000000
54094  26.386  -49.837  70.199 0.0000000000
54103  25.867  -49.664  69.188 0.0000000000
54104  25.388  -49.467  68.775 0.0000000000
56844  24.818  -48.788  67.905 0.0000000000
58155  24.205  -47.695  67.969 0.0000000000
56832  24.154  -48.469  68.959 0.0000000000
58143  23.965  -47.955  68.855 0.0000000000
58167  21.314  -47.539  66.208 0.0000000000
56821  22.549  -47.788  70.313 0.0000000000
56854  20.816  -48.152  65.509 0.0000000000
56865  20.555  -49.032  65.355 0.0000000000
54159  20.734  -50.572  64.866 0.0000000000
55468  20.340  -49.762  66.205 0.0000000000
52860  20.666  -51.443  64.759 0.0000000000
89380  49.648  -24.158  62.994 0.0000000000
89392  49.274  -24.097  62.185 0.0000000000
89393  48.601  -24.365  61.559 0.0000000000
88151  47.881  -24.903  60.490 0.0000000000
86839  46.258  -26.150  60.309 0.0000000000
86857  45.956  -26.440  59.852 0.0000000000
81543  42.022  -30.387  59.101 0.0000000000
82949  42.447  -30.098  58.843 0.0000000000
81562  42.296  -30.641  58.494 0.0000000000
56537  21.627  -48.018  84.384 0.0000000000
57910  21.493  -47.826  84.808 0.0000000000
55213  19.224  -48.745  83.236 0.0000000000
55232  19.125  -48.754  82.590 0.0000000000
55233  18.457  -48.907  81.959 0.0000000000
55234  17.240  -49.320  81.464 0.0000000000
55178  16.029  -49.482  85.106 0.0000000000
53935  15.143  -49.958  80.454 0.0000000000
52710  13.657  -52.076  77.026 0.0000000000
52681  13.256  -51.727  78.493 0.0000000000
51418  12.737  -52.937  79.547 0.0000000000
95824  57.480  -19.638  59.630 0.0000000000
94540  56.792  -20.821  62.448 0.0000000000
95784  55.057  -19.416  63.125 0.0000000000
94533  55.555  -20.321  63.951 0.0000000000
94520  55.665  -20.798  64.277 0.0000000000
93264  55.244  -21.030  64.988 0.0000000000
93302  53.144  -21.523  63.121 0.0000000000
91989  52.316  -22.221  63.362 0.0000000000
91990  51.657  -22.893  63.179 0.0000000000
90674  51.224  -23.073  63.030 0.0000000000
90631  51.463  -23.846  65.421 0.0000000000
90643  51.300  -23.788  64.643 0.0000000000
90659  50.822  -23.885  63.826 0.0000000000
88100  48.623  -25.402  63.594 0.0000000000
85503  46.729  -26.917  63.150 0.0000000000
85452  49.658  -26.463  66.104 0.0000000000
85467  47.978  -27.366  65.140 0.0000000000
85482  46.734  -27.334  63.531 0.0000000000
84211  45.370  -28.513  62.787 0.0000000000
82873  44.486  -29.488  62.801 0.0000000000
82872  45.104  -29.317  63.359 0.0000000000
81494  43.957  -30.063  62.714 0.0000000000
81495  43.548  -30.541  62.382 0.0000000000
80082  43.038  -31.192  62.060 0.0000000000
81364  51.273  -29.450  70.052 0.0000000000
81386  50.787  -29.713  69.286 0.0000000000
81387  50.051  -29.936  68.919 0.0000000000
81367  49.631  -30.654  69.124 0.0000000000
81408  48.146  -30.407  67.606 0.0000000000
77078  48.840  -33.036  69.238 0.0000000000
78541  48.629  -32.840  68.909 0.0000000000
78542  48.114  -32.408  68.468 0.0000000000
77112  47.309  -33.108  67.548 0.0000000000
78559  47.545  -32.155  67.804 0.0000000000
80006  47.359  -31.567  67.283 0.0000000000
81443  46.489  -30.598  65.877 0.0000000000
80056  44.870  -31.311  64.404 0.0000000000
80045  44.687  -31.935  64.622 0.0000000000
80069  43.284  -31.616  62.623 0.0000000000
78703  42.456  -32.197  62.083 0.0000000000
78704  41.826  -32.446  61.744 0.0000000000
77208  42.505  -33.339  62.792 0.0000000000
74287  42.162  -34.786  64.189 0.0000000000
74273  41.665  -34.932  64.758 0.0000000000
74288  41.438  -34.891  63.924 0.0000000000
75718  40.374  -34.571  63.210 0.0000000000
72754  46.937  -36.178  72.080 0.0000000000
68718  42.945  -39.658  75.498 0.0000000000
68734  43.451  -39.372  74.936 0.0000000000
68731  45.206  -38.762  74.494 0.0000000000
68752  45.335  -38.598  74.183 0.0000000000
71438  45.278  -37.626  73.059 0.0000000000
70122  44.813  -37.727  72.818 0.0000000000
71453  45.292  -37.195  72.619 0.0000000000
72794  43.096  -36.710  70.367 0.0000000000
72810  42.922  -36.411  69.757 0.0000000000
72826  41.516  -36.296  68.234 0.0000000000
72839  40.612  -36.333  67.647 0.0000000000
72811  39.826  -36.547  70.174 0.0000000000
71530  37.693  -37.520  67.126 0.0000000000
67428  36.055  -40.226  71.257 0.0000000000
67442  36.055  -40.056  70.831 0.0000000000
67443  35.728  -40.347  70.608 0.0000000000
68808  35.950  -39.660  69.941 0.0000000000
68844  36.235  -39.805  68.763 0.0000000000
67489  34.752  -40.426  68.195 0.0000000000
55364  34.073  -48.034  74.223 0.0000000000
55384  33.903  -47.822  73.753 0.0000000000
56764  33.840  -47.572  73.293 0.0000000000
56765  33.316  -47.878  73.038 0.0000000000
56782  33.678  -47.471  72.673 0.0000000000
58115  33.318  -47.127  71.506 0.0000000000
58122  33.072  -46.827  70.984 0.0000000000
59399  33.095  -46.310  70.511 0.0000000000
56814  31.093  -47.613  69.996 0.0000000000
58124  31.965  -47.350  70.481 0.0000000000
59400  32.679  -46.436  70.278 0.0000000000
60703  32.319  -45.652  69.536 0.0000000000
60723  31.951  -45.185  69.156 0.0000000000
63428  30.327  -43.637  66.097 0.0000000000
54132  26.279  -49.143  67.616 0.0000000000
55465  26.579  -48.853  67.322 0.0000000000
56850  27.058  -48.424  66.730 0.0000000000
56861  26.545  -48.235  66.027 0.0000000000
58163  27.596  -47.730  66.883 0.0000000000
58171  27.774  -47.090  66.258 0.0000000000
59473  26.380  -45.939  64.079 0.0000000000
59458  27.384  -46.629  65.437 0.0000000000
59435  28.343  -46.604  66.549 0.0000000000
60801  28.147  -44.337  64.158 0.0000000000
60786  28.972  -44.626  65.196 0.0000000000
62084  29.273  -44.319  65.796 0.0000000000
63449  29.423  -43.655  65.181 0.0000000000
64887  29.498  -42.997  64.975 0.0000000000
93377  59.498  -21.209  57.413 0.0000000000
92087  57.596  -22.267  58.355 0.0000000000
90704  50.223  -23.136  60.780 0.0000000000
50065  30.347  -52.949  81.135 0.0000000000
50104  32.423  -52.098  79.379 0.0000000000
50158  15.299  -53.379  76.136 0.0000000000
51397  29.248  -52.821  79.841 0.0000000000
51399  27.679  -52.235  80.277 0.0000000000
51411  32.346  -51.937  79.179 0.0000000000
51412  29.381  -52.527  79.919 0.0000000000
51413  29.135  -52.467  79.835 0.0000000000
51436  33.226  -50.705  77.821 0.0000000000
51439  31.235  -51.951  77.701 0.0000000000
51467  32.574  -50.424  75.998 0.0000000000
51474  27.441  -51.509  76.679 0.0000000000
51498  29.879  -50.832  74.699 0.0000000000
51516  16.885  -52.172  71.574 0.0000000000
52613  34.335  -50.723  81.201 0.0000000000
52661  35.506  -50.139  79.895 0.0000000000
52720  27.387  -51.533  76.007 0.0000000000
52746  14.570  -50.981  74.972 0.0000000000
52777  17.066  -51.501  71.015 0.0000000000
52787  26.084  -50.050  70.819 0.0000000000
52788  17.272  -51.176  70.419 0.0000000000
52794  26.782  -49.766  70.051 0.0000000000
52795  26.624  -49.827  70.226 0.0000000000
53925  35.614  -49.901  80.358 0.0000000000
53967  23.587  -49.496  78.500 0.0000000000
53979  35.914  -48.493  77.791 0.0000000000
54008  34.880  -48.485  76.027 0.0000000000
54029  14.673  -50.572  75.077 0.0000000000
54108  26.819  -49.240  68.570 0.0000000000
54111  25.372  -49.475  68.350 0.0000000000
54131  26.595  -49.092  67.736 0.0000000000
54133  26.048  -49.148  67.559 0.0000000000
55194  19.184  -48.468  83.587 0.0000000000
55258  37.069  -47.593  79.143 0.0000000000
55275  37.087  -47.569  78.843 0.0000000000
55396  16.723  -48.534  72.480 0.0000000000
55407  28.045  -50.017  70.919 0.0000000000
55415  16.333  -49.609  71.405 0.0000000000
55429  22.460  -48.127  71.145 0.0000000000
55443  28.033  -48.781  68.726 0.0000000000
55446  25.328  -49.431  68.106 0.0000000000
55447  25.048  -49.287  68.391 0.0000000000
55466  26.177  -48.899  67.380 0.0000000000
55467  25.884  -49.068  67.536 0.0000000000
55486  20.737  -49.680  64.913 0.0000000000
55517  21.870  -49.226  62.231 0.0000000000
56554  18.831  -48.383  84.226 0.0000000000
56626  36.361  -48.493  80.369 0.0000000000
56667  39.025  -46.147  78.125 0.0000000000
56679  19.096  -48.113  78.831 0.0000000000
56686  38.895  -46.295  78.004 0.0000000000
56687  38.523  -46.601  77.967 0.0000000000
56714  19.597  -47.671  77.011 0.0000000000
56741  18.446  -47.674  74.193 0.0000000000
56843  25.329  -48.773  67.516 0.0000000000
56845  24.343  -48.434  68.479 0.0000000000
56860  26.937  -48.082  66.034 0.0000000000
57979  39.019  -45.757  78.817 0.0000000000
57980  38.362  -45.960  79.040 0.0000000000
57993  39.313  -45.771  78.558 0.0000000000
57994  38.613  -46.105  78.626 0.0000000000
57995  37.961  -46.427  78.941 0.0000000000
58021  40.301  -45.660  77.925 0.0000000000
58022  39.372  -45.971  77.925 0.0000000000
58070  37.323  -46.453  75.628 0.0000000000
58125  22.177  -47.639  70.225 0.0000000000
58152  28.623  -47.281  67.535 0.0000000000
58227  23.998  -46.401  62.424 0.0000000000
58242  24.243  -46.124  62.089 0.0000000000
59273  40.202  -45.290  78.860 0.0000000000
59287  40.421  -45.451  78.394 0.0000000000
59302  41.051  -45.178  78.203 0.0000000000
59315  41.118  -45.286  77.931 0.0000000000
59317  40.328  -45.366  77.615 0.0000000000
59444  28.468  -45.740  65.675 0.0000000000
60534  40.555  -44.593  78.843 0.0000000000
60536  39.453  -45.335  79.241 0.0000000000
60550  41.375  -43.983  78.240 0.0000000000
60567  41.441  -44.079  78.064 0.0000000000
60582  41.105  -44.986  77.709 0.0000000000
60583  40.760  -45.088  77.510 0.0000000000
60787  28.573  -44.786  64.815 0.0000000000
60800  28.323  -43.895  63.911 0.0000000000
61804  40.219  -43.888  79.518 0.0000000000
61817  41.651  -43.254  78.569 0.0000000000
61818  41.287  -43.545  78.671 0.0000000000
61832  41.750  -43.391  78.295 0.0000000000
61852  40.421  -43.656  77.174 0.0000000000
61868  40.666  -44.543  77.399 0.0000000000
61982  33.527  -45.021  70.185 0.0000000000
62040  30.899  -44.607  67.184 0.0000000000
62117  28.392  -43.960  64.090 0.0000000000
62132  28.404  -43.612  63.380 0.0000000000
62164  24.438  -44.973  59.982 0.0000000000
63153  41.543  -42.909  78.866 0.0000000000
63199  42.795  -41.760  77.044 0.0000000000
63201  42.287  -41.962  76.990 0.0000000000
63203  40.389  -43.162  77.093 0.0000000000
63448  29.730  -43.665  65.717 0.0000000000
64579  41.374  -42.468  77.184 0.0000000000
64580  41.048  -42.671  77.205 0.0000000000
64595  43.220  -41.405  76.844 0.0000000000
64864  30.118  -43.001  65.469 0.0000000000
64865  29.661  -43.336  65.338 0.0000000000
65979  44.050  -41.123  76.987 0.0000000000
65981  43.237  -40.965  76.505 0.0000000000
65982  42.714  -41.269  76.568 0.0000000000
65983  41.350  -41.747  76.692 0.0000000000
66185  33.950  -41.016  66.228 0.0000000000
67350  44.025  -40.897  76.881 0.0000000000
67379  45.161  -38.828  74.193 0.0000000000
67380  44.894  -38.991  74.331 0.0000000000
67381  44.362  -39.228  74.488 0.0000000000
67382  43.791  -39.305  74.500 0.0000000000
67400  45.259  -38.855  73.974 0.0000000000
67401  44.990  -38.901  73.993 0.0000000000
67404  43.600  -39.168  74.320 0.0000000000
67558  33.742  -40.792  65.359 0.0000000000
68753  45.241  -38.645  73.952 0.0000000000
68824  36.069  -39.689  69.204 0.0000000000
70089  45.252  -38.612  75.027 0.0000000000
70094  38.575  -38.740  74.208 0.0000000000
70104  45.202  -38.128  73.485 0.0000000000
71429  39.251  -38.135  74.000 0.0000000000
71436  46.061  -36.737  73.220 0.0000000000
71485  43.881  -36.830  70.842 0.0000000000
72756  45.541  -36.840  72.451 0.0000000000
72757  40.104  -36.689  72.051 0.0000000000
72789  47.156  -35.823  70.757 0.0000000000
72790  46.682  -35.981  70.734 0.0000000000
72841  39.282  -36.937  67.574 0.0000000000
74184  49.123  -33.799  71.406 0.0000000000
74193  49.268  -33.818  71.153 0.0000000000
74204  49.462  -33.890  71.037 0.0000000000
74205  49.306  -33.797  70.907 0.0000000000
74276  39.008  -35.763  64.290 0.0000000000
75632  49.317  -33.548  70.812 0.0000000000
75664  47.641  -33.566  68.161 0.0000000000
77034  49.319  -32.911  71.219 0.0000000000
77079  48.377  -33.257  68.805 0.0000000000
77136  44.902  -33.544  65.414 0.0000000000
78543  47.733  -31.897  68.151 0.0000000000
78558  47.559  -32.768  67.802 0.0000000000
78581  47.331  -32.858  67.559 0.0000000000
78687  42.273  -32.740  62.338 0.0000000000
78769  40.592  -32.567  58.626 0.0000000000
79986  48.150  -31.140  68.076 0.0000000000
81385  51.210  -29.450  69.537 0.0000000000
81407  48.682  -29.896  67.834 0.0000000000
81529  41.444  -31.044  59.741 0.0000000000
82781  49.534  -28.865  67.797 0.0000000000
82821  46.698  -29.972  65.749 0.0000000000
84102  51.727  -27.392  69.612 0.0000000000
84118  50.288  -28.809  68.288 0.0000000000
84283  42.873  -29.316  59.255 0.0000000000
86825  46.737  -26.108  61.684 0.0000000000
90684  58.321  -23.151  61.202 0.0000000000
92016  58.195  -22.876  61.176 0.0000000000
93263  55.611  -21.115  64.917 0.0000000000
93284  55.746  -21.238  64.588 0.0000000000
94521  55.156  -20.419  64.552 0.0000000000
94549  56.335  -20.087  61.806 0.0000000000
94550  56.222  -19.681  61.607 0.0000000000
94562  56.202  -19.881  61.474 0.0000000000
95761  54.901  -19.777  64.472 0.0000000000
95774  55.637  -20.092  63.591 0.0000000000
166034  29.754  -52.942  81.231 0.0000000000
