#!ascii label  , from subject 3777 vox2ras=TkReg
814
40243  -15.695  -35.955  68.774 0.0000000000
63530  -37.311  -18.509  64.917 0.0000000000
67644  -44.303  -15.443  59.163 0.0000000000
71240  -50.064  -11.569  53.649 0.0000000000
57046  -34.766  -22.481  64.265 0.0000000000
67708  -48.541  -15.547  55.342 0.0000000000
81026  -47.593  -3.553  50.372 0.0000000000
86914  -51.513  1.167  48.622 0.0000000000
64766  -40.735  -16.738  64.880 0.0000000000
64812  -44.576  -16.825  61.611 0.0000000000
64799  -40.840  -16.248  62.603 0.0000000000
41528  -16.750  -35.084  72.644 0.0000000000
38822  -21.655  -36.636  71.012 0.0000000000
37528  -26.759  -37.893  67.430 0.0000000000
40274  -31.362  -35.090  66.277 0.0000000000
137076  -34.497  -28.105  68.794 0.0000000000
56961  -36.000  -25.733  69.580 0.0000000000
60836  -35.588  -19.651  68.521 0.0000000000
63588  -48.843  -17.217  58.330 0.0000000000
88095  -53.914  2.592  46.401 0.0000000000
66124  -38.760  -16.549  65.788 0.0000000000
67560  -40.434  -14.913  64.080 0.0000000000
63540  -39.268  -17.370  63.089 0.0000000000
43980  -17.120  -33.597  71.116 0.0000000000
40206  -19.063  -36.077  71.670 0.0000000000
54650  -32.540  -27.010  69.305 0.0000000000
54638  -35.496  -26.653  70.368 0.0000000000
137136  -33.531  -25.881  69.228 0.0000000000
60882  -35.112  -20.076  64.743 0.0000000000
60850  -34.209  -20.282  66.902 0.0000000000
62204  -36.223  -18.578  66.923 0.0000000000
63509  -38.027  -17.010  67.464 0.0000000000
70007  -44.169  -14.746  61.231 0.0000000000
64824  -46.067  -16.743  60.516 0.0000000000
67646  -46.949  -14.946  59.389 0.0000000000
67751  -49.866  -14.322  53.594 0.0000000000
67711  -50.921  -14.715  55.583 0.0000000000
68933  -52.444  -13.656  53.841 0.0000000000
72391  -52.276  -10.879  53.701 0.0000000000
83318  -50.243  -1.660  53.255 0.0000000000
79712  -48.625  -4.387  53.817 0.0000000000
53601  -34.562  -25.236  64.813 0.0000000000
68941  -47.263  -13.323  51.934 0.0000000000
83345  -50.000  -1.496  50.528 0.0000000000
85725  -51.956  -0.133  50.932 0.0000000000
85764  -53.996  0.863  46.321 0.0000000000
60896  -42.078  -19.076  63.463 0.0000000000
64792  -42.374  -16.371  63.828 0.0000000000
68817  -42.836  -13.885  63.048 0.0000000000
40219  -16.596  -36.964  70.769 0.0000000000
37510  -23.142  -37.898  67.261 0.0000000000
137195  -24.250  -37.680  68.523 0.0000000000
37539  -25.729  -38.691  65.895 0.0000000000
37572  -28.537  -38.108  64.439 0.0000000000
38907  -31.406  -36.569  65.392 0.0000000000
41626  -32.911  -35.032  65.689 0.0000000000
137060  -32.559  -30.838  66.974 0.0000000000
137078  -35.561  -29.103  69.686 0.0000000000
55790  -33.432  -23.182  67.466 0.0000000000
56987  -34.329  -22.008  68.931 0.0000000000
59545  -36.114  -21.987  67.723 0.0000000000
137120  -38.325  -19.530  66.565 0.0000000000
59574  -40.439  -19.352  64.355 0.0000000000
67677  -49.445  -15.329  57.589 0.0000000000
77014  -47.533  -7.438  54.812 0.0000000000
73571  -49.544  -9.105  55.374 0.0000000000
40218  -15.370  -36.370  70.694 0.0000000000
63523  -38.065  -17.452  65.133 0.0000000000
64777  -38.824  -16.709  64.505 0.0000000000
62221  -38.048  -18.436  64.206 0.0000000000
137144  -32.144  -26.168  68.148 0.0000000000
55737  -33.282  -26.617  69.391 0.0000000000
53590  -32.304  -25.291  67.937 0.0000000000
62229  -35.662  -19.888  64.641 0.0000000000
62212  -35.420  -19.286  66.294 0.0000000000
63521  -36.596  -18.562  65.771 0.0000000000
64762  -37.178  -17.341  66.330 0.0000000000
68887  -45.308  -14.864  60.126 0.0000000000
68896  -45.218  -14.745  59.509 0.0000000000
70092  -50.346  -13.081  53.177 0.0000000000
68931  -50.965  -13.437  53.498 0.0000000000
70080  -51.551  -12.456  53.553 0.0000000000
70081  -52.079  -12.469  53.515 0.0000000000
71229  -51.644  -11.030  54.363 0.0000000000
83320  -51.191  -1.978  53.550 0.0000000000
82125  -50.441  -2.624  54.198 0.0000000000
81001  -50.942  -3.322  52.702 0.0000000000
83375  -49.813  -1.743  48.345 0.0000000000
84579  -51.205  -0.337  49.219 0.0000000000
84553  -50.602  -0.401  50.869 0.0000000000
86887  -51.764  0.988  50.205 0.0000000000
84571  -52.505  -0.043  50.099 0.0000000000
86903  -52.694  1.146  49.149 0.0000000000
86923  -53.746  1.622  46.933 0.0000000000
63543  -41.610  -18.132  63.831 0.0000000000
62224  -42.999  -18.108  63.909 0.0000000000
64780  -42.081  -16.872  64.068 0.0000000000
66163  -40.404  -15.347  63.609 0.0000000000
67561  -41.169  -14.408  63.753 0.0000000000
67585  -41.520  -14.758  62.949 0.0000000000
67612  -42.703  -14.706  61.750 0.0000000000
66214  -42.027  -15.805  61.585 0.0000000000
38819  -17.568  -37.293  71.109 0.0000000000
40205  -17.764  -36.515  71.544 0.0000000000
38821  -20.284  -36.786  71.007 0.0000000000
137180  -25.650  -35.834  69.466 0.0000000000
37513  -25.421  -37.668  67.996 0.0000000000
37512  -24.800  -38.297  67.422 0.0000000000
37540  -26.790  -38.574  66.334 0.0000000000
37555  -27.665  -38.375  65.470 0.0000000000
37541  -27.712  -37.776  66.578 0.0000000000
38890  -31.439  -36.243  66.070 0.0000000000
40289  -32.196  -36.324  65.372 0.0000000000
41625  -32.177  -34.526  66.081 0.0000000000
45103  -33.271  -28.762  67.850 0.0000000000
42791  -32.572  -29.893  67.829 0.0000000000
42808  -33.394  -29.470  67.646 0.0000000000
44067  -33.371  -31.413  66.522 0.0000000000
137042  -34.008  -29.713  67.188 0.0000000000
137048  -34.933  -29.256  68.128 0.0000000000
137077  -34.779  -28.450  69.647 0.0000000000
55719  -35.446  -25.740  70.174 0.0000000000
52265  -36.356  -27.545  71.018 0.0000000000
55721  -37.171  -24.931  70.472 0.0000000000
137116  -35.711  -25.469  68.960 0.0000000000
54684  -33.591  -24.239  67.167 0.0000000000
57027  -33.722  -22.480  66.816 0.0000000000
60851  -34.581  -19.804  67.308 0.0000000000
59542  -34.078  -20.916  67.529 0.0000000000
59543  -34.736  -20.725  67.660 0.0000000000
57014  -34.924  -21.841  67.706 0.0000000000
137107  -35.921  -20.290  68.439 0.0000000000
62180  -36.890  -18.868  68.582 0.0000000000
64754  -39.551  -16.925  66.426 0.0000000000
63511  -39.247  -17.657  66.560 0.0000000000
137109  -40.840  -18.389  64.648 0.0000000000
60895  -41.503  -19.207  63.692 0.0000000000
43965  -16.711  -33.660  72.039 0.0000000000
41513  -16.061  -34.710  72.710 0.0000000000
41527  -15.918  -35.543  72.712 0.0000000000
63555  -44.408  -17.594  62.157 0.0000000000
63565  -45.021  -17.669  61.679 0.0000000000
63581  -47.829  -17.467  59.447 0.0000000000
66285  -47.363  -15.598  56.312 0.0000000000
67675  -47.745  -15.083  57.397 0.0000000000
67686  -48.986  -15.126  56.375 0.0000000000
66315  -52.027  -15.256  55.238 0.0000000000
66287  -51.161  -15.673  56.204 0.0000000000
79689  -49.194  -5.181  55.363 0.0000000000
78308  -47.627  -6.104  54.201 0.0000000000
78263  -48.648  -6.395  55.690 0.0000000000
74627  -47.948  -8.409  55.567 0.0000000000
75827  -49.581  -7.451  55.535 0.0000000000
74674  -51.292  -8.622  54.162 0.0000000000
85759  -51.431  0.893  47.120 0.0000000000
88071  -52.475  1.713  48.101 0.0000000000
86922  -52.464  1.767  46.349 0.0000000000
88106  -53.740  2.882  45.442 0.0000000000
66126  -40.131  -16.506  65.308 0.0000000000
66144  -40.843  -15.822  64.758 0.0000000000
67539  -39.955  -16.145  64.641 0.0000000000
66162  -39.776  -15.803  64.108 0.0000000000
63541  -39.892  -16.911  62.812 0.0000000000
42804  -17.326  -34.233  72.375 0.0000000000
40194  -18.374  -35.470  72.034 0.0000000000
40207  -20.721  -36.017  71.492 0.0000000000
45118  -33.948  -28.279  68.617 0.0000000000
137097  -34.582  -28.144  70.524 0.0000000000
54637  -34.309  -27.355  69.735 0.0000000000
137156  -34.637  -26.500  69.748 0.0000000000
137148  -35.121  -26.329  69.657 0.0000000000
59573  -34.394  -21.181  64.587 0.0000000000
58342  -33.678  -21.661  66.159 0.0000000000
60863  -34.561  -20.529  66.164 0.0000000000
60864  -34.679  -19.702  66.624 0.0000000000
62194  -35.838  -18.706  67.795 0.0000000000
63495  -36.577  -17.736  68.517 0.0000000000
64739  -36.267  -16.737  67.766 0.0000000000
66108  -38.585  -16.498  66.509 0.0000000000
42837  -16.280  -33.745  70.872 0.0000000000
67588  -44.168  -15.079  62.011 0.0000000000
64813  -45.346  -16.785  61.124 0.0000000000
67615  -45.397  -15.416  60.959 0.0000000000
66218  -46.881  -15.626  59.694 0.0000000000
66232  -48.204  -15.654  59.068 0.0000000000
67732  -49.388  -14.781  54.158 0.0000000000
67710  -49.994  -14.795  55.511 0.0000000000
67734  -50.847  -14.557  54.696 0.0000000000
67735  -51.705  -14.424  54.714 0.0000000000
82146  -48.736  -2.822  51.847 0.0000000000
80998  -48.039  -3.916  52.306 0.0000000000
80990  -48.857  -3.262  53.878 0.0000000000
80983  -49.777  -3.337  54.507 0.0000000000
62230  -36.256  -19.768  64.298 0.0000000000
60891  -35.181  -21.056  63.777 0.0000000000
67673  -45.589  -15.454  58.345 0.0000000000
66339  -48.238  -15.716  54.172 0.0000000000
66359  -48.527  -15.175  53.355 0.0000000000
68943  -49.248  -13.454  52.599 0.0000000000
71250  -48.561  -12.144  52.536 0.0000000000
82157  -48.723  -2.569  50.706 0.0000000000
83334  -50.102  -1.290  51.693 0.0000000000
84533  -51.177  -0.774  52.271 0.0000000000
83336  -51.793  -1.733  51.892 0.0000000000
86917  -53.464  1.422  47.794 0.0000000000
85760  -53.740  0.671  47.392 0.0000000000
60906  -43.730  -19.186  62.619 0.0000000000
62236  -43.353  -18.229  63.231 0.0000000000
64801  -43.154  -16.439  63.028 0.0000000000
66145  -41.404  -15.403  64.249 0.0000000000
66165  -42.621  -15.426  63.128 0.0000000000
66182  -43.496  -15.508  62.495 0.0000000000
69980  -43.391  -14.347  62.317 0.0000000000
68872  -43.728  -14.875  61.041 0.0000000000
62242  -37.975  -19.085  62.892 0.0000000000
63551  -39.504  -17.886  62.505 0.0000000000
63562  -41.231  -17.173  61.485 0.0000000000
40231  -16.225  -36.343  69.802 0.0000000000
40232  -17.272  -36.795  69.905 0.0000000000
37537  -23.607  -38.082  65.148 0.0000000000
42823  -20.421  -34.094  71.688 0.0000000000
40208  -22.046  -35.824  71.165 0.0000000000
38847  -23.125  -37.634  69.345 0.0000000000
37526  -24.833  -38.503  66.539 0.0000000000
38939  -29.551  -37.441  64.163 0.0000000000
38940  -30.179  -36.960  64.304 0.0000000000
41607  -31.433  -32.774  66.717 0.0000000000
137074  -31.830  -30.895  67.665 0.0000000000
42886  -31.904  -32.959  66.400 0.0000000000
44082  -32.367  -32.796  66.406 0.0000000000
44083  -33.117  -32.671  66.419 0.0000000000
52254  -35.159  -27.929  71.538 0.0000000000
54683  -32.673  -24.596  67.721 0.0000000000
54679  -33.166  -24.249  68.409 0.0000000000
55781  -33.847  -23.646  68.917 0.0000000000
58325  -33.693  -21.726  67.425 0.0000000000
56999  -33.638  -22.284  68.347 0.0000000000
55768  -34.228  -23.627  69.287 0.0000000000
137115  -35.242  -24.252  68.793 0.0000000000
137101  -35.185  -23.273  67.946 0.0000000000
59580  -38.774  -20.056  65.007 0.0000000000
63497  -38.636  -18.459  67.270 0.0000000000
63512  -38.924  -18.639  66.144 0.0000000000
59581  -39.776  -20.237  63.435 0.0000000000
59582  -40.882  -20.373  63.379 0.0000000000
40203  -15.709  -36.520  71.423 0.0000000000
67661  -46.833  -14.853  58.676 0.0000000000
67662  -47.925  -14.655  58.463 0.0000000000
66247  -49.209  -15.792  58.275 0.0000000000
67687  -49.964  -15.208  56.510 0.0000000000
66267  -50.200  -15.788  57.190 0.0000000000
63599  -49.538  -17.222  57.668 0.0000000000
70076  -46.811  -11.301  52.867 0.0000000000
71226  -48.222  -11.070  53.760 0.0000000000
79719  -46.988  -4.896  52.456 0.0000000000
77070  -46.795  -6.650  52.485 0.0000000000
73594  -47.016  -9.094  54.074 0.0000000000
72364  -48.308  -9.977  55.186 0.0000000000
72379  -49.804  -10.449  54.594 0.0000000000
72381  -51.692  -10.416  54.126 0.0000000000
63531  -37.694  -18.072  64.728 0.0000000000
62220  -37.375  -18.673  64.360 0.0000000000
137155  -32.227  -26.638  67.099 0.0000000000
52327  -32.791  -26.004  67.115 0.0000000000
62219  -36.941  -19.204  64.994 0.0000000000
60883  -36.298  -19.315  65.419 0.0000000000
62214  -36.655  -18.856  65.490 0.0000000000
63522  -37.178  -18.116  65.646 0.0000000000
68894  -44.512  -15.050  59.787 0.0000000000
67659  -44.778  -15.116  58.902 0.0000000000
70078  -50.088  -12.208  53.479 0.0000000000
70079  -50.571  -12.416  53.450 0.0000000000
71241  -51.182  -11.607  53.748 0.0000000000
82149  -51.518  -2.394  52.068 0.0000000000
80993  -51.172  -2.643  53.372 0.0000000000
85758  -51.336  0.730  47.983 0.0000000000
85752  -51.312  0.536  48.827 0.0000000000
86900  -51.380  0.849  49.953 0.0000000000
86901  -51.669  1.153  49.772 0.0000000000
86902  -52.195  1.301  49.702 0.0000000000
86908  -51.906  1.497  48.931 0.0000000000
63526  -40.951  -17.504  64.678 0.0000000000
63534  -41.776  -17.451  64.053 0.0000000000
64767  -41.202  -16.901  64.656 0.0000000000
66180  -40.851  -15.257  63.072 0.0000000000
66181  -41.210  -15.376  62.617 0.0000000000
66199  -41.724  -15.461  62.219 0.0000000000
64811  -41.521  -16.251  61.843 0.0000000000
38834  -21.279  -37.151  70.263 0.0000000000
37514  -26.695  -37.059  68.359 0.0000000000
38870  -25.474  -36.599  68.921 0.0000000000
38889  -30.520  -35.771  66.475 0.0000000000
40275  -32.151  -35.720  65.827 0.0000000000
137075  -34.653  -28.525  68.552 0.0000000000
56946  -36.681  -25.126  70.312 0.0000000000
55720  -36.568  -25.379  70.388 0.0000000000
56962  -37.326  -24.583  70.378 0.0000000000
55798  -34.119  -23.357  66.282 0.0000000000
57040  -34.146  -22.511  65.557 0.0000000000
60852  -35.258  -19.799  67.741 0.0000000000
59544  -35.483  -20.748  67.851 0.0000000000
60825  -36.248  -19.459  69.070 0.0000000000
62179  -36.122  -18.791  68.769 0.0000000000
64765  -40.330  -17.121  65.415 0.0000000000
64755  -40.043  -17.071  65.930 0.0000000000
63525  -40.499  -17.365  65.126 0.0000000000
63533  -41.309  -18.122  64.243 0.0000000000
42803  -16.220  -34.180  72.552 0.0000000000
63564  -44.635  -17.376  61.774 0.0000000000
63582  -48.291  -17.265  59.024 0.0000000000
62272  -48.184  -17.835  59.218 0.0000000000
62285  -48.502  -17.996  58.811 0.0000000000
62301  -48.692  -17.996  57.881 0.0000000000
67685  -48.248  -15.209  55.952 0.0000000000
79745  -47.313  -4.194  50.613 0.0000000000
78286  -50.120  -5.583  55.444 0.0000000000
78285  -49.322  -5.850  55.795 0.0000000000
77017  -49.192  -6.704  55.751 0.0000000000
67524  -39.341  -16.471  65.492 0.0000000000
67525  -39.780  -16.487  65.152 0.0000000000
67538  -39.461  -16.468  65.157 0.0000000000
63532  -38.538  -17.533  64.264 0.0000000000
66161  -39.300  -16.356  64.309 0.0000000000
64788  -39.183  -16.573  63.898 0.0000000000
64789  -40.044  -16.344  63.309 0.0000000000
43966  -17.765  -33.843  71.805 0.0000000000
41545  -19.903  -35.130  71.687 0.0000000000
137145  -31.920  -27.456  69.140 0.0000000000
54636  -32.747  -27.783  69.036 0.0000000000
46311  -33.392  -27.970  68.338 0.0000000000
54651  -33.349  -27.092  69.407 0.0000000000
59569  -33.973  -20.958  65.582 0.0000000000
60874  -34.539  -20.468  65.127 0.0000000000
62203  -34.942  -18.870  67.119 0.0000000000
62195  -36.297  -18.017  67.517 0.0000000000
63507  -35.793  -17.352  67.825 0.0000000000
63508  -36.198  -17.205  67.267 0.0000000000
64763  -37.794  -16.981  66.035 0.0000000000
64752  -37.737  -16.497  66.699 0.0000000000
66107  -38.195  -16.425  66.525 0.0000000000
66109  -39.431  -16.549  66.158 0.0000000000
42838  -16.652  -33.505  70.801 0.0000000000
68858  -44.270  -14.873  61.535 0.0000000000
67614  -44.892  -15.175  61.191 0.0000000000
67645  -45.964  -14.873  59.489 0.0000000000
67633  -46.425  -15.257  59.869 0.0000000000
66231  -47.539  -15.502  59.373 0.0000000000
67733  -50.011  -14.676  54.462 0.0000000000
67752  -50.656  -14.308  53.828 0.0000000000
68932  -51.942  -13.448  54.086 0.0000000000
67753  -51.332  -14.070  54.147 0.0000000000
68922  -52.274  -14.142  54.355 0.0000000000
68923  -52.442  -14.298  54.289 0.0000000000
82139  -49.534  -2.075  52.774 0.0000000000
82138  -49.144  -2.744  53.195 0.0000000000
82132  -49.676  -2.223  53.668 0.0000000000
79705  -50.170  -4.330  54.517 0.0000000000
60892  -35.634  -20.574  63.723 0.0000000000
68942  -48.386  -13.428  52.132 0.0000000000
70090  -48.855  -12.625  52.457 0.0000000000
70089  -48.003  -12.313  52.221 0.0000000000
83363  -49.955  -1.586  49.277 0.0000000000
82177  -49.365  -2.177  49.570 0.0000000000
82176  -48.542  -2.703  49.696 0.0000000000
82158  -49.192  -2.264  50.232 0.0000000000
83333  -49.520  -2.171  51.282 0.0000000000
85723  -51.057  0.022  51.117 0.0000000000
84541  -50.730  -0.710  51.830 0.0000000000
84542  -51.314  -0.472  51.621 0.0000000000
83328  -51.806  -1.015  51.888 0.0000000000
83337  -52.133  -1.282  51.435 0.0000000000
84554  -52.329  -0.471  50.725 0.0000000000
84572  -52.969  -0.245  49.578 0.0000000000
88084  -52.893  2.050  47.214 0.0000000000
88072  -52.924  1.895  48.050 0.0000000000
88085  -53.246  1.881  47.379 0.0000000000
59585  -43.089  -20.227  62.792 0.0000000000
60897  -42.979  -19.045  63.627 0.0000000000
63535  -42.576  -17.358  63.922 0.0000000000
63544  -43.114  -17.323  63.631 0.0000000000
63554  -43.556  -17.436  62.767 0.0000000000
67540  -40.429  -15.552  64.479 0.0000000000
67541  -40.944  -14.872  64.285 0.0000000000
67562  -42.160  -14.614  63.163 0.0000000000
67563  -42.783  -14.706  62.780 0.0000000000
67587  -43.705  -15.233  62.494 0.0000000000
69966  -43.052  -13.704  62.772 0.0000000000
66201  -42.731  -15.343  61.279 0.0000000000
68871  -43.224  -14.601  61.595 0.0000000000
38831  -18.019  -37.347  70.246 0.0000000000
37509  -22.426  -37.790  66.798 0.0000000000
37525  -23.893  -38.268  66.297 0.0000000000
42807  -20.569  -33.712  72.083 0.0000000000
41546  -21.182  -34.992  71.308 0.0000000000
37527  -25.747  -38.413  66.990 0.0000000000
37538  -24.700  -38.560  65.500 0.0000000000
37553  -25.607  -38.666  64.757 0.0000000000
37571  -27.476  -38.544  64.358 0.0000000000
38938  -28.860  -37.807  63.844 0.0000000000
38906  -30.812  -36.948  66.008 0.0000000000
38921  -29.958  -37.341  65.545 0.0000000000
38922  -30.604  -36.951  64.923 0.0000000000
38923  -31.174  -36.658  64.930 0.0000000000
40276  -32.956  -35.965  65.500 0.0000000000
41627  -33.572  -35.335  65.314 0.0000000000
137061  -32.538  -30.462  67.523 0.0000000000
44066  -32.280  -32.159  66.546 0.0000000000
44084  -33.677  -33.363  66.053 0.0000000000
47608  -35.108  -29.999  69.357 0.0000000000
53538  -35.022  -27.410  70.955 0.0000000000
53591  -33.123  -25.231  67.088 0.0000000000
53596  -33.791  -25.172  65.892 0.0000000000
54680  -32.990  -23.570  67.958 0.0000000000
55782  -33.469  -23.196  68.260 0.0000000000
59560  -33.819  -20.892  66.648 0.0000000000
58291  -33.920  -21.600  68.801 0.0000000000
58306  -33.882  -21.590  68.325 0.0000000000
56986  -33.857  -21.947  68.891 0.0000000000
55769  -34.300  -23.049  68.865 0.0000000000
137135  -34.785  -23.578  69.143 0.0000000000
55758  -34.534  -22.538  68.411 0.0000000000
137089  -35.391  -21.625  67.724 0.0000000000
55759  -34.786  -23.013  67.931 0.0000000000
137090  -35.591  -22.781  67.672 0.0000000000
62181  -37.590  -19.438  67.569 0.0000000000
64725  -36.811  -16.870  68.232 0.0000000000
63496  -37.675  -17.700  68.010 0.0000000000
63510  -38.520  -17.373  67.251 0.0000000000
63517  -40.219  -18.125  65.646 0.0000000000
59583  -41.596  -19.945  63.546 0.0000000000
59584  -42.370  -20.168  63.358 0.0000000000
40191  -15.886  -36.196  72.194 0.0000000000
63573  -45.625  -17.866  60.811 0.0000000000
63574  -46.547  -17.695  60.292 0.0000000000
67660  -45.785  -14.895  58.827 0.0000000000
67676  -48.839  -14.831  57.491 0.0000000000
67663  -48.831  -15.019  58.387 0.0000000000
67664  -49.322  -15.436  58.064 0.0000000000
67688  -51.024  -15.146  56.109 0.0000000000
66268  -50.695  -15.956  56.676 0.0000000000
64868  -50.442  -16.437  57.044 0.0000000000
63600  -50.192  -16.886  57.381 0.0000000000
63621  -50.179  -17.074  56.826 0.0000000000
70068  -47.414  -11.024  53.358 0.0000000000
71225  -47.649  -10.741  54.068 0.0000000000
79720  -47.992  -4.557  52.644 0.0000000000
80997  -47.116  -4.247  52.076 0.0000000000
79711  -47.956  -5.213  53.123 0.0000000000
77042  -47.865  -6.691  54.578 0.0000000000
78324  -47.077  -6.055  53.500 0.0000000000
77061  -47.343  -6.840  53.565 0.0000000000
75875  -46.873  -7.257  52.388 0.0000000000
75850  -47.471  -7.635  53.886 0.0000000000
73601  -46.985  -8.934  53.420 0.0000000000
74672  -47.268  -8.411  54.118 0.0000000000
74649  -49.049  -8.312  55.608 0.0000000000
73540  -47.611  -9.204  55.543 0.0000000000
72365  -49.175  -9.886  55.157 0.0000000000
72366  -50.108  -9.752  55.071 0.0000000000
72380  -50.899  -10.318  54.603 0.0000000000
73595  -50.616  -9.452  54.747 0.0000000000
64764  -38.550  -16.838  65.177 0.0000000000
63524  -38.474  -17.096  64.774 0.0000000000
60875  -35.275  -20.195  65.814 0.0000000000
62217  -35.575  -19.625  65.393 0.0000000000
62213  -36.198  -19.053  65.810 0.0000000000
63514  -36.582  -18.407  66.174 0.0000000000
63515  -37.092  -17.930  66.864 0.0000000000
70021  -44.445  -14.884  60.683 0.0000000000
68873  -44.785  -14.929  60.743 0.0000000000
68886  -44.819  -14.853  60.167 0.0000000000
68944  -49.900  -13.534  53.167 0.0000000000
68930  -50.336  -13.819  53.486 0.0000000000
68945  -50.363  -13.460  53.350 0.0000000000
71242  -51.904  -11.543  53.826 0.0000000000
71230  -52.278  -11.029  54.230 0.0000000000
83319  -50.908  -1.623  53.455 0.0000000000
83313  -50.341  -2.040  53.951 0.0000000000
83315  -51.043  -2.242  53.809 0.0000000000
80992  -50.877  -3.131  53.554 0.0000000000
83376  -50.550  -1.101  48.687 0.0000000000
83364  -50.685  -0.990  49.736 0.0000000000
83346  -50.619  -0.766  50.378 0.0000000000
84570  -50.875  -0.167  50.118 0.0000000000
85730  -51.181  0.419  50.359 0.0000000000
85724  -51.578  -0.035  51.006 0.0000000000
85732  -52.080  0.473  50.469 0.0000000000
85746  -52.602  0.618  49.710 0.0000000000
85747  -53.130  0.600  49.050 0.0000000000
86924  -54.348  2.000  46.337 0.0000000000
85765  -54.422  1.626  46.021 0.0000000000
85771  -53.877  0.454  45.241 0.0000000000
62235  -42.024  -18.222  63.550 0.0000000000
60886  -42.922  -18.443  63.900 0.0000000000
62223  -42.609  -17.977  63.788 0.0000000000
67584  -40.824  -14.743  63.531 0.0000000000
67586  -42.526  -14.611  62.726 0.0000000000
67611  -42.157  -15.063  62.298 0.0000000000
66200  -42.310  -15.351  61.699 0.0000000000
66215  -42.496  -15.786  61.014 0.0000000000
40204  -16.754  -36.807  71.525 0.0000000000
38818  -16.999  -37.362  71.124 0.0000000000
38820  -18.845  -37.149  70.943 0.0000000000
37498  -24.610  -37.936  67.900 0.0000000000
37554  -26.613  -38.510  65.129 0.0000000000
38891  -31.831  -36.291  65.686 0.0000000000
43950  -33.094  -29.176  67.785 0.0000000000
54652  -35.925  -26.890  70.510 0.0000000000
54639  -36.300  -25.938  70.468 0.0000000000
54654  -36.892  -26.096  70.513 0.0000000000
56975  -37.656  -24.353  69.844 0.0000000000
137125  -36.492  -25.951  68.963 0.0000000000
54688  -34.365  -24.318  65.565 0.0000000000
59529  -34.230  -21.268  67.822 0.0000000000
58326  -34.536  -21.467  67.805 0.0000000000
57000  -34.557  -21.924  68.284 0.0000000000
137100  -35.029  -21.276  67.708 0.0000000000
137102  -36.283  -20.257  68.360 0.0000000000
60838  -36.907  -19.964  68.245 0.0000000000
64742  -39.057  -16.971  66.939 0.0000000000
63516  -39.852  -17.426  66.238 0.0000000000
59575  -41.121  -19.558  63.858 0.0000000000
62222  -41.231  -18.849  64.150 0.0000000000
62234  -41.620  -18.626  63.689 0.0000000000
43964  -15.559  -33.464  72.384 0.0000000000
42802  -15.521  -34.011  72.867 0.0000000000
64826  -47.472  -17.052  59.668 0.0000000000
63575  -47.296  -17.645  59.819 0.0000000000
66266  -46.861  -15.599  57.289 0.0000000000
67712  -51.715  -14.960  55.432 0.0000000000
67689  -51.331  -15.300  55.819 0.0000000000
79703  -48.697  -5.043  54.721 0.0000000000
78326  -48.278  -5.208  53.970 0.0000000000
78309  -48.266  -5.720  54.392 0.0000000000
77043  -48.258  -6.266  54.648 0.0000000000
77015  -47.697  -7.264  55.082 0.0000000000
75807  -47.776  -7.769  55.311 0.0000000000
75808  -48.247  -7.564  55.629 0.0000000000
74650  -50.012  -8.346  55.393 0.0000000000
74673  -50.598  -8.611  54.623 0.0000000000
86915  -51.949  1.334  47.842 0.0000000000
86916  -52.368  1.641  47.206 0.0000000000
88094  -53.173  2.364  45.993 0.0000000000
89242  -54.479  3.135  45.525 0.0000000000
66127  -40.677  -16.241  64.926 0.0000000000
66143  -40.460  -16.026  64.788 0.0000000000
67526  -40.225  -16.200  64.792 0.0000000000
67559  -40.071  -15.546  64.326 0.0000000000
66141  -39.352  -16.400  64.745 0.0000000000
66142  -39.879  -15.995  64.378 0.0000000000
64790  -40.558  -15.771  63.189 0.0000000000
64798  -40.244  -16.721  62.753 0.0000000000
40193  -17.779  -35.729  72.136 0.0000000000
41529  -17.946  -34.952  72.400 0.0000000000
41530  -18.779  -35.058  71.865 0.0000000000
40273  -30.466  -34.192  66.710 0.0000000000
45117  -33.437  -28.318  67.969 0.0000000000
55738  -34.068  -26.703  69.364 0.0000000000
58354  -34.305  -21.736  65.051 0.0000000000
62193  -34.937  -19.097  67.525 0.0000000000
63494  -35.996  -17.604  68.308 0.0000000000
64740  -37.500  -16.639  67.313 0.0000000000
64751  -36.889  -16.786  66.840 0.0000000000
64741  -38.426  -16.624  67.103 0.0000000000
64753  -39.034  -16.659  66.661 0.0000000000
66110  -39.843  -16.643  66.044 0.0000000000
43979  -15.953  -33.628  71.187 0.0000000000
66183  -44.311  -15.800  61.772 0.0000000000
66202  -45.126  -15.911  61.350 0.0000000000
66203  -45.653  -15.885  60.743 0.0000000000
67632  -45.784  -15.064  60.376 0.0000000000
66217  -46.302  -15.789  60.202 0.0000000000
64825  -46.946  -16.615  59.900 0.0000000000
64838  -47.263  -16.030  59.568 0.0000000000
64839  -47.746  -16.494  59.360 0.0000000000
64840  -48.487  -16.458  58.831 0.0000000000
67709  -49.143  -15.167  55.126 0.0000000000
67736  -52.337  -14.763  54.731 0.0000000000
82145  -48.222  -3.252  51.381 0.0000000000
81010  -47.703  -3.736  51.432 0.0000000000
81011  -48.322  -3.509  52.043 0.0000000000
80999  -48.643  -3.388  52.733 0.0000000000
82124  -49.736  -2.587  54.275 0.0000000000
80991  -49.225  -3.202  54.393 0.0000000000
79713  -49.266  -3.700  54.173 0.0000000000
79704  -49.502  -4.504  54.699 0.0000000000
79691  -50.124  -4.891  55.187 0.0000000000
62231  -36.857  -19.191  63.842 0.0000000000
60893  -36.556  -20.004  63.464 0.0000000000
60881  -34.990  -20.855  64.286 0.0000000000
66246  -44.127  -15.706  58.765 0.0000000000
66264  -45.307  -16.037  57.948 0.0000000000
66265  -46.250  -16.109  57.833 0.0000000000
66313  -48.027  -16.010  55.253 0.0000000000
66314  -48.595  -15.605  54.841 0.0000000000
66340  -48.821  -15.139  54.190 0.0000000000
67750  -49.162  -14.704  53.441 0.0000000000
67762  -48.742  -14.406  52.646 0.0000000000
67763  -49.428  -14.125  53.010 0.0000000000
70091  -49.738  -12.525  53.074 0.0000000000
71252  -49.477  -11.895  53.201 0.0000000000
82175  -48.114  -3.094  50.194 0.0000000000
82147  -49.468  -1.830  52.047 0.0000000000
83325  -50.103  -1.449  52.486 0.0000000000
84552  -50.350  -0.939  51.325 0.0000000000
83335  -50.466  -1.063  52.230 0.0000000000
83326  -50.810  -0.986  52.724 0.0000000000
83327  -51.469  -1.430  52.523 0.0000000000
84555  -52.721  -0.593  50.104 0.0000000000
86909  -52.530  1.525  48.737 0.0000000000
86910  -53.120  1.398  48.489 0.0000000000
85753  -53.503  0.634  48.283 0.0000000000
62245  -44.000  -18.196  62.670 0.0000000000
64802  -43.867  -16.593  62.261 0.0000000000
64779  -41.527  -16.417  64.531 0.0000000000
64791  -41.829  -15.845  64.140 0.0000000000
67542  -41.476  -14.686  63.908 0.0000000000
66164  -41.927  -15.313  63.735 0.0000000000
69992  -43.832  -14.623  61.940 0.0000000000
69978  -42.879  -13.796  62.562 0.0000000000
70005  -43.099  -14.321  61.872 0.0000000000
67643  -44.212  -15.273  59.658 0.0000000000
62232  -37.652  -18.856  63.689 0.0000000000
62233  -38.441  -18.345  63.479 0.0000000000
62243  -38.918  -18.495  62.547 0.0000000000
63552  -40.270  -17.400  62.283 0.0000000000
63553  -40.879  -16.886  62.124 0.0000000000
64810  -41.140  -16.654  62.039 0.0000000000
63563  -41.683  -16.625  61.218 0.0000000000
40244  -16.976  -36.475  68.673 0.0000000000
38835  -22.862  -37.090  70.493 0.0000000000
137221  -23.527  -37.974  68.103 0.0000000000
37556  -28.592  -37.879  65.847 0.0000000000
37573  -29.217  -37.707  65.240 0.0000000000
40290  -32.797  -36.269  65.059 0.0000000000
41623  -30.924  -33.292  66.949 0.0000000000
41624  -31.452  -33.751  66.449 0.0000000000
41515  -32.192  -30.450  67.785 0.0000000000
137110  -31.491  -31.957  66.811 0.0000000000
42906  -32.299  -33.441  66.288 0.0000000000
42907  -32.936  -33.902  65.957 0.0000000000
42908  -33.609  -34.375  65.643 0.0000000000
137096  -35.282  -28.539  71.236 0.0000000000
52255  -35.776  -27.629  71.360 0.0000000000
51076  -35.876  -27.955  72.114 0.0000000000
48787  -36.079  -28.863  70.804 0.0000000000
137133  -34.427  -24.449  69.265 0.0000000000
57013  -33.368  -22.508  67.776 0.0000000000
137134  -34.590  -23.709  69.275 0.0000000000
55748  -34.604  -23.012  68.387 0.0000000000
137114  -35.043  -23.322  68.380 0.0000000000
58365  -41.657  -21.069  63.168 0.0000000000
67647  -48.065  -14.947  59.032 0.0000000000
66233  -48.740  -15.730  58.675 0.0000000000
64851  -49.022  -16.416  58.409 0.0000000000
66248  -49.648  -15.854  57.830 0.0000000000
64852  -49.517  -16.443  58.066 0.0000000000
63598  -49.043  -17.528  57.912 0.0000000000
70088  -46.876  -12.114  52.288 0.0000000000
70077  -47.593  -11.448  52.763 0.0000000000
71238  -48.417  -11.661  52.807 0.0000000000
71227  -49.288  -10.932  53.951 0.0000000000
81009  -46.876  -4.459  51.677 0.0000000000
80996  -46.542  -4.571  51.889 0.0000000000
79718  -46.486  -5.181  51.940 0.0000000000
79710  -47.295  -5.535  53.017 0.0000000000
78334  -46.908  -5.703  52.442 0.0000000000
77069  -46.788  -6.200  52.019 0.0000000000
73600  -46.590  -9.634  53.404 0.0000000000
73567  -46.822  -9.791  54.295 0.0000000000
74626  -47.238  -8.631  55.357 0.0000000000
72338  -47.238  -9.477  55.082 0.0000000000
72376  -47.437  -10.133  54.684 0.0000000000
72377  -48.095  -10.394  54.792 0.0000000000
71228  -49.891  -10.832  53.994 0.0000000000
72389  -50.909  -11.053  54.195 0.0000000000
72382  -52.261  -10.766  54.032 0.0000000000
73596  -51.230  -9.439  54.348 0.0000000000
72390  -51.828  -10.392  53.814 0.0000000000
38830  -17.268  -37.346  70.838 0.0000000000
42786  -15.692  -34.478  72.850 0.0000000000
42820  -16.177  -33.803  71.162 0.0000000000
42821  -16.500  -33.703  71.097 0.0000000000
43998  -16.353  -33.324  70.611 0.0000000000
51090  -36.167  -27.713  71.575 0.0000000000
52256  -36.039  -27.477  70.850 0.0000000000
52264  -36.119  -27.660  71.333 0.0000000000
53539  -35.708  -27.271  70.688 0.0000000000
53549  -36.205  -27.159  70.587 0.0000000000
53550  -36.688  -26.852  70.556 0.0000000000
54640  -37.077  -25.446  70.459 0.0000000000
54641  -37.693  -25.028  70.764 0.0000000000
54653  -36.261  -26.556  70.531 0.0000000000
55722  -37.715  -24.599  70.874 0.0000000000
55770  -34.825  -22.456  67.809 0.0000000000
56947  -37.359  -24.778  70.530 0.0000000000
58292  -33.991  -21.671  69.034 0.0000000000
58293  -35.731  -23.736  68.035 0.0000000000
58307  -34.161  -21.496  68.540 0.0000000000
59514  -36.115  -19.977  69.012 0.0000000000
59515  -36.289  -19.779  68.804 0.0000000000
59528  -34.027  -21.328  68.088 0.0000000000
60824  -35.854  -19.567  69.128 0.0000000000
60837  -36.459  -19.525  68.669 0.0000000000
60876  -36.452  -19.148  65.460 0.0000000000
60877  -36.656  -19.140  65.312 0.0000000000
60884  -36.497  -19.319  65.267 0.0000000000
60885  -42.591  -18.532  63.647 0.0000000000
62166  -36.089  -19.182  69.181 0.0000000000
62167  -36.390  -19.075  69.065 0.0000000000
62205  -36.677  -18.015  67.329 0.0000000000
62218  -36.207  -19.544  65.149 0.0000000000
62302  -49.064  -17.619  57.682 0.0000000000
63527  -41.404  -17.038  64.539 0.0000000000
63542  -41.421  -18.413  63.946 0.0000000000
63556  -44.823  -18.021  62.081 0.0000000000
63589  -49.297  -16.858  58.193 0.0000000000
64723  -35.969  -17.233  68.350 0.0000000000
64724  -36.167  -17.060  68.357 0.0000000000
64738  -35.861  -17.039  68.221 0.0000000000
64778  -41.005  -16.227  64.909 0.0000000000
64800  -41.330  -15.792  62.350 0.0000000000
64867  -50.024  -16.441  57.616 0.0000000000
64888  -51.333  -15.876  55.865 0.0000000000
66093  -37.955  -16.156  66.831 0.0000000000
66094  -38.127  -16.211  67.062 0.0000000000
66123  -38.104  -16.561  66.321 0.0000000000
66125  -39.345  -16.478  65.773 0.0000000000
66230  -43.921  -15.590  59.265 0.0000000000
66316  -52.429  -15.102  54.991 0.0000000000
66341  -52.199  -15.312  54.718 0.0000000000
67631  -45.182  -15.028  60.677 0.0000000000
67648  -48.472  -15.274  58.807 0.0000000000
67658  -44.595  -15.054  59.496 0.0000000000
67713  -52.294  -15.001  55.209 0.0000000000
68816  -42.645  -14.030  63.001 0.0000000000
68835  -42.849  -14.068  62.515 0.0000000000
68836  -43.191  -14.173  62.674 0.0000000000
68837  -44.184  -14.920  62.108 0.0000000000
68857  -42.919  -14.227  62.082 0.0000000000
68874  -45.268  -14.970  60.460 0.0000000000
68895  -44.727  -14.905  59.676 0.0000000000
69965  -42.818  -13.727  62.811 0.0000000000
69979  -43.088  -13.951  62.509 0.0000000000
69990  -42.894  -13.895  62.155 0.0000000000
69991  -43.276  -14.286  62.011 0.0000000000
70006  -43.604  -14.633  61.561 0.0000000000
71231  -52.437  -10.986  53.984 0.0000000000
71239  -49.071  -11.508  53.344 0.0000000000
71251  -49.056  -11.996  52.790 0.0000000000
72337  -47.035  -9.453  54.942 0.0000000000
72361  -46.762  -10.035  54.227 0.0000000000
72362  -47.055  -9.777  54.597 0.0000000000
72363  -47.608  -9.821  55.070 0.0000000000
72375  -46.576  -10.070  53.930 0.0000000000
72378  -48.777  -10.512  54.641 0.0000000000
72388  -50.358  -10.795  54.187 0.0000000000
72402  -52.133  -11.298  53.330 0.0000000000
73539  -47.027  -9.277  55.153 0.0000000000
73541  -48.058  -8.879  55.771 0.0000000000
73568  -46.978  -9.328  54.632 0.0000000000
73569  -47.970  -9.576  55.368 0.0000000000
73570  -48.488  -9.195  55.484 0.0000000000
73572  -50.249  -9.071  55.153 0.0000000000
73593  -46.718  -9.723  53.974 0.0000000000
74625  -46.898  -8.971  55.112 0.0000000000
74628  -48.464  -8.057  55.636 0.0000000000
74646  -46.994  -8.608  54.845 0.0000000000
74647  -47.335  -8.118  55.094 0.0000000000
74648  -48.369  -8.572  55.636 0.0000000000
74684  -47.297  -8.186  53.257 0.0000000000
75809  -48.842  -7.470  55.728 0.0000000000
75825  -47.359  -7.783  54.745 0.0000000000
75826  -47.515  -7.725  55.066 0.0000000000
75867  -47.110  -7.394  53.014 0.0000000000
77001  -47.889  -7.328  55.341 0.0000000000
77002  -48.028  -7.041  55.637 0.0000000000
77003  -48.614  -6.865  55.771 0.0000000000
77016  -48.246  -6.611  55.189 0.0000000000
77041  -47.648  -7.192  54.419 0.0000000000
77077  -46.281  -6.568  51.588 0.0000000000
78264  -48.927  -6.381  55.904 0.0000000000
78284  -48.640  -5.790  55.271 0.0000000000
78307  -47.548  -6.511  54.049 0.0000000000
78325  -47.624  -5.635  53.768 0.0000000000
78333  -46.684  -5.833  51.779 0.0000000000
79690  -49.744  -5.087  55.532 0.0000000000
79721  -48.459  -3.905  53.094 0.0000000000
79730  -47.162  -4.500  51.097 0.0000000000
80982  -49.307  -2.896  54.387 0.0000000000
81002  -51.289  -2.802  52.924 0.0000000000
81008  -46.650  -4.636  51.654 0.0000000000
82123  -49.436  -2.708  54.294 0.0000000000
82126  -50.803  -2.412  53.929 0.0000000000
82131  -49.282  -2.669  54.068 0.0000000000
82133  -50.734  -2.753  53.958 0.0000000000
82134  -51.039  -2.449  53.682 0.0000000000
82140  -51.370  -2.259  53.116 0.0000000000
82156  -48.140  -3.129  50.971 0.0000000000
83314  -50.845  -2.137  53.890 0.0000000000
83344  -49.440  -2.265  50.684 0.0000000000
84532  -50.921  -0.736  52.371 0.0000000000
84534  -51.559  -0.843  51.974 0.0000000000
84540  -50.385  -0.961  51.629 0.0000000000
84543  -51.848  -0.586  51.422 0.0000000000
85731  -51.487  0.509  50.550 0.0000000000
85745  -51.235  0.486  49.698 0.0000000000
86885  -51.310  0.695  50.118 0.0000000000
86886  -51.485  0.821  50.165 0.0000000000
86907  -51.436  1.089  49.348 0.0000000000
88073  -53.180  1.753  47.975 0.0000000000
88083  -52.451  1.742  47.660 0.0000000000
137087  -35.343  -22.287  67.683 0.0000000000
137088  -35.210  -22.970  67.736 0.0000000000
