#!ascii label  , from subject 3777 vox2ras=TkReg
688
89986  -30.084  3.011  -19.584 0.0000000000
84116  -23.121  -1.018  -15.663 0.0000000000
84186  -33.507  -1.924  -19.288 0.0000000000
79233  -28.175  -5.482  -15.254 0.0000000000
138761  -26.050  17.832  -23.844 0.0000000000
100813  -29.225  13.975  -22.514 0.0000000000
95380  -27.444  8.331  -15.716 0.0000000000
75557  -26.610  -8.890  -12.992 0.0000000000
82967  -26.260  -2.712  -15.000 0.0000000000
80571  -23.376  -4.710  -14.041 0.0000000000
102908  -28.670  16.027  -22.639 0.0000000000
100765  -28.234  13.750  -17.551 0.0000000000
89961  -24.298  3.537  -16.578 0.0000000000
93228  -21.910  6.292  -15.610 0.0000000000
93250  -29.557  6.395  -16.066 0.0000000000
94332  -28.759  7.446  -21.275 0.0000000000
91118  -29.007  4.430  -22.892 0.0000000000
88864  -31.635  2.756  -22.377 0.0000000000
86491  -20.988  1.046  -14.443 0.0000000000
87677  -27.142  1.643  -15.919 0.0000000000
86571  -31.083  0.401  -20.606 0.0000000000
84135  -29.590  -1.253  -16.716 0.0000000000
81818  -31.052  -3.758  -16.741 0.0000000000
79238  -32.360  -5.971  -15.945 0.0000000000
97653  -24.898  10.285  -16.479 0.0000000000
98748  -29.768  11.139  -18.883 0.0000000000
98807  -27.127  11.077  -23.800 0.0000000000
77885  -23.849  -6.641  -12.931 0.0000000000
77905  -27.008  -6.449  -13.576 0.0000000000
81772  -22.659  -3.672  -13.821 0.0000000000
80547  -21.705  -4.734  -12.741 0.0000000000
101760  -26.924  14.249  -17.807 0.0000000000
99764  -26.634  12.873  -17.170 0.0000000000
89965  -28.447  3.524  -16.300 0.0000000000
91064  -27.318  4.489  -15.518 0.0000000000
91097  -30.361  4.445  -18.091 0.0000000000
92181  -29.730  5.125  -20.100 0.0000000000
89989  -29.120  3.485  -20.956 0.0000000000
89998  -30.324  3.685  -22.894 0.0000000000
88868  -30.332  2.544  -22.747 0.0000000000
86501  -22.190  0.499  -15.378 0.0000000000
86515  -24.041  1.335  -16.403 0.0000000000
86504  -24.569  0.467  -15.982 0.0000000000
86508  -28.776  0.511  -16.015 0.0000000000
85353  -27.091  -0.369  -15.404 0.0000000000
81797  -27.085  -3.632  -15.293 0.0000000000
81800  -29.900  -3.177  -15.880 0.0000000000
80585  -29.595  -4.551  -16.023 0.0000000000
80608  -32.484  -4.806  -15.775 0.0000000000
79235  -29.850  -5.709  -15.744 0.0000000000
104002  -24.753  16.507  -20.856 0.0000000000
104000  -23.710  17.177  -20.429 0.0000000000
106904  -24.167  19.216  -22.518 0.0000000000
107701  -25.164  20.258  -20.549 0.0000000000
106021  -28.023  18.311  -22.961 0.0000000000
101825  -29.418  15.206  -21.986 0.0000000000
94257  -24.991  7.111  -15.721 0.0000000000
95377  -23.399  7.884  -15.873 0.0000000000
95378  -25.633  9.067  -15.658 0.0000000000
98716  -28.739  11.196  -16.303 0.0000000000
97657  -29.134  10.090  -16.421 0.0000000000
94352  -27.062  7.461  -23.120 0.0000000000
95489  -26.600  8.836  -22.731 0.0000000000
96621  -27.810  9.555  -23.479 0.0000000000
85403  -32.259  -0.284  -20.356 0.0000000000
86583  -33.400  0.610  -21.825 0.0000000000
74410  -24.445  -9.131  -12.104 0.0000000000
76701  -24.312  -7.442  -12.704 0.0000000000
77886  -24.424  -6.798  -12.988 0.0000000000
75567  -26.264  -7.814  -13.119 0.0000000000
84103  -22.118  -1.555  -14.466 0.0000000000
82977  -25.192  -1.734  -15.127 0.0000000000
82964  -23.613  -2.641  -14.570 0.0000000000
81786  -24.228  -3.651  -14.609 0.0000000000
79215  -25.295  -5.234  -14.427 0.0000000000
104004  -26.313  16.680  -21.168 0.0000000000
104036  -27.442  17.155  -23.270 0.0000000000
102889  -27.774  15.840  -20.527 0.0000000000
101798  -28.943  14.456  -19.772 0.0000000000
100793  -29.276  13.680  -19.950 0.0000000000
89923  -21.254  3.515  -14.739 0.0000000000
92162  -23.025  4.940  -15.926 0.0000000000
93232  -24.850  6.171  -16.132 0.0000000000
94260  -28.080  7.437  -15.579 0.0000000000
95411  -29.810  8.118  -17.697 0.0000000000
94297  -30.200  6.915  -19.372 0.0000000000
93292  -27.871  6.126  -22.681 0.0000000000
93302  -28.916  6.325  -23.225 0.0000000000
92192  -30.514  5.878  -22.464 0.0000000000
74413  -27.647  -9.977  -12.976 0.0000000000
74423  -27.895  -9.393  -13.395 0.0000000000
88807  -22.770  2.511  -16.040 0.0000000000
88810  -26.454  2.603  -15.784 0.0000000000
88829  -29.817  2.533  -16.918 0.0000000000
88852  -30.410  1.375  -20.279 0.0000000000
86532  -29.758  1.041  -17.347 0.0000000000
85383  -30.550  -0.422  -18.196 0.0000000000
84168  -31.747  -1.322  -18.849 0.0000000000
84121  -27.582  -1.623  -15.270 0.0000000000
82991  -30.340  -2.533  -16.967 0.0000000000
83022  -32.861  -2.565  -18.033 0.0000000000
80610  -34.197  -3.405  -16.646 0.0000000000
80624  -34.579  -5.022  -16.352 0.0000000000
105091  -29.038  17.793  -24.151 0.0000000000
99742  -27.111  12.106  -16.761 0.0000000000
99766  -29.157  12.466  -17.641 0.0000000000
99805  -29.395  12.360  -20.008 0.0000000000
96557  -29.441  9.330  -19.678 0.0000000000
97713  -28.631  10.229  -21.588 0.0000000000
99831  -28.851  11.841  -23.032 0.0000000000
87747  -31.248  1.287  -22.364 0.0000000000
88866  -32.934  2.045  -21.805 0.0000000000
77883  -21.875  -5.929  -12.562 0.0000000000
77902  -23.585  -6.089  -13.747 0.0000000000
79197  -24.999  -5.820  -14.206 0.0000000000
79217  -27.229  -5.663  -14.675 0.0000000000
76724  -28.476  -7.987  -14.236 0.0000000000
76737  -28.273  -7.192  -14.242 0.0000000000
77939  -29.206  -6.278  -15.386 0.0000000000
99741  -25.991  12.045  -17.166 0.0000000000
89967  -29.949  3.573  -16.986 0.0000000000
91085  -29.538  4.434  -16.582 0.0000000000
89982  -30.404  3.324  -18.503 0.0000000000
91101  -30.106  4.372  -19.408 0.0000000000
91106  -29.871  3.678  -20.315 0.0000000000
88862  -29.633  2.929  -22.370 0.0000000000
89990  -29.900  2.795  -20.578 0.0000000000
85339  -22.272  -0.872  -14.891 0.0000000000
85347  -21.961  -0.221  -15.082 0.0000000000
85348  -22.633  -0.450  -15.454 0.0000000000
86502  -22.942  0.543  -15.731 0.0000000000
85350  -24.189  -0.338  -15.733 0.0000000000
85352  -25.998  -0.248  -15.494 0.0000000000
85351  -25.030  -0.244  -15.548 0.0000000000
80583  -27.441  -4.595  -15.235 0.0000000000
81798  -27.993  -3.602  -15.412 0.0000000000
80584  -28.551  -4.531  -15.488 0.0000000000
79234  -28.984  -5.438  -15.562 0.0000000000
104028  -25.565  17.663  -22.670 0.0000000000
104033  -23.889  17.143  -23.148 0.0000000000
106909  -25.473  18.391  -23.182 0.0000000000
106906  -25.647  18.735  -22.622 0.0000000000
106016  -27.136  18.338  -22.264 0.0000000000
138764  -26.779  18.710  -24.088 0.0000000000
138385  -29.917  14.810  -23.343 0.0000000000
99844  -28.976  13.248  -22.951 0.0000000000
94258  -25.852  7.510  -15.952 0.0000000000
94272  -24.272  7.729  -16.010 0.0000000000
94274  -25.500  8.063  -16.112 0.0000000000
95396  -24.427  8.532  -16.354 0.0000000000
95379  -26.238  8.486  -15.712 0.0000000000
97635  -27.561  9.844  -15.645 0.0000000000
96489  -27.940  9.018  -15.729 0.0000000000
95500  -27.702  8.385  -23.338 0.0000000000
95499  -26.998  8.210  -23.435 0.0000000000
84195  -32.961  -1.045  -20.094 0.0000000000
85405  -34.405  -1.085  -21.188 0.0000000000
84196  -33.993  -1.375  -20.367 0.0000000000
74412  -26.608  -9.550  -12.652 0.0000000000
74411  -25.477  -9.418  -12.164 0.0000000000
75555  -24.850  -8.391  -12.472 0.0000000000
75556  -25.983  -8.337  -12.650 0.0000000000
76702  -25.070  -7.732  -12.873 0.0000000000
82962  -21.837  -2.232  -14.059 0.0000000000
82963  -22.614  -2.539  -14.294 0.0000000000
82955  -22.070  -2.866  -13.723 0.0000000000
80559  -22.843  -4.680  -13.730 0.0000000000
81785  -23.449  -3.821  -14.224 0.0000000000
80572  -23.981  -4.627  -14.355 0.0000000000
80573  -24.802  -4.495  -14.562 0.0000000000
102870  -25.983  15.340  -19.959 0.0000000000
102888  -26.618  16.320  -20.529 0.0000000000
102871  -27.042  15.583  -19.828 0.0000000000
101780  -27.869  14.432  -18.179 0.0000000000
101797  -28.120  14.892  -19.491 0.0000000000
100792  -28.905  14.281  -19.402 0.0000000000
100782  -28.978  13.843  -18.628 0.0000000000
89942  -23.293  3.820  -15.721 0.0000000000
91079  -23.924  4.360  -16.103 0.0000000000
92166  -28.333  5.311  -15.528 0.0000000000
92149  -26.219  5.453  -15.763 0.0000000000
93235  -27.686  6.409  -15.418 0.0000000000
93234  -26.602  6.421  -15.673 0.0000000000
94277  -30.215  7.307  -17.065 0.0000000000
93260  -30.118  6.566  -17.785 0.0000000000
92191  -28.883  4.834  -21.987 0.0000000000
92190  -28.731  5.333  -21.377 0.0000000000
92203  -28.297  5.240  -23.019 0.0000000000
93301  -27.912  6.282  -23.163 0.0000000000
92204  -28.839  5.274  -23.217 0.0000000000
93294  -29.781  6.287  -22.889 0.0000000000
92205  -29.718  5.463  -23.092 0.0000000000
89999  -30.985  3.226  -22.771 0.0000000000
91111  -30.730  4.502  -22.239 0.0000000000
89996  -31.740  3.021  -21.607 0.0000000000
73278  -27.164  -10.696  -12.870 0.0000000000
73288  -28.534  -11.386  -14.212 0.0000000000
87659  -20.519  1.623  -14.255 0.0000000000
88794  -20.936  2.594  -14.475 0.0000000000
87661  -22.120  1.963  -15.023 0.0000000000
87676  -25.957  1.718  -15.753 0.0000000000
87674  -24.765  2.114  -16.262 0.0000000000
87693  -27.866  2.039  -16.153 0.0000000000
88827  -28.138  2.699  -16.264 0.0000000000
87694  -28.501  1.926  -16.398 0.0000000000
87709  -30.029  1.497  -17.608 0.0000000000
87679  -28.796  1.289  -16.247 0.0000000000
85361  -29.396  -0.424  -16.614 0.0000000000
86520  -30.016  0.136  -17.065 0.0000000000
85372  -30.078  -0.446  -17.319 0.0000000000
84151  -30.257  -1.477  -17.463 0.0000000000
82966  -25.339  -2.550  -14.969 0.0000000000
84106  -25.917  -1.872  -14.894 0.0000000000
84108  -27.174  -2.257  -15.019 0.0000000000
81817  -30.324  -3.423  -16.496 0.0000000000
82982  -30.294  -2.560  -16.101 0.0000000000
81835  -30.852  -3.110  -17.123 0.0000000000
83006  -32.088  -2.787  -17.721 0.0000000000
83007  -32.600  -2.929  -17.629 0.0000000000
81849  -33.748  -2.900  -17.512 0.0000000000
81838  -33.207  -2.986  -16.948 0.0000000000
80588  -31.984  -5.550  -15.823 0.0000000000
79259  -33.191  -5.777  -16.159 0.0000000000
79260  -34.266  -5.834  -16.336 0.0000000000
104031  -27.975  16.625  -22.520 0.0000000000
105090  -28.310  17.727  -24.066 0.0000000000
102912  -28.931  16.742  -24.447 0.0000000000
92142  -20.939  5.631  -14.874 0.0000000000
97651  -22.803  9.848  -16.153 0.0000000000
98713  -25.369  11.210  -16.778 0.0000000000
98714  -26.474  11.250  -16.625 0.0000000000
98717  -29.552  10.970  -16.888 0.0000000000
99744  -29.060  11.681  -16.900 0.0000000000
99767  -29.768  11.776  -18.250 0.0000000000
99787  -29.727  12.190  -18.877 0.0000000000
98768  -29.659  11.256  -19.926 0.0000000000
95424  -29.802  8.272  -18.695 0.0000000000
96528  -29.871  9.151  -17.858 0.0000000000
95459  -28.999  8.456  -20.753 0.0000000000
97730  -27.084  9.742  -22.951 0.0000000000
96590  -27.744  9.400  -21.871 0.0000000000
97731  -27.872  10.211  -22.507 0.0000000000
98793  -28.721  11.315  -22.453 0.0000000000
98808  -27.971  11.384  -23.486 0.0000000000
98820  -27.597  11.528  -24.168 0.0000000000
87734  -30.516  0.974  -20.008 0.0000000000
87746  -30.677  1.361  -21.796 0.0000000000
86581  -31.458  0.768  -21.684 0.0000000000
86591  -33.060  1.310  -22.370 0.0000000000
76700  -23.307  -7.454  -12.447 0.0000000000
77873  -22.091  -6.923  -12.311 0.0000000000
77884  -22.594  -6.393  -12.890 0.0000000000
77904  -26.013  -6.431  -13.504 0.0000000000
77903  -24.706  -6.406  -13.668 0.0000000000
79199  -26.623  -5.731  -13.770 0.0000000000
79200  -27.242  -5.932  -13.851 0.0000000000
75569  -28.271  -8.633  -13.737 0.0000000000
77922  -28.415  -6.504  -14.894 0.0000000000
81771  -21.734  -3.554  -13.426 0.0000000000
80557  -21.456  -4.170  -13.072 0.0000000000
80558  -22.076  -4.577  -13.418 0.0000000000
79195  -22.624  -5.407  -13.389 0.0000000000
101779  -26.824  14.598  -18.604 0.0000000000
100763  -26.172  13.676  -17.500 0.0000000000
100764  -27.226  13.571  -17.464 0.0000000000
89944  -25.918  3.595  -16.000 0.0000000000
91063  -26.662  4.409  -15.648 0.0000000000
91083  -27.935  4.319  -15.716 0.0000000000
92168  -29.843  5.397  -16.650 0.0000000000
92179  -30.258  5.476  -18.545 0.0000000000
91100  -29.859  4.896  -19.930 0.0000000000
91105  -29.407  4.605  -20.436 0.0000000000
91114  -28.761  4.311  -22.348 0.0000000000
91119  -29.714  4.326  -23.051 0.0000000000
90000  -29.667  3.585  -23.044 0.0000000000
88873  -30.469  2.787  -23.137 0.0000000000
88874  -30.951  2.630  -23.111 0.0000000000
86478  -21.239  -0.053  -14.178 0.0000000000
86492  -21.526  0.496  -14.643 0.0000000000
87672  -22.528  1.566  -15.704 0.0000000000
86517  -24.778  0.886  -16.156 0.0000000000
86506  -26.529  0.668  -15.710 0.0000000000
86509  -29.170  1.027  -16.287 0.0000000000
86507  -27.674  0.571  -15.707 0.0000000000
85354  -28.196  -0.455  -15.656 0.0000000000
81796  -26.401  -3.539  -15.073 0.0000000000
82979  -27.399  -2.758  -15.305 0.0000000000
81799  -29.098  -3.526  -15.735 0.0000000000
80605  -29.919  -4.019  -16.462 0.0000000000
81819  -32.005  -3.901  -16.629 0.0000000000
80607  -31.295  -4.503  -16.242 0.0000000000
80586  -30.541  -5.042  -16.006 0.0000000000
79237  -31.695  -6.094  -15.707 0.0000000000
102886  -24.551  15.946  -20.077 0.0000000000
105072  -23.795  17.953  -21.880 0.0000000000
106900  -24.468  19.599  -21.801 0.0000000000
105073  -28.035  17.986  -21.776 0.0000000000
102911  -29.141  16.082  -24.007 0.0000000000
95375  -21.947  7.926  -14.949 0.0000000000
95394  -23.060  8.451  -16.159 0.0000000000
96508  -23.093  8.963  -16.424 0.0000000000
96511  -25.373  9.565  -16.076 0.0000000000
97654  -25.908  10.384  -16.230 0.0000000000
97634  -26.782  9.923  -15.570 0.0000000000
97656  -28.112  10.501  -15.900 0.0000000000
98718  -29.702  10.561  -17.464 0.0000000000
94344  -26.860  7.481  -22.633 0.0000000000
95476  -28.058  8.476  -21.601 0.0000000000
95498  -26.485  8.193  -23.219 0.0000000000
96620  -27.002  9.308  -23.535 0.0000000000
97753  -27.475  10.586  -23.630 0.0000000000
86572  -32.185  0.277  -21.107 0.0000000000
85404  -33.242  -0.492  -21.210 0.0000000000
85415  -34.027  -0.326  -21.695 0.0000000000
75554  -23.948  -8.351  -12.370 0.0000000000
76720  -24.787  -7.140  -13.127 0.0000000000
76721  -25.567  -7.360  -13.313 0.0000000000
76722  -26.524  -7.335  -13.488 0.0000000000
84104  -22.985  -1.540  -15.000 0.0000000000
84117  -23.799  -1.372  -15.529 0.0000000000
84105  -23.624  -1.926  -15.078 0.0000000000
82975  -24.021  -2.170  -15.150 0.0000000000
82965  -24.510  -2.711  -14.790 0.0000000000
81784  -23.088  -3.173  -14.229 0.0000000000
81787  -25.092  -3.503  -14.755 0.0000000000
80574  -25.865  -4.293  -14.723 0.0000000000
80575  -26.647  -4.831  -14.892 0.0000000000
102868  -24.393  15.418  -19.379 0.0000000000
104003  -25.689  16.637  -20.996 0.0000000000
104018  -25.988  16.869  -21.770 0.0000000000
138766  -26.747  17.671  -23.825 0.0000000000
104019  -26.850  16.760  -21.545 0.0000000000
104020  -27.641  16.631  -21.796 0.0000000000
102900  -28.401  16.190  -21.541 0.0000000000
101812  -28.624  15.381  -20.928 0.0000000000
101813  -29.024  14.609  -20.523 0.0000000000
100802  -29.232  13.805  -21.343 0.0000000000
92144  -22.491  5.395  -15.653 0.0000000000
91061  -25.125  4.964  -15.981 0.0000000000
92147  -24.990  5.584  -16.173 0.0000000000
93231  -24.116  6.226  -15.724 0.0000000000
93233  -25.644  6.368  -15.857 0.0000000000
94259  -26.983  7.455  -15.670 0.0000000000
95381  -28.421  8.254  -15.772 0.0000000000
96490  -28.643  8.845  -15.998 0.0000000000
95399  -29.228  8.229  -16.097 0.0000000000
95412  -29.917  7.654  -17.616 0.0000000000
94304  -29.854  7.340  -19.682 0.0000000000
92187  -30.055  5.811  -20.144 0.0000000000
93276  -29.422  6.418  -20.587 0.0000000000
93283  -29.063  6.932  -21.125 0.0000000000
93300  -27.315  6.806  -22.890 0.0000000000
94353  -27.960  7.267  -23.372 0.0000000000
94346  -28.814  7.132  -23.069 0.0000000000
94347  -29.732  7.322  -22.496 0.0000000000
93284  -30.425  6.459  -22.102 0.0000000000
91115  -30.359  4.623  -22.769 0.0000000000
138102  -34.808  -2.664  -19.331 0.0000000000
74422  -27.073  -9.269  -13.167 0.0000000000
89925  -22.529  3.239  -15.272 0.0000000000
89959  -23.127  2.959  -16.034 0.0000000000
87689  -22.914  1.899  -16.386 0.0000000000
88824  -23.952  2.655  -16.614 0.0000000000
89943  -25.404  3.243  -16.421 0.0000000000
89945  -26.909  3.413  -15.617 0.0000000000
88828  -28.948  2.631  -16.469 0.0000000000
88840  -30.461  2.413  -17.665 0.0000000000
88851  -30.376  1.882  -19.996 0.0000000000
88847  -30.517  2.203  -18.846 0.0000000000
87733  -30.742  1.193  -19.146 0.0000000000
86558  -30.905  0.752  -19.022 0.0000000000
86519  -29.538  0.591  -16.773 0.0000000000
86533  -30.159  0.547  -17.638 0.0000000000
86559  -31.130  0.415  -19.324 0.0000000000
85394  -31.619  -0.523  -19.636 0.0000000000
84184  -31.954  -1.045  -19.460 0.0000000000
84185  -32.558  -1.190  -19.276 0.0000000000
84119  -25.517  -1.029  -15.069 0.0000000000
84120  -26.483  -1.175  -15.044 0.0000000000
84122  -29.001  -1.408  -15.796 0.0000000000
82980  -28.443  -2.567  -15.464 0.0000000000
84123  -30.079  -1.817  -15.981 0.0000000000
84136  -29.994  -2.019  -16.802 0.0000000000
83005  -31.072  -2.434  -17.855 0.0000000000
83021  -31.976  -2.086  -18.193 0.0000000000
84170  -33.187  -2.257  -18.618 0.0000000000
83023  -33.620  -2.667  -18.530 0.0000000000
138094  -34.199  -2.852  -17.746 0.0000000000
81820  -33.254  -3.507  -16.186 0.0000000000
80609  -34.464  -4.292  -15.812 0.0000000000
105089  -27.468  17.890  -24.093 0.0000000000
106026  -28.671  18.012  -23.911 0.0000000000
138391  -29.272  16.775  -24.428 0.0000000000
99765  -27.784  12.866  -17.076 0.0000000000
98715  -27.590  11.338  -16.284 0.0000000000
99743  -28.268  12.005  -16.728 0.0000000000
99786  -29.439  12.937  -18.525 0.0000000000
100783  -29.577  13.090  -19.157 0.0000000000
99818  -29.282  12.642  -21.081 0.0000000000
96513  -29.706  9.135  -16.982 0.0000000000
96543  -29.756  9.241  -18.755 0.0000000000
97680  -29.658  10.205  -18.781 0.0000000000
95458  -28.651  8.964  -20.952 0.0000000000
96572  -28.633  9.456  -21.224 0.0000000000
97714  -29.384  10.277  -20.773 0.0000000000
98781  -29.435  11.318  -21.293 0.0000000000
98794  -29.135  11.997  -21.766 0.0000000000
99832  -29.053  12.662  -22.303 0.0000000000
99843  -28.772  12.454  -23.598 0.0000000000
88857  -30.299  1.896  -21.011 0.0000000000
87752  -30.770  1.810  -22.600 0.0000000000
88870  -32.334  2.240  -22.624 0.0000000000
86590  -32.542  1.122  -22.529 0.0000000000
87755  -32.868  1.773  -22.328 0.0000000000
88865  -32.335  2.441  -22.059 0.0000000000
79183  -22.072  -5.405  -12.873 0.0000000000
79196  -23.174  -5.385  -13.790 0.0000000000
77921  -24.121  -6.063  -14.073 0.0000000000
79214  -24.422  -5.530  -14.258 0.0000000000
79216  -26.191  -5.239  -14.415 0.0000000000
75568  -26.981  -8.397  -13.329 0.0000000000
76723  -27.547  -7.516  -13.876 0.0000000000
77906  -27.571  -6.563  -14.238 0.0000000000
77938  -28.635  -5.979  -15.395 0.0000000000
72083  -28.762  -11.793  -14.212 0.0000000000
73279  -27.938  -10.871  -13.882 0.0000000000
76699  -22.520  -7.201  -12.291 0.0000000000
77901  -22.994  -5.845  -13.476 0.0000000000
77920  -23.934  -5.834  -14.120 0.0000000000
77943  -32.687  -6.468  -16.143 0.0000000000
79198  -25.630  -5.772  -13.949 0.0000000000
79213  -23.719  -5.403  -14.110 0.0000000000
80582  -26.654  -4.207  -15.127 0.0000000000
80587  -31.447  -5.317  -15.856 0.0000000000
80589  -33.783  -3.320  -16.474 0.0000000000
80590  -34.096  -3.439  -16.249 0.0000000000
80591  -34.284  -3.270  -16.295 0.0000000000
80606  -30.393  -4.236  -16.443 0.0000000000
80611  -34.226  -3.331  -16.518 0.0000000000
81773  -23.136  -4.219  -13.874 0.0000000000
81788  -25.794  -3.318  -14.903 0.0000000000
81801  -33.602  -3.370  -16.134 0.0000000000
81802  -33.824  -3.328  -15.993 0.0000000000
81803  -34.078  -3.185  -16.289 0.0000000000
81816  -29.717  -3.774  -16.238 0.0000000000
81821  -33.799  -3.146  -16.536 0.0000000000
81822  -34.116  -3.245  -16.459 0.0000000000
81836  -31.561  -3.291  -17.317 0.0000000000
81837  -32.511  -3.262  -17.197 0.0000000000
81848  -32.957  -2.929  -17.478 0.0000000000
81856  -34.214  -2.862  -18.266 0.0000000000
82968  -26.868  -2.575  -15.072 0.0000000000
82976  -24.584  -1.980  -15.249 0.0000000000
82978  -26.792  -3.044  -15.192 0.0000000000
82981  -29.603  -2.476  -15.560 0.0000000000
82983  -30.353  -2.461  -16.481 0.0000000000
82992  -30.219  -2.310  -16.834 0.0000000000
83020  -31.404  -1.809  -18.309 0.0000000000
83030  -34.303  -2.873  -19.077 0.0000000000
84096  -21.391  -1.510  -13.989 0.0000000000
84107  -26.740  -2.036  -14.849 0.0000000000
84118  -24.688  -1.117  -15.335 0.0000000000
84124  -30.331  -2.157  -16.370 0.0000000000
84125  -30.310  -2.268  -16.604 0.0000000000
84134  -29.171  -0.910  -16.366 0.0000000000
84137  -30.157  -2.123  -16.681 0.0000000000
84150  -29.793  -1.002  -17.207 0.0000000000
84167  -30.956  -1.401  -18.341 0.0000000000
84169  -32.670  -1.831  -18.652 0.0000000000
84187  -34.558  -2.087  -19.627 0.0000000000
84194  -32.190  -0.913  -19.833 0.0000000000
85338  -21.640  -0.618  -14.446 0.0000000000
85349  -23.410  -0.332  -15.695 0.0000000000
85360  -28.910  -0.452  -16.169 0.0000000000
85362  -29.822  -0.176  -16.881 0.0000000000
85371  -29.675  -0.690  -16.997 0.0000000000
85384  -31.161  -0.573  -18.857 0.0000000000
85414  -33.366  0.063  -21.686 0.0000000000
86503  -23.766  0.696  -16.131 0.0000000000
86505  -25.337  0.778  -15.915 0.0000000000
86516  -24.399  1.079  -16.284 0.0000000000
86518  -29.167  0.046  -16.376 0.0000000000
86545  -30.724  0.570  -18.617 0.0000000000
86546  -31.004  0.033  -18.729 0.0000000000
86570  -30.610  0.831  -20.948 0.0000000000
86580  -30.781  0.855  -21.260 0.0000000000
86582  -32.618  0.486  -21.856 0.0000000000
86589  -31.896  1.034  -22.392 0.0000000000
87660  -21.441  1.660  -14.632 0.0000000000
87671  -22.005  1.226  -15.050 0.0000000000
87673  -23.107  1.267  -16.169 0.0000000000
87675  -24.994  1.891  -15.938 0.0000000000
87678  -28.134  1.334  -16.083 0.0000000000
87690  -23.599  1.735  -16.475 0.0000000000
87691  -24.451  1.920  -16.428 0.0000000000
87692  -24.788  1.294  -16.185 0.0000000000
87695  -29.220  1.645  -16.608 0.0000000000
87708  -29.704  1.549  -17.107 0.0000000000
87722  -30.502  1.403  -18.236 0.0000000000
87740  -30.506  1.168  -21.147 0.0000000000
87741  -30.471  1.136  -20.652 0.0000000000
87753  -31.546  1.678  -22.931 0.0000000000
87754  -32.397  1.762  -22.803 0.0000000000
87756  -30.843  2.211  -22.983 0.0000000000
87757  -31.065  2.337  -23.072 0.0000000000
88795  -21.796  2.682  -14.770 0.0000000000
88796  -22.414  2.710  -15.354 0.0000000000
88808  -24.929  2.420  -16.493 0.0000000000
88809  -25.486  2.651  -16.075 0.0000000000
88811  -27.379  2.631  -15.955 0.0000000000
88823  -23.278  2.526  -16.368 0.0000000000
88825  -24.683  2.797  -16.840 0.0000000000
88826  -25.190  2.888  -16.748 0.0000000000
88830  -30.375  2.999  -17.113 0.0000000000
88839  -30.024  1.993  -17.312 0.0000000000
88856  -29.674  2.830  -21.474 0.0000000000
88858  -30.370  1.574  -20.477 0.0000000000
88863  -30.327  2.298  -21.995 0.0000000000
88867  -29.743  2.975  -23.106 0.0000000000
88869  -31.484  2.431  -22.949 0.0000000000
88871  -32.665  2.114  -22.299 0.0000000000
88872  -29.955  3.133  -23.286 0.0000000000
89924  -22.198  3.589  -15.052 0.0000000000
89940  -22.637  4.050  -15.217 0.0000000000
89941  -22.912  3.459  -15.530 0.0000000000
89960  -23.512  3.455  -16.149 0.0000000000
89962  -25.037  3.521  -16.696 0.0000000000
89963  -25.393  3.614  -16.359 0.0000000000
89964  -27.681  3.440  -15.998 0.0000000000
89966  -29.303  3.513  -16.521 0.0000000000
89977  -30.443  3.534  -17.510 0.0000000000
89991  -32.142  3.354  -20.940 0.0000000000
89993  -28.864  3.410  -21.891 0.0000000000
89994  -30.458  3.932  -22.444 0.0000000000
89997  -29.240  3.574  -22.665 0.0000000000
90001  -30.119  3.368  -23.203 0.0000000000
90002  -30.744  3.009  -23.124 0.0000000000
91060  -23.194  4.040  -15.529 0.0000000000
91062  -25.771  4.689  -15.930 0.0000000000
91077  -23.093  4.628  -15.823 0.0000000000
91078  -23.344  4.370  -15.815 0.0000000000
91080  -24.660  4.453  -16.223 0.0000000000
91081  -25.327  4.147  -16.260 0.0000000000
91082  -27.330  3.986  -15.585 0.0000000000
91084  -28.769  4.415  -16.184 0.0000000000
91092  -30.117  4.469  -17.186 0.0000000000
91104  -29.096  5.142  -20.524 0.0000000000
91108  -28.816  4.967  -20.789 0.0000000000
91109  -28.733  4.347  -21.361 0.0000000000
91110  -30.505  4.354  -22.509 0.0000000000
91113  -28.676  4.750  -22.566 0.0000000000
91116  -30.647  4.973  -22.607 0.0000000000
91117  -28.618  4.761  -22.791 0.0000000000
92126  -20.466  5.223  -14.376 0.0000000000
92143  -21.621  5.382  -15.198 0.0000000000
92145  -23.109  5.674  -15.783 0.0000000000
92146  -23.635  5.757  -15.736 0.0000000000
92148  -25.409  5.549  -15.984 0.0000000000
92150  -27.259  5.259  -15.518 0.0000000000
92163  -23.507  5.077  -15.897 0.0000000000
92164  -24.170  5.297  -15.892 0.0000000000
92165  -24.738  5.337  -16.030 0.0000000000
92167  -29.039  5.247  -16.237 0.0000000000
92174  -30.229  5.464  -17.487 0.0000000000
92182  -30.077  5.491  -19.675 0.0000000000
92185  -28.972  5.528  -20.707 0.0000000000
92186  -29.571  5.506  -20.324 0.0000000000
92195  -28.620  5.307  -22.337 0.0000000000
92196  -28.749  4.796  -22.334 0.0000000000
92197  -30.519  5.407  -22.687 0.0000000000
93247  -24.584  5.787  -16.010 0.0000000000
93248  -24.822  5.756  -16.170 0.0000000000
93249  -28.779  6.402  -15.454 0.0000000000
93251  -30.108  6.426  -16.852 0.0000000000
93259  -29.930  7.066  -17.848 0.0000000000
93267  -29.978  6.982  -18.184 0.0000000000
93268  -30.175  6.457  -18.850 0.0000000000
93270  -29.898  6.769  -20.028 0.0000000000
93271  -30.113  6.357  -19.892 0.0000000000
93275  -28.787  5.916  -21.019 0.0000000000
93277  -29.878  6.021  -20.323 0.0000000000
93281  -27.604  7.139  -21.885 0.0000000000
93282  -28.332  6.465  -21.613 0.0000000000
93291  -27.457  6.980  -22.324 0.0000000000
93293  -29.208  6.578  -23.114 0.0000000000
93303  -29.520  6.017  -23.124 0.0000000000
94255  -23.771  7.190  -15.742 0.0000000000
94256  -24.395  6.891  -15.698 0.0000000000
94271  -23.810  7.838  -15.991 0.0000000000
94273  -25.041  7.940  -16.067 0.0000000000
94275  -29.067  7.299  -15.804 0.0000000000
94276  -29.669  7.349  -16.459 0.0000000000
94287  -29.849  7.411  -17.903 0.0000000000
94288  -30.003  7.299  -17.566 0.0000000000
94296  -30.040  7.383  -18.614 0.0000000000
94305  -30.047  6.858  -19.749 0.0000000000
94315  -29.392  7.504  -20.598 0.0000000000
94329  -26.459  8.037  -22.167 0.0000000000
94330  -26.922  7.643  -21.890 0.0000000000
94331  -27.973  7.476  -21.679 0.0000000000
94343  -26.402  7.900  -22.464 0.0000000000
94345  -28.164  7.674  -23.259 0.0000000000
94351  -26.432  7.841  -22.926 0.0000000000
94354  -28.546  6.879  -23.273 0.0000000000
95376  -22.705  8.082  -15.566 0.0000000000
95395  -23.671  8.362  -16.327 0.0000000000
95397  -25.290  8.641  -16.059 0.0000000000
95398  -25.730  8.172  -16.069 0.0000000000
95400  -29.875  8.190  -16.770 0.0000000000
95401  -30.072  7.744  -17.305 0.0000000000
95441  -29.498  8.356  -19.660 0.0000000000
95474  -26.425  8.179  -22.435 0.0000000000
95475  -26.842  8.498  -22.262 0.0000000000
95477  -28.540  7.960  -21.477 0.0000000000
95488  -26.337  8.395  -22.843 0.0000000000
95490  -28.307  7.985  -23.100 0.0000000000
96487  -26.113  9.583  -15.593 0.0000000000
96488  -27.020  9.198  -15.450 0.0000000000
96510  -24.605  9.392  -16.380 0.0000000000
96512  -29.210  9.035  -16.352 0.0000000000
96573  -29.124  9.453  -20.493 0.0000000000
96589  -27.101  9.279  -22.621 0.0000000000
96604  -26.426  8.596  -23.169 0.0000000000
96605  -26.631  9.154  -23.137 0.0000000000
96619  -26.597  8.683  -23.327 0.0000000000
97633  -26.377  10.182  -15.738 0.0000000000
97636  -28.460  9.571  -15.953 0.0000000000
97652  -23.854  10.164  -16.351 0.0000000000
97655  -26.928  10.617  -15.826 0.0000000000
97658  -29.602  10.008  -17.257 0.0000000000
97672  -29.979  10.077  -17.958 0.0000000000
97697  -29.573  10.264  -19.744 0.0000000000
97741  -27.199  10.318  -23.345 0.0000000000
97742  -27.817  10.856  -22.943 0.0000000000
98733  -29.401  11.590  -17.267 0.0000000000
98734  -29.724  11.128  -17.847 0.0000000000
98780  -28.672  10.766  -21.933 0.0000000000
101761  -27.607  14.114  -17.649 0.0000000000
101793  -24.111  14.937  -19.149 0.0000000000
101796  -26.481  15.019  -19.241 0.0000000000
101824  -28.856  15.611  -21.582 0.0000000000
102899  -27.539  16.461  -21.103 0.0000000000
102901  -28.893  15.758  -21.917 0.0000000000
104016  -24.235  16.794  -21.646 0.0000000000
104017  -25.056  16.908  -21.755 0.0000000000
104026  -23.787  17.114  -22.361 0.0000000000
104027  -24.378  16.992  -22.580 0.0000000000
104029  -26.417  17.000  -22.339 0.0000000000
104030  -27.159  16.870  -22.435 0.0000000000
104034  -24.473  17.451  -22.996 0.0000000000
104035  -26.590  17.310  -23.041 0.0000000000
104037  -28.280  16.717  -23.453 0.0000000000
104038  -27.880  17.358  -23.706 0.0000000000
104039  -28.397  16.952  -24.178 0.0000000000
104040  -28.941  17.213  -24.460 0.0000000000
105078  -23.785  17.873  -22.748 0.0000000000
105079  -27.824  17.974  -22.070 0.0000000000
105083  -24.251  17.934  -23.133 0.0000000000
105084  -27.402  17.564  -23.738 0.0000000000
105085  -28.345  18.072  -23.111 0.0000000000
105087  -24.397  18.320  -23.108 0.0000000000
105088  -24.700  18.299  -23.086 0.0000000000
106018  -28.048  18.088  -21.406 0.0000000000
106019  -23.772  18.763  -22.242 0.0000000000
106020  -27.693  18.245  -22.419 0.0000000000
106022  -24.194  18.548  -22.983 0.0000000000
106023  -24.763  18.528  -23.032 0.0000000000
106024  -27.344  18.495  -23.057 0.0000000000
106025  -28.156  18.206  -23.585 0.0000000000
106027  -24.532  18.511  -23.113 0.0000000000
106028  -27.329  18.454  -24.144 0.0000000000
106029  -28.419  18.033  -23.943 0.0000000000
106030  -28.796  17.942  -24.041 0.0000000000
106901  -25.296  19.454  -21.965 0.0000000000
106905  -24.841  19.110  -22.666 0.0000000000
106908  -24.617  18.779  -22.931 0.0000000000
107702  -25.715  19.897  -20.744 0.0000000000
107704  -24.801  19.978  -21.149 0.0000000000
138093  -34.593  -3.170  -17.456 0.0000000000
138099  -34.333  -2.979  -18.699 0.0000000000
138388  -29.610  17.225  -24.277 0.0000000000
138389  -29.453  17.577  -24.140 0.0000000000
138762  -24.852  18.087  -22.961 0.0000000000
138763  -26.233  17.674  -23.410 0.0000000000
138765  -26.411  17.866  -24.113 0.0000000000
138767  -26.543  18.572  -23.998 0.0000000000
138768  -26.586  18.160  -24.171 0.0000000000
138769  -27.103  18.209  -24.260 0.0000000000
