#!ascii label  , from subject 3777 vox2ras=TkReg
1838
77488  56.470  -6.896  47.232 0.0000000000
56969  41.530  -23.954  59.498 0.0000000000
45545  28.579  -31.526  59.226 0.0000000000
40671  23.635  -36.424  62.354 0.0000000000
46724  38.984  -30.807  61.762 0.0000000000
49345  33.484  -29.266  53.302 0.0000000000
70377  50.335  -12.612  45.436 0.0000000000
84970  59.485  -0.875  42.904 0.0000000000
69036  49.842  -12.985  53.573 0.0000000000
61917  44.382  -19.665  50.500 0.0000000000
59635  35.575  -21.741  47.998 0.0000000000
41864  32.748  -33.850  63.833 0.0000000000
44315  25.764  -33.947  60.770 0.0000000000
41816  29.027  -35.361  65.618 0.0000000000
44308  34.528  -32.850  60.530 0.0000000000
73778  52.666  -9.248  54.143 0.0000000000
56932  41.964  -22.435  63.715 0.0000000000
56952  46.070  -21.788  60.310 0.0000000000
60681  47.858  -19.784  56.920 0.0000000000
60711  42.436  -20.028  55.621 0.0000000000
60788  39.744  -19.973  49.869 0.0000000000
58315  38.709  -22.346  53.632 0.0000000000
48162  28.473  -30.014  51.799 0.0000000000
51999  30.497  -27.787  49.302 0.0000000000
80026  58.793  -4.452  46.145 0.0000000000
77536  55.865  -6.151  43.827 0.0000000000
46859  25.631  -31.350  54.212 0.0000000000
44358  22.685  -33.699  56.344 0.0000000000
51792  40.711  -27.706  60.541 0.0000000000
53114  37.357  -26.491  56.410 0.0000000000
48058  36.931  -30.792  57.621 0.0000000000
46836  31.812  -31.315  55.643 0.0000000000
73880  54.278  -9.536  46.273 0.0000000000
38068  25.013  -37.247  69.755 0.0000000000
40592  21.147  -36.249  66.687 0.0000000000
83659  56.599  -1.502  48.275 0.0000000000
79993  54.127  -4.608  49.121 0.0000000000
75027  51.977  -7.866  49.208 0.0000000000
71487  49.132  -11.200  49.358 0.0000000000
69117  45.494  -13.924  48.738 0.0000000000
67763  49.152  -15.233  56.767 0.0000000000
64168  47.724  -17.637  52.587 0.0000000000
63050  44.516  -18.712  45.611 0.0000000000
60837  41.736  -19.840  45.468 0.0000000000
54463  34.682  -25.395  51.896 0.0000000000
43070  33.248  -33.920  65.443 0.0000000000
41838  30.784  -34.457  65.137 0.0000000000
43066  30.431  -34.297  67.111 0.0000000000
43075  34.679  -33.615  63.652 0.0000000000
53019  42.645  -24.871  61.513 0.0000000000
56954  43.842  -22.879  60.378 0.0000000000
59545  44.808  -21.239  58.386 0.0000000000
58271  42.206  -21.991  57.864 0.0000000000
60726  40.678  -21.086  55.194 0.0000000000
58283  40.131  -22.914  56.361 0.0000000000
46923  25.216  -31.305  50.227 0.0000000000
48197  26.761  -30.260  49.412 0.0000000000
78734  58.156  -5.706  47.376 0.0000000000
76263  58.604  -7.133  46.559 0.0000000000
75024  58.061  -8.225  48.132 0.0000000000
46807  27.261  -31.368  57.385 0.0000000000
45568  24.119  -32.010  55.731 0.0000000000
45557  25.306  -32.440  57.859 0.0000000000
40684  24.920  -35.775  61.740 0.0000000000
41934  23.215  -35.347  58.935 0.0000000000
41923  22.720  -35.772  59.912 0.0000000000
43138  21.878  -34.762  61.587 0.0000000000
50418  40.710  -26.819  62.671 0.0000000000
48007  39.872  -29.843  61.062 0.0000000000
49264  38.894  -29.423  59.101 0.0000000000
45511  38.945  -31.569  60.014 0.0000000000
46759  32.543  -31.962  60.365 0.0000000000
45556  32.839  -31.630  57.722 0.0000000000
46805  29.549  -31.011  57.493 0.0000000000
46839  28.888  -30.973  55.536 0.0000000000
73903  52.338  -10.506  45.470 0.0000000000
70332  53.982  -12.879  46.956 0.0000000000
69184  52.203  -13.438  46.287 0.0000000000
39359  18.769  -37.335  67.721 0.0000000000
77452  53.232  -6.160  49.702 0.0000000000
77426  53.651  -6.616  51.628 0.0000000000
71430  51.631  -11.315  54.269 0.0000000000
72665  50.533  -10.610  51.775 0.0000000000
71460  49.427  -11.677  51.723 0.0000000000
70289  47.516  -12.667  49.795 0.0000000000
70264  47.832  -12.912  51.982 0.0000000000
61867  46.030  -19.478  53.404 0.0000000000
61848  48.488  -18.948  53.976 0.0000000000
61914  46.749  -19.472  50.564 0.0000000000
64214  46.456  -18.386  49.294 0.0000000000
60803  45.370  -19.764  48.344 0.0000000000
60850  43.162  -19.819  45.427 0.0000000000
61951  43.242  -19.763  47.799 0.0000000000
60819  38.272  -19.876  47.067 0.0000000000
50549  35.578  -27.908  55.034 0.0000000000
54421  36.211  -25.491  54.053 0.0000000000
53173  33.993  -27.041  52.446 0.0000000000
53257  30.752  -26.225  47.021 0.0000000000
82555  59.552  -2.345  39.409 0.0000000000
82521  59.080  -2.051  41.696 0.0000000000
44272  30.891  -32.511  61.940 0.0000000000
45518  27.435  -32.574  60.658 0.0000000000
44275  28.357  -33.259  62.548 0.0000000000
43115  27.416  -34.040  63.456 0.0000000000
41845  25.653  -35.966  64.141 0.0000000000
48008  37.097  -30.572  61.550 0.0000000000
44285  37.642  -32.390  60.911 0.0000000000
44264  35.905  -32.871  62.479 0.0000000000
43109  33.552  -33.432  62.226 0.0000000000
76124  53.666  -7.618  53.660 0.0000000000
70220  52.173  -12.554  55.921 0.0000000000
59542  47.282  -20.770  58.564 0.0000000000
60695  45.072  -19.715  56.990 0.0000000000
61890  43.017  -19.500  52.675 0.0000000000
61919  42.215  -19.479  50.440 0.0000000000
60737  41.426  -20.241  53.538 0.0000000000
59617  38.889  -20.942  51.813 0.0000000000
58338  37.195  -22.246  51.430 0.0000000000
49348  30.878  -29.847  52.372 0.0000000000
51963  31.796  -28.064  51.401 0.0000000000
50620  29.005  -28.736  50.336 0.0000000000
82475  58.835  -2.974  44.533 0.0000000000
81273  58.340  -3.607  43.735 0.0000000000
78769  58.532  -5.473  45.074 0.0000000000
44343  24.537  -33.745  58.767 0.0000000000
51750  41.997  -25.815  62.302 0.0000000000
53053  40.847  -26.162  60.153 0.0000000000
54354  39.706  -24.910  58.057 0.0000000000
53065  39.239  -26.786  58.649 0.0000000000
49274  37.071  -28.960  57.142 0.0000000000
49291  35.073  -29.394  55.205 0.0000000000
45538  36.172  -31.782  58.753 0.0000000000
46817  34.636  -31.222  56.826 0.0000000000
46869  33.147  -30.361  54.058 0.0000000000
48113  29.721  -30.646  53.294 0.0000000000
48116  26.673  -30.559  52.842 0.0000000000
75071  54.848  -8.076  46.637 0.0000000000
73815  56.881  -9.572  48.691 0.0000000000
72700  55.674  -10.654  47.937 0.0000000000
40568  27.183  -36.224  67.397 0.0000000000
39371  24.749  -37.568  66.237 0.0000000000
39355  22.634  -38.014  67.374 0.0000000000
40639  22.414  -35.808  64.322 0.0000000000
84941  57.399  -0.745  45.469 0.0000000000
82450  57.250  -3.074  46.627 0.0000000000
81235  56.305  -3.433  47.116 0.0000000000
80029  55.004  -4.827  46.729 0.0000000000
77490  53.179  -6.584  47.093 0.0000000000
76249  51.738  -7.780  46.484 0.0000000000
73883  50.945  -9.372  46.402 0.0000000000
74976  52.285  -8.428  51.823 0.0000000000
73817  50.715  -9.556  49.586 0.0000000000
72744  49.107  -10.735  46.790 0.0000000000
71551  47.692  -11.657  47.281 0.0000000000
69163  46.599  -13.273  46.711 0.0000000000
67784  51.414  -14.140  55.805 0.0000000000
62942  49.632  -18.510  57.301 0.0000000000
64136  49.680  -17.493  55.532 0.0000000000
67811  48.199  -14.887  53.887 0.0000000000
66605  45.812  -15.838  51.756 0.0000000000
66636  44.586  -15.922  48.107 0.0000000000
61954  40.652  -19.368  47.558 0.0000000000
55737  37.944  -24.369  55.203 0.0000000000
57054  36.594  -23.929  53.099 0.0000000000
57073  34.782  -23.663  50.102 0.0000000000
53208  32.395  -26.530  50.432 0.0000000000
55815  33.217  -24.663  49.106 0.0000000000
43064  32.126  -33.907  66.737 0.0000000000
43065  31.224  -34.247  67.080 0.0000000000
55656  42.102  -24.381  60.408 0.0000000000
55654  43.549  -23.637  60.880 0.0000000000
56968  42.182  -23.600  59.822 0.0000000000
56981  43.035  -22.560  58.978 0.0000000000
58263  42.028  -22.771  58.485 0.0000000000
58282  40.997  -22.802  56.910 0.0000000000
56998  40.943  -23.302  57.573 0.0000000000
77487  57.049  -6.524  47.599 0.0000000000
77470  58.242  -7.181  47.849 0.0000000000
76230  57.491  -7.355  47.811 0.0000000000
46786  27.699  -31.496  58.367 0.0000000000
46808  25.993  -31.584  57.382 0.0000000000
45547  27.067  -31.996  59.116 0.0000000000
40670  24.367  -36.388  62.370 0.0000000000
39420  23.205  -37.118  60.346 0.0000000000
40687  23.029  -36.542  61.404 0.0000000000
43156  22.279  -35.260  61.198 0.0000000000
41905  22.677  -35.687  61.702 0.0000000000
49192  38.372  -28.690  62.661 0.0000000000
47945  39.340  -28.391  62.729 0.0000000000
49191  40.128  -28.274  62.427 0.0000000000
46723  39.352  -30.340  61.329 0.0000000000
46756  39.450  -31.031  60.531 0.0000000000
46744  39.226  -31.253  61.363 0.0000000000
45529  29.848  -31.762  59.751 0.0000000000
46769  30.453  -31.503  58.750 0.0000000000
46770  29.920  -31.538  59.036 0.0000000000
46806  28.403  -31.012  57.527 0.0000000000
71569  51.165  -11.736  45.420 0.0000000000
71548  52.663  -12.373  45.931 0.0000000000
70376  51.330  -12.716  45.675 0.0000000000
79969  54.494  -4.935  52.179 0.0000000000
77438  53.985  -6.038  51.396 0.0000000000
78680  54.330  -5.833  52.425 0.0000000000
70245  50.689  -11.932  53.680 0.0000000000
71439  50.499  -11.742  53.301 0.0000000000
70247  49.609  -12.675  53.322 0.0000000000
70263  48.542  -12.340  51.593 0.0000000000
69050  48.905  -12.903  52.794 0.0000000000
61888  45.381  -19.506  52.447 0.0000000000
61887  46.287  -19.584  52.385 0.0000000000
61916  45.449  -20.062  50.495 0.0000000000
61929  45.862  -19.800  49.375 0.0000000000
61930  44.940  -19.879  49.492 0.0000000000
60805  44.068  -20.045  47.780 0.0000000000
61941  43.717  -19.685  48.596 0.0000000000
50561  34.317  -28.207  53.914 0.0000000000
51919  34.713  -27.457  53.810 0.0000000000
50577  34.041  -28.227  53.544 0.0000000000
84997  59.392  -0.929  41.143 0.0000000000
83736  59.469  -1.507  42.457 0.0000000000
43111  31.372  -33.086  62.598 0.0000000000
44274  29.312  -32.699  62.449 0.0000000000
43089  31.012  -33.950  63.230 0.0000000000
41840  29.432  -34.762  65.350 0.0000000000
41868  29.018  -34.492  64.619 0.0000000000
41842  27.954  -34.983  64.835 0.0000000000
41870  26.737  -34.999  64.054 0.0000000000
41818  27.542  -35.547  65.417 0.0000000000
47988  35.409  -30.581  62.082 0.0000000000
46705  36.442  -31.703  61.724 0.0000000000
46706  35.581  -31.872  62.314 0.0000000000
41835  33.773  -33.972  63.897 0.0000000000
41862  34.238  -34.084  62.874 0.0000000000
41888  33.270  -33.621  63.124 0.0000000000
43134  32.183  -32.853  62.021 0.0000000000
55647  45.124  -22.269  61.065 0.0000000000
56942  44.763  -20.839  61.749 0.0000000000
56946  46.424  -21.096  60.420 0.0000000000
59511  47.537  -20.415  59.528 0.0000000000
58235  46.449  -21.532  59.780 0.0000000000
59567  43.799  -20.648  57.227 0.0000000000
59566  44.601  -20.389  57.383 0.0000000000
60696  44.107  -20.081  56.657 0.0000000000
60722  44.243  -19.589  55.185 0.0000000000
61854  42.960  -19.589  54.929 0.0000000000
60736  42.234  -19.747  53.228 0.0000000000
60724  42.197  -19.865  54.330 0.0000000000
59586  39.889  -21.677  54.586 0.0000000000
60739  39.706  -21.109  53.688 0.0000000000
59596  39.158  -21.664  53.640 0.0000000000
59618  38.298  -21.436  51.491 0.0000000000
58330  37.795  -22.193  52.156 0.0000000000
48160  29.982  -30.358  52.224 0.0000000000
49401  30.131  -29.248  50.883 0.0000000000
49378  28.779  -29.655  51.129 0.0000000000
81251  59.069  -3.686  45.448 0.0000000000
80043  59.373  -4.288  44.844 0.0000000000
78762  58.879  -5.320  45.609 0.0000000000
76265  57.952  -7.773  45.847 0.0000000000
46878  24.530  -31.257  52.969 0.0000000000
46861  23.817  -31.660  53.573 0.0000000000
44329  26.431  -33.323  60.402 0.0000000000
45533  25.931  -33.103  59.470 0.0000000000
44331  24.936  -33.918  59.511 0.0000000000
41935  22.381  -35.224  58.774 0.0000000000
43177  23.229  -34.801  58.220 0.0000000000
50465  41.179  -27.772  61.620 0.0000000000
51733  41.478  -26.034  62.544 0.0000000000
51770  41.732  -26.516  61.561 0.0000000000
53021  41.913  -26.283  61.191 0.0000000000
51818  40.860  -26.917  60.404 0.0000000000
51842  40.451  -26.645  59.832 0.0000000000
51820  39.909  -27.485  59.617 0.0000000000
48047  37.642  -30.483  58.294 0.0000000000
49265  38.104  -29.491  58.424 0.0000000000
48068  36.868  -29.806  57.384 0.0000000000
49283  36.250  -29.539  56.507 0.0000000000
48070  36.107  -30.518  56.832 0.0000000000
44306  36.301  -32.806  60.617 0.0000000000
44325  36.861  -32.273  59.927 0.0000000000
44327  34.942  -32.412  59.717 0.0000000000
46820  32.119  -31.372  56.605 0.0000000000
45562  33.496  -31.577  57.133 0.0000000000
46835  32.683  -31.198  55.799 0.0000000000
46851  33.182  -30.628  55.054 0.0000000000
46852  32.462  -30.871  54.795 0.0000000000
48111  31.328  -30.617  53.721 0.0000000000
46854  30.591  -31.234  54.804 0.0000000000
46858  26.575  -30.972  54.523 0.0000000000
46875  27.485  -30.689  53.896 0.0000000000
46876  26.562  -30.779  53.685 0.0000000000
75072  54.260  -8.378  46.384 0.0000000000
73853  55.324  -9.615  46.930 0.0000000000
73879  54.813  -10.040  46.563 0.0000000000
69137  54.591  -13.729  48.177 0.0000000000
36832  26.392  -36.973  68.392 0.0000000000
39369  26.111  -37.391  66.386 0.0000000000
38115  24.956  -38.114  67.711 0.0000000000
39357  20.824  -37.424  67.797 0.0000000000
39374  21.889  -36.889  66.985 0.0000000000
40590  23.209  -36.787  66.097 0.0000000000
41799  21.500  -35.620  65.783 0.0000000000
41846  21.630  -35.523  63.972 0.0000000000
41821  20.743  -35.520  65.062 0.0000000000
84950  57.696  -0.599  44.758 0.0000000000
84932  56.858  -0.925  46.383 0.0000000000
83686  56.850  -2.123  47.637 0.0000000000
81234  57.079  -3.660  46.739 0.0000000000
82451  56.667  -2.670  47.492 0.0000000000
81207  55.181  -3.307  49.200 0.0000000000
81237  54.903  -3.541  47.798 0.0000000000
80000  54.187  -4.439  48.098 0.0000000000
78737  53.753  -5.354  47.001 0.0000000000
78721  53.358  -5.561  48.215 0.0000000000
76191  52.441  -7.340  49.558 0.0000000000
76214  52.251  -7.289  48.561 0.0000000000
75028  51.545  -8.134  48.438 0.0000000000
75075  51.375  -8.600  46.495 0.0000000000
73855  50.898  -8.989  47.623 0.0000000000
74956  53.463  -8.455  54.040 0.0000000000
74967  52.561  -8.307  52.937 0.0000000000
73787  51.919  -9.326  52.983 0.0000000000
71473  49.932  -10.805  50.679 0.0000000000
72673  50.441  -10.324  50.492 0.0000000000
72687  50.069  -10.104  49.268 0.0000000000
72701  49.863  -10.142  48.249 0.0000000000
72719  49.267  -10.811  47.796 0.0000000000
71550  48.334  -11.524  46.625 0.0000000000
71528  48.418  -11.277  47.756 0.0000000000
69092  46.802  -13.032  49.229 0.0000000000
70334  46.682  -12.730  47.767 0.0000000000
69140  46.168  -13.297  47.616 0.0000000000
67900  45.183  -14.212  47.376 0.0000000000
67761  51.502  -14.994  56.439 0.0000000000
61798  48.733  -19.600  58.210 0.0000000000
62933  49.334  -18.402  58.296 0.0000000000
61797  49.300  -19.145  57.732 0.0000000000
62979  48.623  -18.350  53.522 0.0000000000
62971  49.166  -18.309  54.277 0.0000000000
64150  49.197  -17.496  54.101 0.0000000000
65351  49.397  -16.196  54.709 0.0000000000
65383  47.527  -16.688  53.368 0.0000000000
66598  47.025  -15.750  53.247 0.0000000000
65396  46.523  -16.737  51.916 0.0000000000
64234  45.588  -18.114  47.819 0.0000000000
65441  45.365  -16.902  48.698 0.0000000000
64235  45.133  -17.548  47.478 0.0000000000
65480  44.423  -16.419  46.211 0.0000000000
64283  44.546  -17.569  45.440 0.0000000000
63067  44.258  -18.301  44.956 0.0000000000
60851  42.467  -19.922  44.954 0.0000000000
62000  42.634  -19.605  44.356 0.0000000000
61920  41.139  -19.500  50.439 0.0000000000
61943  41.648  -19.529  48.553 0.0000000000
61944  40.731  -19.542  48.428 0.0000000000
61968  38.729  -19.595  46.211 0.0000000000
54368  38.862  -25.457  57.233 0.0000000000
55729  39.028  -24.447  56.259 0.0000000000
54387  38.256  -25.450  56.239 0.0000000000
54446  35.480  -25.232  52.760 0.0000000000
55755  36.440  -24.588  53.527 0.0000000000
55776  35.697  -24.518  52.503 0.0000000000
57067  35.978  -23.363  51.916 0.0000000000
55799  35.041  -24.208  51.219 0.0000000000
50642  30.691  -28.124  49.708 0.0000000000
51980  32.229  -27.224  51.017 0.0000000000
53209  31.653  -27.074  50.118 0.0000000000
54522  32.273  -25.331  47.973 0.0000000000
55826  33.661  -23.887  48.548 0.0000000000
80058  57.513  -4.474  43.736 0.0000000000
81275  56.566  -4.023  42.743 0.0000000000
72684  57.125  -10.389  49.020 0.0000000000
41812  33.098  -34.064  64.972 0.0000000000
41866  30.662  -34.149  64.197 0.0000000000
41813  32.027  -34.349  65.618 0.0000000000
41814  30.963  -34.458  65.740 0.0000000000
40608  29.893  -35.087  66.133 0.0000000000
43069  34.005  -33.484  64.498 0.0000000000
54267  43.101  -23.650  62.566 0.0000000000
56931  42.672  -21.442  63.428 0.0000000000
54277  43.712  -23.276  61.557 0.0000000000
55648  44.376  -22.846  61.085 0.0000000000
56953  45.008  -22.354  60.361 0.0000000000
58248  45.400  -21.688  59.429 0.0000000000
58249  44.392  -21.999  59.463 0.0000000000
59547  43.314  -21.682  58.262 0.0000000000
60698  42.285  -20.686  56.544 0.0000000000
60712  41.389  -20.866  55.996 0.0000000000
59570  41.398  -21.816  56.661 0.0000000000
59579  40.555  -21.870  55.804 0.0000000000
58291  39.809  -22.495  55.163 0.0000000000
48164  26.848  -30.499  51.133 0.0000000000
48182  27.676  -30.156  50.618 0.0000000000
48184  26.039  -30.561  49.986 0.0000000000
80010  58.430  -4.943  46.795 0.0000000000
78749  58.931  -5.332  46.210 0.0000000000
77485  58.440  -6.727  47.404 0.0000000000
76229  58.496  -7.495  47.529 0.0000000000
46841  26.680  -31.184  55.413 0.0000000000
46843  24.545  -31.622  54.927 0.0000000000
46826  25.646  -31.618  56.255 0.0000000000
45564  24.460  -32.319  56.518 0.0000000000
44356  24.231  -33.114  57.091 0.0000000000
41911  25.238  -35.010  61.120 0.0000000000
41932  24.414  -34.851  59.651 0.0000000000
41922  23.582  -35.607  60.148 0.0000000000
43158  21.222  -34.183  60.196 0.0000000000
49216  40.749  -27.843  62.082 0.0000000000
49245  40.339  -29.225  60.664 0.0000000000
50502  40.328  -28.389  60.386 0.0000000000
48037  39.864  -29.844  59.877 0.0000000000
46766  38.883  -31.124  59.543 0.0000000000
46779  37.659  -31.334  58.691 0.0000000000
45512  33.417  -32.330  59.995 0.0000000000
45524  34.293  -32.473  59.311 0.0000000000
45526  33.035  -31.941  59.533 0.0000000000
46782  31.907  -31.217  58.073 0.0000000000
46821  31.184  -31.246  56.496 0.0000000000
46838  29.918  -31.126  55.563 0.0000000000
46823  29.181  -30.985  56.496 0.0000000000
46824  28.020  -30.793  56.499 0.0000000000
73881  52.935  -9.900  45.623 0.0000000000
72741  54.134  -10.778  46.002 0.0000000000
71547  53.372  -11.886  46.146 0.0000000000
70349  53.461  -12.926  46.483 0.0000000000
39344  19.337  -37.980  68.381 0.0000000000
40572  19.425  -36.643  67.321 0.0000000000
41801  19.431  -35.600  66.103 0.0000000000
40594  18.964  -36.022  66.783 0.0000000000
79988  54.888  -4.575  50.278 0.0000000000
78710  53.565  -5.448  49.281 0.0000000000
78701  54.281  -5.492  50.778 0.0000000000
77439  53.467  -6.393  50.689 0.0000000000
76174  52.611  -7.305  50.549 0.0000000000
72645  51.729  -10.320  53.818 0.0000000000
71447  50.692  -10.954  52.753 0.0000000000
71459  49.985  -10.989  51.292 0.0000000000
71474  49.488  -11.240  50.495 0.0000000000
71505  48.355  -11.656  48.794 0.0000000000
70273  48.287  -12.324  50.394 0.0000000000
70274  47.650  -12.820  50.931 0.0000000000
69075  46.809  -13.269  50.280 0.0000000000
60706  46.935  -19.631  55.715 0.0000000000
61822  48.452  -19.475  56.187 0.0000000000
61849  47.765  -19.292  54.156 0.0000000000
61865  47.790  -19.239  53.092 0.0000000000
63004  47.444  -18.651  51.099 0.0000000000
64189  47.121  -17.891  50.712 0.0000000000
63016  47.162  -18.783  49.933 0.0000000000
63019  46.456  -18.816  48.724 0.0000000000
61961  45.317  -19.218  47.197 0.0000000000
61983  44.398  -19.574  46.074 0.0000000000
60834  44.217  -19.862  46.592 0.0000000000
60816  43.644  -19.858  46.994 0.0000000000
60818  42.077  -19.663  46.263 0.0000000000
60789  38.780  -20.445  49.597 0.0000000000
61946  39.081  -19.588  47.868 0.0000000000
60798  37.885  -20.583  48.440 0.0000000000
60820  37.615  -19.999  46.560 0.0000000000
60839  37.227  -19.888  45.525 0.0000000000
51894  36.417  -27.351  55.661 0.0000000000
54389  36.962  -25.918  55.312 0.0000000000
53131  35.917  -26.808  54.628 0.0000000000
53149  34.806  -26.660  53.347 0.0000000000
53193  34.169  -25.980  51.923 0.0000000000
53240  30.403  -27.123  47.931 0.0000000000
52042  29.748  -27.165  47.032 0.0000000000
83782  57.954  -1.540  39.754 0.0000000000
83764  59.948  -1.960  40.418 0.0000000000
82540  59.365  -2.437  40.626 0.0000000000
45516  29.541  -31.993  60.606 0.0000000000
45531  27.713  -32.141  59.921 0.0000000000
45507  28.747  -32.449  61.472 0.0000000000
44293  28.290  -32.757  61.660 0.0000000000
44294  27.444  -33.310  61.868 0.0000000000
43090  30.094  -33.880  63.672 0.0000000000
43114  28.342  -33.737  63.362 0.0000000000
43135  26.367  -34.515  62.314 0.0000000000
41890  26.057  -35.062  62.646 0.0000000000
41891  25.626  -35.683  62.900 0.0000000000
40655  25.150  -36.351  63.503 0.0000000000
47985  38.543  -29.873  61.442 0.0000000000
45494  38.548  -31.523  61.377 0.0000000000
45495  37.547  -31.954  61.459 0.0000000000
44269  36.522  -32.960  61.511 0.0000000000
44288  35.262  -33.388  61.268 0.0000000000
43074  35.433  -33.293  63.147 0.0000000000
41886  34.841  -33.806  62.326 0.0000000000
43132  34.120  -33.213  61.445 0.0000000000
44310  32.723  -32.706  61.273 0.0000000000
45504  30.982  -32.177  61.313 0.0000000000
70378  49.360  -12.439  45.387 0.0000000000
69186  50.530  -13.712  45.838 0.0000000000
67941  49.703  -14.654  45.402 0.0000000000
77397  53.748  -6.274  53.468 0.0000000000
72634  52.644  -10.025  55.160 0.0000000000
71423  52.402  -11.051  55.443 0.0000000000
70236  51.810  -11.742  54.717 0.0000000000
69023  50.702  -13.055  54.529 0.0000000000
60659  48.087  -20.390  59.167 0.0000000000
60670  47.849  -20.177  57.968 0.0000000000
59544  45.575  -21.245  58.527 0.0000000000
60683  45.929  -20.276  57.614 0.0000000000
60694  46.168  -19.835  56.735 0.0000000000
61836  45.632  -19.508  55.349 0.0000000000
61868  45.027  -19.471  53.550 0.0000000000
61902  43.712  -19.493  51.539 0.0000000000
61918  43.285  -19.480  50.516 0.0000000000
61903  42.443  -19.629  51.575 0.0000000000
60764  41.656  -19.788  51.654 0.0000000000
60765  40.810  -19.831  51.501 0.0000000000
60738  40.388  -20.859  53.946 0.0000000000
60755  40.548  -20.250  52.755 0.0000000000
60779  39.045  -20.606  50.752 0.0000000000
59625  38.143  -20.991  50.218 0.0000000000
59626  37.236  -21.725  50.602 0.0000000000
59627  36.603  -22.080  50.216 0.0000000000
49346  32.732  -29.583  52.817 0.0000000000
50579  32.919  -28.494  52.604 0.0000000000
49374  31.904  -29.057  52.212 0.0000000000
50618  30.836  -28.559  50.303 0.0000000000
50643  30.126  -28.362  49.555 0.0000000000
49404  27.833  -29.521  50.100 0.0000000000
49437  28.356  -28.712  49.007 0.0000000000
83714  59.204  -2.295  44.099 0.0000000000
82502  59.171  -2.168  42.964 0.0000000000
81272  58.889  -3.136  43.889 0.0000000000
80057  58.238  -4.291  44.168 0.0000000000
78771  57.177  -5.742  44.220 0.0000000000
77521  58.478  -6.196  45.558 0.0000000000
77522  58.014  -6.394  45.036 0.0000000000
45548  25.910  -32.465  58.853 0.0000000000
44350  25.106  -33.044  58.499 0.0000000000
44352  23.638  -33.726  57.486 0.0000000000
43176  23.871  -34.607  58.629 0.0000000000
43186  22.934  -34.482  57.569 0.0000000000
54253  42.184  -24.130  63.187 0.0000000000
53005  42.444  -25.443  62.111 0.0000000000
53037  42.342  -25.181  61.202 0.0000000000
54322  40.975  -24.704  60.109 0.0000000000
55677  40.414  -24.392  58.803 0.0000000000
54341  40.175  -25.757  59.493 0.0000000000
53077  39.237  -26.111  58.341 0.0000000000
53095  38.410  -26.344  57.405 0.0000000000
50515  39.242  -28.407  59.121 0.0000000000
51865  38.033  -27.420  57.911 0.0000000000
51882  37.331  -27.366  57.115 0.0000000000
50537  36.401  -27.830  56.132 0.0000000000
50539  35.434  -28.897  55.390 0.0000000000
49306  34.357  -29.310  54.536 0.0000000000
44284  38.469  -32.005  60.748 0.0000000000
44337  37.876  -32.157  59.452 0.0000000000
46798  36.261  -31.373  57.950 0.0000000000
45554  34.124  -31.780  58.134 0.0000000000
45560  34.563  -31.566  57.526 0.0000000000
46816  35.494  -31.132  57.031 0.0000000000
48083  34.711  -30.257  55.623 0.0000000000
48093  34.097  -29.914  54.845 0.0000000000
48136  33.522  -29.986  53.533 0.0000000000
48138  32.175  -30.216  53.093 0.0000000000
48140  30.281  -30.386  52.737 0.0000000000
48141  29.384  -30.564  52.794 0.0000000000
46855  29.669  -31.130  54.743 0.0000000000
48114  28.147  -30.694  53.373 0.0000000000
48143  27.589  -30.416  52.340 0.0000000000
48145  25.979  -30.595  51.671 0.0000000000
76232  56.029  -7.577  47.214 0.0000000000
76231  56.893  -7.677  47.701 0.0000000000
73852  56.060  -9.238  47.465 0.0000000000
71524  55.213  -11.685  47.541 0.0000000000
70307  55.543  -12.718  48.593 0.0000000000
67920  51.356  -14.894  46.199 0.0000000000
137544  29.750  -32.289  68.548 0.0000000000
41786  29.727  -34.613  67.453 0.0000000000
40585  29.055  -35.721  67.247 0.0000000000
40566  27.915  -36.170  67.772 0.0000000000
40587  27.938  -35.955  66.736 0.0000000000
39383  26.680  -36.644  66.035 0.0000000000
39391  25.660  -36.921  65.004 0.0000000000
39393  24.660  -36.756  64.497 0.0000000000
36847  24.649  -39.148  68.984 0.0000000000
38128  24.114  -37.851  66.985 0.0000000000
39387  23.771  -36.824  65.573 0.0000000000
40638  23.290  -36.370  64.133 0.0000000000
41873  21.999  -35.492  63.372 0.0000000000
86250  58.215  0.063  43.247 0.0000000000
83715  58.576  -1.822  44.302 0.0000000000
82476  58.471  -2.618  44.773 0.0000000000
82467  58.607  -3.177  45.285 0.0000000000
86224  57.135  0.140  45.845 0.0000000000
83695  57.705  -2.626  45.879 0.0000000000
81233  58.092  -3.808  46.632 0.0000000000
80011  57.756  -4.641  47.154 0.0000000000
80012  56.856  -4.486  46.975 0.0000000000
78750  56.664  -5.461  47.243 0.0000000000
81219  55.930  -2.949  47.983 0.0000000000
80013  55.879  -4.124  46.794 0.0000000000
78751  55.966  -5.500  46.586 0.0000000000
77501  54.678  -6.493  46.442 0.0000000000
76246  54.384  -7.373  46.361 0.0000000000
76247  53.576  -7.478  46.041 0.0000000000
77472  52.718  -6.325  48.130 0.0000000000
76248  52.665  -7.345  46.309 0.0000000000
75092  52.895  -8.217  45.555 0.0000000000
73882  51.739  -9.368  45.791 0.0000000000
73905  50.957  -9.926  45.529 0.0000000000
72765  50.076  -10.592  45.551 0.0000000000
76140  53.399  -7.378  52.902 0.0000000000
76157  52.663  -7.626  51.471 0.0000000000
74986  52.009  -8.243  50.856 0.0000000000
73794  51.573  -9.173  51.866 0.0000000000
73802  51.538  -9.219  50.754 0.0000000000
73831  51.067  -8.915  48.952 0.0000000000
73832  50.460  -9.550  48.573 0.0000000000
72743  49.796  -10.251  46.429 0.0000000000
72766  49.374  -10.776  46.041 0.0000000000
71571  49.248  -11.457  45.596 0.0000000000
70379  48.431  -12.261  45.851 0.0000000000
71529  47.737  -11.751  48.106 0.0000000000
69162  47.217  -13.000  46.425 0.0000000000
70221  51.588  -13.051  55.961 0.0000000000
69012  50.394  -13.903  55.079 0.0000000000
65323  49.531  -16.934  57.085 0.0000000000
61821  49.166  -18.884  55.703 0.0000000000
64126  49.972  -17.531  56.384 0.0000000000
65322  50.155  -16.480  56.623 0.0000000000
65349  50.809  -15.554  55.908 0.0000000000
66569  49.827  -15.421  54.821 0.0000000000
69025  48.917  -13.941  54.232 0.0000000000
69039  47.450  -14.159  53.175 0.0000000000
67835  46.263  -14.435  51.749 0.0000000000
67848  45.486  -14.438  50.007 0.0000000000
65411  45.751  -17.059  50.544 0.0000000000
66622  45.147  -15.988  49.268 0.0000000000
67864  45.023  -14.788  49.062 0.0000000000
66673  44.513  -15.349  46.409 0.0000000000
62020  43.020  -19.172  44.139 0.0000000000
63088  42.591  -18.738  42.893 0.0000000000
61942  42.643  -19.537  48.594 0.0000000000
61952  42.365  -19.594  47.790 0.0000000000
61985  41.352  -19.487  46.160 0.0000000000
61955  39.810  -19.436  47.325 0.0000000000
61986  40.710  -19.461  45.693 0.0000000000
55713  40.442  -24.122  56.985 0.0000000000
57015  39.587  -24.026  56.135 0.0000000000
57038  38.725  -23.478  55.204 0.0000000000
55738  37.363  -24.622  54.673 0.0000000000
57040  37.458  -23.902  54.155 0.0000000000
58317  37.394  -23.310  52.942 0.0000000000
58331  37.091  -22.966  52.387 0.0000000000
57076  35.941  -23.051  50.423 0.0000000000
58353  35.665  -22.668  49.301 0.0000000000
51961  32.948  -27.600  51.918 0.0000000000
53194  33.475  -26.490  51.665 0.0000000000
54464  34.054  -25.646  51.518 0.0000000000
54505  31.895  -25.972  49.314 0.0000000000
54504  32.519  -25.517  49.295 0.0000000000
55801  33.911  -24.640  50.079 0.0000000000
55813  34.282  -24.028  49.804 0.0000000000
57081  34.567  -23.240  48.600 0.0000000000
82503  58.468  -2.462  42.598 0.0000000000
82542  57.795  -2.846  41.159 0.0000000000
81327  57.156  -3.678  40.819 0.0000000000
75025  57.553  -8.572  48.455 0.0000000000
55664  41.524  -24.346  60.008 0.0000000000
56956  42.505  -23.930  60.369 0.0000000000
56982  42.450  -22.933  58.997 0.0000000000
56983  41.396  -23.490  58.717 0.0000000000
56984  40.756  -23.858  58.637 0.0000000000
45546  28.093  -31.661  59.189 0.0000000000
40672  23.066  -36.004  62.413 0.0000000000
47964  39.074  -29.028  62.350 0.0000000000
47984  39.348  -29.733  61.584 0.0000000000
46771  29.365  -31.529  59.335 0.0000000000
46785  28.910  -31.201  58.749 0.0000000000
78661  54.325  -5.834  53.073 0.0000000000
70238  50.570  -12.842  54.169 0.0000000000
70246  50.183  -12.366  53.482 0.0000000000
69037  49.188  -13.191  53.407 0.0000000000
61901  44.846  -19.635  51.482 0.0000000000
61900  45.817  -19.904  51.485 0.0000000000
61940  44.458  -19.817  48.889 0.0000000000
61931  43.961  -19.683  49.569 0.0000000000
49321  33.900  -28.737  53.736 0.0000000000
49344  33.782  -28.664  53.513 0.0000000000
84984  58.896  -0.389  42.299 0.0000000000
84983  59.383  -0.826  41.969 0.0000000000
43088  31.674  -33.737  63.023 0.0000000000
40633  29.380  -35.513  65.825 0.0000000000
41841  28.742  -34.865  65.193 0.0000000000
41817  28.385  -35.470  65.545 0.0000000000
50443  35.127  -29.722  62.393 0.0000000000
46728  35.207  -31.393  62.368 0.0000000000
46729  34.680  -31.577  62.748 0.0000000000
41863  33.613  -33.860  63.529 0.0000000000
41889  32.623  -33.718  63.386 0.0000000000
43110  32.513  -33.339  62.681 0.0000000000
55641  45.058  -21.869  61.324 0.0000000000
56947  45.700  -21.730  60.863 0.0000000000
56941  45.611  -20.574  61.154 0.0000000000
56951  46.524  -21.388  60.163 0.0000000000
60697  43.195  -20.357  56.521 0.0000000000
60710  43.519  -19.789  55.883 0.0000000000
61838  43.462  -19.600  55.307 0.0000000000
61839  43.087  -19.697  55.471 0.0000000000
59587  39.422  -22.103  54.265 0.0000000000
59597  38.571  -22.143  53.328 0.0000000000
59612  38.405  -21.834  52.754 0.0000000000
48161  29.343  -30.174  52.093 0.0000000000
49377  29.394  -29.658  51.417 0.0000000000
48181  28.240  -29.980  51.091 0.0000000000
81244  59.156  -4.135  45.601 0.0000000000
80035  59.225  -4.539  45.387 0.0000000000
80025  59.154  -4.741  45.814 0.0000000000
46860  24.678  -31.492  53.880 0.0000000000
44314  26.468  -33.648  61.091 0.0000000000
44330  25.769  -33.678  60.079 0.0000000000
43165  25.444  -34.286  60.559 0.0000000000
41941  21.787  -35.132  57.773 0.0000000000
50486  41.315  -27.695  61.165 0.0000000000
50464  41.393  -27.117  61.793 0.0000000000
51791  41.173  -27.391  60.811 0.0000000000
51790  41.498  -26.803  61.105 0.0000000000
51819  40.245  -27.450  60.056 0.0000000000
48057  37.089  -30.039  57.611 0.0000000000
48069  36.648  -30.009  57.234 0.0000000000
44307  35.273  -33.057  60.688 0.0000000000
44326  35.921  -32.315  59.970 0.0000000000
46819  33.022  -31.499  56.837 0.0000000000
46853  31.506  -31.153  54.765 0.0000000000
46877  25.577  -30.856  53.245 0.0000000000
73854  54.678  -9.053  46.620 0.0000000000
35563  25.853  -36.163  68.850 0.0000000000
137512  25.409  -37.363  68.905 0.0000000000
38099  25.690  -37.797  67.695 0.0000000000
36846  25.082  -38.850  69.008 0.0000000000
40571  20.405  -36.799  67.276 0.0000000000
40570  21.214  -37.051  67.252 0.0000000000
40591  22.375  -36.252  66.279 0.0000000000
41800  20.465  -35.569  66.018 0.0000000000
87498  57.643  0.885  44.624 0.0000000000
87497  57.605  1.436  44.822 0.0000000000
84920  56.691  -1.088  47.627 0.0000000000
83673  56.798  -1.766  47.771 0.0000000000
83674  56.644  -2.015  48.197 0.0000000000
81208  54.710  -3.859  49.667 0.0000000000
81221  54.584  -3.762  48.483 0.0000000000
80001  53.932  -5.028  48.138 0.0000000000
79994  53.711  -5.138  48.708 0.0000000000
74957  52.944  -8.580  53.667 0.0000000000
73786  52.443  -8.971  53.522 0.0000000000
72688  49.716  -10.678  49.811 0.0000000000
72702  49.438  -10.616  48.822 0.0000000000
71504  48.947  -11.124  48.395 0.0000000000
71527  48.953  -11.131  47.921 0.0000000000
69093  45.917  -13.688  49.534 0.0000000000
69116  46.273  -13.231  48.489 0.0000000000
69141  45.633  -13.748  47.927 0.0000000000
67772  50.041  -14.877  56.485 0.0000000000
61812  48.635  -19.512  57.319 0.0000000000
62994  48.203  -18.404  52.686 0.0000000000
64151  48.550  -17.538  53.542 0.0000000000
64152  47.913  -17.238  53.459 0.0000000000
65384  47.027  -16.655  52.680 0.0000000000
64169  47.147  -17.133  52.176 0.0000000000
64256  45.428  -18.167  47.152 0.0000000000
64257  44.870  -17.844  46.516 0.0000000000
60852  41.618  -19.998  44.599 0.0000000000
60787  40.383  -19.693  50.260 0.0000000000
61934  40.780  -19.599  49.433 0.0000000000
61935  40.017  -19.516  49.073 0.0000000000
54369  38.388  -25.775  56.755 0.0000000000
54370  37.875  -25.900  56.457 0.0000000000
54462  35.296  -25.106  52.238 0.0000000000
55788  35.277  -24.571  51.805 0.0000000000
55789  34.735  -24.707  51.397 0.0000000000
51998  31.170  -27.644  49.753 0.0000000000
52013  30.836  -27.202  49.072 0.0000000000
78783  56.661  -5.333  43.702 0.0000000000
78784  55.822  -5.512  43.352 0.0000000000
41837  31.936  -34.166  64.733 0.0000000000
43071  32.394  -34.357  66.191 0.0000000000
41795  31.470  -34.490  66.559 0.0000000000
41796  30.676  -34.682  66.585 0.0000000000
41815  30.374  -34.668  65.879 0.0000000000
44255  33.390  -33.412  65.611 0.0000000000
53004  42.794  -24.824  61.834 0.0000000000
54278  43.372  -24.026  62.017 0.0000000000
54288  43.332  -24.088  61.434 0.0000000000
56955  43.011  -23.503  60.341 0.0000000000
55653  44.202  -22.924  60.719 0.0000000000
56966  44.191  -22.398  59.898 0.0000000000
58250  43.879  -22.328  59.501 0.0000000000
58262  42.610  -22.226  58.425 0.0000000000
59559  42.684  -21.562  57.720 0.0000000000
59569  42.136  -21.264  57.076 0.0000000000
60699  41.734  -21.100  56.635 0.0000000000
59560  42.014  -21.825  57.411 0.0000000000
59571  40.741  -22.324  56.490 0.0000000000
48165  25.962  -30.604  50.769 0.0000000000
78733  58.574  -5.828  46.916 0.0000000000
76211  58.268  -7.642  47.877 0.0000000000
77469  58.406  -7.271  47.688 0.0000000000
75049  58.357  -8.030  47.784 0.0000000000
73850  58.221  -8.724  48.014 0.0000000000
46825  26.907  -31.368  56.372 0.0000000000
46788  25.829  -31.887  58.157 0.0000000000
45563  25.253  -32.182  57.034 0.0000000000
45558  24.743  -32.667  57.269 0.0000000000
41904  24.830  -35.648  61.456 0.0000000000
41912  24.600  -35.414  60.827 0.0000000000
40698  24.144  -35.977  60.928 0.0000000000
40709  22.772  -36.908  60.128 0.0000000000
40708  23.119  -36.592  60.096 0.0000000000
41924  22.166  -35.196  59.266 0.0000000000
43178  21.615  -34.757  58.719 0.0000000000
43168  21.917  -34.809  59.776 0.0000000000
43157  21.819  -34.705  60.745 0.0000000000
44316  20.508  -33.766  60.424 0.0000000000
43139  21.147  -34.172  61.255 0.0000000000
50401  39.849  -27.281  63.306 0.0000000000
49217  40.291  -28.667  61.836 0.0000000000
49233  40.767  -28.330  61.613 0.0000000000
49234  40.491  -28.926  61.288 0.0000000000
48024  39.788  -30.179  60.387 0.0000000000
48025  39.524  -30.710  60.178 0.0000000000
46778  38.194  -31.160  59.085 0.0000000000
45535  38.024  -31.619  59.116 0.0000000000
46758  32.727  -31.986  60.206 0.0000000000
45527  32.189  -31.463  59.513 0.0000000000
46783  31.008  -31.131  58.343 0.0000000000
46804  30.573  -31.092  57.407 0.0000000000
46803  31.549  -31.198  57.399 0.0000000000
46822  30.207  -31.167  56.473 0.0000000000
72742  53.272  -10.996  45.659 0.0000000000
71567  52.908  -11.420  45.704 0.0000000000
70350  52.818  -12.918  46.163 0.0000000000
69159  52.836  -13.865  46.765 0.0000000000
39358  19.847  -37.385  67.776 0.0000000000
40573  18.634  -36.622  67.163 0.0000000000
76173  53.150  -7.019  51.273 0.0000000000
72636  51.979  -10.829  54.383 0.0000000000
71438  50.995  -11.327  53.404 0.0000000000
71449  49.689  -11.826  52.406 0.0000000000
71448  50.240  -11.424  52.536 0.0000000000
71475  48.783  -11.741  50.982 0.0000000000
71461  48.936  -11.941  51.556 0.0000000000
69063  46.870  -13.641  51.547 0.0000000000
61850  46.765  -19.137  54.332 0.0000000000
61899  46.456  -19.729  51.596 0.0000000000
61886  47.109  -19.527  52.262 0.0000000000
61898  47.003  -19.478  51.307 0.0000000000
61885  47.744  -19.152  52.144 0.0000000000
61913  47.258  -19.085  50.805 0.0000000000
63013  47.300  -18.731  50.479 0.0000000000
61927  47.144  -19.102  50.251 0.0000000000
60793  45.531  -19.814  48.834 0.0000000000
61938  46.550  -19.311  49.042 0.0000000000
61949  45.453  -19.377  47.828 0.0000000000
63026  45.555  -18.718  47.460 0.0000000000
61950  45.013  -19.622  47.360 0.0000000000
61962  44.852  -19.454  46.757 0.0000000000
60815  44.446  -19.837  47.220 0.0000000000
60817  42.884  -19.827  46.504 0.0000000000
61963  42.895  -19.650  47.191 0.0000000000
60790  38.265  -20.703  49.067 0.0000000000
60821  36.663  -20.367  46.348 0.0000000000
51905  36.021  -27.446  55.071 0.0000000000
53130  36.496  -26.574  55.045 0.0000000000
51920  34.518  -27.052  53.218 0.0000000000
53172  34.446  -26.419  52.574 0.0000000000
85013  59.381  -1.158  40.727 0.0000000000
83765  59.630  -1.690  40.692 0.0000000000
82541  58.459  -2.597  40.884 0.0000000000
45505  30.222  -32.115  61.258 0.0000000000
45506  29.402  -32.293  61.567 0.0000000000
43092  28.162  -34.311  64.241 0.0000000000
44277  26.908  -34.092  62.765 0.0000000000
41902  25.946  -34.906  62.124 0.0000000000
43116  26.666  -34.598  63.250 0.0000000000
41844  25.981  -35.714  64.273 0.0000000000
41871  26.286  -35.271  63.640 0.0000000000
41872  25.649  -35.826  63.750 0.0000000000
40636  25.497  -36.132  63.974 0.0000000000
49218  36.345  -29.368  61.905 0.0000000000
49194  36.863  -28.858  62.368 0.0000000000
47986  37.304  -29.958  61.640 0.0000000000
47966  37.572  -29.261  62.284 0.0000000000
46725  37.850  -31.117  61.415 0.0000000000
46726  37.023  -31.031  61.497 0.0000000000
45487  35.842  -32.404  62.358 0.0000000000
44263  36.479  -32.365  61.749 0.0000000000
43085  36.173  -32.770  61.867 0.0000000000
43128  36.040  -33.202  61.595 0.0000000000
43129  35.678  -33.425  61.827 0.0000000000
45462  34.555  -32.646  64.262 0.0000000000
45476  34.836  -32.444  63.725 0.0000000000
44259  35.039  -33.085  64.073 0.0000000000
41887  34.095  -33.753  62.742 0.0000000000
41861  34.991  -33.903  62.677 0.0000000000
43108  34.425  -33.613  62.045 0.0000000000
43107  34.833  -33.712  61.926 0.0000000000
44289  33.379  -33.129  61.568 0.0000000000
44291  31.627  -32.516  61.708 0.0000000000
45515  30.566  -31.856  60.520 0.0000000000
69187  49.520  -13.496  45.552 0.0000000000
72624  52.564  -10.494  55.487 0.0000000000
71422  52.856  -10.864  55.906 0.0000000000
70219  53.022  -12.059  56.158 0.0000000000
70230  52.316  -12.026  55.258 0.0000000000
70237  51.032  -12.233  54.535 0.0000000000
70231  51.598  -12.883  55.505 0.0000000000
55631  43.168  -22.206  62.581 0.0000000000
59512  47.133  -21.020  59.526 0.0000000000
59527  47.695  -20.792  59.136 0.0000000000
59541  47.903  -20.552  58.712 0.0000000000
58259  45.101  -21.474  58.784 0.0000000000
60684  45.178  -20.245  57.526 0.0000000000
60707  46.335  -19.731  55.891 0.0000000000
60708  45.457  -19.656  56.073 0.0000000000
61869  43.967  -19.343  53.712 0.0000000000
61852  44.749  -19.608  54.779 0.0000000000
61889  44.319  -19.405  52.554 0.0000000000
60754  41.749  -19.997  52.369 0.0000000000
61891  42.345  -19.695  52.300 0.0000000000
60725  41.388  -20.440  54.767 0.0000000000
60756  39.610  -20.765  53.121 0.0000000000
60766  39.541  -20.479  51.851 0.0000000000
60767  38.940  -20.879  51.452 0.0000000000
58337  37.743  -21.931  51.588 0.0000000000
59619  37.631  -21.841  51.277 0.0000000000
59631  36.673  -21.846  49.564 0.0000000000
49347  31.818  -29.584  52.554 0.0000000000
49375  31.382  -29.249  51.820 0.0000000000
49400  30.865  -29.111  51.142 0.0000000000
50619  29.801  -28.778  50.254 0.0000000000
50644  29.270  -28.519  49.713 0.0000000000
48196  27.404  -30.065  49.940 0.0000000000
49438  27.578  -28.895  48.424 0.0000000000
50665  28.495  -28.517  48.182 0.0000000000
82488  59.105  -2.621  43.879 0.0000000000
81258  58.965  -3.611  44.410 0.0000000000
80044  58.682  -4.616  44.593 0.0000000000
80045  57.931  -4.796  44.320 0.0000000000
78770  57.884  -5.546  44.559 0.0000000000
77512  58.668  -6.183  46.106 0.0000000000
76279  58.545  -6.829  45.962 0.0000000000
76280  58.245  -7.068  45.549 0.0000000000
46827  24.844  -31.714  55.758 0.0000000000
46844  23.859  -31.736  54.380 0.0000000000
45569  23.326  -32.260  55.201 0.0000000000
45532  26.602  -32.769  59.907 0.0000000000
44342  25.341  -33.312  59.199 0.0000000000
44351  24.506  -33.251  57.862 0.0000000000
41933  24.012  -35.108  59.373 0.0000000000
43175  24.450  -34.499  59.300 0.0000000000
41948  22.307  -35.105  57.235 0.0000000000
51717  40.701  -26.116  63.303 0.0000000000
52976  41.048  -25.520  63.236 0.0000000000
51732  41.897  -25.605  62.556 0.0000000000
52975  41.535  -25.300  63.056 0.0000000000
54269  42.022  -24.825  62.980 0.0000000000
52990  42.242  -25.192  62.604 0.0000000000
54268  42.489  -24.328  62.835 0.0000000000
53052  41.276  -26.357  60.527 0.0000000000
53038  41.890  -25.985  60.788 0.0000000000
53039  41.327  -25.931  60.459 0.0000000000
54303  41.386  -25.152  60.479 0.0000000000
54304  40.996  -25.680  60.298 0.0000000000
54323  40.499  -25.269  59.847 0.0000000000
53062  40.442  -26.063  59.718 0.0000000000
51843  40.077  -26.946  59.426 0.0000000000
53064  39.642  -26.352  58.939 0.0000000000
53078  38.713  -26.616  58.191 0.0000000000
49257  39.566  -29.284  59.636 0.0000000000
50503  39.784  -28.232  59.793 0.0000000000
50524  37.704  -28.557  57.966 0.0000000000
51866  37.509  -27.956  57.612 0.0000000000
50525  37.263  -28.468  57.343 0.0000000000
50529  36.704  -28.343  56.702 0.0000000000
49290  35.674  -29.354  55.903 0.0000000000
49305  34.818  -28.980  54.697 0.0000000000
44267  38.086  -32.002  61.149 0.0000000000
44304  38.070  -32.240  60.316 0.0000000000
44339  36.526  -32.168  59.272 0.0000000000
44338  37.327  -32.238  59.322 0.0000000000
45537  36.915  -32.026  58.792 0.0000000000
46781  36.503  -31.648  58.452 0.0000000000
45551  36.167  -31.582  58.358 0.0000000000
45542  33.470  -32.016  58.632 0.0000000000
45541  34.030  -32.367  58.773 0.0000000000
46818  33.781  -31.361  56.696 0.0000000000
46800  35.087  -31.428  57.392 0.0000000000
48071  35.216  -30.655  56.443 0.0000000000
48072  34.694  -30.726  56.279 0.0000000000
46850  33.843  -30.415  55.361 0.0000000000
46868  33.576  -30.203  54.440 0.0000000000
46889  33.455  -30.144  53.771 0.0000000000
46890  33.301  -30.217  53.523 0.0000000000
48137  33.116  -30.227  53.247 0.0000000000
48110  32.348  -30.461  53.723 0.0000000000
48112  30.387  -30.604  53.502 0.0000000000
46856  28.665  -30.980  54.668 0.0000000000
46874  28.479  -30.896  53.852 0.0000000000
48115  27.493  -30.610  53.151 0.0000000000
48144  26.797  -30.477  51.998 0.0000000000
76245  55.229  -7.429  46.626 0.0000000000
75051  55.528  -8.455  47.092 0.0000000000
73830  55.958  -9.839  47.801 0.0000000000
71546  54.094  -11.453  46.339 0.0000000000
72717  54.388  -11.217  46.491 0.0000000000
71525  54.294  -11.863  46.855 0.0000000000
70308  55.040  -13.251  48.254 0.0000000000
67940  50.589  -14.783  45.951 0.0000000000
69161  51.102  -14.209  46.202 0.0000000000
44249  28.975  -33.701  68.351 0.0000000000
41798  29.449  -35.343  67.318 0.0000000000
137517  28.647  -35.251  68.311 0.0000000000
40567  27.756  -36.073  67.450 0.0000000000
40588  27.025  -35.868  66.629 0.0000000000
39368  26.598  -36.265  66.683 0.0000000000
39370  25.538  -37.512  66.301 0.0000000000
39384  26.128  -37.103  65.684 0.0000000000
39385  25.356  -37.318  65.509 0.0000000000
39392  25.164  -37.005  64.819 0.0000000000
39386  24.555  -37.092  65.371 0.0000000000
38119  22.449  -38.085  67.935 0.0000000000
36838  22.439  -38.780  68.862 0.0000000000
36849  22.893  -38.753  68.686 0.0000000000
36836  23.920  -38.793  69.150 0.0000000000
38117  23.439  -38.344  68.198 0.0000000000
36863  23.628  -38.190  67.252 0.0000000000
38129  23.301  -38.186  66.998 0.0000000000
40616  23.069  -36.339  65.235 0.0000000000
40658  22.764  -35.929  63.328 0.0000000000
41874  21.152  -35.102  63.244 0.0000000000
41822  19.815  -35.379  65.248 0.0000000000
86260  57.726  0.605  42.650 0.0000000000
84959  58.332  -0.586  43.910 0.0000000000
83705  57.778  -1.414  44.930 0.0000000000
83704  57.982  -2.312  45.081 0.0000000000
83685  57.077  -2.096  46.863 0.0000000000
83684  57.505  -2.882  46.336 0.0000000000
82458  58.099  -3.238  46.122 0.0000000000
82449  57.740  -3.259  46.435 0.0000000000
82436  56.044  -2.358  48.650 0.0000000000
82437  55.622  -2.872  48.761 0.0000000000
80014  54.749  -4.438  47.222 0.0000000000
81236  55.507  -3.524  47.500 0.0000000000
80028  55.466  -4.802  46.631 0.0000000000
78752  54.842  -5.371  46.612 0.0000000000
77500  55.730  -6.505  46.640 0.0000000000
77489  53.502  -6.100  46.900 0.0000000000
77502  53.775  -6.487  46.508 0.0000000000
77503  53.306  -6.970  46.464 0.0000000000
77471  53.243  -6.115  48.876 0.0000000000
76215  51.786  -7.467  47.812 0.0000000000
76233  52.358  -6.985  47.506 0.0000000000
76234  51.774  -7.275  47.051 0.0000000000
75074  52.381  -8.434  45.786 0.0000000000
73906  50.362  -9.868  46.101 0.0000000000
77396  53.775  -6.846  53.507 0.0000000000
76139  53.708  -7.102  53.373 0.0000000000
76141  52.874  -7.798  52.212 0.0000000000
72655  51.126  -10.317  52.543 0.0000000000
72664  51.042  -9.916  51.339 0.0000000000
73803  51.030  -9.589  50.269 0.0000000000
72672  51.009  -9.757  50.706 0.0000000000
73816  51.448  -9.165  49.816 0.0000000000
72718  49.728  -10.164  47.320 0.0000000000
71549  48.958  -11.214  46.191 0.0000000000
70351  47.978  -12.151  46.256 0.0000000000
70380  47.880  -12.541  46.184 0.0000000000
70288  48.108  -12.230  49.361 0.0000000000
71506  47.857  -11.976  48.590 0.0000000000
70310  47.379  -12.453  48.617 0.0000000000
70353  46.898  -12.554  47.106 0.0000000000
68998  51.394  -13.757  56.159 0.0000000000
69011  50.936  -13.492  55.182 0.0000000000
67785  50.733  -14.304  55.408 0.0000000000
62932  49.333  -17.847  58.522 0.0000000000
64102  49.347  -17.561  58.160 0.0000000000
65308  49.261  -16.869  57.521 0.0000000000
64114  49.504  -17.656  57.466 0.0000000000
61833  48.604  -19.442  54.957 0.0000000000
61832  49.111  -18.918  54.705 0.0000000000
64143  49.410  -17.523  54.887 0.0000000000
62963  49.461  -18.286  55.303 0.0000000000
64135  50.018  -17.543  55.872 0.0000000000
65336  50.048  -17.065  55.723 0.0000000000
65321  50.839  -15.820  56.019 0.0000000000
65350  49.924  -16.455  55.314 0.0000000000
66583  48.569  -15.707  54.000 0.0000000000
66570  49.085  -15.550  54.539 0.0000000000
67800  49.432  -14.570  54.618 0.0000000000
67801  48.738  -14.804  54.300 0.0000000000
69038  48.158  -13.934  53.585 0.0000000000
66599  46.389  -15.792  52.520 0.0000000000
67824  46.836  -14.609  52.613 0.0000000000
67825  46.011  -15.038  52.062 0.0000000000
69064  46.194  -14.217  51.271 0.0000000000
67836  45.494  -14.846  51.148 0.0000000000
64199  46.887  -18.236  49.907 0.0000000000
64190  46.551  -17.642  50.363 0.0000000000
64200  46.143  -17.769  49.754 0.0000000000
65442  44.838  -16.872  48.099 0.0000000000
66623  44.874  -15.639  48.713 0.0000000000
67865  44.752  -15.344  48.503 0.0000000000
67881  44.655  -15.105  48.120 0.0000000000
66653  44.381  -15.525  47.231 0.0000000000
65502  44.549  -16.529  45.063 0.0000000000
61984  43.874  -19.545  45.450 0.0000000000
63051  43.953  -18.953  45.023 0.0000000000
61999  43.261  -19.426  44.821 0.0000000000
62021  42.388  -19.466  43.504 0.0000000000
62043  42.147  -19.262  42.268 0.0000000000
61932  42.971  -19.366  49.508 0.0000000000
61933  41.886  -19.446  49.480 0.0000000000
61953  41.514  -19.470  47.695 0.0000000000
61965  41.425  -19.462  46.879 0.0000000000
61956  39.011  -19.662  47.113 0.0000000000
61987  39.696  -19.395  45.460 0.0000000000
61967  39.762  -19.372  46.410 0.0000000000
55693  40.066  -24.419  57.817 0.0000000000
55694  39.651  -24.766  57.680 0.0000000000
57027  38.925  -23.980  55.759 0.0000000000
57028  38.351  -23.981  55.402 0.0000000000
54404  36.734  -25.567  54.705 0.0000000000
54403  37.260  -25.335  55.170 0.0000000000
55754  37.027  -24.327  54.002 0.0000000000
57053  37.217  -23.709  53.466 0.0000000000
57052  37.844  -23.455  53.879 0.0000000000
57063  36.964  -23.548  52.859 0.0000000000
57072  35.289  -23.622  50.698 0.0000000000
57071  35.911  -23.134  51.180 0.0000000000
57077  35.495  -23.250  49.789 0.0000000000
50598  32.071  -28.518  51.921 0.0000000000
50597  32.560  -28.084  52.006 0.0000000000
53195  32.646  -27.087  51.330 0.0000000000
53207  33.193  -26.052  50.732 0.0000000000
53239  30.978  -26.716  48.155 0.0000000000
54523  31.702  -25.909  48.653 0.0000000000
54503  33.429  -25.103  49.760 0.0000000000
55814  33.807  -24.381  49.390 0.0000000000
57087  33.693  -23.297  47.585 0.0000000000
82489  58.651  -2.716  43.447 0.0000000000
82490  58.015  -2.951  43.093 0.0000000000
81289  57.273  -3.444  41.964 0.0000000000
81307  56.815  -3.745  41.310 0.0000000000
75026  56.911  -8.620  48.444 0.0000000000
44248  32.203  -33.077  66.505 0.0000000000
54301  42.744  -24.568  61.141 0.0000000000
55655  42.726  -24.216  60.672 0.0000000000
56967  43.275  -22.778  59.630 0.0000000000
58272  41.716  -22.544  57.728 0.0000000000
57013  40.661  -23.663  56.890 0.0000000000
78735  57.436  -5.554  47.493 0.0000000000
77486  57.867  -6.672  47.738 0.0000000000
76212  57.892  -7.667  48.074 0.0000000000
46787  26.566  -31.669  58.270 0.0000000000
40685  24.418  -36.093  61.456 0.0000000000
40699  23.558  -36.325  60.795 0.0000000000
40686  23.605  -36.411  61.558 0.0000000000
39413  22.667  -37.195  60.978 0.0000000000
41914  22.784  -35.874  60.856 0.0000000000
43167  22.295  -35.314  60.479 0.0000000000
43137  22.257  -35.163  61.830 0.0000000000
49164  39.691  -27.762  63.100 0.0000000000
47944  39.640  -28.518  62.533 0.0000000000
47963  39.747  -28.962  62.034 0.0000000000
47983  39.926  -29.501  61.607 0.0000000000
46743  39.505  -30.761  60.955 0.0000000000
44302  38.950  -31.708  60.451 0.0000000000
45528  30.936  -31.712  59.372 0.0000000000
46784  30.049  -31.244  58.313 0.0000000000
72763  51.915  -10.998  45.218 0.0000000000
71568  52.290  -11.871  45.613 0.0000000000
70375  52.163  -12.843  45.849 0.0000000000
39345  18.288  -38.039  68.451 0.0000000000
78692  54.373  -5.554  51.701 0.0000000000
77425  54.037  -6.205  52.089 0.0000000000
70253  49.786  -11.903  52.813 0.0000000000
70254  49.295  -12.355  52.587 0.0000000000
70262  49.056  -12.079  51.869 0.0000000000
70255  48.546  -12.789  52.377 0.0000000000
70256  48.162  -13.139  52.441 0.0000000000
60763  46.206  -20.110  51.242 0.0000000000
60775  46.358  -20.070  50.771 0.0000000000
60774  46.459  -19.835  50.640 0.0000000000
61915  46.262  -19.894  50.340 0.0000000000
60786  45.363  -19.913  49.067 0.0000000000
60794  45.028  -20.042  48.666 0.0000000000
60804  44.864  -19.981  47.900 0.0000000000
60795  44.457  -19.971  48.325 0.0000000000
50550  34.992  -28.402  54.701 0.0000000000
51906  35.426  -27.407  54.549 0.0000000000
51936  34.307  -27.876  53.589 0.0000000000
51937  34.214  -27.544  53.107 0.0000000000
85014  58.947  -0.843  40.687 0.0000000000
83752  59.469  -1.375  41.596 0.0000000000
44273  30.375  -32.606  62.477 0.0000000000
43112  30.296  -33.297  63.053 0.0000000000
43113  29.286  -33.491  63.210 0.0000000000
41839  30.136  -34.463  65.143 0.0000000000
41867  29.798  -34.282  64.458 0.0000000000
41869  28.506  -34.650  64.714 0.0000000000
43077  27.698  -34.689  64.448 0.0000000000
43094  26.694  -34.842  63.773 0.0000000000
43078  27.453  -34.931  64.504 0.0000000000
41843  26.874  -35.381  64.627 0.0000000000
40634  26.273  -35.965  64.646 0.0000000000
49219  35.561  -29.697  62.155 0.0000000000
47987  36.257  -30.174  61.679 0.0000000000
46746  36.774  -30.891  61.543 0.0000000000
46727  36.159  -31.071  61.688 0.0000000000
43076  33.887  -33.863  64.262 0.0000000000
41834  34.482  -33.856  63.342 0.0000000000
44271  33.046  -33.281  62.195 0.0000000000
44290  32.821  -33.142  61.908 0.0000000000
55642  44.205  -22.288  61.621 0.0000000000
56940  46.106  -20.396  60.666 0.0000000000
58233  47.152  -20.046  59.798 0.0000000000
58234  46.947  -20.854  59.996 0.0000000000
59528  46.812  -21.226  59.108 0.0000000000
59557  44.358  -20.989  57.805 0.0000000000
60709  44.500  -19.629  55.842 0.0000000000
60723  43.906  -19.597  55.404 0.0000000000
61853  43.763  -19.502  54.755 0.0000000000
61870  42.999  -19.508  53.935 0.0000000000
59595  39.753  -21.281  53.993 0.0000000000
59611  38.900  -21.094  52.479 0.0000000000
49349  30.390  -30.164  52.216 0.0000000000
49376  30.330  -29.775  51.727 0.0000000000
49402  29.286  -29.258  50.752 0.0000000000
81250  59.377  -3.664  45.069 0.0000000000
80036  59.004  -4.808  45.115 0.0000000000
75088  58.428  -7.762  46.616 0.0000000000
76264  58.366  -7.494  46.166 0.0000000000
45565  23.643  -32.483  56.053 0.0000000000
45519  26.826  -33.029  60.671 0.0000000000
41940  22.616  -35.011  58.089 0.0000000000
50441  41.178  -27.060  62.216 0.0000000000
51716  41.021  -26.012  62.950 0.0000000000
51751  41.654  -26.438  62.044 0.0000000000
51769  42.069  -26.028  61.908 0.0000000000
51817  41.342  -26.691  60.749 0.0000000000
51844  39.595  -27.395  59.138 0.0000000000
48046  38.554  -30.382  59.020 0.0000000000
49273  37.367  -29.426  57.626 0.0000000000
50530  36.415  -28.948  56.526 0.0000000000
49282  36.804  -29.374  57.086 0.0000000000
48081  35.895  -29.863  56.338 0.0000000000
48082  35.482  -30.010  56.060 0.0000000000
44305  37.239  -32.476  60.495 0.0000000000
44340  35.709  -32.000  59.276 0.0000000000
46802  32.441  -31.459  57.482 0.0000000000
45555  33.298  -31.683  57.691 0.0000000000
46833  34.172  -30.799  56.162 0.0000000000
46834  33.440  -30.998  55.992 0.0000000000
48094  32.123  -30.698  54.322 0.0000000000
48095  31.644  -30.742  54.203 0.0000000000
46871  31.091  -31.062  54.310 0.0000000000
46872  30.430  -30.982  54.186 0.0000000000
46857  27.603  -30.759  54.649 0.0000000000
48117  26.030  -30.575  52.438 0.0000000000
75052  54.932  -8.718  46.716 0.0000000000
72716  54.911  -10.782  46.760 0.0000000000
69138  53.809  -13.816  47.474 0.0000000000
137515  26.313  -36.588  68.690 0.0000000000
39353  27.196  -37.133  67.849 0.0000000000
38124  26.649  -36.961  66.893 0.0000000000
38098  26.315  -37.525  67.618 0.0000000000
38126  25.653  -37.691  66.888 0.0000000000
38127  24.906  -38.005  66.997 0.0000000000
38104  20.980  -38.225  69.023 0.0000000000
39356  21.836  -37.708  67.658 0.0000000000
39373  22.711  -37.379  66.789 0.0000000000
40617  22.266  -35.789  65.331 0.0000000000
41820  21.605  -35.571  64.782 0.0000000000
41847  20.907  -35.480  64.157 0.0000000000
86241  57.677  0.109  44.197 0.0000000000
86233  57.504  0.111  45.044 0.0000000000
81220  55.280  -3.235  48.294 0.0000000000
80015  54.142  -4.803  47.596 0.0000000000
78736  54.369  -4.986  46.851 0.0000000000
78722  53.239  -5.950  47.495 0.0000000000
77453  52.784  -6.665  49.138 0.0000000000
75053  51.363  -7.950  47.322 0.0000000000
74966  53.368  -8.117  53.452 0.0000000000
74968  52.031  -8.777  52.312 0.0000000000
72745  48.766  -11.020  47.317 0.0000000000
69115  46.806  -12.853  48.685 0.0000000000
67921  46.114  -14.011  46.033 0.0000000000
69164  45.755  -13.668  47.224 0.0000000000
67922  45.484  -14.168  46.577 0.0000000000
68999  50.848  -14.392  56.427 0.0000000000
67771  51.325  -14.710  56.214 0.0000000000
61786  48.765  -19.190  58.899 0.0000000000
137692  48.952  -18.390  58.984 0.0000000000
62934  49.125  -19.131  58.340 0.0000000000
62972  48.799  -18.614  54.027 0.0000000000
62978  49.010  -17.967  53.771 0.0000000000
65364  49.318  -16.877  54.649 0.0000000000
65365  49.035  -16.568  54.051 0.0000000000
66584  47.821  -15.766  53.694 0.0000000000
64215  45.759  -17.992  48.794 0.0000000000
64216  45.300  -17.531  48.179 0.0000000000
65460  44.600  -16.695  47.280 0.0000000000
64303  44.248  -17.537  44.471 0.0000000000
63068  43.651  -18.565  44.409 0.0000000000
60869  42.114  -19.874  44.236 0.0000000000
55714  39.502  -24.529  57.030 0.0000000000
55715  38.666  -24.992  56.600 0.0000000000
55730  38.384  -24.777  55.776 0.0000000000
54422  35.726  -25.372  53.420 0.0000000000
55756  35.880  -24.783  53.030 0.0000000000
55775  36.201  -24.317  52.925 0.0000000000
57064  36.273  -23.669  52.563 0.0000000000
57065  35.623  -23.927  52.140 0.0000000000
57068  35.471  -23.779  51.514 0.0000000000
51962  32.251  -27.718  51.511 0.0000000000
51981  31.691  -27.649  50.739 0.0000000000
54543  31.493  -25.824  47.509 0.0000000000
55827  32.791  -24.557  48.390 0.0000000000
81274  57.233  -3.597  42.956 0.0000000000
41836  32.937  -33.997  64.426 0.0000000000
41865  31.769  -34.004  63.711 0.0000000000
40631  30.147  -34.674  65.629 0.0000000000
40632  29.752  -35.055  65.778 0.0000000000
40609  29.386  -35.742  66.284 0.0000000000
44254  34.241  -33.044  64.542 0.0000000000
45463  33.591  -32.670  65.174 0.0000000000
55632  42.498  -23.172  63.105 0.0000000000
54266  43.533  -22.899  62.029 0.0000000000
54287  43.740  -23.409  61.319 0.0000000000
56948  45.079  -22.353  60.835 0.0000000000
58236  45.864  -22.031  60.009 0.0000000000
56965  44.767  -22.131  59.811 0.0000000000
58260  44.571  -21.648  58.894 0.0000000000
58261  43.645  -22.085  58.953 0.0000000000
59546  44.064  -21.494  58.323 0.0000000000
59558  43.573  -21.267  57.706 0.0000000000
59568  42.963  -20.952  57.133 0.0000000000
60713  40.877  -21.281  55.809 0.0000000000
58300  39.559  -22.277  54.564 0.0000000000
58301  38.985  -22.760  54.351 0.0000000000
48163  27.625  -30.302  51.492 0.0000000000
48183  26.847  -30.446  50.290 0.0000000000
48198  25.769  -30.896  49.258 0.0000000000
77498  58.662  -6.403  46.714 0.0000000000
76244  58.689  -7.182  47.107 0.0000000000
75069  58.462  -8.060  47.198 0.0000000000
46842  25.624  -31.331  55.193 0.0000000000
44357  23.545  -33.203  56.616 0.0000000000
43154  25.673  -34.460  61.213 0.0000000000
43155  25.169  -34.754  60.745 0.0000000000
41921  24.311  -35.142  59.981 0.0000000000
43169  21.066  -34.244  59.318 0.0000000000
49163  40.115  -27.428  63.028 0.0000000000
49190  40.377  -27.441  62.703 0.0000000000
49215  40.753  -27.319  62.414 0.0000000000
50466  41.032  -28.278  61.306 0.0000000000
50487  40.904  -28.308  60.858 0.0000000000
49256  40.048  -29.259  60.091 0.0000000000
48038  39.380  -30.317  59.703 0.0000000000
48048  37.358  -31.082  58.164 0.0000000000
44328  34.234  -32.721  59.903 0.0000000000
45525  33.755  -32.464  59.488 0.0000000000
45543  32.633  -31.604  58.395 0.0000000000
45544  31.740  -31.308  58.752 0.0000000000
46837  30.866  -31.272  55.583 0.0000000000
46840  27.760  -30.772  55.522 0.0000000000
71526  53.775  -12.373  46.617 0.0000000000
69158  53.567  -13.402  46.854 0.0000000000
39343  20.365  -37.816  68.451 0.0000000000
40593  19.980  -36.079  66.754 0.0000000000
40595  17.979  -36.355  66.443 0.0000000000
78709  53.986  -5.046  50.019 0.0000000000
78702  53.645  -5.668  50.151 0.0000000000
77440  52.814  -6.709  49.962 0.0000000000
75003  52.146  -8.064  49.927 0.0000000000
72644  52.271  -9.866  54.092 0.0000000000
73779  52.223  -9.558  53.717 0.0000000000
72656  50.608  -10.817  52.413 0.0000000000
71488  48.741  -11.780  49.876 0.0000000000
67764  48.700  -15.587  57.206 0.0000000000
61823  47.827  -19.607  56.079 0.0000000000
61834  47.562  -19.508  55.369 0.0000000000
61866  46.972  -19.318  53.250 0.0000000000
61864  48.240  -18.880  52.926 0.0000000000
61884  48.020  -18.797  52.406 0.0000000000
62995  47.729  -18.571  51.951 0.0000000000
64179  47.465  -18.095  51.405 0.0000000000
64188  47.327  -18.351  50.760 0.0000000000
64198  47.200  -18.401  50.318 0.0000000000
61928  46.729  -19.332  49.786 0.0000000000
63017  46.868  -18.836  49.347 0.0000000000
63020  45.932  -18.748  48.113 0.0000000000
63033  44.890  -18.898  46.287 0.0000000000
60835  43.601  -20.050  46.066 0.0000000000
60836  42.673  -19.968  45.756 0.0000000000
60796  39.344  -19.797  49.133 0.0000000000
60797  38.742  -20.044  48.631 0.0000000000
60806  38.417  -19.981  47.798 0.0000000000
60807  37.700  -20.298  47.573 0.0000000000
53115  36.902  -26.533  55.759 0.0000000000
53147  36.174  -26.171  54.481 0.0000000000
53148  35.474  -26.404  53.950 0.0000000000
53171  35.109  -25.923  53.109 0.0000000000
54447  34.991  -25.590  52.510 0.0000000000
52015  29.567  -27.778  48.061 0.0000000000
52014  30.203  -27.523  48.523 0.0000000000
52027  29.917  -27.311  47.733 0.0000000000
53258  30.308  -26.835  47.364 0.0000000000
53277  30.056  -26.622  46.230 0.0000000000
83781  59.067  -1.596  39.801 0.0000000000
83767  58.580  -1.241  40.296 0.0000000000
83766  59.311  -1.345  40.380 0.0000000000
83780  59.916  -1.703  39.980 0.0000000000
82539  60.019  -2.316  40.280 0.0000000000
81324  59.814  -2.980  40.233 0.0000000000
81325  58.918  -3.329  40.217 0.0000000000
45530  28.799  -31.730  59.729 0.0000000000
45517  28.451  -32.268  60.868 0.0000000000
44312  27.907  -32.701  61.072 0.0000000000
44292  28.908  -32.496  61.806 0.0000000000
44313  27.407  -33.030  61.155 0.0000000000
43091  29.169  -34.077  63.889 0.0000000000
44276  27.529  -33.668  62.680 0.0000000000
44295  26.739  -33.818  62.099 0.0000000000
43153  26.240  -34.247  61.685 0.0000000000
43136  25.937  -34.701  61.810 0.0000000000
41903  25.428  -35.317  61.776 0.0000000000
40669  25.002  -35.981  62.274 0.0000000000
40656  24.260  -36.510  63.202 0.0000000000
49193  37.700  -28.765  62.650 0.0000000000
47965  38.164  -29.340  62.281 0.0000000000
45486  36.904  -31.886  61.622 0.0000000000
44268  36.963  -32.577  61.432 0.0000000000
44286  36.565  -33.080  61.307 0.0000000000
44287  35.717  -33.286  61.267 0.0000000000
46707  34.625  -32.011  62.923 0.0000000000
45488  35.033  -32.396  62.962 0.0000000000
43086  35.905  -33.113  62.560 0.0000000000
43087  35.287  -33.746  63.209 0.0000000000
43106  35.520  -33.572  62.335 0.0000000000
41900  35.270  -33.713  61.989 0.0000000000
43148  34.992  -33.436  61.272 0.0000000000
43150  34.353  -32.833  61.047 0.0000000000
44309  33.772  -32.644  60.674 0.0000000000
45513  32.902  -32.196  60.353 0.0000000000
45514  31.963  -31.905  60.715 0.0000000000
43152  32.406  -32.758  61.621 0.0000000000
44311  32.213  -32.592  61.503 0.0000000000
76112  53.722  -7.688  54.218 0.0000000000
73777  52.976  -8.942  54.544 0.0000000000
73769  52.695  -9.547  54.730 0.0000000000
72635  52.398  -10.329  54.657 0.0000000000
71429  52.134  -11.264  54.773 0.0000000000
60647  48.154  -19.922  59.355 0.0000000000
60658  48.305  -20.108  58.785 0.0000000000
58247  46.215  -21.485  59.329 0.0000000000
59529  46.106  -21.379  58.948 0.0000000000
59543  46.419  -21.028  58.420 0.0000000000
59556  45.162  -20.653  57.991 0.0000000000
59555  45.878  -20.794  58.103 0.0000000000
60671  46.798  -20.534  57.975 0.0000000000
60682  47.021  -20.300  57.179 0.0000000000
60693  47.235  -19.840  56.281 0.0000000000
61835  46.497  -19.323  55.236 0.0000000000
61851  45.766  -19.364  54.453 0.0000000000
61904  41.638  -19.631  51.129 0.0000000000
60777  40.522  -19.664  50.770 0.0000000000
60778  39.944  -19.962  50.845 0.0000000000
59630  37.546  -21.187  49.267 0.0000000000
50580  32.330  -29.050  52.427 0.0000000000
50599  31.462  -28.561  51.187 0.0000000000
50663  30.060  -28.025  49.046 0.0000000000
49403  28.462  -29.382  50.526 0.0000000000
50621  28.604  -28.818  50.204 0.0000000000
49423  27.541  -29.352  49.396 0.0000000000
49422  28.305  -28.799  49.833 0.0000000000
49421  28.788  -28.582  49.698 0.0000000000
49436  28.879  -28.672  49.357 0.0000000000
50664  29.411  -28.378  48.769 0.0000000000
83724  59.360  -1.770  43.484 0.0000000000
81259  58.628  -4.034  44.244 0.0000000000
78782  57.429  -5.180  44.139 0.0000000000
78761  59.183  -4.988  45.785 0.0000000000
77523  57.196  -6.521  44.505 0.0000000000
43166  24.866  -34.559  60.078 0.0000000000
44344  23.941  -33.871  58.193 0.0000000000
43185  23.503  -34.302  58.021 0.0000000000
44353  22.942  -33.835  57.046 0.0000000000
55619  41.944  -23.480  63.533 0.0000000000
54279  42.775  -24.638  62.354 0.0000000000
53020  42.286  -25.697  61.492 0.0000000000
54302  42.188  -24.933  60.834 0.0000000000
55665  40.934  -24.334  59.440 0.0000000000
55676  40.868  -24.009  58.906 0.0000000000
55666  40.452  -24.707  59.384 0.0000000000
54324  40.243  -24.917  59.249 0.0000000000
54342  39.866  -25.303  58.856 0.0000000000
53063  40.051  -26.202  59.435 0.0000000000
54343  39.512  -25.755  58.531 0.0000000000
54355  39.370  -25.311  57.932 0.0000000000
53094  38.958  -25.975  57.765 0.0000000000
53096  37.849  -26.398  56.931 0.0000000000
51845  38.859  -27.496  58.642 0.0000000000
50516  38.465  -28.479  58.548 0.0000000000
51881  37.874  -26.838  57.350 0.0000000000
51893  36.759  -27.282  56.330 0.0000000000
50538  35.907  -28.384  55.818 0.0000000000
50562  34.259  -28.750  54.195 0.0000000000
49322  33.791  -29.323  53.869 0.0000000000
45503  38.874  -31.729  61.098 0.0000000000
44283  38.970  -31.763  60.729 0.0000000000
44303  38.599  -31.897  60.212 0.0000000000
44324  37.676  -32.273  59.836 0.0000000000
44323  38.232  -32.097  59.786 0.0000000000
45523  38.087  -32.027  59.459 0.0000000000
45536  37.724  -31.945  59.046 0.0000000000
46780  37.020  -31.495  58.274 0.0000000000
46797  36.665  -31.215  57.775 0.0000000000
45540  34.683  -32.056  58.829 0.0000000000
45539  35.427  -31.772  58.716 0.0000000000
45553  35.048  -31.702  58.030 0.0000000000
46799  35.628  -31.407  57.642 0.0000000000
46815  36.000  -31.129  57.360 0.0000000000
48059  36.399  -31.029  57.482 0.0000000000
49292  34.581  -29.728  55.037 0.0000000000
48108  33.755  -29.766  54.147 0.0000000000
48139  31.163  -30.228  52.983 0.0000000000
46873  29.490  -30.963  53.929 0.0000000000
46891  29.149  -30.846  53.400 0.0000000000
46892  28.725  -30.787  53.205 0.0000000000
48142  28.453  -30.516  52.671 0.0000000000
46907  25.094  -30.980  51.325 0.0000000000
75050  56.413  -8.541  47.648 0.0000000000
73829  56.434  -9.494  48.217 0.0000000000
72740  54.555  -10.268  46.409 0.0000000000
70331  54.756  -12.782  47.718 0.0000000000
70330  55.336  -12.218  48.032 0.0000000000
71503  55.624  -11.663  48.336 0.0000000000
69185  51.497  -13.496  46.091 0.0000000000
69160  51.828  -14.135  46.397 0.0000000000
67919  52.130  -14.967  46.516 0.0000000000
41787  29.698  -34.975  67.164 0.0000000000
40584  29.662  -35.269  66.619 0.0000000000
40586  28.549  -35.917  66.926 0.0000000000
40610  28.802  -35.985  66.041 0.0000000000
40611  27.886  -35.977  65.986 0.0000000000
40612  27.004  -35.897  65.886 0.0000000000
40613  26.460  -36.250  65.239 0.0000000000
38135  26.463  -37.173  66.254 0.0000000000
40614  26.043  -36.745  65.066 0.0000000000
40635  25.736  -36.373  64.463 0.0000000000
39400  25.098  -36.760  64.217 0.0000000000
39401  24.686  -36.651  63.853 0.0000000000
40637  24.084  -36.613  63.940 0.0000000000
36835  24.726  -38.543  69.193 0.0000000000
36855  24.192  -38.576  67.894 0.0000000000
36862  24.278  -38.141  67.458 0.0000000000
39372  23.777  -37.459  66.255 0.0000000000
40615  23.996  -36.552  64.816 0.0000000000
40657  23.504  -36.419  63.222 0.0000000000
41892  22.252  -35.398  62.491 0.0000000000
43117  22.034  -34.925  62.086 0.0000000000
41893  21.696  -35.236  62.839 0.0000000000
41848  20.118  -35.278  64.421 0.0000000000
86259  58.222  -0.059  42.491 0.0000000000
84971  58.740  -0.480  43.070 0.0000000000
83725  58.924  -1.137  43.523 0.0000000000
83716  58.132  -0.980  44.525 0.0000000000
82466  58.998  -3.325  44.951 0.0000000000
81245  58.671  -3.760  45.859 0.0000000000
87489  57.612  0.906  45.324 0.0000000000
83696  57.406  -1.721  45.756 0.0000000000
77499  56.404  -6.163  47.072 0.0000000000
83660  56.273  -1.719  48.903 0.0000000000
80027  56.254  -4.832  46.655 0.0000000000
78753  54.189  -5.873  46.526 0.0000000000
75073  53.332  -8.439  45.739 0.0000000000
76266  53.128  -7.766  45.644 0.0000000000
73904  51.834  -10.229  45.434 0.0000000000
72764  51.006  -10.794  45.115 0.0000000000
71570  50.172  -11.585  45.209 0.0000000000
77411  54.076  -6.592  52.862 0.0000000000
77412  53.716  -6.780  52.314 0.0000000000
76156  53.383  -7.289  51.933 0.0000000000
73793  51.885  -8.761  51.659 0.0000000000
73801  51.845  -8.763  51.373 0.0000000000
74987  51.900  -8.749  50.097 0.0000000000
75004  51.751  -8.549  49.409 0.0000000000
73856  50.304  -9.745  47.740 0.0000000000
73884  50.294  -9.661  46.929 0.0000000000
71572  48.713  -11.590  46.004 0.0000000000
70333  47.274  -12.223  47.550 0.0000000000
70352  47.405  -12.373  46.603 0.0000000000
69024  50.090  -13.515  54.289 0.0000000000
65309  48.941  -16.696  57.767 0.0000000000
66537  49.228  -16.132  57.163 0.0000000000
61811  49.410  -19.103  56.704 0.0000000000
61810  49.387  -18.593  56.204 0.0000000000
62951  49.385  -18.467  55.692 0.0000000000
61820  49.312  -18.505  55.928 0.0000000000
64113  49.667  -17.913  56.895 0.0000000000
64127  49.696  -17.309  56.856 0.0000000000
65307  49.554  -16.431  57.065 0.0000000000
66547  49.813  -15.829  56.856 0.0000000000
66546  50.674  -15.393  56.347 0.0000000000
65320  51.562  -15.766  56.033 0.0000000000
66567  51.374  -14.846  55.731 0.0000000000
66568  50.491  -15.023  55.297 0.0000000000
66556  51.016  -14.654  55.791 0.0000000000
67799  50.172  -14.470  54.946 0.0000000000
69051  48.499  -13.300  52.823 0.0000000000
69052  47.647  -13.591  52.641 0.0000000000
67812  47.530  -14.826  53.447 0.0000000000
69076  46.172  -14.043  50.614 0.0000000000
67863  45.449  -14.230  49.463 0.0000000000
64180  47.105  -17.503  51.632 0.0000000000
65397  45.958  -16.627  51.292 0.0000000000
66606  45.558  -15.995  50.953 0.0000000000
65424  45.438  -17.054  49.584 0.0000000000
66613  45.218  -16.175  50.238 0.0000000000
67837  45.312  -15.523  50.632 0.0000000000
67849  45.111  -15.236  50.112 0.0000000000
69094  45.438  -14.114  49.210 0.0000000000
67880  45.136  -14.440  48.130 0.0000000000
67923  44.606  -14.660  46.854 0.0000000000
63087  43.113  -18.554  43.552 0.0000000000
61964  42.205  -19.614  47.029 0.0000000000
61945  39.751  -19.564  48.300 0.0000000000
61966  40.637  -19.329  46.661 0.0000000000
56999  40.523  -23.720  58.143 0.0000000000
55692  40.567  -23.878  57.243 0.0000000000
57014  40.157  -23.892  56.520 0.0000000000
58284  39.803  -23.553  56.216 0.0000000000
58292  39.408  -23.282  55.634 0.0000000000
54388  37.611  -25.673  55.796 0.0000000000
55731  37.687  -24.933  55.354 0.0000000000
55739  36.752  -24.912  54.188 0.0000000000
57039  38.124  -23.704  54.604 0.0000000000
58302  38.284  -23.188  53.996 0.0000000000
58316  38.020  -22.770  53.294 0.0000000000
58332  36.456  -23.184  52.153 0.0000000000
58339  36.473  -22.806  51.686 0.0000000000
58345  36.505  -22.395  50.810 0.0000000000
58352  36.223  -22.584  49.846 0.0000000000
58356  35.371  -22.327  48.570 0.0000000000
50578  33.689  -28.311  53.193 0.0000000000
51938  33.575  -27.584  52.525 0.0000000000
53224  31.559  -26.624  49.415 0.0000000000
53223  32.107  -26.160  49.623 0.0000000000
54483  33.043  -25.703  50.199 0.0000000000
54482  33.697  -25.359  50.757 0.0000000000
54481  34.304  -25.078  51.269 0.0000000000
55800  34.447  -24.359  50.693 0.0000000000
55825  34.240  -23.837  49.129 0.0000000000
57078  34.788  -23.535  49.393 0.0000000000
57080  35.211  -23.045  49.106 0.0000000000
82504  57.783  -2.974  42.360 0.0000000000
82522  58.202  -2.608  41.729 0.0000000000
81326  57.768  -3.375  40.599 0.0000000000
80101  58.296  -4.050  40.119 0.0000000000
77551  55.385  -5.980  43.205 0.0000000000
76213  57.385  -8.017  48.108 0.0000000000
73814  57.191  -9.480  48.664 0.0000000000
75001  57.341  -9.078  48.619 0.0000000000
35564  25.762  -36.588  68.924 0.0000000000
35565  25.563  -36.462  68.976 0.0000000000
35570  26.656  -36.877  68.439 0.0000000000
35571  26.040  -36.848  68.740 0.0000000000
35576  27.035  -36.961  68.232 0.0000000000
35577  26.568  -36.827  68.473 0.0000000000
36824  26.109  -37.042  68.627 0.0000000000
36833  25.764  -37.440  68.406 0.0000000000
36834  24.860  -38.112  69.004 0.0000000000
36848  23.681  -38.762  68.673 0.0000000000
36850  22.468  -38.635  68.580 0.0000000000
36854  25.060  -39.029  68.562 0.0000000000
36856  23.740  -38.194  67.833 0.0000000000
36857  23.399  -38.263  67.281 0.0000000000
36864  23.444  -38.374  67.069 0.0000000000
38081  26.438  -37.531  68.016 0.0000000000
38082  25.739  -37.769  67.979 0.0000000000
38083  25.174  -37.896  68.545 0.0000000000
38084  25.271  -37.382  69.343 0.0000000000
38097  26.739  -37.368  67.698 0.0000000000
38100  24.966  -38.542  68.325 0.0000000000
38101  23.162  -38.472  68.353 0.0000000000
38102  22.664  -38.408  68.304 0.0000000000
38112  26.860  -37.167  67.554 0.0000000000
38113  26.571  -37.298  67.294 0.0000000000
38114  25.914  -37.680  67.076 0.0000000000
38116  24.638  -38.185  67.530 0.0000000000
38118  23.110  -38.182  67.807 0.0000000000
38125  26.358  -37.366  66.762 0.0000000000
38134  26.632  -36.967  66.493 0.0000000000
39326  25.830  -38.177  68.189 0.0000000000
39327  25.351  -37.984  67.985 0.0000000000
39339  25.532  -37.829  67.905 0.0000000000
39340  25.144  -38.037  67.923 0.0000000000
39354  26.811  -36.690  67.286 0.0000000000
39367  26.674  -35.903  66.500 0.0000000000
39382  26.738  -36.074  66.280 0.0000000000
39399  25.407  -36.760  64.539 0.0000000000
39412  23.143  -37.127  61.021 0.0000000000
39421  22.803  -37.216  60.542 0.0000000000
39432  23.025  -37.087  60.009 0.0000000000
39433  22.921  -37.209  60.239 0.0000000000
40569  26.691  -35.991  67.135 0.0000000000
40589  26.659  -35.873  66.825 0.0000000000
40654  25.326  -36.573  64.206 0.0000000000
40700  22.561  -36.777  60.632 0.0000000000
41797  29.911  -34.927  66.527 0.0000000000
41819  26.960  -35.726  65.338 0.0000000000
41885  35.247  -33.740  62.252 0.0000000000
41901  34.961  -33.892  61.816 0.0000000000
41913  23.959  -35.850  60.677 0.0000000000
43093  27.148  -34.592  64.137 0.0000000000
43104  36.391  -32.847  61.671 0.0000000000
43105  36.044  -33.112  61.824 0.0000000000
43130  35.164  -33.628  61.756 0.0000000000
43131  34.712  -33.529  61.583 0.0000000000
43133  32.500  -33.063  62.071 0.0000000000
43149  34.652  -33.147  61.087 0.0000000000
43151  32.491  -32.899  61.768 0.0000000000
44253  34.961  -32.883  64.036 0.0000000000
44258  35.508  -32.967  63.241 0.0000000000
44270  33.202  -33.302  61.949 0.0000000000
44322  38.440  -31.938  59.859 0.0000000000
44341  35.167  -31.958  59.160 0.0000000000
45461  34.958  -32.647  63.936 0.0000000000
45475  35.181  -32.687  63.363 0.0000000000
45496  30.593  -32.308  61.587 0.0000000000
45497  30.241  -32.364  61.836 0.0000000000
45498  29.847  -32.438  62.125 0.0000000000
45502  39.316  -31.487  60.916 0.0000000000
45510  39.197  -31.516  60.513 0.0000000000
45522  38.389  -31.763  59.572 0.0000000000
45552  35.785  -31.582  58.230 0.0000000000
45561  33.968  -31.601  57.315 0.0000000000
46704  37.123  -31.498  61.532 0.0000000000
46745  36.994  -30.797  61.530 0.0000000000
46757  39.338  -31.095  60.030 0.0000000000
46767  32.876  -31.954  60.011 0.0000000000
46768  32.590  -31.790  60.077 0.0000000000
46801  32.920  -31.603  57.422 0.0000000000
46870  32.667  -30.477  54.062 0.0000000000
48009  36.797  -30.583  61.568 0.0000000000
48109  32.982  -30.362  53.594 0.0000000000
49189  40.612  -27.212  62.589 0.0000000000
49220  34.755  -30.075  62.449 0.0000000000
49281  37.060  -29.670  57.460 0.0000000000
50420  35.264  -29.458  62.508 0.0000000000
50421  34.944  -29.655  62.534 0.0000000000
50442  41.167  -27.515  61.926 0.0000000000
50444  34.907  -29.854  62.407 0.0000000000
50485  41.408  -27.193  61.445 0.0000000000
50551  34.612  -28.825  54.491 0.0000000000
50645  28.744  -28.525  50.002 0.0000000000
52991  41.834  -25.387  62.763 0.0000000000
53036  42.527  -24.886  61.305 0.0000000000
55649  43.711  -23.534  61.122 0.0000000000
55712  40.672  -23.961  56.962 0.0000000000
58196  41.791  -22.062  64.213 0.0000000000
58344  36.953  -22.081  50.961 0.0000000000
59526  48.088  -20.555  58.970 0.0000000000
59578  41.019  -21.429  56.124 0.0000000000
59629  38.162  -20.812  49.532 0.0000000000
60648  47.895  -20.414  59.325 0.0000000000
60672  46.259  -20.661  58.030 0.0000000000
60692  47.879  -19.642  56.395 0.0000000000
60753  42.303  -19.708  52.628 0.0000000000
60761  46.575  -19.802  50.875 0.0000000000
60762  46.448  -20.014  51.099 0.0000000000
60776  46.128  -20.309  50.896 0.0000000000
60785  45.586  -19.831  49.084 0.0000000000
61837  45.074  -19.620  55.509 0.0000000000
61847  48.911  -18.740  54.262 0.0000000000
61897  47.554  -19.044  51.398 0.0000000000
61939  45.959  -19.410  48.555 0.0000000000
62941  49.652  -18.357  56.579 0.0000000000
62950  49.596  -18.165  55.974 0.0000000000
62962  49.662  -17.913  55.711 0.0000000000
63032  45.313  -18.736  46.808 0.0000000000
64101  49.334  -17.481  58.653 0.0000000000
64167  48.445  -17.979  52.974 0.0000000000
65305  51.371  -15.754  56.009 0.0000000000
65306  51.099  -15.706  56.017 0.0000000000
65333  52.022  -15.485  55.666 0.0000000000
65334  51.137  -15.726  55.950 0.0000000000
65335  50.464  -16.582  55.967 0.0000000000
65347  52.044  -15.284  55.464 0.0000000000
65348  51.957  -15.019  55.401 0.0000000000
65366  48.219  -16.636  53.762 0.0000000000
65410  46.460  -17.320  51.101 0.0000000000
66534  51.520  -15.569  56.321 0.0000000000
66535  51.235  -15.365  56.242 0.0000000000
66536  49.404  -16.325  57.141 0.0000000000
66545  51.978  -15.621  56.384 0.0000000000
66548  49.478  -15.685  56.836 0.0000000000
66554  52.270  -15.386  56.034 0.0000000000
66555  51.380  -14.626  55.808 0.0000000000
66566  52.164  -15.113  55.628 0.0000000000
66635  44.991  -16.246  48.566 0.0000000000
67760  51.754  -15.303  56.502 0.0000000000
67770  52.080  -15.113  56.372 0.0000000000
67773  49.643  -15.439  56.681 0.0000000000
67783  52.233  -14.817  55.958 0.0000000000
67797  51.947  -14.721  55.683 0.0000000000
67798  51.635  -14.625  55.748 0.0000000000
67901  44.659  -14.734  47.560 0.0000000000
69026  48.473  -14.352  54.058 0.0000000000
70309  47.932  -12.076  48.852 0.0000000000
70311  46.766  -12.773  48.395 0.0000000000
72674  49.871  -10.736  50.382 0.0000000000
72720  48.883  -11.073  47.689 0.0000000000
72762  52.633  -10.940  45.514 0.0000000000
74977  51.921  -8.756  51.909 0.0000000000
75002  57.120  -9.003  48.697 0.0000000000
75091  53.070  -8.044  45.503 0.0000000000
76111  53.751  -7.406  53.810 0.0000000000
76123  53.719  -7.221  53.637 0.0000000000
76267  52.822  -7.920  45.597 0.0000000000
78738  53.422  -6.011  47.125 0.0000000000
78748  59.235  -5.055  46.010 0.0000000000
81306  57.365  -3.301  41.218 0.0000000000
82523  57.676  -3.021  41.679 0.0000000000
83779  60.090  -1.993  40.222 0.0000000000
84960  57.947  -0.532  44.373 0.0000000000
87488  57.532  1.515  45.309 0.0000000000
88730  57.489  1.855  44.800 0.0000000000
137510  25.746  -37.016  68.954 0.0000000000
137511  25.925  -36.906  69.686 0.0000000000
137514  26.018  -36.640  68.879 0.0000000000
