#!ascii label  , from subject 3777 vox2ras=TkReg
326
22483  42.588  -51.251  10.225 0.0000000000
14969  39.429  -58.233  10.846 0.0000000000
18966  42.003  -55.194  15.179 0.0000000000
17053  46.804  -56.281  10.514 0.0000000000
10850  41.374  -62.218  13.875 0.0000000000
14875  42.686  -58.834  15.514 0.0000000000
11807  39.737  -62.242  14.130 0.0000000000
17033  43.457  -56.848  11.405 0.0000000000
18069  46.172  -55.211  8.292 0.0000000000
20108  41.983  -53.672  11.918 0.0000000000
16995  44.794  -56.255  13.499 0.0000000000
14913  44.355  -58.470  13.686 0.0000000000
13853  40.469  -59.729  12.754 0.0000000000
9974  40.640  -62.917  10.367 0.0000000000
26516  38.956  -47.950  10.635 0.0000000000
23772  39.256  -50.952  12.455 0.0000000000
21181  39.829  -52.585  14.957 0.0000000000
20148  48.283  -54.210  7.932 0.0000000000
13822  40.186  -60.102  14.293 0.0000000000
17035  40.991  -56.899  11.619 0.0000000000
17075  43.408  -55.936  9.887 0.0000000000
20072  42.237  -54.485  13.638 0.0000000000
17964  43.738  -55.848  14.022 0.0000000000
11771  42.776  -60.964  15.372 0.0000000000
13801  44.108  -59.095  15.093 0.0000000000
12800  42.656  -60.445  14.632 0.0000000000
13842  42.172  -59.443  13.710 0.0000000000
11818  41.258  -61.610  13.308 0.0000000000
10917  40.822  -62.324  9.697 0.0000000000
23756  38.221  -50.914  13.759 0.0000000000
22424  39.244  -52.073  14.004 0.0000000000
22411  38.106  -51.578  14.991 0.0000000000
18037  46.438  -55.474  10.992 0.0000000000
18047  47.645  -55.525  9.448 0.0000000000
19096  45.670  -54.330  7.655 0.0000000000
19105  47.920  -54.080  6.680 0.0000000000
16973  40.886  -56.778  14.646 0.0000000000
16950  42.221  -56.764  15.161 0.0000000000
15929  41.339  -58.468  15.296 0.0000000000
12766  41.387  -60.753  15.327 0.0000000000
9905  40.536  -62.854  14.267 0.0000000000
16034  45.077  -57.009  10.631 0.0000000000
17088  47.121  -56.068  9.083 0.0000000000
17073  45.345  -56.207  9.367 0.0000000000
18071  44.356  -54.816  8.869 0.0000000000
13904  37.760  -59.776  9.287 0.0000000000
22446  42.016  -52.344  11.294 0.0000000000
18021  45.189  -55.485  11.868 0.0000000000
18002  45.928  -56.320  12.319 0.0000000000
15925  44.545  -57.576  14.863 0.0000000000
15968  45.864  -57.255  13.482 0.0000000000
16009  45.682  -57.348  11.715 0.0000000000
15989  43.855  -57.484  12.391 0.0000000000
15991  41.819  -57.826  12.613 0.0000000000
14951  39.784  -58.782  11.582 0.0000000000
10885  40.666  -62.394  12.401 0.0000000000
11835  40.592  -61.918  11.772 0.0000000000
11836  39.881  -61.476  11.498 0.0000000000
12853  38.655  -60.386  10.552 0.0000000000
26548  41.516  -48.584  9.638 0.0000000000
25156  40.257  -49.502  10.698 0.0000000000
25131  39.140  -49.501  11.233 0.0000000000
23786  40.846  -51.260  11.295 0.0000000000
21229  40.927  -52.484  12.032 0.0000000000
20095  40.684  -53.288  13.662 0.0000000000
20052  40.368  -53.739  14.741 0.0000000000
20053  39.634  -53.560  14.854 0.0000000000
18981  39.860  -54.667  14.494 0.0000000000
18084  47.881  -55.267  7.954 0.0000000000
23809  42.008  -50.550  10.388 0.0000000000
23831  42.704  -50.798  9.831 0.0000000000
16035  40.135  -57.507  11.100 0.0000000000
17058  41.564  -56.398  10.962 0.0000000000
18979  41.964  -54.633  14.732 0.0000000000
18978  42.551  -54.974  14.359 0.0000000000
17945  42.542  -55.670  15.002 0.0000000000
11790  42.462  -61.364  15.065 0.0000000000
12780  43.059  -60.745  14.785 0.0000000000
11806  41.787  -61.441  14.311 0.0000000000
12801  41.848  -60.470  14.066 0.0000000000
10008  41.186  -62.808  8.208 0.0000000000
23742  37.601  -50.907  14.616 0.0000000000
18018  46.921  -55.959  10.879 0.0000000000
19047  47.265  -55.455  10.266 0.0000000000
17052  47.226  -55.921  10.173 0.0000000000
20177  46.889  -53.463  6.527 0.0000000000
15950  41.244  -57.349  14.920 0.0000000000
15952  40.343  -58.618  14.480 0.0000000000
12783  40.065  -61.119  14.272 0.0000000000
12782  40.700  -60.750  14.816 0.0000000000
11792  40.548  -61.881  14.596 0.0000000000
11791  41.184  -61.587  15.047 0.0000000000
10831  40.357  -62.702  14.324 0.0000000000
17032  44.381  -56.882  10.944 0.0000000000
17055  44.762  -56.633  10.175 0.0000000000
17056  43.839  -56.470  10.447 0.0000000000
18050  43.991  -55.299  9.311 0.0000000000
19064  43.379  -54.830  9.303 0.0000000000
19084  44.699  -54.283  8.431 0.0000000000
21228  41.594  -52.833  11.689 0.0000000000
21227  42.543  -52.919  11.291 0.0000000000
18020  45.804  -55.665  11.597 0.0000000000
17986  45.705  -56.399  12.934 0.0000000000
15927  43.077  -57.570  15.469 0.0000000000
16948  43.853  -56.952  15.123 0.0000000000
14874  43.704  -58.624  15.401 0.0000000000
13839  44.442  -58.739  14.077 0.0000000000
14892  45.423  -57.988  14.175 0.0000000000
14929  45.186  -58.011  13.236 0.0000000000
15987  45.630  -57.542  12.722 0.0000000000
15988  44.984  -57.740  12.521 0.0000000000
14931  43.850  -58.015  13.361 0.0000000000
13852  41.412  -59.639  13.318 0.0000000000
14933  41.997  -58.565  13.139 0.0000000000
14934  41.064  -58.942  12.893 0.0000000000
14950  40.407  -58.622  12.245 0.0000000000
13868  40.222  -59.329  12.368 0.0000000000
9128  38.356  -64.548  8.083 0.0000000000
9993  40.364  -63.190  9.622 0.0000000000
9994  39.184  -63.517  9.762 0.0000000000
9975  39.886  -63.408  10.766 0.0000000000
9955  40.278  -63.039  11.567 0.0000000000
11834  40.982  -61.922  12.514 0.0000000000
10903  40.611  -62.384  11.014 0.0000000000
10918  40.494  -62.136  9.262 0.0000000000
11854  40.390  -61.878  10.503 0.0000000000
11855  39.361  -61.232  10.621 0.0000000000
11870  38.920  -61.470  9.699 0.0000000000
27740  40.207  -47.492  9.755 0.0000000000
26515  40.189  -48.296  10.163 0.0000000000
26514  40.895  -48.943  10.304 0.0000000000
25157  39.497  -48.765  10.807 0.0000000000
23773  38.350  -50.392  12.676 0.0000000000
25113  38.021  -49.637  12.292 0.0000000000
23788  39.145  -50.342  11.755 0.0000000000
25130  39.735  -50.156  11.151 0.0000000000
23787  40.086  -50.795  11.646 0.0000000000
22448  40.345  -51.885  11.932 0.0000000000
23771  39.728  -51.442  12.342 0.0000000000
22409  39.381  -52.348  14.618 0.0000000000
21200  39.780  -52.521  14.158 0.0000000000
21199  40.307  -53.036  14.398 0.0000000000
20074  41.008  -53.600  14.141 0.0000000000
21180  40.073  -52.997  15.275 0.0000000000
20075  38.274  -53.689  13.667 0.0000000000
18982  39.243  -53.959  14.404 0.0000000000
17089  46.353  -56.000  8.883 0.0000000000
18067  47.725  -55.671  8.693 0.0000000000
18068  47.150  -55.685  8.372 0.0000000000
19104  48.673  -54.073  6.878 0.0000000000
17034  42.185  -56.863  11.709 0.0000000000
17057  42.728  -56.313  10.655 0.0000000000
20093  42.354  -54.371  12.830 0.0000000000
20092  43.023  -54.694  12.397 0.0000000000
18998  42.635  -54.869  13.612 0.0000000000
17963  44.432  -56.117  13.666 0.0000000000
13802  43.088  -59.866  15.264 0.0000000000
12779  42.967  -60.626  15.353 0.0000000000
13819  43.309  -59.731  14.931 0.0000000000
13840  43.850  -59.056  14.249 0.0000000000
14914  43.481  -58.709  13.789 0.0000000000
12813  41.017  -60.663  13.134 0.0000000000
9992  40.804  -62.829  9.582 0.0000000000
10009  40.942  -62.882  8.677 0.0000000000
22437  38.706  -51.178  13.122 0.0000000000
22436  39.290  -51.641  13.123 0.0000000000
22425  38.747  -51.544  13.869 0.0000000000
23741  38.310  -51.380  14.445 0.0000000000
22410  38.775  -51.946  14.628 0.0000000000
19062  47.583  -54.979  9.672 0.0000000000
19080  48.189  -54.765  8.696 0.0000000000
18086  46.526  -54.756  7.661 0.0000000000
18085  47.177  -55.073  7.717 0.0000000000
19095  46.953  -54.319  7.053 0.0000000000
19106  47.373  -53.876  6.600 0.0000000000
17967  41.276  -55.980  14.947 0.0000000000
17946  42.112  -55.841  15.238 0.0000000000
16972  41.554  -56.805  14.954 0.0000000000
15928  41.787  -57.819  15.392 0.0000000000
14876  41.808  -59.008  15.526 0.0000000000
13805  40.933  -59.898  15.157 0.0000000000
13803  42.376  -59.905  15.510 0.0000000000
11773  41.755  -61.370  15.328 0.0000000000
10811  41.796  -61.718  15.047 0.0000000000
16033  45.715  -57.005  10.720 0.0000000000
17071  47.079  -56.218  9.785 0.0000000000
16050  46.080  -57.007  10.082 0.0000000000
17090  45.735  -55.733  8.811 0.0000000000
17074  44.323  -56.095  9.723 0.0000000000
18049  44.672  -55.746  9.304 0.0000000000
18070  45.021  -55.319  8.775 0.0000000000
19083  45.422  -54.760  8.326 0.0000000000
19097  44.869  -53.868  7.828 0.0000000000
14970  38.632  -58.657  10.406 0.0000000000
22465  42.382  -51.868  10.732 0.0000000000
22464  43.108  -52.242  10.536 0.0000000000
21244  42.986  -52.603  10.798 0.0000000000
18019  46.418  -56.034  11.396 0.0000000000
17031  46.464  -56.309  11.180 0.0000000000
16969  44.718  -56.778  14.353 0.0000000000
14873  44.452  -58.255  15.058 0.0000000000
15948  45.488  -57.372  14.146 0.0000000000
16968  45.620  -56.922  13.822 0.0000000000
16993  45.989  -56.849  13.247 0.0000000000
16008  46.218  -57.094  11.968 0.0000000000
16032  46.213  -56.754  11.051 0.0000000000
16010  44.868  -57.371  11.428 0.0000000000
17012  42.953  -56.944  12.212 0.0000000000
14932  43.064  -58.124  13.253 0.0000000000
15990  42.603  -57.570  12.642 0.0000000000
17013  42.448  -57.095  12.249 0.0000000000
16013  41.291  -57.605  12.135 0.0000000000
16014  40.543  -57.652  11.638 0.0000000000
14968  40.124  -58.194  11.377 0.0000000000
9921  40.482  -63.038  13.986 0.0000000000
9110  38.282  -64.319  9.216 0.0000000000
9936  40.143  -63.326  12.888 0.0000000000
10868  41.034  -62.206  13.193 0.0000000000
10884  41.019  -62.037  12.816 0.0000000000
11819  40.764  -61.504  12.608 0.0000000000
11820  40.235  -61.459  12.189 0.0000000000
12815  39.820  -60.799  12.166 0.0000000000
12833  39.451  -60.498  11.514 0.0000000000
13887  39.296  -59.409  11.397 0.0000000000
13888  38.785  -59.357  10.837 0.0000000000
13903  38.315  -59.549  10.136 0.0000000000
26570  42.228  -48.232  8.839 0.0000000000
26549  40.749  -47.771  9.710 0.0000000000
25184  41.806  -49.431  9.962 0.0000000000
25155  41.380  -49.570  10.352 0.0000000000
25133  37.621  -48.410  11.984 0.0000000000
26489  38.821  -48.633  11.190 0.0000000000
23810  40.891  -50.474  10.824 0.0000000000
22466  41.520  -51.207  10.912 0.0000000000
22447  41.441  -51.913  11.471 0.0000000000
21216  41.088  -52.995  12.343 0.0000000000
22435  39.744  -52.064  12.675 0.0000000000
21217  40.313  -52.768  13.014 0.0000000000
20094  41.258  -53.601  12.952 0.0000000000
20073  41.802  -54.139  13.925 0.0000000000
20051  41.246  -54.211  14.574 0.0000000000
18980  41.184  -54.946  15.074 0.0000000000
17087  47.534  -55.951  9.185 0.0000000000
18066  47.982  -55.535  9.045 0.0000000000
19094  47.947  -54.729  7.210 0.0000000000
19093  48.378  -54.409  7.641 0.0000000000
10812  41.474  -61.828  15.014 0.0000000000
10829  41.476  -61.918  14.616 0.0000000000
10830  41.041  -62.384  14.679 0.0000000000
10852  39.792  -63.082  14.031 0.0000000000
11770  43.042  -60.947  15.701 0.0000000000
11772  42.356  -61.196  15.411 0.0000000000
11788  43.001  -60.768  15.581 0.0000000000
11789  43.009  -60.963  15.449 0.0000000000
11856  38.650  -61.147  10.297 0.0000000000
11868  40.638  -61.917  9.720 0.0000000000
12763  42.907  -60.857  15.362 0.0000000000
12764  42.591  -60.676  15.890 0.0000000000
12765  41.861  -60.720  15.782 0.0000000000
12781  42.453  -60.997  14.642 0.0000000000
12802  39.474  -61.209  13.676 0.0000000000
12814  40.405  -60.787  12.572 0.0000000000
12852  38.990  -60.211  11.105 0.0000000000
13804  41.620  -59.919  15.456 0.0000000000
13818  44.270  -58.888  14.484 0.0000000000
13820  42.988  -60.195  14.792 0.0000000000
13841  42.851  -59.584  14.344 0.0000000000
13843  39.782  -60.416  13.826 0.0000000000
13854  40.044  -60.270  12.501 0.0000000000
13869  39.791  -59.652  12.162 0.0000000000
14877  41.136  -59.063  15.234 0.0000000000
14891  45.689  -57.421  13.968 0.0000000000
14893  44.701  -58.393  14.523 0.0000000000
14910  45.767  -57.272  13.806 0.0000000000
14911  45.493  -57.956  13.623 0.0000000000
14912  45.026  -58.394  13.815 0.0000000000
14915  42.700  -58.861  13.704 0.0000000000
14930  44.988  -57.837  13.146 0.0000000000
14949  41.297  -58.299  12.611 0.0000000000
14984  38.890  -57.998  10.153 0.0000000000
15926  44.088  -57.714  15.297 0.0000000000
15947  45.840  -57.013  13.892 0.0000000000
15949  44.949  -57.756  14.543 0.0000000000
15951  40.747  -57.998  14.778 0.0000000000
15969  45.572  -57.605  13.133 0.0000000000
15970  44.867  -58.035  13.332 0.0000000000
15971  44.444  -57.797  13.179 0.0000000000
15986  46.041  -57.245  12.839 0.0000000000
16011  44.144  -57.218  11.491 0.0000000000
16012  42.041  -57.308  12.319 0.0000000000
16049  46.442  -56.737  10.261 0.0000000000
16947  44.341  -57.266  14.949 0.0000000000
16967  46.022  -57.188  13.720 0.0000000000
16994  45.431  -56.605  13.492 0.0000000000
17011  46.144  -56.678  12.175 0.0000000000
17030  47.030  -55.996  10.655 0.0000000000
17036  40.460  -57.113  11.391 0.0000000000
17054  45.575  -56.904  10.028 0.0000000000
17069  47.525  -55.744  9.446 0.0000000000
17070  47.408  -55.801  9.641 0.0000000000
17072  46.335  -56.544  9.600 0.0000000000
17086  47.669  -55.687  9.279 0.0000000000
17947  41.622  -55.617  15.177 0.0000000000
17965  42.954  -55.591  14.555 0.0000000000
17966  41.749  -56.177  15.176 0.0000000000
17987  45.201  -56.068  12.945 0.0000000000
18003  45.528  -55.945  12.408 0.0000000000
18035  47.184  -55.794  10.444 0.0000000000
18036  46.980  -55.634  10.767 0.0000000000
18048  47.370  -55.628  9.917 0.0000000000
18083  48.157  -55.203  8.426 0.0000000000
18965  42.416  -55.149  14.848 0.0000000000
18967  41.739  -55.358  15.204 0.0000000000
18977  43.042  -55.296  14.016 0.0000000000
18999  42.250  -54.574  14.100 0.0000000000
19014  42.894  -54.989  12.880 0.0000000000
19028  45.249  -55.123  11.403 0.0000000000
19061  47.924  -55.302  9.231 0.0000000000
20042  39.493  -53.095  15.270 0.0000000000
20109  41.426  -53.324  12.147 0.0000000000
20176  47.738  -53.382  6.313 0.0000000000
21218  39.630  -52.239  13.394 0.0000000000
23789  38.504  -49.852  11.839 0.0000000000
23811  40.221  -50.293  10.977 0.0000000000
25114  37.560  -48.985  12.578 0.0000000000
25154  41.937  -49.792  10.161 0.0000000000
