#!ascii label  , from subject 3777 vox2ras=TkReg
1097
68561  25.809  -14.824  -6.459 0.1428571492
67373  24.350  -15.788  -6.992 0.1428571492
69868  24.920  -13.535  -8.285 0.1428571492
68578  25.621  -14.323  -7.506 0.2857142985
67390  25.069  -14.854  -7.520 0.1428571492
68560  26.791  -14.133  -6.759 0.1428571492
71088  25.688  -12.444  -8.700 0.5714285970
69866  26.921  -13.177  -7.309 0.1428571492
71085  28.301  -12.048  -8.309 0.2857142985
71070  27.624  -12.642  -7.774 0.2857142985
72271  28.451  -11.665  -9.020 0.1428571492
74662  29.428  -9.908  -11.565 0.2857142985
74646  29.392  -10.272  -11.171 0.1428571492
73475  29.007  -10.498  -10.754 0.2857142985
75845  30.859  -8.105  -12.839 0.2857142985
75833  30.487  -8.781  -11.790 0.2857142985
77092  31.427  -7.641  -14.421 0.2857142985
75870  30.767  -8.276  -14.399 0.2857142985
79568  32.148  -6.034  -14.666 0.2857142985
82045  33.430  -4.310  -16.473 0.8571428657
80846  33.181  -5.461  -15.573 0.4285714328
78303  32.339  -6.337  -14.314 0.2857142985
83284  34.886  -2.654  -18.536 0.7142857313
82071  35.349  -3.489  -17.962 0.7142857313
82057  34.711  -3.930  -17.252 0.7142857313
80859  32.903  -4.630  -15.896 0.7142857313
83298  36.231  -1.826  -19.263 0.8571428657
83283  35.854  -2.853  -18.631 0.5714285970
83299  35.224  -2.029  -19.066 0.8571428657
82072  34.289  -3.209  -18.047 0.7142857313
82058  33.502  -3.500  -17.194 0.7142857313
84575  37.964  -1.064  -22.503 0.4285714328
83310  36.604  -1.352  -20.069 0.7142857313
84538  36.062  -1.266  -19.593 0.8571428657
88366  37.130  1.729  -23.552 0.2857142985
88372  36.683  1.677  -24.506 0.5714285970
84577  36.896  -0.855  -22.361 0.8571428657
85816  37.658  -0.424  -22.593 0.7142857313
84566  36.094  -0.758  -21.206 0.8571428657
91761  36.124  3.657  -23.425 0.1428571492
89556  36.717  2.094  -22.670 0.1428571492
89570  36.888  2.276  -23.835 0.4285714328
87092  36.498  0.543  -23.603 0.5714285970
85818  36.116  0.352  -22.997 0.8571428657
93922  34.537  6.152  -23.376 0.1428571492
91750  36.196  3.865  -22.919 0.1428571492
91762  35.628  4.314  -23.559 0.1428571492
90707  35.181  3.557  -24.213 0.4285714328
87093  35.690  0.919  -23.578 0.8571428657
93892  32.083  6.581  -21.913 0.1428571492
93908  33.507  6.668  -22.525 0.1428571492
95038  33.035  6.669  -23.216 0.1428571492
92826  34.761  5.506  -24.043 0.1428571492
92828  33.002  5.125  -23.815 0.4285714328
89579  34.919  2.780  -23.849 0.7142857313
87085  34.485  1.366  -22.157 0.8571428657
93910  31.543  6.064  -22.869 0.1428571492
93911  30.263  6.436  -22.442 0.1428571492
93932  31.779  5.279  -24.232 0.5714285970
90703  34.059  3.381  -23.555 0.8571428657
88353  34.565  1.888  -22.806 0.8571428657
89572  33.908  3.247  -22.962 0.8571428657
95007  30.589  7.400  -21.784 0.1428571492
93912  29.262  6.665  -22.226 0.2857142985
92814  29.524  5.986  -22.295 0.8571428657
91765  32.006  4.772  -23.680 0.8571428657
138304  33.596  4.269  -24.143 0.7142857313
138217  31.247  4.272  -21.712 0.8571428657
95025  27.457  7.627  -22.136 0.1428571492
96067  28.103  8.527  -22.526 0.1428571492
93894  27.789  6.322  -21.703 0.4285714328
93879  27.939  6.091  -20.550 0.8571428657
92799  29.162  5.973  -21.520 0.8571428657
138218  30.836  5.002  -22.031 0.8571428657
138216  31.116  4.703  -21.184 0.8571428657
93896  26.934  6.939  -21.618 0.4285714328
138232  29.286  6.372  -20.339 0.8571428657
138225  30.362  5.567  -20.855 0.8571428657
138237  29.749  6.571  -19.669 0.8571428657
95026  27.276  8.411  -22.064 0.1428571492
96069  26.701  9.088  -22.485 0.2857142985
95010  27.173  7.614  -21.567 0.5714285970
96049  27.349  8.195  -21.413 0.8571428657
94998  26.861  7.321  -20.939 0.8571428657
94997  27.528  7.031  -20.620 0.8571428657
138215  28.813  7.181  -19.720 0.8571428657
96037  28.949  8.021  -20.121 0.8571428657
96028  30.062  7.692  -18.932 0.8571428657
97114  26.221  10.108  -22.180 0.2857142985
97103  26.422  9.575  -21.954 0.7142857313
96058  26.971  8.834  -21.863 0.5714285970
97102  26.940  9.531  -21.717 0.8571428657
97083  28.718  8.975  -20.175 0.8571428657
138243  29.255  9.936  -20.243 0.8571428657
138241  29.670  8.035  -19.441 0.8571428657
98139  26.604  10.293  -21.967 0.8571428657
99148  27.762  11.029  -21.683 0.8571428657
98122  28.733  10.296  -20.615 0.8571428657
100175  29.234  11.870  -19.979 0.7142857313
99129  29.100  10.674  -20.346 0.7142857313
100189  26.580  11.644  -22.148 0.8571428657
100188  27.060  12.081  -21.980 0.8571428657
99138  28.546  11.043  -20.923 0.8571428657
101374  28.334  12.911  -21.432 0.8571428657
101386  27.847  13.288  -22.115 0.8571428657
101364  29.081  12.904  -20.415 0.7142857313
101402  26.081  13.292  -23.508 0.7142857313
101387  27.231  13.142  -22.677 0.8571428657
101401  26.857  13.526  -23.647 0.8571428657
103776  28.011  14.868  -23.208 0.8571428657
138256  26.753  15.901  -24.734 0.7142857313
100187  28.129  11.939  -21.576 0.8571428657
102609  27.747  13.769  -22.577 0.8571428657
103789  28.235  15.646  -26.121 0.1428571492
102631  26.816  14.581  -24.297 0.8571428657
138275  26.556  15.756  -25.160 0.7142857313
138279  27.196  15.586  -24.150 0.8571428657
104877  28.542  16.860  -25.540 0.1428571492
138261  26.605  16.456  -25.918 0.5714285970
104880  26.936  16.833  -26.287 0.5714285970
108144  27.535  19.057  -26.016 0.5714285970
105974  27.972  17.369  -25.904 0.1428571492
107034  29.088  18.495  -23.850 0.1428571492
108133  28.088  19.234  -25.160 0.5714285970
108106  29.055  19.602  -23.351 0.1428571492
108087  28.562  20.057  -22.458 0.1428571492
108132  28.844  19.381  -25.005 0.1428571492
109072  28.519  20.768  -21.831 0.1428571492
108107  28.587  20.195  -23.106 0.1428571492
109084  28.384  20.679  -22.776 0.1428571492
109059  28.560  20.652  -20.793 0.1428571492
110039  28.015  21.335  -22.212 0.1428571492
67346  25.200  -15.652  -6.103 0.1428571492
67347  24.640  -16.191  -6.375 0.1428571492
69867  25.934  -13.100  -7.782 0.2857142985
71071  26.662  -12.520  -7.949 0.2857142985
74645  29.820  -9.751  -10.672 0.2857142985
73474  29.067  -9.852  -9.962 0.2857142985
73459  28.619  -10.593  -9.923 0.1428571492
79569  31.716  -6.009  -14.283 0.2857142985
78305  30.926  -7.031  -14.377 0.2857142985
80858  33.946  -5.272  -16.150 0.4285714328
80847  32.185  -5.118  -15.413 0.5714285970
83297  37.321  -1.999  -19.167 0.2857142985
82046  32.595  -3.818  -16.501 0.7142857313
85815  38.304  -0.523  -22.379 0.1428571492
85805  35.151  -0.309  -21.279 0.8571428657
87099  35.769  1.490  -24.198 0.7142857313
93893  31.164  6.597  -21.938 0.1428571492
92813  30.597  5.593  -22.473 0.8571428657
91753  31.696  5.036  -22.744 0.8571428657
90678  31.594  3.668  -21.112 0.8571428657
138235  30.628  5.970  -19.873 0.8571428657
98140  26.230  10.404  -22.250 0.8571428657
101389  25.757  12.844  -22.875 0.8571428657
101413  26.816  13.813  -24.241 0.8571428657
138272  26.416  14.998  -25.543 0.7142857313
104879  27.491  16.599  -26.364 0.2857142985
107056  28.395  18.273  -25.310 0.1428571492
108056  28.825  19.838  -20.492 0.1428571492
66157  24.286  -16.611  -6.519 0.1428571492
71072  25.956  -12.413  -8.168 0.4285714328
71102  27.928  -12.176  -9.120 0.2857142985
71087  26.583  -12.846  -8.902 0.4285714328
72287  28.159  -11.661  -9.855 0.1428571492
74644  30.614  -8.976  -10.812 0.2857142985
75846  30.390  -8.841  -12.496 0.2857142985
74677  29.984  -9.284  -12.661 0.2857142985
74678  29.399  -9.266  -12.186 0.2857142985
74691  30.190  -9.103  -13.039 0.2857142985
80860  31.821  -4.176  -15.879 0.7142857313
93906  35.092  5.800  -22.867 0.1428571492
95005  32.533  7.293  -21.300 0.1428571492
95023  29.145  7.525  -22.302 0.1428571492
95024  28.208  7.567  -22.402 0.2857142985
96066  28.950  8.492  -22.382 0.1428571492
92815  28.817  6.286  -21.852 0.8571428657
90689  33.408  3.652  -22.575 0.8571428657
90663  33.158  3.337  -21.125 1.0000000000
97112  27.386  9.288  -23.175 0.1428571492
97121  27.216  9.743  -23.513 0.1428571492
98151  26.442  10.588  -22.729 0.2857142985
138247  29.527  10.749  -19.469 0.8571428657
99159  26.057  11.540  -22.711 0.5714285970
100214  25.957  12.833  -23.670 0.5714285970
101414  26.717  13.646  -24.459 0.5714285970
102632  26.492  14.547  -24.864 0.7142857313
138260  26.762  15.679  -26.150 0.4285714328
101430  27.050  13.692  -26.013 0.2857142985
138259  27.134  14.566  -26.106 0.2857142985
103792  27.653  15.630  -26.455 0.1428571492
104878  28.217  16.558  -26.084 0.1428571492
105973  28.493  17.436  -25.454 0.1428571492
110065  28.192  21.558  -25.157 0.2857142985
105945  28.879  17.476  -24.316 0.1428571492
109098  28.853  19.994  -24.202 0.1428571492
109108  28.580  20.527  -24.503 0.1428571492
110045  27.774  21.012  -23.289 0.1428571492
107016  29.375  18.449  -22.710 0.1428571492
110035  28.133  21.394  -21.194 0.1428571492
110036  27.344  22.101  -21.567 0.1428571492
110029  28.184  21.378  -20.124 0.1428571492
99171  26.342  11.948  -23.554 0.4285714328
99185  26.831  11.942  -24.861 0.4285714328
100225  26.754  12.879  -24.530 0.4285714328
100233  27.178  12.928  -25.607 0.4285714328
101421  26.752  13.823  -25.463 0.5714285970
138267  26.661  14.698  -25.747 0.5714285970
67372  25.170  -15.181  -7.111 0.1428571492
68579  24.640  -14.477  -7.640 0.2857142985
69879  25.451  -12.886  -8.355 0.5714285970
71086  27.409  -12.559  -8.638 0.1428571492
74661  30.053  -9.222  -11.749 0.2857142985
83272  32.891  -2.669  -17.631 0.7142857313
82094  37.241  -1.811  -21.254 0.8571428657
83312  35.911  -0.710  -20.582 0.8571428657
87091  37.295  0.529  -23.130 0.5714285970
89578  35.716  2.574  -23.993 0.5714285970
92823  33.567  5.608  -23.570 0.2857142985
92820  35.279  5.231  -23.126 0.1428571492
91767  34.454  4.588  -24.369 0.1428571492
90690  32.384  4.050  -22.484 0.8571428657
138220  29.735  5.568  -21.971 0.8571428657
92787  27.278  6.074  -21.208 0.8571428657
97092  27.942  8.908  -20.888 0.8571428657
96048  27.383  7.988  -20.863 0.8571428657
138246  29.531  9.305  -19.392 0.8571428657
98130  28.151  9.991  -21.134 0.8571428657
100201  26.198  12.192  -22.482 0.8571428657
100200  26.669  12.598  -22.531 0.8571428657
104867  28.345  16.274  -25.657 0.1428571492
107057  27.750  17.993  -25.644 0.5714285970
105980  26.979  17.646  -26.301 0.5714285970
109121  28.579  20.410  -25.039 0.4285714328
108121  29.079  19.397  -24.446 0.1428571492
108070  28.662  19.954  -21.454 0.1428571492
108086  28.899  19.248  -22.102 0.1428571492
107047  29.064  18.304  -24.938 0.1428571492
109107  28.888  20.284  -24.775 0.1428571492
74617  30.793  -9.912  -9.137 0.1428571492
99172  25.813  12.358  -23.350 0.5714285970
71104  26.473  -12.545  -9.780 0.4285714328
75847  29.538  -8.505  -12.879 0.5714285970
110054  27.448  22.068  -24.581 0.1428571492
75848  28.943  -8.581  -12.325 0.5714285970
75818  27.396  -8.433  -10.875 0.5714285970
75819  26.450  -8.414  -10.396 0.2857142985
78279  29.052  -7.029  -12.533 0.5714285970
78237  28.047  -6.546  -10.927 0.5714285970
74648  25.930  -9.284  -10.325 0.4285714328
77030  28.231  -7.150  -11.289 0.5714285970
77034  24.821  -7.442  -10.358 0.2857142985
78239  26.327  -6.638  -10.664 0.4285714328
79571  30.277  -6.215  -14.293 0.4285714328
79537  29.157  -5.757  -12.274 0.5714285970
79514  28.422  -5.492  -11.551 0.5714285970
79516  26.605  -5.354  -11.121 0.4285714328
80817  29.572  -4.936  -14.103 0.5714285970
80795  30.023  -4.783  -12.974 0.5714285970
80831  30.254  -4.440  -14.185 0.7142857313
81997  29.955  -4.097  -12.873 0.4285714328
79490  26.906  -6.045  -10.772 0.4285714328
78240  25.197  -6.364  -10.655 0.2857142985
80775  27.291  -4.657  -11.405 0.4285714328
80832  30.128  -5.214  -14.328 0.7142857313
82038  30.594  -3.307  -15.648 0.7142857313
83238  30.385  -2.459  -13.815 0.4285714328
83261  30.770  -2.348  -16.132 0.7142857313
84497  31.114  -1.551  -14.184 0.5714285970
84504  31.608  -1.485  -15.905 0.7142857313
85739  31.117  -0.297  -13.792 0.2857142985
80861  30.937  -3.758  -16.070 0.5714285970
82047  31.602  -3.373  -16.557 0.5714285970
82048  30.791  -2.935  -16.680 0.7142857313
84543  31.373  -1.446  -17.860 0.7142857313
87007  32.604  -0.135  -16.626 0.7142857313
87024  32.742  -0.128  -17.543 0.7142857313
86993  32.702  0.368  -15.530 0.7142857313
86977  32.314  0.503  -14.568 0.4285714328
88268  33.183  1.232  -16.133 0.4285714328
83285  34.033  -2.199  -18.518 0.5714285970
84519  31.892  -2.248  -17.676 0.5714285970
84528  33.929  -1.751  -18.814 0.5714285970
87042  32.945  -0.437  -18.133 0.5714285970
87041  33.671  0.129  -18.897 0.7142857313
88302  33.485  1.039  -18.420 0.7142857313
89518  33.197  2.427  -18.002 0.7142857313
88284  33.101  1.127  -17.272 0.7142857313
89505  32.803  2.346  -16.846 0.5714285970
90637  32.721  3.517  -17.473 0.5714285970
85813  35.934  0.020  -22.171 0.7142857313
85797  34.410  0.097  -20.396 0.5714285970
85776  33.609  -0.291  -18.973 0.5714285970
87065  34.270  0.978  -20.659 0.7142857313
87053  34.152  0.599  -19.717 0.7142857313
89528  33.636  2.551  -20.140 0.8571428657
89490  32.687  2.362  -15.672 0.4285714328
90647  32.889  3.760  -18.729 0.7142857313
91697  32.484  4.552  -16.897 0.7142857313
91707  31.920  4.474  -18.066 0.7142857313
92759  31.932  4.856  -17.426 0.7142857313
85806  34.517  0.469  -21.177 0.5714285970
88315  33.748  1.602  -19.255 0.7142857313
90654  33.313  3.244  -20.399 0.8571428657
90655  32.738  3.839  -19.984 0.8571428657
91708  31.542  4.959  -18.271 0.7142857313
92732  31.768  6.109  -16.563 0.5714285970
94956  31.162  7.427  -16.735 0.2857142985
89548  33.800  2.725  -21.450 0.7142857313
91717  31.750  4.632  -19.498 0.7142857313
96015  31.026  8.419  -17.690 0.7142857313
90664  32.278  3.650  -20.938 0.7142857313
92778  31.508  5.155  -19.104 0.8571428657
93848  31.602  6.341  -17.799 0.8571428657
96027  30.537  8.507  -18.470 0.8571428657
93859  31.395  5.998  -18.641 0.8571428657
94966  31.234  7.244  -17.776 0.5714285970
96016  30.773  7.831  -18.296 0.8571428657
97065  30.807  9.442  -17.204 0.7142857313
138231  31.127  5.284  -19.603 0.8571428657
94967  30.827  7.227  -18.525 0.8571428657
97075  30.381  9.717  -18.441 0.8571428657
138245  29.996  8.753  -18.828 0.8571428657
99123  30.402  11.082  -18.189 0.7142857313
138264  28.737  13.657  -20.557 0.7142857313
101354  29.004  13.804  -19.925 0.7142857313
102596  28.511  13.709  -21.201 0.5714285970
102566  29.056  14.718  -19.190 0.7142857313
138269  28.571  14.272  -20.767 0.7142857313
103765  28.301  14.736  -22.023 0.7142857313
138278  27.817  16.157  -21.883 0.7142857313
138263  28.469  15.939  -20.423 0.7142857313
105934  27.570  17.327  -22.151 0.7142857313
107017  27.426  18.311  -22.151 0.7142857313
107005  27.402  18.442  -21.423 0.5714285970
138280  27.429  16.467  -23.661 0.7142857313
107035  27.313  17.944  -23.052 0.7142857313
108072  26.841  18.828  -21.571 0.5714285970
107049  26.942  18.399  -23.815 0.4285714328
107036  27.116  18.674  -22.945 0.5714285970
108073  26.003  19.072  -21.782 0.5714285970
105963  26.852  17.235  -24.338 0.5714285970
108058  26.188  18.801  -20.998 0.5714285970
108108  26.512  19.090  -23.441 0.5714285970
108090  25.844  19.547  -22.653 0.5714285970
108059  25.413  19.134  -21.007 0.4285714328
105904  24.796  17.962  -20.483 0.5714285970
106992  25.478  18.255  -20.417 0.4285714328
107008  23.697  18.934  -21.598 0.5714285970
108074  25.061  19.361  -21.831 0.5714285970
108109  25.789  19.935  -23.774 0.5714285970
105906  24.157  18.162  -19.777 0.4285714328
104802  24.822  16.970  -18.983 0.4285714328
106994  23.893  18.674  -20.592 0.5714285970
106993  24.495  18.703  -20.993 0.5714285970
108035  24.628  19.762  -18.956 0.4285714328
80875  34.142  -4.402  -16.726 0.2857142985
85796  34.512  -0.574  -20.024 0.5714285970
108046  24.477  19.943  -19.774 0.2857142985
108036  24.132  19.269  -19.492 0.4285714328
106965  23.978  18.564  -18.597 0.2857142985
74664  27.640  -9.337  -11.184 0.5714285970
74647  27.002  -9.569  -10.602 0.5714285970
77080  29.752  -7.960  -14.109 0.2857142985
77065  29.467  -7.673  -13.403 0.4285714328
78306  30.416  -7.229  -14.362 0.2857142985
78278  29.554  -6.481  -13.222 0.5714285970
75820  25.430  -8.326  -10.266 0.2857142985
79491  25.993  -5.910  -10.938 0.4285714328
80797  28.441  -4.508  -11.910 0.4285714328
80796  29.480  -4.668  -12.603 0.5714285970
78261  24.407  -6.037  -10.874 0.2857142985
79517  25.675  -5.300  -11.249 0.2857142985
83239  30.032  -2.789  -12.877 0.5714285970
82056  35.703  -4.353  -17.425 0.2857142985
85724  29.560  -0.514  -12.950 0.2857142985
85750  31.968  -0.818  -15.485 0.7142857313
91725  31.750  4.169  -20.675 0.8571428657
101363  29.418  12.350  -19.760 0.7142857313
138257  29.774  13.484  -18.404 0.7142857313
138274  28.031  16.862  -21.530 0.7142857313
106991  26.671  18.416  -20.387 0.5714285970
105905  24.433  18.042  -20.200 0.2857142985
138273  26.318  16.584  -25.072 0.5714285970
107058  27.182  17.707  -24.248 0.5714285970
105976  26.439  17.330  -24.824 0.5714285970
107060  27.720  18.774  -24.988 0.5714285970
108091  24.708  19.790  -22.875 0.5714285970
108092  23.911  19.797  -22.539 0.2857142985
80798  27.492  -3.794  -11.725 0.4285714328
75859  29.855  -8.411  -13.599 0.2857142985
84540  34.278  -1.384  -19.306 0.7142857313
82059  32.294  -3.145  -17.198 0.5714285970
87083  35.617  0.516  -22.744 0.7142857313
88328  33.979  1.810  -21.050 0.7142857313
87075  34.218  1.113  -21.503 0.7142857313
94977  30.629  6.509  -19.124 0.7142857313
138277  27.967  15.591  -23.098 0.8571428657
80848  30.835  -4.644  -15.105 0.5714285970
138250  29.889  11.258  -18.884 0.7142857313
84530  32.494  -1.812  -17.982 0.5714285970
77066  29.155  -7.903  -12.620 0.5714285970
77031  27.717  -7.389  -10.839 0.5714285970
75835  27.916  -8.820  -11.425 0.4285714328
77032  26.859  -7.486  -10.559 0.5714285970
78238  27.273  -6.696  -10.650 0.4285714328
77033  25.839  -7.419  -10.405 0.4285714328
78259  28.392  -6.489  -11.604 0.5714285970
79515  27.766  -5.730  -11.031 0.4285714328
73478  26.286  -10.418  -10.080 0.5714285970
79536  29.817  -5.395  -13.075 0.5714285970
80776  26.152  -4.590  -11.466 0.4285714328
82016  30.268  -3.622  -13.482 0.5714285970
82017  30.013  -3.475  -12.799 0.4285714328
82029  30.323  -3.495  -14.597 0.5714285970
83253  30.612  -2.580  -14.970 0.7142857313
84479  30.479  -1.636  -13.564 0.4285714328
84480  29.914  -1.660  -13.002 0.4285714328
83221  29.374  -2.250  -12.618 0.4285714328
82061  30.771  -2.479  -17.429 0.7142857313
84520  30.524  -1.665  -17.409 0.7142857313
85723  30.531  -0.863  -13.349 0.2857142985
85766  31.383  -0.955  -16.907 0.7142857313
84541  33.092  -1.225  -18.696 0.7142857313
87043  31.698  -0.925  -17.675 0.7142857313
85785  34.095  -0.840  -19.650 0.5714285970
90627  32.829  3.477  -16.255 0.7142857313
88314  34.024  1.760  -20.000 0.5714285970
91684  32.679  4.513  -15.677 0.2857142985
93837  31.381  6.521  -16.947 0.5714285970
94922  31.160  7.849  -14.734 0.2857142985
138253  28.474  15.204  -20.829 0.7142857313
105946  27.383  17.159  -23.252 0.8571428657
108060  23.544  19.514  -21.192 0.5714285970
106977  23.942  18.642  -19.670 0.4285714328
80777  25.246  -4.690  -11.763 0.1428571492
82000  27.042  -2.981  -11.967 0.4285714328
71073  24.380  -13.081  -7.853 0.4285714328
77064  31.454  -7.460  -12.099 0.1428571492
77079  31.356  -7.504  -13.339 0.1428571492
79587  32.659  -6.081  -15.118 0.1428571492
80845  33.621  -5.545  -15.672 0.1428571492
77078  31.765  -6.831  -13.713 0.1428571492
77063  31.861  -6.724  -12.569 0.1428571492
79585  34.523  -5.491  -15.474 0.1428571492
78302  33.169  -6.287  -14.738 0.1428571492
78292  33.165  -6.006  -13.887 0.1428571492
79602  34.823  -5.523  -16.174 0.1428571492
80887  36.962  -4.564  -17.954 0.2857142985
83281  38.008  -2.697  -18.336 0.1428571492
138251  29.594  11.819  -19.338 0.5714285970
110925  26.707  22.588  -19.312 0.1428571492
99114  30.398  11.543  -17.213 0.4285714328
111708  25.366  23.896  -19.009 0.1428571492
110040  27.296  21.804  -22.617 0.1428571492
101330  29.698  14.127  -18.110 0.4285714328
138258  29.356  13.708  -19.187 0.5714285970
103719  29.106  15.454  -18.145 0.4285714328
111720  24.010  23.088  -21.914 0.2857142985
110043  24.886  21.288  -22.976 0.2857142985
109111  25.567  20.573  -24.390 0.2857142985
110048  25.590  21.479  -23.912 0.2857142985
102537  26.825  14.708  -16.277 0.1428571492
103720  28.569  16.004  -19.099 0.5714285970
138244  28.129  16.247  -21.092 0.5714285970
110936  23.515  22.173  -22.005 0.2857142985
108123  27.345  19.429  -24.712 0.4285714328
103702  27.574  16.310  -17.659 0.4285714328
105882  27.814  17.253  -19.717 0.5714285970
110044  24.102  21.433  -22.500 0.2857142985
104768  25.984  16.063  -18.233 0.4285714328
104783  25.768  16.422  -19.024 0.2857142985
109049  23.995  20.618  -20.064 0.1428571492
109086  23.813  20.516  -22.302 0.1428571492
110032  23.712  21.395  -21.396 0.1428571492
104784  25.027  16.108  -18.487 0.1428571492
105885  25.072  17.444  -19.834 0.4285714328
110022  23.891  21.609  -19.669 0.1428571492
106940  25.542  18.959  -16.578 0.1428571492
109040  24.967  20.822  -18.648 0.1428571492
110012  24.298  21.912  -18.745 0.1428571492
108034  25.246  20.007  -18.258 0.1428571492
109039  25.623  20.885  -18.005 0.1428571492
110011  25.002  21.525  -18.113 0.1428571492
109031  25.878  20.761  -17.037 0.1428571492
71089  24.679  -12.544  -8.365 0.4285714328
73442  23.966  -10.519  -8.640 0.2857142985
79617  35.353  -5.439  -16.528 0.1428571492
101342  30.465  13.077  -17.835 0.2857142985
138268  26.417  16.844  -25.515 0.4285714328
109124  26.996  20.907  -24.556 0.2857142985
110931  23.804  22.329  -21.154 0.2857142985
110939  24.995  22.265  -22.529 0.2857142985
110926  23.763  22.446  -19.389 0.2857142985
72274  23.405  -11.114  -8.003 0.2857142985
73458  29.378  -10.460  -9.417 0.1428571492
72286  28.885  -11.117  -9.295 0.1428571492
74660  30.534  -8.802  -11.444 0.1428571492
75832  31.013  -8.161  -11.360 0.1428571492
83282  36.933  -2.790  -18.508 0.1428571492
80874  34.987  -5.122  -16.841 0.1428571492
104769  25.260  15.627  -17.787 0.1428571492
100151  30.369  12.559  -17.137 0.4285714328
103683  27.284  16.056  -16.793 0.2857142985
105902  27.442  17.715  -20.214 0.5714285970
109133  27.398  19.413  -25.868 0.4285714328
111717  23.788  23.310  -20.737 0.2857142985
110934  24.510  23.189  -23.002 0.2857142985
110055  26.531  21.622  -24.405 0.2857142985
110042  25.740  21.631  -22.950 0.2857142985
111723  25.159  22.849  -22.212 0.2857142985
111718  25.613  23.545  -21.498 0.1428571492
111715  24.879  24.029  -20.721 0.1428571492
110037  26.936  22.625  -21.173 0.1428571492
110927  23.601  22.576  -20.143 0.2857142985
110933  26.630  23.119  -21.753 0.1428571492
111714  25.835  23.555  -20.710 0.1428571492
110046  27.158  21.579  -23.844 0.1428571492
110937  26.866  22.507  -22.433 0.1428571492
83296  38.339  -2.272  -19.252 0.2857142985
109122  28.015  20.596  -25.085 0.4285714328
111716  24.182  23.655  -20.840 0.2857142985
110943  26.853  21.896  -24.355 0.2857142985
110041  26.567  21.742  -22.899 0.1428571492
72272  25.263  -11.965  -8.733 0.4285714328
69880  25.161  -12.898  -8.480 0.4285714328
107069  27.076  18.413  -25.643 0.4285714328
108122  27.523  20.072  -24.929 0.2857142985
110947  27.817  22.553  -25.430 0.2857142985
102553  29.570  14.588  -17.535 0.4285714328
138226  28.569  15.180  -20.099 0.5714285970
138265  28.442  16.362  -19.869 0.5714285970
105922  27.976  17.627  -21.160 0.5714285970
109109  27.233  20.395  -24.808 0.2857142985
108047  24.039  19.529  -20.322 0.4285714328
106964  24.962  19.161  -18.157 0.2857142985
109060  23.811  20.484  -20.880 0.2857142985
100160  30.224  12.361  -18.142 0.5714285970
105921  28.274  17.071  -20.702 0.5714285970
105884  26.080  17.030  -19.500 0.5714285970
108110  25.062  20.171  -23.592 0.2857142985
109085  24.261  20.535  -22.878 0.2857142985
79567  33.661  -5.703  -14.483 0.1428571492
78293  32.523  -6.281  -13.232 0.1428571492
79584  35.351  -5.049  -15.501 0.1428571492
111724  23.544  23.139  -22.677 0.2857142985
110940  23.973  22.617  -22.907 0.2857142985
110057  25.204  20.931  -24.404 0.2857142985
110056  25.593  21.149  -24.486 0.2857142985
103701  28.302  16.031  -17.763 0.4285714328
110023  23.748  21.497  -20.532 0.1428571492
104767  26.882  16.574  -17.974 0.4285714328
104754  26.290  16.227  -17.280 0.2857142985
104781  28.113  16.648  -18.687 0.5714285970
105866  26.722  16.918  -18.729 0.5714285970
104801  25.434  16.767  -19.202 0.4285714328
71090  23.880  -11.941  -8.073 0.2857142985
79601  35.749  -5.459  -16.215 0.1428571492
100138  30.598  12.904  -16.187 0.2857142985
110938  25.998  22.529  -22.417 0.2857142985
93806  32.154  6.766  -14.872 0.2857142985
111693  23.946  24.176  -17.869 0.1428571492
111713  23.146  23.628  -20.019 0.1428571492
111678  24.252  24.679  -16.677 0.1428571492
109989  25.759  22.176  -16.441 0.1428571492
111709  23.690  23.734  -18.565 0.1428571492
111710  23.411  24.001  -19.232 0.1428571492
110891  25.457  23.119  -16.874 0.1428571492
110877  25.542  23.067  -15.802 0.1428571492
110904  24.863  23.113  -17.634 0.1428571492
111677  25.036  23.956  -16.261 0.1428571492
110905  24.259  23.061  -18.321 0.1428571492
111692  24.707  23.826  -17.065 0.1428571492
111642  25.740  24.435  -14.535 0.1428571492
111659  24.562  24.599  -15.590 0.1428571492
92731  32.196  5.555  -16.280 0.2857142985
111643  25.196  24.875  -15.009 0.1428571492
112474  24.000  25.580  -16.689 0.1428571492
79589  31.107  -5.505  -14.374 0.2857142985
110919  23.466  23.146  -19.547 0.1428571492
112514  22.987  24.587  -19.714 0.1428571492
112490  23.027  24.927  -18.318 0.1428571492
113343  22.815  25.186  -19.237 0.1428571492
111658  25.320  24.107  -15.415 0.1428571492
111657  25.877  23.638  -15.115 0.1428571492
79590  30.662  -5.786  -14.198 0.4285714328
73477  27.199  -10.836  -10.637 0.4285714328
72319  28.101  -11.460  -11.306 0.2857142985
73460  28.460  -11.133  -10.539 0.1428571492
73490  27.673  -10.212  -11.244 0.2857142985
73476  28.464  -11.004  -11.094 0.1428571492
74663  28.237  -9.553  -11.609 0.2857142985
71118  26.877  -12.309  -10.411 0.2857142985
106976  25.639  17.724  -19.824 0.4285714328
73503  29.010  -10.121  -11.868 0.1428571492
73489  28.379  -10.521  -11.501 0.1428571492
72304  28.147  -11.723  -10.771 0.1428571492
74679  28.756  -9.225  -12.010 0.2857142985
72305  27.455  -11.785  -10.691 0.2857142985
72290  25.360  -11.449  -9.237 0.2857142985
72273  24.478  -11.475  -8.561 0.2857142985
73461  26.054  -11.186  -9.603 0.2857142985
73462  25.299  -10.484  -9.585 0.2857142985
81998  29.370  -3.403  -12.323 0.2857142985
83222  28.566  -2.354  -12.372 0.2857142985
84463  28.884  -1.643  -12.587 0.2857142985
86979  31.068  0.393  -13.617 0.1428571492
88235  31.157  1.233  -13.543 0.1428571492
88233  32.721  1.179  -14.236 0.2857142985
90613  32.262  3.321  -14.956 0.1428571492
93790  31.440  7.288  -14.235 0.1428571492
94923  31.154  8.407  -14.370 0.1428571492
97053  31.176  9.641  -16.180 0.1428571492
97019  30.992  9.512  -14.465 0.1428571492
98096  31.316  10.303  -15.587 0.1428571492
98082  30.754  10.972  -15.418 0.1428571492
102519  29.545  14.393  -15.699 0.1428571492
103700  29.132  15.317  -17.101 0.1428571492
102522  27.566  14.378  -15.646 0.1428571492
102535  28.806  14.983  -15.967 0.1428571492
105886  24.272  17.435  -19.380 0.1428571492
105887  23.810  17.855  -19.127 0.1428571492
104785  24.168  16.488  -18.486 0.1428571492
106953  23.896  17.982  -17.777 0.1428571492
72289  26.083  -11.875  -9.636 0.1428571492
98109  30.586  10.758  -17.247 0.2857142985
99082  30.386  11.962  -15.277 0.1428571492
103682  28.425  15.454  -16.671 0.1428571492
71074  23.753  -12.596  -7.624 0.2857142985
81999  28.107  -3.183  -12.013 0.2857142985
83223  27.587  -2.320  -12.454 0.2857142985
89443  30.148  1.680  -13.714 0.1428571492
91661  32.287  4.379  -14.585 0.1428571492
92712  31.461  5.395  -13.721 0.1428571492
92711  32.002  5.494  -14.351 0.1428571492
94907  30.551  7.742  -13.484 0.1428571492
94906  30.972  7.985  -14.122 0.1428571492
95972  30.882  8.841  -14.209 0.1428571492
97020  30.512  9.545  -13.766 0.1428571492
99099  30.563  11.790  -16.253 0.1428571492
102521  28.355  14.466  -15.524 0.1428571492
105868  24.059  17.264  -18.822 0.1428571492
83225  25.773  -2.700  -12.594 0.2857142985
71105  25.844  -12.052  -9.171 0.2857142985
89459  32.143  2.344  -13.809 0.1428571492
96003  31.114  8.523  -16.508 0.1428571492
81984  25.726  -3.959  -11.998 0.1428571492
98097  30.903  10.765  -16.394 0.1428571492
101313  30.086  13.816  -16.205 0.1428571492
72291  24.677  -10.816  -9.083 0.2857142985
84465  27.291  -1.692  -12.842 0.1428571492
98081  31.029  10.246  -14.800 0.1428571492
95958  30.108  8.380  -13.335 0.1428571492
71075  22.918  -12.173  -7.176 0.1428571492
72252  23.336  -11.816  -7.567 0.1428571492
72237  22.533  -11.730  -6.670 0.1428571492
72253  22.646  -11.326  -7.266 0.1428571492
74634  24.790  -9.597  -9.758 0.1428571492
84564  38.083  -1.545  -20.784 0.1428571492
83308  38.568  -1.992  -20.033 0.1428571492
98180  27.241  11.333  -25.211 0.1428571492
69869  23.880  -13.666  -7.512 0.1428571492
72275  22.653  -10.545  -7.615 0.1428571492
73464  23.612  -9.705  -8.972 0.1428571492
73443  23.016  -10.112  -8.352 0.1428571492
75821  24.506  -8.378  -10.213 0.1428571492
98163  26.930  11.034  -24.156 0.1428571492
99193  27.377  12.015  -25.474 0.1428571492
77035  23.952  -7.735  -10.255 0.1428571492
97122  26.785  10.107  -23.450 0.1428571492
84563  38.350  -1.093  -20.965 0.1428571492
74650  24.461  -9.002  -9.965 0.1428571492
79518  24.852  -5.558  -11.250 0.1428571492
69870  23.060  -12.979  -7.227 0.1428571492
74635  24.013  -9.201  -9.535 0.1428571492
67391  24.722  -15.099  -7.381 0.1428571492
68577  26.353  -13.735  -7.420 0.2857142985
72270  29.074  -11.358  -8.539 0.1428571492
72285  29.503  -10.832  -8.834 0.1428571492
72306  26.565  -11.716  -10.266 0.2857142985
72320  27.735  -11.097  -11.281 0.2857142985
73463  24.384  -10.061  -9.275 0.1428571492
73479  25.469  -9.781  -10.048 0.1428571492
73488  28.990  -10.480  -11.406 0.1428571492
73504  28.783  -9.808  -11.875 0.1428571492
74649  25.057  -9.090  -10.227 0.1428571492
74692  29.874  -9.103  -13.142 0.5714285970
75822  23.931  -8.314  -10.100 0.1428571492
75834  28.378  -8.675  -11.852 0.4285714328
75857  31.195  -8.318  -13.967 0.2857142985
75858  30.384  -8.597  -13.505 0.2857142985
75869  31.180  -8.147  -14.657 0.2857142985
75871  30.196  -8.282  -14.073 0.2857142985
75883  31.178  -8.334  -14.859 0.2857142985
75884  30.964  -8.173  -14.755 0.2857142985
77051  28.454  -7.705  -12.095 0.5714285970
77052  27.980  -8.034  -11.440 0.5714285970
77093  30.872  -7.842  -14.644 0.2857142985
77094  30.269  -7.837  -14.363 0.2857142985
77104  31.365  -8.026  -14.773 0.2857142985
77105  31.166  -8.098  -14.813 0.2857142985
78236  28.265  -6.717  -11.264 0.5714285970
78260  28.126  -6.215  -11.190 0.5714285970
78294  29.794  -7.057  -14.102 0.5714285970
78304  31.492  -6.680  -14.257 0.2857142985
78316  33.098  -6.336  -15.096 0.1428571492
78317  32.862  -6.391  -14.899 0.1428571492
79489  27.507  -6.226  -10.807 0.5714285970
79492  25.399  -5.755  -10.986 0.1428571492
79535  29.878  -4.950  -13.269 0.5714285970
79553  29.525  -5.062  -13.742 0.5714285970
79554  29.619  -5.714  -13.988 0.5714285970
79570  31.017  -6.219  -14.072 0.2857142985
79586  33.658  -5.881  -15.356 0.1428571492
79588  31.788  -5.565  -14.829 0.2857142985
79603  34.230  -5.543  -15.793 0.1428571492
80774  28.119  -4.992  -11.196 0.4285714328
80816  30.005  -4.574  -13.498 0.7142857313
80849  30.542  -5.397  -14.417 0.4285714328
80857  34.585  -5.309  -16.387 0.1428571492
81983  26.604  -3.795  -11.674 0.1428571492
82055  36.347  -4.635  -17.581 0.2857142985
82060  31.333  -2.837  -17.313 0.5714285970
82070  36.575  -3.999  -17.997 0.2857142985
82073  33.559  -2.793  -17.963 0.7142857313
82092  38.081  -1.574  -21.308 0.8571428657
82093  37.818  -1.678  -21.299 0.8571428657
82095  37.988  -1.614  -21.703 0.8571428657
82096  37.518  -1.731  -21.714 0.8571428657
82097  36.937  -1.667  -21.607 0.8571428657
82098  37.721  -1.589  -22.078 0.8571428657
82099  37.156  -1.519  -22.044 0.8571428657
82100  36.857  -1.466  -21.899 0.8571428657
83251  31.746  -1.850  -15.458 0.5714285970
83252  31.481  -2.249  -15.226 0.7142857313
83259  31.619  -1.736  -15.727 0.7142857313
83260  31.344  -1.927  -15.820 0.7142857313
83267  30.584  -2.214  -17.121 0.7142857313
83273  32.102  -2.325  -17.607 0.5714285970
83274  31.169  -2.265  -17.829 0.5714285970
83275  30.471  -2.031  -17.826 0.7142857313
83276  30.511  -1.275  -17.918 0.7142857313
83286  33.158  -2.264  -18.169 0.7142857313
83287  32.659  -2.244  -17.863 0.7142857313
83288  31.103  -2.078  -18.088 0.5714285970
83289  30.762  -2.049  -18.119 0.7142857313
83300  34.598  -2.062  -18.866 0.8571428657
83301  30.513  -1.891  -18.349 0.7142857313
83309  37.658  -1.746  -20.237 0.1428571492
83311  36.111  -0.844  -20.400 0.8571428657
83313  30.346  -1.822  -18.357 0.7142857313
83314  30.349  -2.000  -18.193 0.7142857313
83318  38.134  -1.394  -21.439 0.4285714328
83319  37.577  -1.692  -20.986 0.8571428657
83320  36.716  -1.510  -21.060 0.8571428657
83321  36.285  -0.936  -20.758 0.8571428657
83322  36.094  -0.762  -20.730 0.8571428657
83325  38.049  -1.415  -22.116 0.4285714328
83326  36.797  -1.319  -22.004 0.8571428657
83327  36.690  -1.384  -21.723 0.8571428657
83328  37.550  -1.347  -22.308 0.4285714328
83329  37.030  -1.347  -22.127 0.8571428657
83330  36.920  -1.324  -21.735 0.8571428657
84462  29.365  -1.696  -12.723 0.4285714328
84464  28.040  -1.489  -12.612 0.2857142985
84495  31.908  -1.590  -15.308 0.5714285970
84496  31.816  -1.446  -15.084 0.7142857313
84503  31.804  -1.553  -15.587 0.7142857313
84505  31.076  -1.776  -16.267 0.7142857313
84511  31.222  -1.420  -16.460 0.7142857313
84512  30.758  -1.663  -16.772 0.7142857313
84518  32.165  -1.986  -17.746 0.5714285970
84521  30.417  -1.565  -17.724 0.7142857313
84529  33.485  -1.746  -18.604 0.5714285970
84531  31.572  -1.765  -17.801 0.7142857313
84532  31.097  -1.853  -18.162 0.7142857313
84539  35.583  -1.296  -19.553 0.8571428657
84542  32.239  -1.257  -17.883 0.7142857313
84544  30.900  -1.705  -18.260 0.7142857313
84552  38.232  -1.718  -20.409 0.1428571492
84553  36.275  -1.303  -19.713 0.8571428657
84554  36.074  -0.972  -19.876 0.8571428657
84555  35.455  -0.746  -20.231 0.8571428657
84556  30.624  -1.586  -18.328 0.7142857313
84557  30.428  -1.636  -18.257 0.7142857313
84565  36.357  -0.901  -21.631 0.8571428657
84567  35.837  -0.678  -20.848 0.8571428657
84571  38.589  -0.538  -21.735 0.1428571492
84572  38.303  -0.946  -21.859 0.1428571492
84573  36.904  -1.131  -22.232 0.8571428657
84574  36.633  -0.969  -22.117 0.8571428657
84576  37.278  -0.950  -22.411 0.8571428657
85710  29.297  -1.255  -12.710 0.4285714328
85737  32.027  0.044  -14.790 0.1428571492
85738  31.805  -0.408  -14.568 0.7142857313
85749  32.173  -0.104  -15.133 0.7142857313
85758  32.382  -0.428  -15.826 0.7142857313
85759  31.793  -0.972  -16.405 0.7142857313
85760  31.139  -1.211  -16.766 0.7142857313
85767  30.901  -1.181  -17.155 0.7142857313
85768  30.615  -1.243  -17.567 0.7142857313
85777  33.378  -0.421  -18.729 0.5714285970
85778  31.040  -0.990  -17.924 0.7142857313
85786  33.737  -0.487  -19.348 0.5714285970
85787  32.791  -0.793  -18.424 0.5714285970
85788  31.864  -0.791  -17.820 0.7142857313
85798  30.925  -1.171  -18.163 0.7142857313
85799  30.626  -1.087  -18.230 0.7142857313
85803  36.224  -0.623  -21.733 0.8571428657
85804  36.023  -0.484  -21.642 0.7142857313
85811  38.704  -0.425  -22.014 0.1428571492
85812  36.309  -0.534  -21.986 0.7142857313
85814  35.268  0.330  -22.175 0.7142857313
85817  36.768  -0.274  -22.641 0.8571428657
86978  31.634  0.444  -13.907 0.1428571492
87008  31.870  -0.797  -16.870 0.7142857313
87025  31.629  -0.833  -17.261 0.7142857313
87026  30.948  -1.002  -17.385 0.7142857313
87044  30.962  -0.914  -17.720 0.7142857313
87054  32.490  -0.856  -18.120 0.7142857313
87055  32.299  -0.873  -17.873 0.7142857313
87074  34.730  0.604  -21.860 0.7142857313
87081  38.656  0.023  -22.203 0.1428571492
87084  35.096  1.011  -22.653 0.7142857313
87090  38.020  -0.026  -22.539 0.1428571492
87094  35.150  1.474  -23.270 0.8571428657
87097  36.808  1.094  -24.024 0.5714285970
87098  36.226  1.161  -24.303 0.5714285970
88234  32.240  1.227  -13.832 0.2857142985
88253  32.749  1.403  -14.977 0.2857142985
88301  33.845  1.024  -19.259 0.7142857313
88341  34.122  1.902  -21.804 0.7142857313
88351  37.415  1.354  -22.785 0.2857142985
88352  36.996  1.817  -23.262 0.2857142985
88354  34.339  1.938  -22.270 0.8571428657
88365  37.192  1.618  -23.972 0.5714285970
88367  35.450  1.679  -23.698 0.7142857313
88368  34.947  2.053  -23.451 0.8571428657
88373  35.994  1.877  -24.539 0.7142857313
88374  35.613  2.079  -23.953 0.7142857313
88375  35.217  2.004  -23.593 0.7142857313
89458  32.675  1.731  -14.141 0.2857142985
89478  32.516  2.360  -14.640 0.4285714328
89479  32.249  2.783  -14.416 0.4285714328
89529  33.489  2.576  -19.362 0.8571428657
89539  33.662  2.582  -20.712 0.7142857313
89540  31.629  3.862  -21.079 0.8571428657
89549  31.713  3.684  -20.932 0.8571428657
89557  34.358  2.378  -22.789 0.8571428657
89558  34.111  2.720  -22.366 0.7142857313
89569  37.169  2.048  -24.216 0.5714285970
89571  34.376  2.594  -23.168 0.8571428657
89576  37.012  2.106  -24.431 0.5714285970
89577  36.349  2.362  -24.263 0.5714285970
90590  32.240  3.699  -14.463 0.1428571492
90591  31.888  3.475  -13.980 0.1428571492
90665  31.550  3.419  -21.153 0.7142857313
90676  33.369  3.645  -21.808 1.0000000000
90677  32.267  3.645  -21.562 0.7142857313
90688  36.349  3.029  -23.180 0.1428571492
90701  35.920  3.211  -23.815 0.4285714328
90702  35.552  3.943  -24.152 0.4285714328
90704  33.382  3.755  -23.250 0.8571428657
90705  32.942  3.944  -22.884 0.8571428657
90706  35.844  2.997  -23.946 0.5714285970
90708  33.947  3.899  -24.290 0.7142857313
91718  31.618  4.897  -18.697 0.7142857313
91730  31.652  3.629  -21.102 0.7142857313
91751  35.661  4.572  -22.670 0.1428571492
91752  32.261  4.669  -23.020 0.8571428657
91763  33.277  4.131  -23.645 0.7142857313
91764  32.742  4.374  -23.311 0.8571428657
91766  35.190  4.595  -24.197 0.1428571492
91768  33.187  4.548  -23.863 0.7142857313
91769  32.456  4.732  -23.847 0.8571428657
92710  32.411  5.584  -15.237 0.1428571492
92747  32.072  5.258  -17.114 0.7142857313
92748  31.782  5.861  -17.081 0.5714285970
92760  31.637  5.356  -17.846 0.7142857313
92770  31.506  5.324  -18.601 0.8571428657
92785  28.537  5.703  -20.980 0.8571428657
92786  27.556  5.729  -21.038 0.8571428657
92800  28.003  5.954  -21.527 0.4285714328
92801  27.461  5.970  -21.344 0.8571428657
92812  31.597  5.554  -23.144 0.5714285970
92821  34.811  6.061  -23.818 0.1428571492
92822  34.289  5.723  -23.582 0.1428571492
92824  31.566  5.145  -23.908 0.5714285970
92825  35.184  5.332  -23.777 0.1428571492
92827  33.967  5.192  -23.975 0.1428571492
92829  32.140  4.921  -24.244 0.8571428657
93805  32.240  6.237  -15.442 0.2857142985
93823  32.133  5.949  -15.718 0.2857142985
93824  31.829  6.530  -16.016 0.2857142985
93860  31.073  5.873  -19.441 0.8571428657
93869  31.367  5.550  -19.092 0.8571428657
93870  28.620  6.484  -20.348 0.8571428657
93880  27.122  6.368  -20.959 0.8571428657
93881  26.810  6.856  -21.317 0.4285714328
93895  27.319  6.523  -21.649 0.4285714328
93907  34.516  6.257  -22.461 0.1428571492
93909  32.693  6.633  -22.797 0.1428571492
93913  28.214  6.651  -22.019 0.4285714328
93914  27.703  6.996  -22.158 0.4285714328
93921  35.051  5.924  -23.320 0.1428571492
93923  33.787  6.103  -23.336 0.1428571492
93924  32.747  5.956  -23.390 0.2857142985
93925  31.720  5.620  -23.858 0.5714285970
93929  34.815  5.934  -23.856 0.1428571492
93930  34.941  6.198  -23.983 0.1428571492
93931  32.145  5.423  -24.186 0.5714285970
94905  31.353  7.779  -14.244 0.1428571492
94942  31.428  7.623  -15.721 0.2857142985
94976  31.254  6.719  -18.400 0.8571428657
94985  28.863  6.808  -19.803 0.8571428657
94995  28.614  7.061  -19.828 0.8571428657
94996  28.311  6.932  -20.190 0.8571428657
95006  31.653  7.495  -21.418 0.1428571492
95009  27.087  7.102  -21.795 0.4285714328
95019  34.253  6.527  -23.121 0.1428571492
95020  33.933  6.903  -23.085 0.1428571492
95021  33.305  6.982  -23.112 0.1428571492
95022  29.781  7.143  -22.255 0.1428571492
95036  34.002  6.554  -23.252 0.1428571492
95037  33.475  6.638  -23.253 0.1428571492
95957  30.619  8.683  -13.787 0.1428571492
95971  31.197  8.794  -14.723 0.1428571492
95989  31.155  8.624  -15.511 0.1428571492
96046  28.690  7.421  -19.981 0.8571428657
96047  28.220  7.875  -20.456 0.8571428657
96059  26.415  9.437  -22.125 0.2857142985
96068  27.363  8.769  -22.607 0.1428571492
96070  26.387  9.638  -22.175 0.2857142985
96081  26.954  9.038  -23.176 0.1428571492
96082  26.786  9.433  -23.118 0.1428571492
97005  30.274  8.995  -13.562 0.1428571492
97039  31.385  9.541  -15.183 0.1428571492
97054  30.625  10.142  -16.844 0.2857142985
97066  30.512  10.223  -17.567 0.2857142985
97091  28.371  9.401  -20.690 0.8571428657
97093  27.392  8.826  -21.372 0.8571428657
97094  26.970  9.006  -21.680 0.5714285970
97101  27.511  9.467  -21.393 0.8571428657
97104  26.295  9.842  -22.140 0.7142857313
97113  26.578  9.787  -22.617 0.2857142985
98060  30.805  10.084  -14.218 0.1428571492
98129  28.655  9.734  -20.566 0.8571428657
98138  27.266  10.216  -21.643 0.8571428657
98141  26.125  10.087  -21.971 0.2857142985
98152  26.178  10.355  -22.200 0.2857142985
98162  27.468  10.719  -24.007 0.1428571492
98189  27.588  11.627  -25.455 0.1428571492
99137  29.056  11.291  -20.291 0.7142857313
99149  26.906  11.069  -21.959 0.8571428657
99150  26.403  11.175  -22.297 0.8571428657
99160  25.698  12.117  -23.118 0.5714285970
99192  27.904  11.929  -25.671 0.1428571492
100176  28.684  12.011  -20.713 0.8571428657
100202  25.686  12.344  -22.911 0.5714285970
100215  25.676  12.500  -23.216 0.5714285970
101301  29.602  13.965  -15.491 0.1428571492
101303  27.882  13.684  -15.307 0.1428571492
101314  29.839  14.033  -15.901 0.1428571492
101329  30.235  13.654  -17.279 0.1428571492
101375  27.729  12.679  -21.953 0.8571428657
101388  26.261  13.104  -22.799 0.8571428657
101403  25.678  12.795  -23.200 0.8571428657
101429  27.466  13.839  -26.314 0.2857142985
102520  29.185  14.478  -15.544 0.1428571492
102533  29.907  14.197  -16.372 0.1428571492
102534  29.654  14.583  -16.210 0.1428571492
102536  27.879  15.116  -16.019 0.1428571492
102552  29.944  14.195  -16.716 0.2857142985
102608  28.293  13.771  -22.092 0.5714285970
102620  27.954  14.307  -22.648 0.8571428657
102621  27.511  14.200  -23.432 0.8571428657
103681  29.060  15.156  -16.445 0.1428571492
104766  27.715  16.553  -18.110 0.4285714328
104782  27.451  16.984  -18.590 0.4285714328
104798  28.243  16.779  -19.591 0.5714285970
104799  27.815  17.046  -19.165 0.5714285970
104800  25.763  16.681  -19.301 0.4285714328
104852  26.833  16.945  -24.255 0.5714285970
104881  26.720  17.105  -26.021 0.4285714328
105851  26.570  16.620  -18.461 0.4285714328
105852  26.419  16.424  -18.384 0.4285714328
105867  26.293  16.482  -18.802 0.2857142985
105883  27.171  17.332  -19.336 0.5714285970
105901  28.112  17.223  -20.294 0.5714285970
105903  26.703  17.764  -19.778 0.5714285970
105947  27.101  17.037  -23.945 0.5714285970
105961  28.757  17.357  -25.080 0.1428571492
105962  27.145  17.389  -24.046 0.5714285970
105975  27.028  17.533  -24.448 0.5714285970
105979  27.387  17.443  -26.214 0.5714285970
105981  26.677  17.677  -25.861 0.5714285970
106975  26.080  18.064  -19.716 0.4285714328
106990  27.430  18.286  -20.791 0.5714285970
107006  27.053  18.602  -21.016 0.5714285970
107007  24.185  19.086  -22.078 0.5714285970
107018  27.162  18.784  -22.426 0.7142857313
107019  24.098  19.431  -22.419 0.2857142985
107020  23.823  19.291  -22.163 0.2857142985
107048  27.211  17.776  -23.857 0.7142857313
107059  27.291  18.153  -24.575 0.5714285970
107067  27.350  18.204  -26.109 0.5714285970
107068  27.119  18.417  -26.222 0.4285714328
107070  27.358  19.077  -26.132 0.4285714328
107071  27.108  19.244  -25.746 0.4285714328
108057  26.689  18.656  -21.005 0.5714285970
108071  27.264  18.650  -21.815 0.5714285970
108075  23.597  19.676  -21.951 0.5714285970
108088  27.171  18.837  -22.085 0.5714285970
108089  26.715  19.064  -22.424 0.5714285970
108124  26.267  20.154  -24.461 0.2857142985
108134  27.827  19.675  -25.014 0.2857142985
108143  27.693  18.636  -25.805 0.5714285970
108145  27.171  19.157  -26.317 0.4285714328
108146  27.169  19.338  -26.205 0.4285714328
109048  24.464  20.781  -19.363 0.1428571492
109073  23.633  20.468  -21.644 0.1428571492
109099  28.459  20.458  -23.727 0.1428571492
109100  25.201  20.421  -23.946 0.2857142985
109101  24.800  20.585  -23.590 0.2857142985
109110  26.438  20.638  -24.649 0.2857142985
109112  25.052  20.750  -24.183 0.2857142985
109123  27.580  20.756  -24.890 0.2857142985
110038  23.659  21.366  -22.074 0.2857142985
110047  26.408  21.608  -23.867 0.2857142985
110049  24.999  21.127  -24.107 0.2857142985
110052  28.724  20.783  -24.745 0.1428571492
110053  28.008  21.390  -24.585 0.1428571492
110064  28.542  20.880  -24.732 0.2857142985
110066  27.717  21.723  -25.346 0.2857142985
110067  27.156  21.814  -24.999 0.2857142985
110918  23.706  23.017  -18.911 0.1428571492
110932  27.164  22.548  -22.174 0.1428571492
110935  23.957  23.395  -22.812 0.2857142985
110941  23.773  22.162  -22.380 0.2857142985
110942  27.146  22.170  -24.533 0.2857142985
110944  28.039  22.761  -25.120 0.2857142985
110945  27.510  22.821  -24.625 0.2857142985
110946  26.832  22.631  -24.584 0.2857142985
110948  27.256  22.611  -25.455 0.2857142985
110949  26.721  22.537  -25.099 0.2857142985
111694  23.350  24.410  -18.597 0.1428571492
111719  24.746  23.196  -21.738 0.2857142985
111721  23.725  22.816  -22.007 0.2857142985
111722  25.730  23.388  -22.143 0.2857142985
111725  23.571  22.698  -22.514 0.2857142985
111726  27.757  23.191  -25.230 0.2857142985
111727  27.556  23.401  -25.051 0.2857142985
111728  27.144  23.357  -24.780 0.2857142985
111729  27.813  22.973  -25.344 0.2857142985
111730  27.556  23.116  -25.375 0.2857142985
111731  26.943  23.285  -25.193 0.2857142985
112509  22.862  24.810  -18.990 0.1428571492
112516  23.465  24.165  -20.247 0.1428571492
112517  23.176  23.975  -20.216 0.1428571492
113334  22.829  25.256  -18.781 0.1428571492
138193  30.871  -0.710  -17.928 0.7142857313
138194  30.777  -0.908  -18.038 0.7142857313
138195  31.097  -0.651  -17.944 0.7142857313
138196  31.257  -0.478  -17.919 0.7142857313
138197  31.036  -0.561  -17.937 0.7142857313
138198  31.108  -1.239  -17.997 0.7142857313
138219  31.483  4.148  -21.110 0.8571428657
138221  28.696  14.570  -20.135 0.7142857313
138222  31.159  4.680  -20.868 0.8571428657
138223  30.707  5.087  -20.440 0.8571428657
138224  31.056  4.828  -20.395 0.8571428657
138227  28.625  14.903  -20.043 0.5714285970
138228  30.813  4.979  -20.101 0.8571428657
138229  30.675  5.266  -20.100 0.8571428657
138230  28.896  6.120  -20.771 0.8571428657
138233  30.690  5.557  -19.933 0.8571428657
138234  28.292  16.288  -20.815 0.5714285970
138236  30.396  6.219  -19.930 0.8571428657
138238  29.251  7.515  -19.620 0.8571428657
138239  29.331  8.399  -19.687 0.8571428657
138240  27.977  16.035  -21.091 0.5714285970
138242  29.695  8.454  -19.227 0.8571428657
138248  28.066  16.481  -21.366 0.5714285970
138249  30.138  10.727  -18.779 0.8571428657
138252  28.067  15.807  -21.012 0.7142857313
138254  29.821  11.851  -18.699 0.5714285970
138255  29.465  12.773  -19.197 0.7142857313
138262  26.842  16.544  -24.366 0.5714285970
138266  26.559  14.372  -25.278 0.5714285970
138270  28.328  16.678  -20.323 0.5714285970
138271  28.304  16.666  -20.953 0.5714285970
138276  26.608  16.308  -24.759 0.5714285970
138303  33.507  4.121  -24.012 0.7142857313
138305  33.617  3.840  -23.789 0.8571428657
138306  33.690  4.662  -24.187 0.4285714328
138777  27.706  19.050  -25.556 0.5714285970
138778  27.745  19.395  -25.076 0.4285714328
